   26.000000000000000     
   30000.000000000000     
          71
           8
   7063.0000000000000     
   51.000000000000000     
   23.000000000000000     
   3074.0000000000000     
   349.00000000000000     
   1047.0000000000000     
   698.00000000000000     
   3001.0000000000000     
   31.000000000000000     
   1135.0000000000000     
   21611.000000000000     
   57.000000000000000     
   51.000000000000000     
   551.00000000000000     
   179.00000000000000     
   6.0000000000000000     
   528.00000000000000     
   2832.0000000000000     
   1514.0000000000000     
   889.00000000000000     
   2554.0000000000000     
   1215.0000000000000     
   1810.0000000000000     
   3050.0000000000000     
   4.0000000000000000     
   1563.0000000000000     
   741.00000000000000     
   1532.0000000000000     
   709.00000000000000     
   1022.0000000000000     
   883.00000000000000     
   1689.0000000000000     
   10235.000000000000     
   29.000000000000000     
   2894.0000000000000     
   450.00000000000000     
   411.00000000000000     
   207.00000000000000     
   496.00000000000000     
   1021.0000000000000     
   117.00000000000000     
   46.000000000000000     
   8.0000000000000000     
   18.000000000000000     
   561.00000000000000     
   1877.0000000000000     
   3542.0000000000000     
   801.00000000000000     
   967.00000000000000     
   62.000000000000000     
   1366.0000000000000     
   230.00000000000000     
   4.0000000000000000     
   12.000000000000000     
   145.00000000000000     
   7149.0000000000000     
   2250.0000000000000     
   383.00000000000000     
   134.00000000000000     
   1947.0000000000000     
   182.00000000000000     
   3934.0000000000000     
   468.00000000000000     
   18.000000000000000     
   133.00000000000000     
   2340.0000000000000     
   754.00000000000000     
   1264.0000000000000     
   806.00000000000000     
   3665.0000000000000     
   2452.0000000000000     
           1
   0.0000000000000000        0.0000000000000000     
           8
 -0.45840908461718227      -0.21520607553395490     
 -0.47233828699217056      -0.21875203349247105     
 -0.48210705380805224      -0.20878118503245172     
 -0.47769075855849435      -0.22779277489066435     
 -0.47647523552685650      -0.24371887800573699     
 -0.46691586325005824      -0.25261444621701695     
 -0.44468904751050264      -0.25186442314173546     
 -0.44354170679944371      -0.24027435535205086     
           8
 -0.56444155279804620      -0.19323554908509610     
 -0.55541476955341651      -0.17189997549075856     
 -0.56973616187675347      -0.17757319535773161     
 -0.57867309516786747      -0.17818761116933340     
 -0.59290951350854693      -0.19995717574049057     
 -0.57759562319644564      -0.21255795731212426     
 -0.56971644351827677      -0.20723026224756863     
 -0.55641616725821963      -0.21293762206501388     
           3
  -2.1174881506488073E-002 -0.67619724465683717     
  -3.8461538461538464E-002 -0.69230769230769229     
  -2.1329167917717863E-002 -0.69671139381713654     
           3
   9.2249252765931544E-002 -0.79434191277693378     
   5.6034122239783074E-002 -0.79921552167742871     
   6.1574934209657914E-002 -0.82917633833882409     
           3
  -3.8461538461538464E-002 -0.65384615384615385     
  -4.9010613963994969E-002 -0.66997086010716655     
  -3.5656087665410507E-002 -0.66655661691620871     
           6
 -0.32643473775127713      -0.45365992714659087     
 -0.34281228445827711      -0.44528804316540826     
 -0.35167145788336396      -0.44784764271185384     
 -0.36549932797720341      -0.46335366098743003     
 -0.36556718901605778      -0.47557064786379610     
 -0.35565539080035435      -0.47365856499459791     
           8
   9.7662224978505949E-002 -0.84498596200284426     
   8.4314407408861078E-002 -0.82591247735805262     
   7.0036181230311995E-002 -0.82821933738984299     
   6.3269300298578232E-002 -0.82417904766099404     
   6.1508793678888868E-002 -0.85093828428700058     
   7.2563563724833677E-002 -0.86573097380296693     
   8.9435588877456340E-002 -0.86786453177818890     
   9.7946154797039608E-002 -0.85706911285784004     
           3
   3.8596701421266595E-002 -0.79265540982020855     
   3.8461538461538464E-002 -0.80769230769230771     
   5.0637095451999611E-002 -0.80585466642197634     
           8
  0.28276861325404057      -0.94614310088021136     
  0.27524677896911043      -0.94824775533260341     
  0.26629370212776593      -0.94938918151339413     
  0.25184411494959347      -0.94325221975492646     
  0.25077691144641012      -0.96196442655768200     
  0.24765573807353086      -0.97504934299314694     
  0.27838973840382158      -0.97520095522318251     
  0.28617412763646166      -0.98336338775215881     
           4
 -0.26291350185573037      -0.63220759696965045     
 -0.28681059640287876      -0.63264502971924064     
 -0.28928231523609843      -0.65251891177403309     
 -0.25794546769523996      -0.67552889432850804     
           5
 -0.40358327897416479      -0.18264070785649333     
 -0.42621780498418033      -0.17557040820767394     
 -0.43543740051584312      -0.18793042969941123     
 -0.43315634585654944      -0.21324353800299278     
 -0.40709980658516398      -0.20590216465947156     
           3
 -0.53864563435156532      -0.32608060872710010     
 -0.53846153846153844      -0.34615384615384615     
 -0.52640703387610255      -0.34786168847493437     
           7
 -0.51965004101101009      -0.29909741688038094     
 -0.55798550118345014      -0.28532900750729900     
 -0.55741418510398177      -0.29653582150756708     
 -0.55876277280343101      -0.30551354372772044     
 -0.55467170513586972      -0.32953939736405108     
 -0.54097072883933706      -0.32548926330423605     
 -0.52090002115557887      -0.32069673408284438     
           5
 -0.42508196267850157       -6.1317665354346740E-002
 -0.43638445551965255       -5.7771540082177872E-002
 -0.43714416179114629       -9.8665842360535355E-002
 -0.40480403147692950       -9.4088770859351398E-002
 -0.41043741486900565       -8.5455896452872659E-002
           8
 -0.51752793554077670      -0.17250854677859603     
 -0.53938721030464187      -0.17921013387785589     
 -0.54496147964581376      -0.16997207989461929     
 -0.55961633232440822      -0.18362896455660002     
 -0.54196179059139737      -0.21282475592337466     
 -0.53388639241361846      -0.20435733790611599     
 -0.52055404678572703      -0.21267010924451077     
 -0.52114403160949740      -0.19929830264643703     
           4
 -0.56454292742777068      -0.33583339512408805     
 -0.58870113585209261      -0.34691660811269709     
 -0.56871487856287095      -0.36236072836512823     
 -0.55659881931282773      -0.36757695634627208     
           5
 -0.56325904311866992      -0.29267346260815652     
 -0.59619201498858465      -0.28675888129049709     
 -0.59143791242333110      -0.31499332172009376     
 -0.59129369627219264      -0.32833121473817062     
 -0.56240408521199858      -0.32080369775777989     
           8
 -0.33061291715338825      -0.21869769409109349     
 -0.34624956811160401      -0.21478232465287897     
 -0.36540713710371586      -0.21765237019490821     
 -0.35829406282952031      -0.22537037781464000     
 -0.36548871473061134      -0.23473935364877996     
 -0.35802403051046133      -0.24536410371126216     
 -0.33097960090143558      -0.24347164479369124     
 -0.32643541003228749      -0.23418972331861171     
           8
 -0.51747202768686940      -0.14219544194116104     
 -0.52501220413817795      -0.13664630863380825     
 -0.53864310413451144      -0.13638049812096043     
 -0.55677200209847544      -0.13629248861762472     
 -0.55831710068134799      -0.15332402853872087     
 -0.55046252262529594      -0.15527933885831244     
 -0.55473286602058292      -0.16556661919575386     
 -0.51904074542592182      -0.14999768224381935     
           8
  0.11880399112716826       0.24598508474764746     
  0.10550878406516717       0.24662457684269595     
   9.5395753866970689E-002  0.24757704365819888     
  0.10125935664187119       0.22680851994992673     
   9.7431874453064726E-002  0.21275448214958848     
  0.12370025388851960       0.21499125465828170     
  0.13224749401082819       0.21030884262004870     
  0.13340584131634062       0.22635498448548197     
           8
  0.21254765912394222       0.35230943244687440     
  0.21107672130358843       0.36310845557778065     
  0.20299664298821557       0.36624784447062819     
  0.18920416890570188       0.35891437211031185     
  0.17398267000808487       0.34468476651003632     
  0.17904687078518569       0.33798290411351017     
  0.21391863627361296       0.33139018700558709     
  0.20605395422572573       0.34405946545419219     
           6
  0.20919665004843505       0.39627021683712382     
  0.19811445250090695       0.40141828450213468     
  0.17927896327808412       0.39579015428798109     
  0.18086543667150554       0.38608109948909425     
  0.18399250439865669       0.36283360899414480     
  0.20849940000265096       0.36702008636320488     
           7
   9.2063466538429992E-002  0.31270641807912097     
   9.1475890644552277E-002  0.32143216965821175     
   7.1727744095728380E-002  0.32197186816504658     
   5.7530580236519024E-002  0.32809121749770237     
   5.7059462105856940E-002  0.30827324750014973     
   8.5877899775035918E-002  0.29304601456336482     
   9.6431073515043333E-002  0.28778393990920670     
           7
   4.8588769754221314E-002  0.35821449575929143     
   3.7904241682422977E-002  0.36731836257475525     
   2.5903092801761708E-002  0.36311676054327829     
   2.3611781191360794E-002  0.35144011076504689     
   1.6070366270145447E-002  0.33617428034868846     
   2.9958602608676770E-002  0.32819815946378428     
   5.7791064537181872E-002  0.35059847216843926     
           7
   5.5411881145636735E-002  0.38990934611697758     
   5.9013908071797419E-002  0.40590372160902932     
   5.0420691267398322E-002  0.40511601309327411     
   2.3590941825105811E-002  0.40071793838666692     
   1.7263462126652078E-002  0.38797264079814969     
   1.7595263384512991E-002  0.36807185564954459     
   5.7048315917369821E-002  0.36237532180935250     
           7
   9.9440389335932244E-002  0.35492398699376826     
   9.2343344974871330E-002  0.36125910631220798     
   6.5318201768851225E-002  0.36758264462978263     
   6.9880068975482837E-002  0.35802019210884778     
   5.8933533797324342E-002  0.34146577574574860     
   6.3022439901114294E-002  0.32624345953113110     
   9.8024617081971563E-002  0.34509895024891213     
           5
  0.24564400196403421       0.54738788753938883     
  0.24209190608914075       0.55819177562842193     
  0.21007662965963897       0.55234823769270136     
  0.21850675348261905       0.52000859105596287     
  0.24515714809046699       0.53389692489079299     
           6
  0.21014229100913648       0.47978613673691745     
  0.20084010316609716       0.47841826944386123     
  0.18326954996544081       0.47495525286247442     
  0.17582996207863383       0.45604468016156829     
  0.20765860934432157       0.43938470296476040     
  0.20562672109378674       0.45507424876505126     
           5
  0.10776484385956593       0.29101370997138026     
  0.10210087336285109       0.28203145370045624     
  0.10286260599792416       0.26671696920526372     
  0.10117807518178822       0.25316075057520371     
  0.13239599012128375       0.26223282458109937     
           6
  0.17309288355964136       0.31969960645714462     
  0.16543652199428402       0.31324193616155377     
  0.14875330549646010       0.32937677452299707     
  0.13250720071870162       0.29024617696991067     
  0.15619191026581355       0.28663115245676068     
  0.16617653374019667       0.29392798535489539     
           3
 -0.22642874372703981        5.4196679458773434E-002
 -0.24928126425253239        5.3201275285874094E-002
 -0.23076923076923078        3.8461538461538464E-002
           4
 -0.23375945783951066        9.8271581448866482E-002
 -0.25299786399945345        9.0759447951095334E-002
 -0.24844758214413615        6.7013754794821120E-002
 -0.23076923076923078        7.6923076923076927E-002
           3
 -0.30769230769230771       -7.6923076923076927E-002
 -0.32200808958717037       -7.8567684855497907E-002
 -0.32725869559554288       -9.0605703351815434E-002
           8
 -0.24704035121042231        9.7797809439106487E-002
 -0.28193390845619704        9.9199978616021936E-002
 -0.29054661659708103        8.6751955880497444E-002
 -0.28303088151583528        7.6613173460944567E-002
 -0.29142017490186695        7.3062938275277434E-002
 -0.28935828353670323        6.5173403056836055E-002
 -0.29107478178985874        5.5935747150209991E-002
 -0.25220102090781155        6.2799418956489925E-002
           3
 -0.25096895654356588       -9.3088897956828592E-002
 -0.28390648491004716      -0.11862241470774568     
 -0.25659866357488109      -0.11293330769382852     
           5
 -0.25163343841747687       -7.4738102009209009E-002
 -0.27720248268097902       -5.7812968254033661E-002
 -0.28349773584899390       -7.0522245468205971E-002
 -0.28457030875224515       -8.9212079760170246E-002
 -0.25733268861930542       -8.9938145689300364E-002
           8
 -0.77240925186033238       0.47818156200705686     
 -0.78590856968323330       0.47843491482996664     
 -0.78382001636944632       0.46732335286419285     
 -0.78260159492983861       0.45497785277258285     
 -0.78326299088511409       0.44159920504059369     
 -0.77531125576018289       0.44777692123975704     
 -0.75255285438699182       0.44656462308892930     
 -0.74669823297786520       0.45537804372243473     
           5
 -0.76448748086412055       0.51567604226747799     
 -0.78799863142596116       0.50265585004987445     
 -0.79055344789519821       0.48528113095406517     
 -0.77562016634143061       0.48466638915300631     
 -0.75985438270183425       0.48470288883336360     
           3
 -0.44339250194406776       0.40048457940865012     
 -0.48365533143439332       0.38127464658146598     
 -0.46153846153846156       0.38461538461538464     
           3
 -0.74836225827743508       0.58591207932090084     
 -0.76923076923076927       0.57692307692307687     
 -0.75101671171871442       0.56385754097051766     
           6
 -0.21670888728819537       0.30381280843166608     
 -0.21641538036556346       0.31729322697849055     
 -0.23643717498215161       0.32218970261761959     
 -0.24579428140376258       0.30046407979017514     
 -0.24366542197673119       0.28978326723318054     
 -0.22303120733287618       0.28751993235281248     
           7
   9.6338615099438044E-002  0.81348823923915303     
   6.6303497305232856E-002  0.82519430671287031     
   5.5505175500364962E-002  0.81735037031793856     
   6.3807613828349749E-002  0.80538171614033371     
   5.7139047227016848E-002  0.79187218705655049     
   7.1656376510748743E-002  0.79595330028684919     
   9.2260676183858775E-002  0.78737138908096549     
           3
   6.3274589162794187E-002  0.86675270607241828     
   7.6923076923076927E-002  0.84615384615384615     
   9.6923216631126449E-002  0.83836686053199816     
           7
   5.2680713522388976E-002  0.81045172655353859     
   6.0871318068229055E-002  0.81447616435937031     
   4.3140329632317592E-002  0.82255453240177268     
   2.6858380452732013E-002  0.81284822950369917     
   1.7050867359304014E-002  0.80347154740573545     
   5.1339910478915826E-002  0.79691189814628072     
   5.8517582744895928E-002  0.79170178502623512     
           7
  -1.6424138664953316E-002  0.94475193320797557     
  -4.1016754910585249E-002  0.94411270306461248     
  -5.7059667250525900E-002  0.93506692846990647     
  -5.6179523710711138E-002  0.92403517202703567     
  -5.9655713662455062E-002  0.90173465843797662     
  -2.9990198809746564E-002  0.90645763540965663     
  -1.9741981996376768E-002  0.92093962351453607     
           5
   5.5734522585239726E-002  0.85812971594958165     
   4.8017401805629044E-002  0.86854954539507878     
   3.8461538461538464E-002  0.84615384615384615     
   5.0980217482406533E-002  0.83782716755254560     
   5.5848005313732831E-002  0.82471752551766986     
           5
  -5.7695222463620299E-002  0.77993225157988366     
  -7.8020121850384858E-002  0.79056904389592997     
  -9.4335610534385800E-002  0.75875956700025249     
  -5.7455336908080606E-002  0.74972420820059127     
  -5.6831553423425565E-002  0.76281121837905663     
           6
  -6.3530764441836682E-002  0.81431778663438881     
  -6.5460781249754629E-002  0.82710895891113190     
  -9.6663089572721406E-002  0.80953965054843124     
  -9.7553180425150057E-002  0.78878574306746896     
  -6.7404218857201117E-002  0.79486851241509882     
  -5.6321514366749086E-002  0.79824063447279425     
           8
 -0.13543703784919348       0.70801845189540347     
 -0.14200780549073125       0.71343020995435003     
 -0.16010981204614722       0.71415272566472943     
 -0.17594007966213226       0.71352458824210407     
 -0.17376276520508036       0.70483455017306440     
 -0.16740483309777995       0.68779820653639689     
 -0.16438744326350116       0.67164489929911497     
 -0.14852445356518457       0.68063779775657585     
           4
 -0.16571682000976426       0.75320956738469891     
 -0.17000458974933047       0.72083535710156554     
 -0.17508592736618017       0.71031599219450758     
 -0.13382496668587074       0.71566325702973377     
           4
 -0.18939059889698467       0.70552412371461926     
 -0.20270453884614270       0.70725055944459048     
 -0.21234927731856015       0.68051760938859251     
 -0.18343887363316916       0.67644326024512336     
           3
 -0.18892606127260231        1.0127017118133399     
 -0.20698668959175334       0.98674120881322203     
 -0.17068055691558323       0.98656800244551945     
           5
   5.6768008593890265E-002  0.89020880731238705     
   4.6878480243596837E-002  0.90152283458147831     
   1.8081294077430789E-002  0.86772762112310775     
   3.5203377859199074E-002  0.87096604868564031     
   5.1128160161079975E-002  0.88044962155173623     
           4
 -0.23617897552764502       0.21360110543489186     
 -0.24820353358700789       0.17702495477302685     
 -0.22400345065996183       0.16976589943139903     
 -0.21145386891552995       0.18435893876298295     
           4
 -0.21705154562797044       0.24484729982979070     
 -0.23141569578437002       0.24267021529503008     
 -0.25266549304291341       0.23427974234879753     
 -0.21835331478086653       0.21035597446199458     
           4
 -0.33377585368271206       0.24996951626394665     
 -0.36633557186968113       0.21054718521627061     
 -0.34235242041428993       0.21308900357310187     
 -0.33014698793169373       0.22058168415284776     
           3
 -0.34615384615384615       0.26923076923076922     
 -0.35944928001835524       0.26605841159233579     
 -0.36529885450708832       0.25180270256125148     
           8
 -0.44066929749233014       0.21227322534823834     
 -0.45571044204505207       0.20535213276154446     
 -0.46712549168358225       0.21273963297222870     
 -0.47845006736286078       0.20620301564237789     
 -0.47545240372627390       0.17444208187857146     
 -0.46638906735591340       0.17826488346741737     
 -0.45940492705055147       0.16993476850632819     
 -0.44807132013295814       0.19286058901488029     
           3
 -0.45772946288580713       0.25010107456245029     
 -0.47883895618194661       0.25288643199046962     
 -0.46153846153846156       0.23076923076923078     
           4
 -0.40079065244992507       0.12246827775222449     
 -0.43933602814350320       0.12855582198056431     
 -0.44042439723358184       0.11517711403583621     
 -0.42307692307692307       0.11538461538461539     
           8
 -0.40419005516578066       0.16547006387358229     
 -0.40795698994626167       0.17611164382745284     
 -0.42623949489477975       0.16710462830944081     
 -0.44051714567913408       0.17446841850891179     
 -0.43865456642431461       0.15657778445478410     
 -0.43287132460068212       0.13917094456336665     
 -0.42367913416684005       0.14226288424164299     
 -0.40662364937332363       0.15449560940393045     
           7
 -0.52306520912428212       0.17280989629640200     
 -0.53627735375317598       0.17035857012026900     
 -0.55390401297385339       0.17171340928912485     
 -0.55891013369884424       0.16164203352817608     
 -0.56000196208959008       0.13525579899464452     
 -0.53672757421736039       0.14070416280504552     
 -0.51740070387959847       0.14564672195396222     
           3
 -0.51793920407936911       0.20525628778394192     
 -0.54788334271578176       0.21152910959450968     
 -0.54203938289157183       0.17655209171291725     
           5
 -0.56155392267728332       0.16740753134067077     
 -0.59935802848344566       0.17532670900679032     
 -0.59024835291457756       0.14557950484464008     
 -0.58895460970996349       0.13544459688891186     
 -0.55585489537818067       0.13372830918068451     
           3
 -0.56302846746137736       0.20117879307654807     
 -0.59572000898798494       0.20284857902238096     
 -0.56894058810612025       0.17376745368526630     
           4
 -0.60633116036726376       0.28750944972342063     
 -0.62824696192575624       0.27855375956513745     
 -0.62545277411566880       0.25707802899893573     
 -0.60031430490671100       0.26988124939289176     
           8
 -0.59906233746853910       0.31820960891951033     
 -0.61136097231457120       0.32391769648093915     
 -0.62376765317265737       0.31901404848528864     
 -0.63468320884406559       0.32666986508857898     
 -0.62868810167840161       0.30458159037069976     
 -0.61855174952065428       0.28940484019359786     
 -0.60694853671209070       0.28516995791925814     
 -0.60044086672481178       0.30246647815298727     
           3
 -0.59081123507030531       0.39390568674628179     
 -0.56155857639693219       0.36509463569850176     
 -0.56455195860303542       0.37854769214759759     
           3
 -0.78243114992044771       0.39934884594826808     
 -0.78838640369280111       0.36912606642058776     
 -0.75279718189828571       0.37032657891028781     
           6
 -0.17096447252685282       0.72965916555693766     
 -0.16998094865311381       0.74108897179306865     
 -0.21183818583147618       0.73363522334121845     
 -0.20926958848422636       0.71182752084083700     
 -0.17786961199529799       0.71176815480014555     
 -0.18041720247349013       0.72557478774535278     
           3
 -0.32783076686811563      -0.40913109789942470     
 -0.36544153272189134      -0.40131900073986926     
 -0.34615384615384615      -0.42307692307692307     
