   152.00000000000000     
   2210.0000000000000     
         134
           8
   30.000000000000000     
   226.00000000000000     
   37.000000000000000     
   24.000000000000000     
   36.000000000000000     
   1.0000000000000000     
   31.000000000000000     
   24.000000000000000     
   30.000000000000000     
   24.000000000000000     
   24.000000000000000     
   32.000000000000000     
   24.000000000000000     
   24.000000000000000     
   19.000000000000000     
   24.000000000000000     
   18.000000000000000     
   36.000000000000000     
   115.00000000000000     
   24.000000000000000     
   24.000000000000000     
   61.000000000000000     
   71.000000000000000     
   36.000000000000000     
   18.000000000000000     
   30.000000000000000     
   31.000000000000000     
   36.000000000000000     
   18.000000000000000     
   1004.0000000000000     
   18.000000000000000     
   34.000000000000000     
   504.00000000000000     
   18.000000000000000     
   39.000000000000000     
   24.000000000000000     
   37.000000000000000     
   24.000000000000000     
   99.000000000000000     
   24.000000000000000     
   24.000000000000000     
   36.000000000000000     
   30.000000000000000     
   25.000000000000000     
   24.000000000000000     
   122.00000000000000     
   196.00000000000000     
   229.00000000000000     
   83.000000000000000     
   18.000000000000000     
   24.000000000000000     
   306.00000000000000     
   18.000000000000000     
   20.000000000000000     
   18.000000000000000     
   24.000000000000000     
   22.000000000000000     
   24.000000000000000     
   18.000000000000000     
   18.000000000000000     
   24.000000000000000     
   24.000000000000000     
   30.000000000000000     
   24.000000000000000     
   40.000000000000000     
   166.00000000000000     
   254.00000000000000     
   187.00000000000000     
   94.000000000000000     
   17.000000000000000     
   285.00000000000000     
   24.000000000000000     
   24.000000000000000     
   205.00000000000000     
   23.000000000000000     
   28.000000000000000     
   51.000000000000000     
   49.000000000000000     
   19.000000000000000     
   262.00000000000000     
   120.00000000000000     
   266.00000000000000     
   704.00000000000000     
   38.000000000000000     
   18.000000000000000     
   30.000000000000000     
   25.000000000000000     
   12.000000000000000     
   18.000000000000000     
   25.000000000000000     
   35.000000000000000     
   18.000000000000000     
   12.000000000000000     
   20.000000000000000     
   1126.0000000000000     
   9.0000000000000000     
   36.000000000000000     
   12.000000000000000     
   31.000000000000000     
   96.000000000000000     
   27.000000000000000     
   54.000000000000000     
   137.00000000000000     
   12.000000000000000     
   58.000000000000000     
   206.00000000000000     
   178.00000000000000     
   486.00000000000000     
   36.000000000000000     
   261.00000000000000     
   135.00000000000000     
   135.00000000000000     
   373.00000000000000     
   535.00000000000000     
   42.000000000000000     
   9.0000000000000000     
   110.00000000000000     
   36.000000000000000     
   18.000000000000000     
   726.00000000000000     
   187.00000000000000     
   23.000000000000000     
   134.00000000000000     
   47.000000000000000     
   51.000000000000000     
   43.000000000000000     
   79.000000000000000     
   112.00000000000000     
   91.000000000000000     
   232.00000000000000     
   483.00000000000000     
   828.00000000000000     
   11.000000000000000     
   12.000000000000000     
           1
  -3.9473684210526314E-002   9.8684210526315791E-002
           8
   2.8211255195294285E-002   4.5100637629383752E-002
   2.0683577776481044E-002   4.4886001797019723E-002
   1.4154791373398555E-002   4.1368069395885991E-002
   1.0004158461091275E-002   4.4418828095678126E-002
   8.8285977595645646E-003   3.3546741776761119E-002
   1.3822096886133931E-002   2.8581441654831306E-002
   2.0560615912521788E-002   2.1988290169170449E-002
   3.3731438805482648E-002   2.6785374837094637E-002
           8
  0.17425880402691851        6.1440177287460193E-002
  0.16170623010392668        6.3234634784580787E-002
  0.15471619141867773        6.8070898685446524E-002
  0.14876603263185698        6.8057282399852301E-002
  0.14997422173786520        4.7339705344813444E-002
  0.15033865893483522        4.1268667013650097E-002
  0.17352503967030963        4.6632390183332664E-002
  0.17260035220382156        5.4270615669772579E-002
           3
  0.15328947368421053        8.5526315789473690E-003
  0.14119384451603073        1.2449900992076478E-002
  0.14051426571294987       -3.0509783161451285E-003
           3
  0.18594368286274779        6.7093298939283799E-002
  0.17350465245337685        4.3962731545735774E-002
  0.19480607669096212        4.6558801690975815E-002
           7
  0.20084185104319882        6.4430716190209153E-002
  0.19473711349769543        6.2491626751394608E-002
  0.18302570608424518        6.1422474993637302E-002
  0.18029431705814142        5.5866063600482671E-002
  0.18603186472971003        4.5229819027877212E-002
  0.19737817558463178        4.1288119402844325E-002
  0.20139650100917963        5.1592835697771428E-002
           8
  0.21347507701113297        5.6423057200055332E-002
  0.20970599756050884        6.4897144557064246E-002
  0.19981182640615880        6.0754238083881834E-002
  0.19316182711269125        6.3733592916789011E-002
  0.19388553001316708        4.7527833815143028E-002
  0.20094141146078906        4.4596100936755229E-002
  0.21240923013760785        3.9114028000250115E-002
  0.21295686071302561        4.6390597337108014E-002
           7
  0.23004224592304259        7.0252808923933291E-002
  0.23032715775007231        8.0874478828211901E-002
  0.21656808418877690        7.6545658283861090E-002
  0.20781755459205231        7.1549305267620378E-002
  0.21019954639789107        5.9774949427969334E-002
  0.22047793238082342        5.8835039223178641E-002
  0.23391955974711462        5.8094455406468737E-002
           7
  0.21117154420286555        6.8066747530507232E-002
  0.20893917448525037        8.1313424331414086E-002
  0.19612679301025346        8.0145721195410746E-002
  0.18495516213049448        6.4821737095986653E-002
  0.18572035202936665        5.5441224928646643E-002
  0.20300555641393603        5.5503050112434317E-002
  0.20610027217800586        6.3942808099905088E-002
           4
  0.20277110161667131        7.9124318358472071E-002
  0.19577417421713778        7.8653438895988970E-002
  0.17912038413215250        5.7892026077593417E-002
  0.20393499178579977        5.9556983086978155E-002
           5
  0.18221554421119568        8.8649779017920288E-002
  0.17360814567589736        8.6502537198661744E-002
  0.16302000983048517        7.3635956756559540E-002
  0.17218553350283861        6.6116779520362615E-002
  0.17940907350308979        6.3999661419042758E-002
           3
  0.17641599068173319       0.10784164166245316     
  0.17535155061338703        8.6558917700590168E-002
  0.18618421052631579        9.4078947368421054E-002
           6
  0.18483569722519558        9.6955385590338422E-002
  0.18542947370863075       0.10650588764919207     
  0.16986425425448110        9.8321521484673088E-002
  0.16607558269886538        8.1307663698012511E-002
  0.19088845304347782        8.1391537163254660E-002
  0.19065732903104651        9.1009846269762482E-002
           5
  0.16194569803980990       0.12666644255269069     
  0.16816409663170745       0.13327374982496740     
  0.14901083050345915       0.13821571158282095     
  0.14782320120909026       0.11783187119727057     
  0.15554613181542232       0.11314037051882415     
           4
  0.18178653285118385       0.13633469169275991     
  0.16366973381120609       0.13430341175350166     
  0.16481940774902731       0.12436470154252030     
  0.18474377498402828       0.12653829025105173     
           8
  0.17636895116006657       0.12957396113280867     
  0.17226945827622328       0.13598122668623402     
  0.16617330633325955       0.14025101210944657     
  0.15455359817209985       0.13377050694527853     
  0.15211958154326105       0.12731761416359030     
  0.15591681025382981       0.12244435881895580     
  0.16938788876869312       0.11956757977184410     
  0.17680063135283597       0.12132330761592097     
           4
  0.14546734135555009       0.12579588416895621     
  0.12550700787018779       0.12673065253676319     
  0.12538499584954094       0.11979695746057112     
  0.14178769154908072       0.11833118358534869     
           8
 -0.11869917566408794        8.6988970042713998E-002
 -0.12026651948686023        9.2088752632445661E-002
 -0.13048240399993283        9.4011829398005231E-002
 -0.13991427010564128        9.9208572770360604E-002
 -0.14247331699005586        9.0330249271027022E-002
 -0.14013245281963260        7.7770460116672158E-002
 -0.13647972793373331        7.4593931151094806E-002
 -0.11874580752170261        7.6547682440058051E-002
           6
 -0.12580327430438074       0.10506870051347693     
 -0.13903797957118702       0.10369746540209621     
 -0.14950048013538428       0.10342498159519241     
 -0.14791896558201073        8.7931843580057054E-002
 -0.14078423700532755        8.4526077415240042E-002
 -0.12446554376257339        7.9742351975784442E-002
           4
 -0.18838355720735667       0.19146517685595546     
 -0.19736842105263158       0.19736842105263158     
 -0.20980672125870861       0.18651039266993474     
 -0.20237592204478225       0.18794733383580148     
           5
  -2.7614393620349519E-002  0.20788256458940788     
  -3.7822115206462316E-002  0.20891060774539719     
  -4.5131794524804293E-002  0.19941341573086890     
  -2.0812752189934391E-002  0.18509075081331131     
  -1.9298706695505825E-002  0.19559565410011814     
           6
   1.0498708378339964E-002  0.12526066783298517     
  -1.2949421141184095E-003  0.12282555741244455     
  -1.4796317558882690E-003  0.11194812149399305     
   1.1734782871063710E-002  0.10370900542829810     
   8.9531633804949308E-003  0.11008312931178843     
   1.5259780677889355E-002  0.10801727202543066     
           8
   1.9021996086941453E-002  0.10074313286332581     
   1.2110752368271114E-002  0.10422866863321786     
   8.7414790794000143E-004  0.10160849203906207     
   3.4488353963829429E-003   9.7179753397691138E-002
  -9.9804092210018999E-004   9.2484077315712079E-002
   1.1031448062944845E-002   8.1683538387670535E-002
   2.5455635215327885E-002   7.9339375506089937E-002
   1.9642571161541826E-002   9.1193776758656545E-002
           5
   2.0311993546021354E-002   9.7097681903571334E-002
   1.2738263805577682E-002   9.6182019755461604E-002
   1.6646794365651942E-003   9.9271446904832306E-002
   1.6303456558506377E-003   7.4580982525927417E-002
   2.4284839548867544E-002   8.8712231580765674E-002
           4
   1.7458907333686581E-002  0.10062817996481349     
  -5.8426203438078327E-004   9.3286672619727340E-002
   1.6670531327057446E-002   7.9352081319847181E-002
   2.5453655260606681E-002   7.9804065257394391E-002
           8
   4.2008915538012802E-002  0.11770003327592288     
   3.2254986021655510E-002  0.12307943716175983     
   2.7151027951227768E-002  0.12195851795964244     
   1.7925815377666077E-002  0.12052963115178135     
   2.1344451464744989E-002  0.10476011585568266     
   2.7029801981640372E-002  0.10061811363508270     
   4.4221429135940966E-002  0.10214598574977080     
   4.2312596547712931E-002  0.11236092346748668     
           8
   5.6311816591184775E-002  0.10644803095605572     
   3.8157390216424752E-002  0.10722513163568337     
   3.3124427689701100E-002  0.11175793107317086     
   3.2717817678578322E-002   9.9477217052123021E-002
   3.8149670053259324E-002   8.7943826932431871E-002
   4.8304892364126772E-002   8.8332285672817173E-002
   5.9276790294522541E-002   8.8506787773399945E-002
   5.8370015560870875E-002   9.3407750591588276E-002
           3
   5.6250033735028244E-002  0.12175336655290359     
   5.3041420598681721E-002  0.10467346162364981     
   7.5793624196908618E-002  0.10393956187093233     
           6
   8.3780115118260848E-002  0.10051331328678703     
   7.4999999999999997E-002   9.5394736842105268E-002
   7.1755827939049707E-002   8.8269125246802943E-002
   7.6591700158315568E-002   8.5383856909979933E-002
   8.5302435722424214E-002   8.4390769459136802E-002
   8.8191608850610670E-002   9.0509121721244576E-002
           5
   9.2366092927691087E-002   8.1746240799027287E-002
   8.7047183580773957E-002   8.5880109633402785E-002
   8.2829536179321706E-002   6.7333125455083936E-002
   8.9923268890016506E-002   6.5356574737200870E-002
   9.4736842105263161E-002   7.4342105263157904E-002
           7
   7.5344927338706444E-002   8.9127039123442192E-002
   6.9392967287223176E-002   8.6457437059504275E-002
   6.1278981172262978E-002   9.1731922503357405E-002
   6.1364029720886511E-002   8.5013670183298209E-002
   6.3157586939341592E-002   7.0616451008682427E-002
   7.1446015906226470E-002   6.9708820982648287E-002
   8.1289643196817168E-002   8.0514960792952867E-002
           7
   7.0378411995268439E-002   7.5359519421712290E-002
   7.2600352791608924E-002   8.0159048588699433E-002
   6.0208866851807298E-002   8.2808037919741631E-002
   6.0638237401478279E-002   6.3357082252507455E-002
   6.3796259424321627E-002   5.8688224669860026E-002
   7.0701567139927451E-002   6.5907763012914775E-002
   7.4566209917632659E-002   6.1730088444619670E-002
           8
   1.5585145718173833E-002   2.4792974700713157E-002
   1.2096785457879461E-002   2.8658825754937681E-002
   3.3499604005419758E-003   3.0688927408531987E-002
  -2.4359422138828194E-003   2.9541860128733940E-002
  -8.3965190033521188E-003   2.0140089756358136E-002
  -4.4925577770066859E-003   1.3958715775646176E-002
  -6.3811445187548638E-003   5.4132930214409805E-003
   1.1039194981955970E-002   1.2025724023015178E-002
           7
 -0.19289648533682088       -5.4188535535957066E-002
 -0.20255894710405545       -5.8111358798307276E-002
 -0.20959524880569616       -5.7517268066779995E-002
 -0.20647695073820849       -6.6997777603709785E-002
 -0.20998106899383814       -7.9415729508826222E-002
 -0.20349170004008396       -7.5558002259699553E-002
 -0.18879456710330728       -7.5068687989434307E-002
           4
   2.7572690060189559E-004   1.3501320092790927E-002
   4.2470599085209764E-003   7.3048334345568932E-003
   1.0833642882434449E-002  -1.2033566771130053E-002
   2.6610989932887241E-002  -1.3258427243331818E-003
           5
  0.10680732925497885        1.1916628308637071E-002
   8.5411065496200450E-002   1.7189150933314357E-002
   8.5330166025517393E-002   1.0787347985275159E-002
  0.10046018981078873       -4.2443698914998319E-003
  0.10295848538209044        5.4478020876818035E-003
           5
  0.11225429947040583        1.5961458207724818E-002
   8.9946192973539479E-002   2.3810601303492399E-002
   8.7886286634231592E-002   8.1551204347928806E-003
   9.8340271325913928E-002   3.3906819060798808E-003
  0.11007788911365864        3.0916839581562137E-003
           7
  0.12008097200137012        1.7865269562491893E-002
  0.10690947990851268        2.9438811637395715E-002
  0.10266806411115671        2.5684438573083272E-002
  0.10302324017828872        2.0509380772824014E-003
  0.10778386680755435        4.9350312149788744E-003
  0.12259605263905815        5.8674888465387529E-003
  0.12618861294974948        1.3366112328426017E-002
           5
  0.12687787681858437        3.7778780600631862E-002
  0.10707374684520794        4.0328381484476948E-002
  0.10111027519228291        3.7508379820676223E-002
  0.10100436476289018        2.5015434907205918E-002
  0.10731401597225157        1.8704797240481859E-002
           6
  0.13021468045128654        3.8441138988819831E-002
  0.11279488374390394        4.0951435454909424E-002
  0.10899705771117901        3.5785497320817879E-002
  0.11764749534880214        1.5608457991042870E-002
  0.13310723683603476        1.8568276070863053E-002
  0.13261133482746604        2.4539778225431540E-002
           4
  0.14583759043060027        1.5927553171316798E-002
  0.14609114527507935        2.4271936033326294E-002
  0.13355263157894737        1.3815789473684212E-002
  0.14569068405805574        4.8625268189157276E-003
           6
  0.16226363056935686        2.3074362249140373E-002
  0.13776330005984969        2.8452310536785839E-002
  0.13834292999056014        2.1184656187453722E-002
  0.13991660756818711        1.2064813822071042E-002
  0.14617412420242165        1.3300192943632924E-002
  0.16212152228355037        9.7971714890790675E-003
           4
  0.16505690106471202        3.2554351430050178E-002
  0.15523883476666162        3.7083772176479186E-002
  0.13777647335775720        1.4655865278779838E-002
  0.16097923617357471        1.9174518729407800E-002
           5
  0.14516076854174687        3.6434599226579281E-002
  0.13368280409488090        3.7103931407002411E-002
  0.12579705161723609        3.9417311980720154E-002
  0.12609982870872866        1.8886048857773771E-002
  0.13301757073328041        1.4146062418726426E-002
           6
  0.15012619164933272        2.9099427925529726E-002
  0.14276979677676943        3.5372128844954727E-002
  0.13000682780809741        3.6144337375616176E-002
  0.12851608465528119        3.0631717904126155E-002
  0.13227318560137441        1.4159990727533694E-002
  0.14225918764883641        1.5104031079501947E-002
           3
  0.12049355592646985        5.3325170871093147E-002
  0.10889675172496428        4.5141343950384355E-002
  0.12171052631578948        4.2105263157894736E-002
           7
  -9.8641616008877248E-002  0.11266529491048077     
 -0.10235832737495737       0.11751795825346266     
 -0.10289009471697404       0.10067605864323494     
 -0.10504313832636118        9.3881035610728400E-002
  -9.0091136130280192E-002   9.7188233305598351E-002
  -8.5189466572183806E-002   9.5444062512226896E-002
  -7.8390993446719570E-002  0.10225615563999084     
           8
   7.6190382704234092E-003   5.7338063340009050E-002
   1.5241566948236539E-003   5.5341043644711069E-002
  -1.0742551416721695E-002   5.6172917734641462E-002
  -1.3779502838555533E-002   5.1953030548721323E-002
  -1.2519498652626184E-002   4.5937550187093737E-002
  -1.3640945498317262E-002   3.3167348548122241E-002
  -7.4081453285398296E-003   3.3261150606921662E-002
  -3.6613677570017859E-003   3.6609553113503418E-002
           7
   3.1908555288894525E-002   3.0285571623845819E-002
   2.5235197710323724E-002   2.7332400389520881E-002
   1.7492224621746748E-002   2.6584334831801448E-002
   1.0694210490119527E-002   2.7486551122625401E-002
   1.3544352011877585E-002   1.2811690447036037E-002
   1.6585573696827748E-002   5.9482816153860439E-003
   3.0006721591476781E-002   2.0041520167541245E-002
           6
   3.9553975598119989E-002   2.0762319742896548E-002
   2.8447583754012726E-002   2.4813901064985506E-002
   2.9155407358232251E-002   1.7903503829205383E-002
   3.8353079452775690E-002  -1.6545297502044663E-003
   4.3256715083772795E-002   2.0272172941458479E-003
   4.9091750679976474E-002   4.1622719569392973E-004
           3
   7.0031643376090857E-002   2.7914839995253987E-002
   4.5338878806608439E-002   3.0344262608921195E-002
   5.8928790581522145E-002   8.5936186981294387E-003
           5
   7.2835281618775713E-002   3.3217682879275123E-002
   6.5450533826239707E-002   3.2466637694065784E-002
   5.4250051409246734E-002   2.9356516584422641E-002
   5.0601351188108330E-002   1.7321977972699600E-002
   5.9210526315789470E-002   2.1710526315789472E-002
           5
   5.5607533758636522E-002   3.3518024108746901E-002
   4.8656393547168150E-002   2.9292071130863313E-002
   4.5594660702124867E-002   2.2838845131738363E-002
   7.2250712045004356E-002   1.4016284586607615E-002
   7.1155203572496689E-002   2.2924279973381843E-002
           6
   8.3124780891908376E-002   2.4716944043191275E-002
   7.9358907131919773E-002   3.1833335102324195E-002
   6.7092084265484880E-002   3.0736523763785557E-002
   6.0558492792373436E-002   2.9313387599555738E-002
   6.1845956924415260E-002   1.5313441673197113E-002
   6.8666692151214445E-002   9.6345002741119925E-003
           6
   7.8097756063509507E-002   4.0522139688004596E-002
   7.1626636030820742E-002   3.9577465335527043E-002
   6.5311870493240470E-002   4.2785196841038368E-002
   5.9276251529448154E-002   4.2571595230203742E-002
   5.7688162869978132E-002   3.0427340295528019E-002
   7.8123403684867018E-002   2.9695801370987988E-002
           8
   8.3345197370155957E-002   3.4365453848969857E-002
   8.1196373160320398E-002   4.3250140270936835E-002
   6.4384094972646341E-002   3.7712517801431596E-002
   6.8654117313327781E-002   2.5135415255506399E-002
   7.2642046131446425E-002   2.1686016575822465E-002
   8.0179577501053423E-002   2.1808786971576476E-002
   8.8743976068749397E-002   1.9320177816388909E-002
   8.4922051650687738E-002   2.3400718395868172E-002
           4
   8.0921052631578949E-002   3.0921052631578950E-002
   7.0875100387495477E-002   4.4255237879979113E-002
   7.7011279795328832E-002   2.2280319407712464E-002
   8.4913562995815123E-002   2.1620103585661292E-002
           8
   8.9939216550461915E-002   3.7597915369590867E-002
   9.0368406421948072E-002   4.2728170854668589E-002
   7.9704121467005826E-002   4.8063368554075510E-002
   7.6210351856956543E-002   4.3867886491009790E-002
   6.9229344444531063E-002   3.4785536308651645E-002
   7.1490049347389326E-002   2.8264538011139761E-002
   9.0906334659862753E-002   2.5026900800116898E-002
   8.9690677908032576E-002   3.0707232144170250E-002
           8
   8.0601034620337200E-002   5.2844973634083928E-002
   8.6254079918941129E-002   5.8106555679604613E-002
   7.5773555532281128E-002   5.8704251191057127E-002
   6.2744058346421924E-002   5.4031556990941740E-002
   6.0727423242774761E-002   4.7571129354079048E-002
   6.1949708899601365E-002   4.2831326666893377E-002
   7.3198874049725596E-002   3.5616061377699210E-002
   8.1497574421591654E-002   4.1632718443140322E-002
           5
   5.2798580479222458E-002   6.6834725695340338E-002
   4.5098760051826586E-002   7.3288832090685513E-002
   3.5581731118446244E-002   5.5665270412931289E-002
   4.2670696286263000E-002   5.6414234757489808E-002
   5.4222571421411833E-002   5.5157717342871282E-002
           4
   5.1691441456965179E-002   5.3468374262994833E-002
   4.7172891919764030E-002   5.9347164986764837E-002
   3.8157894736842106E-002   5.5921052631578948E-002
   4.7040536487789872E-002   4.4278972159678284E-002
           3
   5.7612704892324312E-002   4.5354322322673661E-002
   3.5565283578660144E-002   4.3298104176965072E-002
   3.8487995446961437E-002   3.3126804054042287E-002
           4
   3.7338561243074511E-002   3.3936827762193769E-002
   4.2480650062539364E-002   1.3092380322266145E-002
   5.2246498410370601E-002   1.4707691187303086E-002
   5.9077761546271985E-002   2.0264101641635918E-002
           7
  -1.5792112535886860E-002  -1.9713150287776017E-002
  -2.1482224795542026E-002  -1.2748150417237054E-002
  -2.3194842932750360E-002  -1.8901262955229366E-002
  -3.8374728585614706E-002  -1.3361871578262343E-002
  -3.7937350284653247E-002  -3.6315898329000132E-002
  -2.2195334802442165E-002  -3.9450584225506846E-002
  -1.3771793186836209E-002  -3.4185218368029402E-002
           3
  -1.9736842105263157E-002   7.8947368421052634E-003
  -1.8222568715786275E-002  -5.3879849487477524E-003
  -7.8208952520563684E-003  -5.5754107287860014E-003
           6
 -0.25127818774267929       0.33502595883399056     
 -0.26073197401281772       0.33084280089048451     
 -0.27468112561576513       0.33554518522719312     
 -0.27536532996814167       0.32515630712012500     
 -0.26897715557468299       0.31292709315927181     
 -0.25624480185503540       0.32234391296087356     
           6
  -8.8155910199798959E-002   6.7243798864753290E-002
  -8.6918035882796840E-002   7.5941783106800803E-002
 -0.10636552482835292        7.9479477784023089E-002
 -0.11171228892810155        5.7344426251804817E-002
 -0.10659704441913759        5.4831432100558991E-002
  -9.5255301883963348E-002   5.6963590693006778E-002
           6
  -6.2349247325817224E-002  -5.9686394298076637E-002
  -8.4846642495248370E-002  -5.7156989477434771E-002
  -8.4783482744118191E-002  -7.2727959009350474E-002
  -8.1513850601839605E-002  -7.9580658752151118E-002
  -7.2758513105760092E-002  -7.6631549491108258E-002
  -6.4037933442056313E-002  -7.7882071473956177E-002
           6
 -0.16993851332545762      -0.12192823029480568     
 -0.17471405868194956      -0.12699054728431644     
 -0.17438608483505461      -0.13830798342725228     
 -0.16461882852459289      -0.14064691403630245     
 -0.15299317396902598      -0.14469683568863351     
 -0.15784870341922322      -0.14077621476076371     
           7
 -0.15198778319416911      -0.22029649936455675     
 -0.15792978975402652      -0.22138498409962779     
 -0.17532017002352254      -0.22159426535541571     
 -0.17827574190235779      -0.23896164359053076     
 -0.16379395991008597      -0.23993476162004207     
 -0.15633816808948708      -0.23271512117690124     
 -0.15092213357610693      -0.23392061213477264     
           7
 -0.14689279974633440      -0.22234204036707839     
 -0.15465687545273957      -0.21872950150404866     
 -0.15964600208750079      -0.22312933977659133     
 -0.16752171660527873      -0.21781518414743664     
 -0.15553256874160912      -0.24380008432336142     
 -0.15016069304917001      -0.24150040491501723     
 -0.14635117678164955      -0.23318177640425744     
           5
 -0.10664878423721166        6.7887975996611061E-002
 -0.11691190545349005        7.6821994713511477E-002
 -0.12858314776822241        6.0360921994055843E-002
 -0.12900916367610574        5.3339733973061888E-002
 -0.12121528294961212        5.3538518455193945E-002
           3
  -2.6902903198578423E-002   7.6909838443292314E-002
  -2.3955376328112558E-002   6.9536238632367645E-002
  -1.3157894736842105E-002   6.5789473684210523E-002
           7
  -1.9359296609024239E-002   6.3965978152717123E-002
  -2.6601011813538574E-002   6.4409001653474879E-002
  -3.9265584566773273E-002   6.1854238767268185E-002
  -3.7131485391079716E-002   5.4046728161555077E-002
  -3.7625200163480269E-002   4.1543369785218366E-002
  -2.8444547146302630E-002   3.9742266368563768E-002
  -1.2555282402959687E-002   5.3435535311944546E-002
           6
  -2.0975384201797481E-002   4.0591263656831959E-002
  -3.3021668824619523E-002   4.5286212512010753E-002
  -2.6832162023548298E-002   3.5812971243445478E-002
  -3.2650919298508829E-002   3.4835012430095035E-002
  -2.2307308979559296E-002   2.5405741485057833E-002
  -8.8488484354795824E-003   3.1401682714392476E-002
           8
   2.7476048187883590E-002   4.1409335607178487E-002
   2.2822770597385734E-002   4.7579025744799511E-002
   1.2442773847446013E-002   5.3054677937536716E-002
   3.2185635088533698E-004   4.6199041071438691E-002
   1.8330094382275428E-003   3.5709127862315088E-002
   4.1299844610571575E-003   3.1186909023695843E-002
   1.4388799147404424E-002   3.2726649967951500E-002
   2.2340352539118945E-002   3.1614455982750228E-002
           7
  -9.2047069793214399E-004   2.1199849291198027E-002
  -2.3846313542342651E-002   3.1073095316482710E-002
  -2.3132084717066369E-002   2.1343770763417865E-002
  -2.0265211320250380E-002   1.1702840141151926E-002
  -1.3810518302745453E-002   1.2737364344134184E-002
  -2.3261943027161024E-003   8.4815645621616736E-003
  -4.0414068289613466E-003   1.3960294289928184E-002
           8
  -9.1768429107330282E-003   2.2635575930899168E-002
  -2.9135749734192262E-002   1.9930381499167264E-002
  -2.9510716640744637E-002   1.4735807306736071E-002
  -2.8219726679832927E-002   4.7587283875423231E-003
  -2.7028690195376629E-002  -4.4639564126739556E-004
  -2.1809519141813737E-002   3.8082727961312405E-003
  -1.6838896710484531E-002   1.0045274362733281E-003
  -8.7572732105514264E-003   4.1689593228401486E-003
           6
  -3.8065861188131267E-002   1.0804664669744097E-002
  -5.9069950645626527E-002   6.6798812769239702E-003
  -5.3059369763491550E-002   3.4648554088164996E-004
  -5.3838929718980105E-002  -1.0847588607098856E-002
  -4.5797054763817548E-002  -1.2908082970368892E-002
  -3.4039508914342563E-002  -9.6905802718486658E-003
           6
  -6.2947670567374599E-003  -3.2690060462379406E-002
  -1.3937396659133584E-002  -3.1655187454946401E-002
  -2.0084485587840664E-002  -2.7329369880024816E-002
  -3.1483926104696136E-002  -3.2566077430371959E-002
  -2.8280794208705506E-002  -5.2373640353562782E-002
  -6.3007766094168131E-003  -5.0839004130678253E-002
           3
 -0.18375352501185557       -6.0858668029556834E-002
 -0.20556447730477839       -6.5553248828007657E-002
 -0.19736842105263158       -7.2368421052631582E-002
           5
 -0.39476503559869219       -6.1677205603381899E-002
 -0.42053220964953558       -5.4761345659331037E-002
 -0.41724536392659084       -7.6101958595239313E-002
 -0.40008024140934689       -7.8151611019944778E-002
 -0.39658287924977698       -6.8811887972027613E-002
           4
  -5.6284058023441726E-002  0.20467628801333826     
  -6.3360140048327934E-002  0.19951135166641196     
  -5.0098444400636870E-002  0.18500613843100838     
  -4.1637236714203912E-002  0.18811416037368470     
           7
   1.4161420786403953E-002  0.40451815788235318     
   2.2889344307460311E-003  0.40274642608448957     
  -6.9922616301178898E-003  0.39941062794220555     
  -6.3852057437884177E-003  0.38358722980473731     
   8.2679713418712560E-005  0.38540413284640079     
   1.3676934619453239E-002  0.38141275487414622     
   1.9594529394679601E-002  0.38648041638326530     
           3
   7.5264615596784379E-002  0.34618041350413142     
   6.1299067355325691E-002  0.35148318842675252     
   6.4415299011725019E-002  0.33489037713268871     
           5
   7.4764896403072961E-002  0.34323222377403129     
   6.4873279191258904E-002  0.35439556009886963     
   5.5819287600386014E-002  0.33080144186587035     
   6.5788664657009180E-002  0.32850795523478371     
   7.3704544710764458E-002  0.33542709706836293     
           4
   7.2868909404903412E-002  0.34182109100013242     
   5.3292096032850733E-002  0.32599696310233106     
   6.4459382842667085E-002  0.32354590248519727     
   7.5264068430861447E-002  0.33040524846904629     
           4
  0.11790030306476118       0.20187263768084349     
  0.10874587991850609       0.20263327122030070     
   9.2194892647004881E-002  0.19737084154729884     
   9.8850585483161210E-002  0.17961138106687952     
           3
  0.16936714179654833       0.14606514325579367     
  0.16290020517952894       0.13257752784501400     
  0.17105263157894737       0.13815789473684212     
           5
  0.11883308318804021       0.13952676891000163     
  0.10293859379848641       0.14849434871869210     
   9.1852248526286165E-002  0.13043636182324442     
  0.10582782320453867       0.12794069366693009     
  0.11267674551422657       0.12649827450157175     
           7
  0.11184638348712778       0.12861316113513557     
   9.2844560581350294E-002  0.13801737774275163     
   9.4643244551337408E-002  0.12693186335356701     
   9.2127073555720460E-002  0.12060399835822463     
   9.2161269779750213E-002  0.11536467813110630     
  0.10361446908489171       0.11273565005493234     
  0.10192232249721281       0.11923343760383011     
           6
   5.1849850208080476E-003  0.11821791725069931     
  -2.0830744237011999E-003  0.11777920962950898     
  -1.2423706144006641E-002  0.12203404917682639     
  -1.3351405363695047E-002  0.10667160802991654     
  -9.3423380338900405E-003   9.9464873004218066E-002
   8.0976918780295282E-003  0.10559961233657111     
           5
  0.12272856154910602       0.10180466134274556     
  0.10523316102047270       0.10406352665643488     
  0.10001073334840668       0.10031060984620312     
  0.10340943821005447        8.0971421583207401E-002
  0.12271627485381270        8.8627259379507189E-002
           7
  0.11844207182303161        5.8799907572850738E-002
  0.12234826828120224        6.2568205473615843E-002
  0.10128321069420022        5.5613237428450611E-002
   9.6331801109575871E-002   4.9912864502392414E-002
   9.5875997633401155E-002   3.9373665489305418E-002
  0.10779943170052002        4.1269632270654798E-002
  0.11525312279802280        4.0800289042153548E-002
           4
  0.12130197494614670        5.6702587380467219E-002
  0.10494205136344405        5.8974724419288985E-002
  0.10442485327545317        3.8437452579600462E-002
  0.11810363932355335        4.6649639673644945E-002
           3
  0.10776024927083815        2.1772519620739558E-002
  0.11842105263157894        1.3157894736842105E-002
  0.13155006998832147        5.7760795463832988E-003
           3
  0.10657894736842105        2.6315789473684209E-002
   9.5183096011596469E-002   2.6166368003234408E-002
  0.11469588866862399        1.5473375845264743E-002
           4
  0.10840886580983941        2.6046015883835774E-002
   8.6968367995770110E-002   3.3559245156635650E-002
   8.8865290574877034E-002   1.6497869971911137E-002
  0.10504107469110674        1.2595093230025667E-002
           7
  0.11089225208071457        2.7139452865920909E-002
   9.5861609733628256E-002   2.7784968641922703E-002
   9.3387204733670209E-002   3.2971457572392199E-002
   9.1222581014570939E-002   2.4874616439803814E-002
   8.8179835428928072E-002   6.1258263292808170E-003
   9.4673934025452766E-002   6.6210514087487963E-003
   9.7694562474135313E-002   1.2679422886092001E-002
           7
  0.10664456342857795        1.7041609880393500E-002
  0.11085350087861377        2.7289787625703853E-002
   9.2378522917819922E-002   2.6040915718626670E-002
   8.8196044925649170E-002   1.8610935838921719E-002
   8.5193585045174283E-002   1.4115126777775482E-002
   8.5467490858453871E-002   5.4659400108882008E-003
   9.7204996296236107E-002   3.2786762439456548E-003
           6
   9.7625365758311239E-002   3.2468267078638820E-002
   8.9281062413222284E-002   3.3302782382951049E-002
   8.5023192374850218E-002   2.9180674606544527E-002
   9.7992130281667006E-002   1.0276864503952675E-002
  0.10392935284997398        1.3814411464637790E-002
  0.10919727774277418        8.9387738275300971E-003
           4
   9.8137985721255996E-002   1.4294139088775996E-002
   9.5279189625707250E-002   2.1600925086930955E-002
   8.5526315789473686E-002   1.7105263157894738E-002
   9.3138649515146762E-002   4.0092515976796542E-003
           5
   7.7956086026844382E-002   3.3007066414579719E-002
   6.7418879875230875E-002   1.9961898106553317E-002
   7.2715981780637082E-002   8.3426620570147027E-003
   8.8134536936800734E-002   9.5305489743744195E-003
   9.1086154729697652E-002   1.5677343653179826E-002
           3
   8.3289545344526289E-002   3.8872387771345170E-002
   7.8947368421052627E-002   2.6315789473684209E-002
   8.6700252232692315E-002   2.7926173369025663E-002
           7
   9.6963981205721902E-002   2.8716109296476111E-002
   8.9417051972668748E-002   3.6350664388349246E-002
   7.2317273574815488E-002   3.1924155230127559E-002
   7.3064102228380931E-002   1.7742756642407792E-002
   8.7686870640127396E-002   1.1191621933572034E-002
   9.1918448228030511E-002   1.5302425150895499E-002
   9.7295066719605916E-002   1.4460721429514187E-002
           5
   8.8779485840963013E-002   4.3711274823030499E-002
   8.5721788347816463E-002   4.9844469343399748E-002
   7.8067799708951641E-002   2.5675232848615104E-002
   8.5865032723748139E-002   2.6980188028177518E-002
   9.3346488292862601E-002   2.3644539300026281E-002
           5
 -0.97863063132074579        5.6380726869609051E-002
 -0.99710004205539515        6.5846616559020341E-002
 -0.99889094505742948        4.1999642903784232E-002
 -0.99287516159782629        4.0252358462895529E-002
 -0.97589681574893850        4.7484353093614817E-002
           3
  -1.0000224817284928        1.5378720502108194E-002
  -1.0109744152531801        1.9331552290248088E-002
  -1.0000000000000000        6.5789473684210523E-003
           4
 -0.98699810402794219        1.0282885967298290E-002
  -1.0121122153458104        1.3120760200237341E-003
  -1.0069794952220130       -1.1284823075416076E-002
 -0.99898190280650023       -1.1919487408890128E-002
           7
 -0.92368013560607698      -0.19497784227473902     
 -0.93548500431173376      -0.19263237608986800     
 -0.94576540562356004      -0.19794622919977278     
 -0.94645814618101676      -0.21371375906780896     
 -0.94036349356219151      -0.21556481588075194     
 -0.93352268736697896      -0.21532542401194882     
 -0.92536868700781783      -0.21090937287847769     
           8
 -0.50432686654064240      -0.12033927417744349     
 -0.50812390643228389      -0.11229253912186171     
 -0.52089511626298579      -0.11193515170498787     
 -0.52028441073905385      -0.12165482946536282     
 -0.52085881446742410      -0.13702187000316363     
 -0.51239446210091211      -0.13629694878206128     
 -0.50470242927752451      -0.13554796872188302     
 -0.50461661403300340      -0.12938036309017600     
           5
 -0.51710112705349798      -0.10944001553971279     
 -0.52393098344852329      -0.11897120149432398     
 -0.51442855616495120      -0.12581461290717552     
 -0.50800539727152427      -0.13003459339655007     
 -0.50052377526087888      -0.13057285931452017     
           3
 -0.50435335006063886      -0.11040398954835243     
 -0.52214451776844373      -0.10788761175472766     
 -0.52619714300893383      -0.11469407709591065     
           8
 -0.51376768888940960       -8.6229504012626648E-002
 -0.51267940835451065       -7.8528099767130224E-002
 -0.52611626235208442       -8.0415116130076236E-002
 -0.53018024082892501       -8.4710338981447281E-002
 -0.53393281331018527      -0.10260018097599076     
 -0.52898988200662211      -0.10130493082179109     
 -0.52353762452012986      -0.10130403958410815     
 -0.51906765921693421       -9.5201969102737552E-002
           8
 -0.76470574200179198       0.15455737142730250     
 -0.77495438357651469       0.15828990113052469     
 -0.78611198499906265       0.15781604913958777     
 -0.78431966236985851       0.15028695782942006     
 -0.78979833588406212       0.14819779932031976     
 -0.78860443964551330       0.13582082351449154     
 -0.78399974030885466       0.14173250323652620     
 -0.76520493595685679       0.13281899822611229     
           3
 -0.69087333231432702       0.20492429658154568     
 -0.70394736842105265       0.19736842105263158     
 -0.70788352163550672       0.18723858182684411     
           3
 -0.56144457462822406       0.10475767848315296     
 -0.56766055734869336        8.3518183497109044E-002
 -0.55127286480603921        7.8455176486434630E-002
           7
 -0.50296961550151187       0.10230302287239770     
 -0.50345396087091354       0.10918187367653184     
 -0.52512691749624685       0.10387944807278440     
 -0.52086522218343190        8.9439335197477904E-002
 -0.50554063511606029        8.5524109845689741E-002
 -0.50061221950223789        9.1414987167103598E-002
 -0.50403805167128712        9.6711430405422211E-002
           3
 -0.11043627129728285       0.11137977371516952     
  -9.3886598273419400E-002   9.4553643340417548E-002
  -9.0432027933083817E-002  0.10275586503394592     
           4
 -0.39538967956556276       0.21103780639961642     
 -0.40925977083687598       0.21884945309409165     
 -0.41884881925989226       0.20598058290419691     
 -0.40891918670981986       0.19853004038352659     
           4
 -0.78947368421052633      -0.13157894736842105     
 -0.80124772682522971      -0.13587887696504194     
 -0.79549839061264838      -0.14171019856933764     
 -0.78242617070741149      -0.13706136430668195     
           5
 -0.58625161306028672      -0.13729045830226141     
 -0.59265532319266456      -0.13760958371509394     
 -0.60491681519741936      -0.13196421100839728     
 -0.60568987990784273      -0.14446417896483330     
 -0.58601613798176133      -0.15663400777834308     
           5
 -0.50715090659084305      -0.11844356620225763     
 -0.53298713539637554      -0.11218045332842677     
 -0.53284068246190064      -0.13635423001688657     
 -0.51728063138895664      -0.13218123856181022     
 -0.51080313835094548      -0.13459694137513414     
           4
 -0.50938891466642988      -0.11381768993324794     
 -0.52625345548195235      -0.11396147770695476     
 -0.51934483165483447      -0.13386166139390707     
 -0.50971984126221792      -0.12450923503244635     
           4
 -0.51141968368085888      -0.10597645775538525     
 -0.53084875471742521      -0.12430339954232941     
 -0.51802194476023045      -0.12919702074830755     
 -0.51236889061355251      -0.12378672912363337     
           7
 -0.50078234229490903      -0.10939616065941089     
 -0.51534445247836735      -0.10522335107855262     
 -0.52132460062872454      -0.11214655104010267     
 -0.52546255310644696      -0.11691868350927351     
 -0.52590353704899206      -0.12694680544963194     
 -0.51687376091324855      -0.12369166991200437     
 -0.50434693860220436      -0.11640755894245022     
           4
 -0.51159219451467908       -9.8910806928687117E-002
 -0.53051569036009183       -9.8721418188006727E-002
 -0.53139226927943473      -0.11105892296736107     
 -0.51973684210526316      -0.11184210526315790     
           5
 -0.51530112093829750      -0.11088663734788860     
 -0.53544200849109047      -0.10655844578842377     
 -0.53979084323728699      -0.12054158072148168     
 -0.52939917767826572      -0.12322464451265200     
 -0.51666535966667959      -0.11681533950389852     
           8
 -0.51277547537877921      -0.10444804592222980     
 -0.51550435134610739       -9.5385347878016252E-002
 -0.51924305445856467      -0.10111566363805916     
 -0.52423637810262058       -9.3201028912132944E-002
 -0.52857567085693358      -0.11251912268518238     
 -0.52424921102501498      -0.11555886976401472     
 -0.51768140160636666      -0.11900998045598715     
 -0.51327539586617332      -0.11077937857807209     
           7
 -0.51386321960207848       -9.6556713744277101E-002
 -0.51990176823003609       -9.0773442171521196E-002
 -0.53273052649968067       -9.1007238906737245E-002
 -0.53866066286674985       -8.5918479280990417E-002
 -0.53975229875076791       -9.4777497363217389E-002
 -0.53589814085068888      -0.10946729376771008     
 -0.51567971272585011      -0.10861095296564297     
           6
 -0.31320250948743777       0.25200187730705953     
 -0.32056066928068533       0.25622942569041962     
 -0.32891904520448528       0.24148906583551547     
 -0.32675546982782416       0.23196641561014333     
 -0.31838317109954201       0.23214652575632808     
 -0.30208659264026338       0.24232980610709853     
           7
 -0.54839609621457297       0.10361238269519979     
 -0.54743763796465816       0.11120232617109088     
 -0.56162867076742784       0.11043418756154540     
 -0.57273059477144150       0.10672314912265614     
 -0.57032723320796008        9.5078007725884608E-002
 -0.56900151392656206        8.8821360723571011E-002
 -0.54767522901891885        9.4982671465073817E-002
           5
 -0.39734516456260049       -5.9270789525888080E-002
 -0.42057814541579630       -4.6924478508010070E-002
 -0.41589874064604831       -5.5860577461114398E-002
 -0.42100316752292999       -6.4860726734282073E-002
 -0.40486693119793216       -7.0614365001315210E-002
           4
  -9.2390166979354885E-002  -1.8765702810023210E-002
 -0.10848755595134835       -2.2933468307110291E-002
  -9.4327151219594063E-002  -3.9809669971019902E-002
  -8.9587586195790506E-002  -3.1875677575480488E-002
           3
  -4.1182487495276515E-003   3.4063832985515893E-002
  -6.5789473684210523E-003   2.1052631578947368E-002
  -5.6068400070292922E-003   9.4823792570831351E-003
