   103.00000000000000     
   100.00000000000000     
          34
           8
   12.000000000000000     
   3.0000000000000000     
   2.0000000000000000     
   13.000000000000000     
   17.000000000000000     
   12.000000000000000     
   1.0000000000000000     
   26.000000000000000     
   13.000000000000000     
   15.000000000000000     
   20.000000000000000     
   20.000000000000000     
   3.0000000000000000     
   3.0000000000000000     
   12.000000000000000     
   25.000000000000000     
   2.0000000000000000     
   15.000000000000000     
   24.000000000000000     
   2.0000000000000000     
   7.0000000000000000     
   15.000000000000000     
   2.0000000000000000     
   13.000000000000000     
   9.0000000000000000     
   12.000000000000000     
   26.000000000000000     
   17.000000000000000     
   26.000000000000000     
   9.0000000000000000     
   14.000000000000000     
   9.0000000000000000     
   25.000000000000000     
   13.000000000000000     
           1
  0.75728155339805825       0.92233009708737868     
           8
  0.91070127191113193       0.43004006852557330     
  0.90251108731353058       0.42980654269940971     
  0.89540770563754157       0.42597899880185119     
  0.89089177756871685       0.42929825327091087     
  0.88961275634935288       0.41746931999456655     
  0.89504573087245776       0.41206702625659863     
  0.90237730363653956       0.40489361475884283     
  0.91670728415962477       0.41011288848362154     
           8
  0.56690754455345405        4.6271403009081863E-002
  0.55325022478741293        4.8223789825928780E-002
  0.54564499624328278        5.3485690928626442E-002
  0.53917116691482248        5.3470876280449352E-002
  0.54048568814846198        3.0929955481727403E-002
  0.54088219928348447        2.4324608059815699E-002
  0.56610920195753633        3.0160389861562588E-002
  0.56510313320295624        3.8470851807726615E-002
           3
   1.9417475728155338E-002  0.77669902912621358     
   6.2573161995419409E-003  0.78093929529919537     
   5.5179280010069064E-003  0.76407419124436626     
           3
  0.10040466089768840       0.17863564534373094     
   8.6870877553929596E-002  0.15346936811631468     
  0.11004702963792073       0.15629391711527929     
           7
  0.31190795592134352        9.0507476407705165E-002
  0.30526594343385005        8.8397728663273528E-002
  0.29252382082719408        8.7234481386364748E-002
  0.28955204359936770        8.1189052965585554E-002
  0.29579455001313121        6.9616717751385185E-002
  0.30813944409312044        6.5328111085452278E-002
  0.31251142035741020        7.6539740381685900E-002
           8
  0.10745361616709349       0.84878535855941706     
  0.10335282189202427       0.85800524616733265     
   9.2587869611807663E-002  0.85349772453773143     
   8.5352607158703811E-002  0.85673929092078094     
   8.6140002794694137E-002  0.83910727094938542     
   9.3816868890256019E-002  0.83591751770559697     
  0.10629396463564901       0.82995297023239112     
  0.10688979190804945       0.83786994684953031     
           7
  0.95224415441485133       0.48671406573622988     
  0.95255414119132786       0.49827054357272871     
  0.93758413834857179       0.49356074566620373     
  0.92806347895569807       0.48812466608400440     
  0.93065510868614276       0.47531405499118878     
  0.94183809035260269       0.47429142375261235     
  0.95646270871722039       0.47348566151927179     
           7
  0.17035773503954510       0.90181133831254845     
  0.16792889556355095       0.91622384860862516     
  0.15398890271092749       0.91495337649525266     
  0.14183406210460489       0.89828073610934511     
  0.14266659598926903       0.88807464969037220     
  0.16147306269081493       0.88814191607810766     
  0.16484014286371032       0.89732445300559505     
           4
  0.96449243577994848       0.48052785525623026     
  0.95687971224918522       0.48001553392437862     
  0.93876023030846811       0.45742691939837621     
  0.96575875934911093       0.45923840845340019     
           5
   1.0085663764285664       0.46901438176719884     
  0.99920144499127717       0.46667816225393111     
  0.98768145252963468       0.45267920040982529     
  0.99765362942215807       0.44449826409172216     
   1.0055129096169171       0.44219481946995909     
           3
  0.35830412277718604       0.10235258301109504     
  0.35714600186315076        7.9196777004874042E-002
  0.36893203883495146        8.7378640776699032E-002
           6
  0.97871193558388558       0.49827522319982132     
  0.97935797004292002       0.50866626023686190     
  0.96242286329763682       0.49976159204076642     
  0.95830075262607384       0.48125035301744834     
  0.98529739145797013       0.48134160814502019     
  0.98504592633513954       0.49180641989455287     
           5
  0.59051073478199401       0.10860922184511830     
  0.59727641156854439       0.11579803497329179     
  0.57643747593013761       0.12117493634926596     
  0.57514532396702478        9.8997124219795452E-002
  0.58354794588892633        9.3892726879359789E-002
           4
  0.15730965459299015       0.18964031445540930     
  0.13759840500035603       0.18743026257003609     
  0.13884926117470198       0.17661685137277003     
  0.16052716214814497       0.17898173655204763     
           8
  0.39158294022891099       0.14344962387533386     
  0.38712265299724546       0.15042078971159237     
  0.38048998172693888       0.15506635684506964     
  0.36784762877856353       0.14801550561603119     
  0.36519939554609276       0.14099469692164276     
  0.36933081648359789       0.13569254877644552     
  0.38398747797785532       0.13256258582353370     
  0.39205261238264505       0.13447283440966468     
           4
   1.0018229881898599       0.45717660915397773     
  0.98010595559409119       0.45819364602503221     
  0.97997320535565424       0.45064971986321684     
  0.99781949421784233       0.44905494395180356     
           8
   1.0140133140628229       0.57440691571362090     
   1.0123080290828457       0.57995552765508740     
   1.0011930496097972       0.58204785345878451     
  0.99093108961765530       0.58770195965355576     
  0.98814682227845041       0.57804225927970165     
  0.99069370475056096       0.56437708927334207     
  0.99466790415302198       0.56092099555940511     
   1.0139625781584072       0.56304669553618936     
           6
  0.11052932312716884       0.81022084794116356     
   9.6129837974007468E-002  0.80872893110359390     
   8.4746537892746512E-002  0.80843246613116804     
   8.6467240762339512E-002  0.79157578467681344     
   9.4229893283922783E-002  0.78787027871073645     
  0.11198478667451338       0.78266553995353827     
           4
  0.38841639398215078        8.0955854968335031E-002
  0.37864077669902912        8.7378640776699032E-002
  0.36510778782339620        7.5565002668611617E-002
  0.37319256801305556        7.7128408318132197E-002
           5
  0.94749263644123993       0.51629385705843756     
  0.93638653831032892       0.51741237778580162     
  0.92843353771855708       0.50707934258380782     
  0.95489288698101071       0.49149614698735278     
  0.95654018287304055       0.50292558163393741     
           6
  0.17687463161256772       0.95062073063579322     
  0.16404302775406268       0.94797130734755208     
  0.16384208366796521       0.93613655365605541     
  0.17821949241206117       0.92717231704697101     
  0.17519306396135378       0.93410742443126094     
  0.18205472353818364       0.93185975206351523     
           8
  0.31849140112627322       0.13704326804972594     
  0.31097190225488747       0.14083556410449746     
  0.29874636977519592       0.13798478705993150     
  0.30154765424027952       0.13316627731392328     
  0.29670941052913757       0.12805733709474840     
  0.30979760890970293       0.11630624805988049     
  0.32549126166282405       0.11375577655866985     
  0.31916659270727066       0.12665347782173259     
           5
  0.94125415392678091       0.44876716449676118     
  0.93301386396542441       0.44777091537438085     
  0.92096569889492619       0.45113224148420455     
  0.92092834341509611       0.42426878150671654     
  0.94557664814788456       0.43964371482473458     
           4
  0.11147565910012118       0.21601969257253600     
   9.1844519290525839E-002  0.20803206278507619     
  0.11061789850978622       0.19287109497408572     
  0.12017402085100085       0.19336285779516660     
           8
  0.15697897248780843       0.93841231632090227     
  0.14636660444301083       0.94426515889090235     
  0.14081344953885047       0.94304558814237460     
  0.13077633055434779       0.94149094571093728     
  0.13449583911820062       0.92433356314736470     
  0.14068155453143921       0.91982702535316996     
  0.15938620831681016       0.92148936473949239     
  0.15730938031346975       0.93260331409019159     
           8
  0.10824946946857621       0.79485487742880190     
   8.8497280977974407E-002  0.79570037035616425     
   8.3021369900321579E-002  0.80063209923765744     
   8.2578974342562242E-002  0.78727056562951447     
   8.8488881367054517E-002  0.77472212753088598     
   9.9537859787385913E-002  0.77514477433351814     
  0.11147538904593213       0.77533463427795069     
  0.11048880951497519       0.78066692841779051     
           3
  0.11726618233309144       0.24665643816113167     
  0.11377518073633208       0.22807333921875933     
  0.13852979455731912       0.22727484931058820     
           6
   9.5528487215759440E-003   8.3238962746947573E-002
   0.0000000000000000        7.7669902912621352E-002
  -3.5296900447883963E-003   6.9917169753455938E-002
   1.7317849046048601E-003   6.6777970372630197E-002
   1.1209148011668994E-002   6.5697481784790457E-002
   1.4352595842621168E-002   7.2354307213385149E-002
           5
  0.99742060235599361       0.58087130383502317     
  0.99163357841946242       0.58536899242768126     
  0.98704473794933856       0.56518969731474467     
  0.99476278657897721       0.56303919134254055     
   1.0000000000000000       0.57281553398058249     
           7
  0.32362681665157778       0.11787169500759367     
  0.31715102753003999       0.11496714258201485     
  0.30832293349697043       0.12070583288967265     
  0.30841546712643281       0.11339631049475278     
  0.31036687443153266        9.7731999157828126E-002
  0.31938476394593146        9.6744489060627770E-002
  0.33009472402185536       0.10850167190864567     
           7
  0.13621697084087395       0.91802308987030146     
  0.13863446355137304       0.92324502323330060     
  0.12515240904251285       0.92612714880952285     
  0.12561956828259799       0.90496432412255290     
  0.12905552626689415       0.89988456268561534     
  0.13656856671051193       0.90773948903930080     
  0.14077333479396975       0.90319413939167537     
           8
  0.62431249777697861        5.5476401109726174E-002
  0.62051712864979680        5.9682483809524164E-002
  0.61100049983099547        6.1891253708892972E-002
  0.60470538277969199        6.0643233603257858E-002
  0.59822021856530572        5.0414018055103302E-002
  0.60246776549468628        4.3688624397517244E-002
  0.60041296516479403        3.4391123199263615E-002
  0.61936646015743679        4.1585510993624251E-002
           7
   3.3991722165908053E-002  0.85728212517064328     
   2.3478871901743567E-002  0.85301405616676751     
   1.5823308755954755E-002  0.85366043253071366     
   1.9216046699166676E-002  0.84334554802294803     
   1.5403532723248190E-002  0.82983469829221235     
   2.2464027839624812E-002  0.83403194221483046     
   3.8454648201072757E-002  0.83456432079280951     
           4
  0.12190640901996945       0.25740801122049228     
  0.12622725708820831       0.25066617482608539     
  0.13339352198273582       0.22962581155134820     
  0.15055942556950247       0.24127591711302707     
