   106.00000000000000     
   100.00000000000000     
          38
           8
   14.000000000000000     
   16.000000000000000     
   18.000000000000000     
   20.000000000000000     
   1.0000000000000000     
   12.000000000000000     
   13.000000000000000     
   18.000000000000000     
   9.0000000000000000     
   15.000000000000000     
   8.0000000000000000     
   10.000000000000000     
   7.0000000000000000     
   18.000000000000000     
   14.000000000000000     
   1.0000000000000000     
   15.000000000000000     
   7.0000000000000000     
   25.000000000000000     
   2.0000000000000000     
   3.0000000000000000     
   4.0000000000000000     
   16.000000000000000     
   15.000000000000000     
   23.000000000000000     
   11.000000000000000     
   21.000000000000000     
   10.000000000000000     
   12.000000000000000     
   9.0000000000000000     
   7.0000000000000000     
   8.0000000000000000     
   4.0000000000000000     
   23.000000000000000     
   8.0000000000000000     
   6.0000000000000000     
   2.0000000000000000     
   15.000000000000000     
           1
  0.34905660377358488       0.19811320754716982     
           8
  0.73349208065320826       0.54530526415233305     
  0.72543697693504350       0.54585651386820222     
  0.71989619370072810       0.55052764064122295     
  0.71491302078165886       0.54020396154170514     
  0.71313952363571620       0.53528887725863428     
  0.73219308763350965       0.52432738163410508     
  0.73911513138352714       0.52760621651639750     
  0.73443598390542220       0.53684641640534603     
           4
  0.91108301687951487       0.75833849794999808     
  0.90376352405788962       0.75258890462672690     
  0.90199436839358016       0.73854123590557330     
  0.92612444409435402       0.74675090188784754     
           8
  0.37699716900085745       0.30837475213592203     
  0.37162627418210309       0.32223178268763369     
  0.36314599031220629       0.31946858571144593     
  0.36067850737817581       0.30891536807635112     
  0.35509165124686071       0.30550473327686273     
  0.36777257907555211       0.30260597349844853     
  0.37148487296128940       0.29923096354540335     
  0.38080353753558588       0.29884828700605437     
           5
  0.43723782004964507       0.45578264962365972     
  0.42312203319111352       0.45299974934511678     
  0.41169278970227952       0.44802482785358372     
  0.41412611086713819       0.43175363266347644     
  0.43251141636974683       0.43705328427582485     
           6
  0.80992913487385565       0.22088375013457612     
  0.81244535965582476       0.22964254360669858     
  0.79125777790382323       0.22444257200740203     
  0.78860955031417712       0.21380897857102615     
  0.79937709831342840       0.20851637204103421     
  0.80737208381452608       0.21012326512240620     
           4
   7.9672029703809460E-002   2.0284096520133677E-002
   6.4066413251395241E-002   1.8394417117758480E-002
   5.8180925117499713E-002   3.9675560020382529E-003
   7.5805958316145589E-002   1.1583107324692851E-002
           3
  0.15884127260922834        6.8095052733203265E-002
  0.15094339622641509        5.6603773584905662E-002
  0.15111215052029370        4.6728506386578744E-002
           3
  0.21008192123260880       0.13614012817734922     
  0.19051558753821127       0.12210066680370082     
  0.19019082614465926       0.10979371974379767     
           3
  0.20986987835317300        7.3392550607961779E-002
  0.18616158936812621        6.6197096546870365E-002
  0.19455950378066408        5.2907927804037885E-002
           5
  0.12548235799395488        6.9752051072273724E-002
  0.11083397530113030        6.4516384728017004E-002
   9.9699983887062804E-002   6.8484486949028450E-002
  0.11848100321944502        4.7090687495602426E-002
  0.12604634390776731        5.2445441975804349E-002
           3
  0.85784926872844802       0.23618490068034445     
  0.86792452830188682       0.22641509433962265     
  0.87817760510059628       0.22225761043322839     
           3
  0.88099322382358314       0.30294360556961064     
  0.86792452830188682       0.30188679245283018     
  0.87631458800007367       0.29341656216172973     
           5
   9.8813140667329435E-002   8.5778310256146323E-002
   9.1609564946541058E-002   8.5217262858145862E-002
   8.6852140483226065E-002   6.5087410187321476E-002
   9.7204963033448846E-002   6.7992812809844275E-002
  0.10519470158357416        6.3514067145219774E-002
           3
  0.18881651212041450       0.14415235630472500     
  0.18281346539834006       0.15168171567053940     
  0.16682897748558911       0.13115572547151083     
           7
  0.82327471192706769       0.23820123057553394     
  0.81303259857302779       0.23505498660422916     
  0.80360502585221161       0.23858212409738055     
  0.80414741661602329       0.21409191600865485     
  0.80825577976262564       0.21736380742586969     
  0.81918970688957915       0.21700974779813290     
  0.82126294070228523       0.22414052724010686     
           4
   1.0000000000000000       0.79245283018867929     
  0.99260474149896849       0.79954071308848274     
  0.98787252196935693       0.79253084993770417     
   1.0011227619278789       0.77974332743136610     
           6
  0.46227924762362005       0.45465593560307210     
  0.44699352065724107       0.46529091987338433     
  0.44061116354782537       0.44680692227800284     
  0.44710305678172230       0.44533426243603658     
  0.45968446855621675       0.43923312678740739     
  0.46472589790680457       0.44347425545748220     
           7
   8.1987233121136385E-002   3.1609863827959266E-002
   7.0536933013099906E-002   2.8502430469780408E-002
   6.8165713921575874E-002   2.1224910987577571E-002
   6.6017476846507273E-002   1.2378916802588368E-002
   7.4310207983467297E-002   1.0104870769521487E-002
   7.7630043424272030E-002   6.0366986584795487E-003
   8.3068821732930745E-002   1.1065977556873139E-002
           8
  0.14531896815666545        2.9575520581577898E-002
  0.13031098791105011        2.8607264660567892E-002
  0.11888710394994303        3.1610059429114559E-002
  0.12019740754368476        2.3751783231587945E-002
  0.12275989246402279        1.6372681884980284E-002
  0.12390264973314941        1.1325402353484152E-002
  0.14139841286940097        8.2621595131369633E-003
  0.14529689709780136        1.4393321321782716E-002
           3
  0.14440876734415284        2.9772208662002267E-002
  0.11852792680774012        1.5576688520571935E-002
  0.12421513015479696        8.7924091912832351E-003
           4
  0.93035491773599877       0.78374368510335324     
  0.92007212094734703       0.78099650766935658     
  0.92080060327836066       0.76435235216509079     
  0.93402568044618650       0.76651975974632580     
           5
   1.0114942766923558       0.75804008306302595     
   1.0078180240749102       0.76509500338404135     
  0.98738231537384813       0.75324599692314220     
  0.98903439302299112       0.74259363258092737     
   1.0048516154540652       0.74328412462831983     
           3
  0.92452830188679247       0.81132075471698117     
  0.91220226703218377       0.81298212810991477     
  0.92110180402913810       0.80154413432075633     
           6
  0.93377208225486741       0.77348800307723686     
  0.93788392411748833       0.78049343045665986     
  0.91528687833979328       0.78592630225780225     
  0.91358089453383273       0.76630979559908441     
  0.91300737576215174       0.76023077291019880     
  0.91952707014035640       0.76077937005062490     
           6
  0.74936391309145944       0.59734452033191254     
  0.74717657546141292       0.58813442860789511     
  0.74127878933019475       0.58594810314915369     
  0.75161617601951614       0.57572259034244333     
  0.76361316157858472       0.57178737955992642     
  0.76260746036574512       0.58153954219672965     
           7
  0.77641404376893641       0.59840730619167037     
  0.77204675499161357       0.59466525033300033     
  0.76159773257163832       0.58955933963237594     
  0.76649318912176234       0.57606497622969477     
  0.77444570762277221       0.57546117297295851     
  0.78046039337182982       0.57198258553691972     
  0.78255308656209388       0.57776765860827239     
           8
  0.49013367531006580       0.50337223361434125     
  0.47782842763157257       0.49863757677378046     
  0.48140715806754003       0.49452467728351712     
  0.47856552486241061       0.48995093220678754     
  0.48581750276385027       0.48300876734351650     
  0.48576668902701775       0.47734757694937302     
  0.50087067904645544       0.47732139864855488     
  0.49707057002905525       0.48258508318571386     
           7
  0.40297624930668319       0.40604150314711585     
  0.39183061295261307       0.40585945331988493     
  0.38721720888464090       0.39801764193785494     
  0.38297818800211492       0.38811094943111368     
  0.39011482601027053       0.38568136598272201     
  0.39809169571456510       0.38384890509853581     
  0.40809931024880847       0.38656706459331225     
           5
  0.23584905660377359       0.10377358490566038     
  0.22221185062371107        9.8712629011772579E-002
  0.22376163150655259        9.2855704623288182E-002
  0.23182479181571286        9.0878469357313488E-002
  0.24344278724626059        9.3679113689790275E-002
           7
  0.98808241797010354       0.82498409049436516     
  0.97604413952762192       0.81907536181084895     
  0.96844440855231451       0.81042211769902572     
  0.97064204728673731       0.80119651609941478     
  0.98513061169105354       0.80229517154600205     
  0.99295915855194683       0.79796329110175812     
  0.98895897507805874       0.80667010156293228     
           5
  0.42770247969087710       0.36374592211808837     
  0.40673530116519568       0.36836899417681396     
  0.40323727656365288       0.36057374872801401     
  0.40853991221186842       0.34888296638518052     
  0.42523618406312313       0.34578113899001051     
           3
  0.73584905660377353       0.60377358490566035     
  0.72394618993229953       0.60230087085816930     
  0.72842492208873300       0.59077487575369569     
           8
  0.92201144706805205       0.76273579386447354     
  0.91665929413801295       0.76318828306730790     
  0.91316524550684286       0.76748392750866801     
  0.91610015233797693       0.75244342407568743     
  0.91481804119280219       0.74153298585791649     
  0.91691231846059629       0.74657502789417396     
  0.92006113002043266       0.74160380698432604     
  0.92865874124631331       0.74589108605783283     
           3
  0.15114759784871662        4.8924766934845203E-002
  0.13965923871820746        3.5591650770645862E-002
  0.16056667896381083        3.9512322483225011E-002
           6
  0.43396226415094341       0.45283018867924529     
  0.42612356871919016       0.45079478331238865     
  0.42047007642649237       0.44946168952701882     
  0.43336712560157792       0.43915366165484476     
  0.43318187834729177       0.44549797624471932     
  0.44061813186902937       0.44324786643311287     
           8
  0.42828669022127119       0.39569082797873395     
  0.42109023643934895       0.40536171877516353     
  0.40368394446252304       0.40700252355850614     
  0.40434890522596212       0.39004964303714396     
  0.40229537418038108       0.38566380567841735     
  0.41613075594437859       0.38273728027204307     
  0.42394828105164600       0.38472914121330121     
  0.42248645500829624       0.39104546049773686     
           6
  0.94831580136175408       0.78231573581908742     
  0.93803825347384195       0.78568696686842643     
  0.93263079487467337       0.78708222580783449     
  0.93475975704819714       0.77300779263231933     
  0.94418531796608252       0.76303490536345375     
  0.95092551706045036       0.77511228595386028     
           8
  0.50330625466468448       0.51780872578377812     
  0.49315069942866757       0.51901380106614270     
  0.48068771246147568       0.51771726104473603     
  0.48053430970990246       0.51193969108536541     
  0.48414200341514702       0.50201326085586895     
  0.49396212274095785       0.50066099168354283     
  0.49867915521525508       0.49872161490712141     
  0.50237583593871149       0.50660240732212547     
