   105.00000000000000     
   100.00000000000000     
          37
           8
   18.000000000000000     
   10.000000000000000     
   16.000000000000000     
   12.000000000000000     
   21.000000000000000     
   23.000000000000000     
   15.000000000000000     
   25.000000000000000     
   3.0000000000000000     
   6.0000000000000000     
   7.0000000000000000     
   4.0000000000000000     
   20.000000000000000     
   25.000000000000000     
   20.000000000000000     
   12.000000000000000     
   3.0000000000000000     
   12.000000000000000     
   14.000000000000000     
   26.000000000000000     
   9.0000000000000000     
   22.000000000000000     
   20.000000000000000     
   9.0000000000000000     
   13.000000000000000     
   21.000000000000000     
   10.000000000000000     
   8.0000000000000000     
   5.0000000000000000     
   14.000000000000000     
   7.0000000000000000     
   21.000000000000000     
   20.000000000000000     
   1.0000000000000000     
   21.000000000000000     
   17.000000000000000     
   2.0000000000000000     
           1
  0.60952380952380958       0.71428571428571430     
           8
  0.16271062921298268       0.92490295050809723     
  0.14137773224218350       0.93451178327405571     
  0.14458254140534579       0.92735385262056502     
  0.14346993240682099       0.91695616083652043     
  0.14824842355448825       0.91724929564955593     
  0.14974350866712793       0.91221514328606179     
  0.15684311748419821       0.91564607939815079     
  0.16461841768089419       0.91869547626853265     
           5
   2.9290744467612123E-002  0.75542842053537396     
   2.7018770418977617E-002  0.76352576573624631     
   9.1327166517175679E-003  0.76023434567817927     
   1.0200103886451690E-002  0.75124593321144661     
   3.0688356738956458E-002  0.74161160003442450     
           7
  0.27764024213638627       0.76190001795175744     
  0.26530834685817400       0.75999573517918473     
  0.25987644269963828       0.76418864342094406     
  0.25591894920705227       0.76151147767771510     
  0.25946561011158975       0.74742687803391594     
  0.27207767798468485       0.74268158840873832     
  0.27797103012188956       0.74184455597063192     
           7
  0.16421969811086501        3.7459357545718171E-002
  0.15857742112248427        3.6376761528164450E-002
  0.14185963427972456        4.0761427405345142E-002
  0.14113662619891998        3.5924321697490082E-002
  0.14164455393389858        3.0432310032369968E-002
  0.14147194280343836        1.7915751525607558E-002
  0.15746879430304900        1.8841945724023843E-002
           4
  0.36778595861670182       0.19665193405999090     
  0.35943363851778842       0.19822368572542609     
  0.37654568228994961       0.17889905028126030     
  0.38087497537723508       0.18421239800303385     
           4
  0.33387729874683814       0.62671601749988448     
  0.32452465794391583       0.62879070786963309     
  0.32678766469160403       0.61811115162044816     
  0.34194824997153744       0.61168797151073973     
           8
  0.41407961276630489       0.21023499442011237     
  0.39935624264606956       0.20774963777061856     
  0.40096993413624771       0.19636145729241716     
  0.39938762840057018       0.19210222182506606     
  0.40763137417081824       0.19267339173556997     
  0.41004018787783569       0.18840633766260920     
  0.41515943443807835       0.18803534133954380     
  0.42145550578757840       0.19104124796780533     
           8
  0.43060728432672435        9.2046308557406815E-003
  0.42641645619187418        1.0349355406297752E-002
  0.41967117975763363        1.2245603289691759E-002
  0.40685388408130557       -5.6629304604823678E-004
  0.40767024394665086       -6.8320480910410552E-003
  0.41222393607109220       -7.3900897625012946E-003
  0.42183357056815440       -1.0665561433706424E-002
  0.42992787555529249       -3.5149620033968995E-003
           8
  0.35940704176996935       0.64031195749706127     
  0.36460293289021167       0.64430220947169159     
  0.35919017336270842       0.64930796357149112     
  0.34804215074281120       0.64579143903981040     
  0.34461332528381977       0.64056495657290358     
  0.34331413215330486       0.62969182949552327     
  0.35378313689411228       0.62705848876086590     
  0.36405164477752538       0.63700389679065850     
           8
  0.16919244540254799       0.95665045117727232     
  0.17314127886102179       0.96190963955274966     
  0.16305406391654348       0.96226472910626670     
  0.15802285625389931       0.96099331780885644     
  0.14979691202510542       0.96335022320638131     
  0.15312643323957861       0.95370217956179959     
  0.17407003678942159       0.94370085883219568     
  0.17277614398017940       0.94784462340720044     
           5
  0.32380952380952382       0.76190476190476186     
  0.31322322363015515       0.76823655710145511     
  0.31720633326902448       0.75705064556195434     
  0.32488705603979906       0.75060354849948763     
  0.33470127734149352       0.75411199930682793     
           6
  0.43881647058367584        7.7237764844844889E-002
  0.43144381556184441        7.6786959942286015E-002
  0.41928837248519663        7.7890509748376344E-002
  0.42111671217943297        6.9568439952589739E-002
  0.43618584988535425        5.6875114964566514E-002
  0.43831351718684125        6.7579333725736546E-002
           3
  0.11407204691203310       0.79009419733494635     
  0.10056705251384628       0.79805326326328152     
   9.9258540209148649E-002  0.77868399165231428     
           7
  0.34262769148498834       0.84400547853188401     
  0.34455820700688178       0.84944356067714855     
  0.32245507013272506       0.85042319785223608     
  0.32555220870672991       0.83590880269146661     
  0.32809760218235406       0.83110407227596572     
  0.32671648042661139       0.82581455658233849     
  0.34565043537465101       0.83825495925661964     
           8
  0.20777521097749138       0.93488323398283713     
  0.21201956939339933       0.94463464743510817     
  0.20229071534171700       0.94395848000859861     
  0.18982206063916351       0.93957239964860273     
  0.19011388864556042       0.93130704062784575     
  0.18994904374267657       0.92587478903372078     
  0.19843494783041735       0.92279236226053341     
  0.20728856397988371       0.92771255875134906     
           8
  0.40143156859161389       0.68565284953982497     
  0.39862474764892225       0.69120554764055120     
  0.38544706466152290       0.69474396831700469     
  0.37889814853064613       0.68860401182261899     
  0.37928974400985271       0.67831012081538888     
  0.38139447494066497       0.67385079753595190     
  0.39192095861783893       0.67441303660089658     
  0.39633100284779094       0.67904135952470379     
           7
  0.49626280291295327        5.5160586942086336E-004
  0.48561772108973167        6.4817415841768979E-003
  0.47638255453546113        7.8632496336634456E-003
  0.47366461079182370        1.1743366883176845E-003
  0.47653174054473524       -2.9981637449707776E-003
  0.47383576644296604       -1.0771345700882218E-002
  0.49274153590444902       -2.9622317243344844E-003
           5
  0.17291733593582667        8.4091700011479587E-002
  0.15363229846878268        9.6256038662438523E-002
  0.15286576258680709        7.5814722459965830E-002
  0.15968753875969402        7.5845710389737669E-002
  0.16695593314489260        7.6874050881314201E-002
           4
  0.35106420769564767       0.62985958944006926     
  0.34400632769664269       0.63648589075817608     
  0.33235839646925031       0.62510763754978815     
  0.34248932372215524       0.61876923594306288     
           5
  0.19023744902571280        1.0117038195712265     
  0.17860031872131318        1.0090369271538209     
  0.17825466322645794        1.0014109833904477     
  0.17861978497830253       0.99056680447713275     
  0.20045017861484291       0.99765926731405308     
           3
  0.34292118212605477       0.81042405583816624     
  0.34441554335036151       0.81791204825503872     
  0.32116271933692209       0.80253508174333588     
           8
  0.36228761230565004       0.71603234532226712     
  0.34909972717872734       0.72092315897802073     
  0.34419949956018592       0.72375364557157640     
  0.34041975622350157       0.72121049495874756     
  0.34466263523588458       0.70609757336721901     
  0.35333949943566040       0.70297207052465660     
  0.36066951907178063       0.70281749156684592     
  0.36286464640603938       0.71164982546140398     
           6
  0.17247886958953501       0.11570769873191811     
  0.15825944372608475       0.11484562039669592     
  0.15335741748082904       0.11213512379540347     
  0.15761345992302830        9.6063143192327866E-002
  0.17358234577206841        9.6052832112013556E-002
  0.17183492185031354       0.10645681040970417     
           3
  0.44581078184743161        6.8095677908852015E-002
  0.43145520621879430        5.0309807396656366E-002
  0.44609760237128809        4.9735167809333909E-002
           7
  0.39159936563464137       0.22041031015577983     
  0.39178328046433014       0.22539985365664914     
  0.37156747050349787       0.22191417254379239     
  0.37274044559927944       0.20996634923122243     
  0.37658009417320709       0.20710684649482380     
  0.38044958157919262       0.21197787430251083     
  0.38705541905490976       0.21194196981598115     
           4
  0.41809579335046854       0.70696276384179180     
  0.40268649852109195       0.70568712921480325     
  0.40018664833174694       0.68590472035932903     
  0.41444993023281002       0.68319914307395335     
           7
  0.38899242833777281       0.20871892955984933     
  0.36885185202953524       0.21056991198127342     
  0.37428223324731769       0.20546947449235384     
  0.37075805818879093       0.20245711215652265     
  0.37371569090616530       0.18867870390714647     
  0.39099068432645168       0.19230984531400844     
  0.38768303159618317       0.19917346309707762     
           5
  0.28236951502626612       0.82064714858673504     
  0.26806487187309047       0.81947316941003323     
  0.26522138782462346       0.80135391256640298     
  0.28455558152409149       0.80063668450964054     
  0.28422551246043515       0.80808652997956543     
           6
  0.43789510554565891        6.2043828750702232E-002
  0.43532923112085986        6.8264750280052480E-002
  0.41672443569123846        5.7776311311492044E-002
  0.41837227295706414        5.2439854311752097E-002
  0.42878100642370937        4.9057184430891361E-002
  0.43824518115560512        4.5204502877881365E-002
           7
   8.4569134722144099E-003  0.23201445744980850     
  -1.0389259973263556E-002  0.23829414476424782     
  -1.0448760809782676E-002  0.22580502509264808     
  -8.2985322912607420E-003  0.22067904267823446     
  -3.9606405151628435E-003  0.22237933731467938     
   4.1741924466005675E-003  0.21940459847886112     
   1.2329782859751148E-002  0.21966084121042123     
           6
  0.40648424211792489       0.63403084400964149     
  0.40292089525736297       0.63924847666978557     
  0.38910699638379709       0.64004258335519526     
  0.38817926959906790       0.62620472376171288     
  0.39341456045086431       0.62579579216517423     
  0.41113178075559598       0.63068484666168245     
           8
  0.28873206731922824       0.78103108778359587     
  0.28054114250776474       0.77943447642978192     
  0.27748217871372305       0.76896192662963525     
  0.27408099384189305       0.75920860872540930     
  0.28377024393827599       0.76085157123573466     
  0.28843849216742368       0.75993217393788015     
  0.29704216042243869       0.76102922713187005     
  0.29383719333191827       0.76553287267779657     
           8
  0.16783853741507643        9.7682424282138247E-002
  0.16408081836310320        9.4973386919517705E-002
  0.15082770035049475        8.9790674530927123E-002
  0.14975445535241619        7.4393266445546294E-002
  0.15698026202787030        7.5617513048440568E-002
  0.16133870865261593        7.7143645010391323E-002
  0.17317249074252514        7.6673273474941253E-002
  0.17286877217529600        8.2602264529630570E-002
           8
  0.45033958966949744        4.9964659038749609E-002
  0.44169183169910298        4.8507839240974758E-002
  0.43669457091123848        4.9945224535080705E-002
  0.42693174219774693        4.6093243911902254E-002
  0.43150052984153470        2.7671699975678261E-002
  0.43954147731694876        2.6829895595230292E-002
  0.44408222618095838        3.0931299780695289E-002
  0.44865643253692905        2.9516443524933517E-002
           6
   6.2975766827188988E-003  0.81314132651947701     
   1.0531456284443802E-002  0.81959506194583320     
   1.3592276624427916E-003  0.81716734996618445     
  -8.2559927173427704E-003  0.80062649868364433     
   4.9605714865565652E-004  0.80203115242049838     
   7.1341740129618123E-003  0.80136714011217447     
           6
  0.49491135125520463        1.9204326356730445E-002
  0.49112934323537666        2.7975718133623359E-002
  0.47782068968848329        2.7571648738412037E-002
  0.47431691211457444        2.1740306478881057E-002
  0.48188849595229521        7.9468250363527119E-003
  0.48831519673727602        9.1619504462125117E-003
           4
   3.8134687839873678E-002  0.77214686870076787     
   3.9445764012512756E-002  0.76054146082573837     
   5.7981723313345661E-002  0.74977373890709964     
   5.8235038416351560E-002  0.76081248439457128     
