   99.000000000000000     
   100.00000000000000     
          30
           8
   25.000000000000000     
   3.0000000000000000     
   13.000000000000000     
   17.000000000000000     
   16.000000000000000     
   9.0000000000000000     
   22.000000000000000     
   10.000000000000000     
   16.000000000000000     
   8.0000000000000000     
   3.0000000000000000     
   16.000000000000000     
   16.000000000000000     
   10.000000000000000     
   24.000000000000000     
   16.000000000000000     
   15.000000000000000     
   14.000000000000000     
   5.0000000000000000     
   12.000000000000000     
   2.0000000000000000     
   18.000000000000000     
   20.000000000000000     
   15.000000000000000     
   8.0000000000000000     
   22.000000000000000     
   15.000000000000000     
   10.000000000000000     
   13.000000000000000     
   19.000000000000000     
           1
  0.17171717171717171       0.76767676767676762     
           8
  0.24984319009061376        6.6592803194746836E-002
  0.25107442470882341        7.2309719230109787E-002
  0.23942684444294693        7.2906422677155400E-002
  0.23092717828959061        6.4801281951671924E-002
  0.23207209096909392        5.5608637464900676E-002
  0.23256365546977703        4.7594035794613736E-002
  0.25365847554242044        5.3082963610640105E-002
  0.25362395307696139        5.7861512435748469E-002
           5
  0.97449619064003257       0.30353573855295207     
  0.96648739303981079       0.30231000687949061     
  0.95712050791526493       0.29061465990907465     
  0.97667541032617566       0.28755698783736000     
  0.97972608322472854       0.29315173321206811     
           5
  0.14223271563214734       0.20225187955072507     
  0.12890640596660308       0.20128360681618526     
  0.12956827790248113       0.18381954183593313     
  0.13837271871092355       0.18224768429883423     
  0.14848275871795566       0.18647059013650444     
           6
  0.15372377852637140       0.33487015813301579     
  0.13657190415042875       0.33419303286688207     
  0.13003085344198634       0.32512582323969602     
  0.12845432222798425       0.31280367732859976     
  0.13904054989193437       0.31648138006070620     
  0.14463640842363343       0.31441197515235020     
           4
  -1.3695506759100386E-005  0.35257118368104434     
  -6.1695999017517544E-003  0.35509337928343843     
  -7.8005317897010115E-003  0.33254634620757673     
   1.2169558701465357E-002  0.34076483179504957     
           6
  0.16963150637892824       0.22712292188940172     
  0.16702922808406218       0.23249954885762897     
  0.15880051805446940       0.23132697972650212     
  0.14937344725466370       0.21854143321803990     
  0.15453698066791385       0.20967248263471741     
  0.16569759934512757       0.21467911966628905     
           4
  0.20353946296616618       0.26967586762867934     
  0.19300654090972238       0.25781827039004490     
  0.20169198827073570       0.25063362985011300     
  0.21502613571354606       0.25037741923344231     
           4
  0.22085439798794676       0.29484940337796040     
  0.20969547323505563       0.29172175126352484     
  0.21265117797683092       0.27004395485573102     
  0.22428800370165491       0.27483128814736502     
           8
  0.16768975451155105       0.24370205446648105     
  0.15851458599147231       0.23670073689961957     
  0.16191908981736536       0.23279241543855672     
  0.15980985453251514       0.22841294591940697     
  0.16439950053329794       0.22667907961859959     
  0.16811889402157029       0.22355188043656121     
  0.17453891238719604       0.21932939345518010     
  0.18399409286819784       0.22591993072103478     
           6
  0.99668846497510455       0.31261008783315680     
  0.97827715450971642       0.31086834057797985     
  0.98254652364079254       0.29758296196455558     
  0.98856614663460873       0.29138815762435955     
  0.99928047784241547       0.29424722698128791     
   1.0020669925159711       0.30079848063616577     
           6
  0.31288049503688159        7.8657047108397188E-002
  0.31208691380466824        8.9519465900124121E-002
  0.30007720692410100        9.3147624744738200E-002
  0.29802866625208113        7.1821267336950448E-002
  0.30632830094580904        6.8438613824770650E-002
  0.31409651885805911        6.8043307977252776E-002
           4
  0.22828615346371406       0.28126748484849973     
  0.22247100966647895       0.26733999369945266     
  0.23052363636055948       0.26065887302497881     
  0.24093924058046509       0.26847487833260281     
           7
  0.20109627192621149       0.24486012152666498     
  0.18053319281621799       0.24183235900348515     
  0.18250899134912379       0.23716763708356642     
  0.17978076546811628       0.22641647640082593     
  0.18575453185202609       0.22064286336797173     
  0.19079682041731183       0.22150344333015468     
  0.20399700497158335       0.22995106470438542     
           7
  0.35599842035717910        7.7595813683585674E-002
  0.34618925639881842        7.7944435089699809E-002
  0.34351260952408724        8.3175995372992653E-002
  0.33035009389085063        6.9650701691909248E-002
  0.34502541018177058        6.1419926962201755E-002
  0.35169550064789767        5.8812647849889217E-002
  0.35549297100639565        6.4974149097044159E-002
           6
  0.32189352064592819        7.7271887265181513E-002
  0.32638238757245269        8.3555394946457390E-002
  0.31477090887522774        7.9322735751526069E-002
  0.30311054158694617        7.7734363015676960E-002
  0.30449434737280656        6.8407180024074810E-002
  0.32276915234203124        6.2709954097578735E-002
           8
   4.7626111797793875E-003  0.38063195482291495     
  -5.2155707451200283E-003  0.38551133807119259     
  -7.3928911959129104E-003  0.38022893497166887     
  -8.4869580502847965E-003  0.36649092374911624     
  -1.3739881713204487E-003  0.36193360788924250     
   6.6568190038435908E-003  0.36080304920067624     
   1.2260855318568725E-002  0.36322363774872696     
   8.0749503641040690E-003  0.36997897052785605     
           4
  0.20080920431642571       0.23304981608157838     
  0.18555951086804340       0.24018453096273742     
  0.17924799064476760       0.23317001551615185     
  0.18611712908104799       0.22552102303384719     
           3
   7.5578270736125774E-003  0.36377880054772366     
   0.0000000000000000       0.36363636363636365     
   9.8198311105817497E-003  0.35643497319654721     
           3
  0.27194859242776831        7.8103547966191011E-002
  0.25230906424367133        6.8168312239534887E-002
  0.26724690756403174        5.8156326679227877E-002
           7
  0.99621220770485819       0.33218731993157719     
  0.97714734596605535       0.32821020464039402     
  0.98227140552656833       0.32067424041687848     
  0.97715633417105552       0.31973015904448782     
  0.98376281014022471       0.31158607645969272     
  0.99808889046638383       0.31031350112074552     
  0.99849133841602988       0.32019269300420711     
           8
   5.1864567671231952E-002  0.41194722065849154     
   4.5149990325966831E-002  0.41140595492834470     
   3.7336011221866000E-002  0.41382614334215412     
   3.7412791094992966E-002  0.40131621353387814     
   4.6872039312336772E-002  0.39650079198243871     
   5.5320254826790420E-002  0.39078068219108825     
   6.3139377875420982E-002  0.39504236597109388     
   6.2952983892169523E-002  0.40003322782009348     
           4
  0.17699722983617538       0.27105956784299279     
  0.16006023850617560       0.26557283627670758     
  0.17485392120451282       0.25241618307134761     
  0.17995511338102171       0.25941011347784876     
           3
  0.19906770073783697       0.27296092843035125     
  0.21252894356947394       0.25494202284851808     
  0.22176734388655717       0.26104810576946658     
           6
  0.29229745446697747        8.3230806659199880E-002
  0.28878569091514011        9.2599393905155300E-002
  0.27160784576528019        8.0884290171915466E-002
  0.27383808382399866        7.1465689810954899E-002
  0.28997110043641400        7.2676338571847937E-002
  0.29018818818921355        7.8330439239563371E-002
           7
   2.1465335200532409E-002  0.35202249084780296     
   2.1184194332324279E-002  0.36005052758089906     
   2.1195770078735535E-003  0.36018128430637908     
  -1.6951394893220863E-003  0.35666274286558314     
   3.0376479937432345E-004  0.34147444093101742     
   9.6384917361043328E-003  0.34450314873187382     
   1.4212276819223466E-002  0.34210285098315307     
           4
  0.28097548184937610       0.29263249750984693     
  0.26328274172894028       0.29567880554622594     
  0.26131808218294572       0.27483007110282076     
  0.27272727272727271       0.28282828282828282     
           3
   1.0069043646927776       0.30243138949558668     
   1.0000000000000000       0.30303030303030304     
  0.99340670458081493       0.29338269043873033     
           7
  0.27257635851327888       0.28454129377635734     
  0.27080158580114183       0.29081523644763951     
  0.25485062093227845       0.29140610672619927     
  0.25478856934245575       0.28554628230387302     
  0.25013980888453113       0.27760311080539268     
  0.25536360887903331       0.27118414676841873     
  0.27563849761358006       0.27012208255532572     
           5
  0.18196204198643481       0.30302632821369269     
  0.16665328998702550       0.30142361936695750     
  0.16079245682770082       0.29072825358113513     
  0.16029685770096383       0.28411449750902951     
  0.18021111435285747       0.28461168747738574     
           5
  0.21266675943303998       0.26981562215544735     
  0.20128819323756031       0.27129560743438619     
  0.19010797858177531       0.25602897262540364     
  0.20500805875174677       0.24951094661817214     
  0.21064578596097688       0.25976757448890031     
