   92.000000000000000     
   100.00000000000000     
          33
           8
   6.0000000000000000     
   12.000000000000000     
   2.0000000000000000     
   24.000000000000000     
   3.0000000000000000     
   18.000000000000000     
   21.000000000000000     
   14.000000000000000     
   69.000000000000000     
   1.0000000000000000     
   13.000000000000000     
   2.0000000000000000     
   2.0000000000000000     
   7.0000000000000000     
   7.0000000000000000     
   1.0000000000000000     
   23.000000000000000     
   19.000000000000000     
   14.000000000000000     
   8.0000000000000000     
   11.000000000000000     
   4.0000000000000000     
   8.0000000000000000     
   24.000000000000000     
   12.000000000000000     
   9.0000000000000000     
   4.0000000000000000     
   19.000000000000000     
   15.000000000000000     
   2.0000000000000000     
   2.0000000000000000     
   15.000000000000000     
   66.000000000000000     
           1
  0.30434782608695654       0.61956521739130432     
           8
  0.82814432863552900       0.51023181367700154     
  0.81898673808171329       0.50790056525150362     
  0.81256437703710827       0.51445578250033597     
  0.81546781849566818       0.50195683596975749     
  0.81626694984093884       0.49148640647068109     
  0.82255164690439786       0.48563811959614223     
  0.83716440593957731       0.48613121346070370     
  0.83791871161873588       0.49375096744600588     
           8
  0.73646670105129330        5.3737817542942247E-002
  0.74240125370886656        6.7764639894132866E-002
  0.73298582247834798        6.4034848103843439E-002
  0.72711034061775404        6.3630907642576048E-002
  0.71775077453442460        4.9318763019314711E-002
  0.72781871191439129        4.1034527125212883E-002
  0.73299878608160840        4.4537157691080118E-002
  0.74174289654560321        4.0784920991201797E-002
           3
  0.92440838790730240       0.24972205943228182     
  0.91304347826086951       0.23913043478260870     
  0.92430695411776986       0.23623527293061905     
           3
  0.80355427522747702        7.3994451689820134E-002
  0.77974506287753198        7.0790354740930664E-002
  0.78338780465052138        5.1092967607288216E-002
           3
  0.72826086956521741       0.78260869565217395     
  0.72132550373649995       0.77200769684666803     
  0.73010528025135601       0.77425235094474376     
           6
  0.75209453107295232       0.80952747601827335     
  0.74132730528491986       0.81503147284449384     
  0.73550294573523978       0.81334869417583366     
  0.72641197489988785       0.80315444452212170     
  0.72636736045667316       0.79512252994415622     
  0.73288375581570953       0.79637960637607907     
           8
  0.75276514416608398        6.5985203026889108E-002
  0.74398977822629975        7.8524841558175587E-002
  0.73460272607084331        7.7008223515922791E-002
  0.73015391965458265        7.9664464559704468E-002
  0.72899649524818977        6.2071918629461292E-002
  0.73626432401698771        5.2346638593313191E-002
  0.74735663885325099        5.0943955953351390E-002
  0.75295181049156001        5.8041277369758192E-002
           3
  0.82617581782261695        8.5972788474291351E-002
  0.82608695652173914        7.6086956521739135E-002
  0.83409163350765914        7.7295092198531756E-002
           8
  0.99803073138316278       0.33620845562420981     
  0.99308558974901373       0.33482477526596621     
  0.98719949450086775       0.33407435802528801     
  0.97769978306821814       0.33810903147718535     
  0.97699816265545858       0.32580691082125640     
  0.97494618386824361       0.31720438614532498     
  0.99515189152678230       0.31710471046482008     
   1.0002696468285541       0.31173841503661015     
           4
  0.87371843065378529        1.4226015152618196E-002
  0.85800756642787956        1.3938430127450588E-002
  0.85638256390229173        8.7257971670396252E-004
  0.87698460638117892       -1.4255063145509676E-002
           5
   1.2815867433688019E-002  0.27809457585878927     
  -2.0649359317369809E-003  0.28274286134805288     
  -8.1262507635438321E-003  0.27461691034163094     
  -6.6265981604490846E-003  0.25797510449746930     
   1.0503967644613057E-002  0.26280160420454390     
           3
  0.79335722918820106       0.15450126208542347     
  0.79347826086956519       0.14130434782608695     
  0.80140335337311985       0.14018154694445947     
           7
  0.83845435464824014       0.88608539265738795     
  0.81325115646787016       0.89513727174002689     
  0.81362676151629543       0.88776948345866025     
  0.81274014836753072       0.88186718539558639     
  0.81542977277091733       0.86607167001830321     
  0.82443731876913429       0.86873438310189277     
  0.83763256987864609       0.87188517516774056     
           5
  0.99868181025581104       0.33634655112902390     
  0.99125111904390462       0.33867790955291843     
  0.99075165907568719       0.31179243067427004     
   1.0120132980340260       0.31480157259173153     
   1.0083096962664237       0.32047715450868336     
           8
  0.76376255145152594       0.88258193315073952     
  0.74939142791538738       0.87817605339800131     
  0.74572668998647340       0.88424950352206821     
  0.73609202916066507       0.87527094505129222     
  0.74769880033490466       0.85607651481516955     
  0.75300787605082042       0.86164331937170990     
  0.76177307014416040       0.85617818545842805     
  0.76138519154898998       0.86496932270328930     
           4
  0.98640005349125581       0.33287201587524062     
  0.97051752301263150       0.32558548762774664     
  0.98365725320181663       0.31543193210258508     
  0.99162281409688258       0.31200258426193306     
           5
  0.78072238902530611       0.84683048509821035     
  0.75907099334693295       0.85071895714034462     
  0.76219652225888357       0.83215655579031322     
  0.76229133547415739       0.82338771463042970     
  0.78128447106268839       0.82833659228598688     
           8
  0.91239111434336473       0.51880585527031275     
  0.90211098176625526       0.52137996893574956     
  0.88951606296808661       0.51949309119234754     
  0.89419247013257208       0.51441897770257261     
  0.88946243071511555       0.50825945454482835     
  0.89436999971019382       0.50127433736514349     
  0.91215004241857278       0.50251851226048061     
  0.91513756735056517       0.50862080255199615     
           8
  0.87249495958755685       0.51852918896425926     
  0.86753775911148401       0.52217740150286995     
  0.85857628395404284       0.52235215550356784     
  0.84665765284534500       0.52241001631818562     
  0.84564184592357650       0.51121283037030796     
  0.85080574604318893       0.50992733455867245     
  0.84799825891754788       0.50316408288736592     
  0.87146362452887860       0.51339969768609961     
           8
  0.80659585452081539        7.5220875847812466E-002
  0.79785507674156331        7.5641302417202488E-002
  0.79120638377837171        7.6267490541810007E-002
  0.79506134057612599        6.2613468480282708E-002
  0.79254500735089772        5.3373806341807023E-002
  0.80981484498453804        5.4844346164921669E-002
  0.81543412764682421        5.1765949348217294E-002
  0.81619566948227384        6.2315296914301481E-002
           8
  0.75243696332144661        6.9264309237814903E-002
  0.75146991252224871        7.6364000200134383E-002
  0.74615775990482280        7.8427954567077685E-002
  0.73709005976152009        7.3606649268642937E-002
  0.72708286403220623        6.4251562141501239E-002
  0.73041226337256449        5.9845501397807602E-002
  0.75333829615137704        5.5511196942593211E-002
  0.74816775328096696        6.3840465304214167E-002
           6
  0.79371214261968537        7.6623326007347311E-003
  0.78642628196200737        1.1046869241839201E-002
  0.77404311072650711        7.3467211143825577E-003
  0.77508611903167490        9.6361703425114841E-004
  0.77714197299289822       -1.4320172634763985E-002
  0.79325374376374047       -1.1567822243365540E-002
           7
  0.87951908877532614        3.2964680013925292E-003
  0.87913279390282961        9.0331109249748905E-003
  0.86614960682417774        9.3879293715051753E-003
  0.85681584813879019        1.3411023740846142E-002
  0.85650611705534851        3.8193205564894094E-004
  0.87545246053362824       -9.6290334503905464E-003
  0.88239052070050461       -1.3088522647914056E-002
           7
  0.99578846408863031       0.27966826290959157     
  0.98876404655859496       0.28565349325574457     
  0.98087403213667645       0.28289119933262408     
  0.97936763622150669       0.27521452303554106     
  0.97440962152793498       0.26517818206974242     
  0.98354027944207845       0.25993437504437772     
   1.0018384047463369       0.27466119762217350     
           7
  0.78288293421256105       0.79695871370054017     
  0.78525104452251171       0.80747402807225166     
  0.77960153503041341       0.80695615835732870     
  0.76196263127701858       0.80406469578079798     
  0.75780270404241490       0.79568544952820897     
  0.75802084288360128       0.78260191199431384     
  0.78395878903928595       0.77885679270606911     
           7
  0.86262982961873946       0.11446147829583919     
  0.85796396113243167       0.11862642810890321     
  0.84019659804326041       0.12278376412892505     
  0.84319574407578735       0.11649704199512470     
  0.83599907304999221       0.10561353532837812     
  0.83868727635865703        9.5605802263598605E-002
  0.86169904677344855       0.10800212324711472     
           5
  0.93369228715041086       0.26673808861124804     
  0.93135700342385797       0.27384097798316681     
  0.91030893583780226       0.26999921257834320     
  0.91585122176419820       0.24873789160808332     
  0.93337221078755506       0.25786861362002378     
           6
  0.82694253881837221       0.88156193719821396     
  0.82082692464119600       0.88066264890700086     
  0.80927537074141420       0.87838592931605286     
  0.80438430103602765       0.86595339532946802     
  0.82530967146961187       0.85500048893202607     
  0.82397383039640593       0.86531539660200119     
           5
  0.94064264459029323       0.27519050384620580     
  0.93691893368988000       0.26928522492468870     
  0.93741972586704037       0.25921689690602506     
  0.93631225086063530       0.25030452013598037     
  0.95683610249718554       0.25626884867277328     
           6
   1.2653536467569891E-002   8.3981014112800928E-002
   7.6199514524356452E-003   7.9735494598722645E-002
  -3.3482333505984573E-003   9.0343154634692169E-002
  -1.4029044185556594E-002   6.4617202719401301E-002
   1.5421900157614799E-003   6.2240547298493751E-002
   8.1064634860500574E-003   6.7037764412713849E-002
           3
  0.77459273267749973       0.85817097065337855     
  0.75956861137742393       0.85751655386729320     
  0.77173913043478259       0.84782608695652173     
           4
  0.80238193640889932        1.4035323640247168E-002
  0.78973387216387769        9.0965596747154594E-003
  0.79272540154321069       -6.5147674844165410E-003
  0.80434782608695654        0.0000000000000000     
           3
  0.82608695652173914        0.0000000000000000     
  0.81667521380154706       -1.0812281752551705E-003
  0.81322326453053795       -8.9954820930878161E-003
