   105.00000000000000     
   100.00000000000000     
          43
           8
   26.000000000000000     
   11.000000000000000     
   22.000000000000000     
   18.000000000000000     
   10.000000000000000     
   9.0000000000000000     
   12.000000000000000     
   10.000000000000000     
   12.000000000000000     
   19.000000000000000     
   5.0000000000000000     
   18.000000000000000     
   7.0000000000000000     
   14.000000000000000     
   14.000000000000000     
   20.000000000000000     
   7.0000000000000000     
   4.0000000000000000     
   11.000000000000000     
   3.0000000000000000     
   22.000000000000000     
   15.000000000000000     
   69.000000000000000     
   26.000000000000000     
   20.000000000000000     
   12.000000000000000     
   22.000000000000000     
   9.0000000000000000     
   23.000000000000000     
   7.0000000000000000     
   17.000000000000000     
   3.0000000000000000     
   18.000000000000000     
   18.000000000000000     
   9.0000000000000000     
   4.0000000000000000     
   20.000000000000000     
   24.000000000000000     
   3.0000000000000000     
   4.0000000000000000     
   4.0000000000000000     
   23.000000000000000     
   17.000000000000000     
           1
  0.33333333333333331       0.29523809523809524     
           8
  0.74405589238311964       0.13192166921437376     
  0.73600375111862326       0.13400278124296169     
  0.72379504919428073       0.12756581791691113     
  0.72392736746112929       0.11986073752452917     
  0.72181826917798186       0.11354684509601776     
  0.72789047694560705       0.11643260553481810     
  0.73330151052892845       0.11686387812216402     
  0.74082546288233098       0.11583357376345194     
           7
  0.90420292213842313       0.49711539722735726     
  0.90038359414704883       0.49353717710743694     
  0.89563606653272476       0.48675976886954420     
  0.89546423536280650       0.47824902678580156     
  0.90115657380051628       0.47946449579327061     
  0.91151734836705645       0.47791731959695360     
  0.91668595578767997       0.48312102759322773     
           6
  0.86974404338697830       0.15410186070910151     
  0.86678987322976575       0.14997991914763661     
  0.85612765173412353       0.14815155113067582     
  0.85987519259321199       0.14497666006082208     
  0.86448323077868516       0.13491528660870089     
  0.87207579352003517       0.13523748019108706     
           6
  0.62979578707889905       0.89231822347387801     
  0.62689777549623804       0.89623033191154899     
  0.61164512897768908       0.88854672310357841     
  0.60841113542773262       0.88454404655682184     
  0.61682141675968005       0.87886147806277581     
  0.62545172516971237       0.87587248983605792     
           3
  0.48855036436342003       0.17288628492843369     
  0.47820295276326819       0.15907019298561534     
  0.48834912417305315       0.15000742461992581     
           4
  0.39983183675435263       0.54092578816458670     
  0.38404341171661199       0.55070723026310586     
  0.38591987312250198       0.53435836311406926     
  0.39690896474265130       0.53493156090913341     
           7
  0.37898181665615283       0.38281432558220985     
  0.36796987068775971       0.38205552761878980     
  0.36098414342626717       0.38274486432369909     
  0.36294367220922275       0.37077246699591648     
  0.36068173136374382       0.36314832269783559     
  0.37631225561260306       0.36302487279756973     
  0.38043957240015658       0.35995047498397575     
           8
  0.67790903644259137       0.98165054115389805     
  0.67357864821967928       0.97905927292908024     
  0.66751807268141161       0.97971267592053102     
  0.66296658284472021       0.98036357043663946     
  0.66010945666027687       0.97556809845780801     
  0.65637099530711862       0.96337399473654806     
  0.66564813348795704       0.96170758093475317     
  0.67684609608187252       0.96943742909219321     
           8
  0.71488859929814208       0.89476402571786240     
  0.71277878183835319       0.90035839590064415     
  0.70583617473802363       0.90590434858844726     
  0.69671554964343274       0.89858511644791284     
  0.69529873049580959       0.88960640973387339     
  0.70236727226103102       0.88904350068009685     
  0.70368901238607517       0.88372972681248063     
  0.71513079377294986       0.88609761194308800     
           6
  0.78133236528646322       0.92033620328910126     
  0.77906840058273741       0.92668800228110881     
  0.76455403369891284       0.92161510771453536     
  0.76369997731821537       0.91677724214821077     
  0.76843688172712810       0.91297868799587589     
  0.77578829260593551       0.91549501527262278     
           4
  0.74011208290771424       0.90474093271651057     
  0.73844922608209784       0.91182231710851780     
  0.73333333333333328       0.90476190476190477     
  0.73028471542000206       0.89695718865951390     
           7
  0.80948861484660262       0.13462651710124710     
  0.79875970277121733       0.13971640321183412     
  0.79314452815564440       0.13963821402971563     
  0.78936858522173436       0.12137325760491462     
  0.79701271264780915       0.12450638813658324     
  0.80735938284671316       0.12586174930869379     
  0.81122442353478064       0.12987840122204039     
           4
  0.46436326193896715       0.57970840434895232     
  0.45131831421446494       0.57983042948322616     
  0.45714285714285713       0.57142857142857140     
  0.46659657298841895       0.56206539085115115     
           4
  0.93059255652143680       0.52134153910036929     
  0.92214341001804701       0.52169471057716410     
  0.92668129720004888       0.50838317849814674     
  0.94386912462400563       0.50280250722081343     
           4
  0.88477134979560823       0.17743008268359767     
  0.87475051845031138       0.18148244569560504     
  0.86665771673771075       0.17205641027260263     
  0.87027359244732949       0.16356807896122461     
           7
  0.41042556056169205       0.40751515593960658     
  0.39834167230605766       0.41121611781165135     
  0.39116964586820252       0.40018557235065000     
  0.39510116615309837       0.39373798028817736     
  0.39950413305737381       0.39239046062538435     
  0.40509927681065500       0.39174644918942736     
  0.41004321297027829       0.38818818792809673     
           4
  0.50393167068250033       0.17596820594558951     
  0.49023457882456778       0.18143102172202558     
  0.48729856899771912       0.17058871509018694     
  0.48910570724158403       0.16490322050156128     
           5
  0.43068832153851083       0.41026533622317746     
  0.42066863100047203       0.40949578239948081     
  0.40826514694964833       0.39273878080246954     
  0.42116433292280725       0.39033637196386012     
  0.42867142265502584       0.39384156644088902     
           6
  0.46053130183442392       0.42740048562247646     
  0.44733081931978347       0.42895491498501204     
  0.44625341983575856       0.41368196174641270     
  0.45243675530585636       0.41264479266603493     
  0.46449780862206613       0.40908443464885458     
  0.46676955331239317       0.41351354834998511     
           3
  0.76190476190476186       0.20952380952380953     
  0.75575588051275444       0.21373953356569789     
  0.77108709766320183       0.19821374501468778     
           6
  0.39483921532173261       0.55867676369483010     
  0.38820759920545977       0.56003694125982750     
  0.39103420361950492       0.55575777103342405     
  0.39528386446275765       0.54530997699835282     
  0.40491774288488502       0.54051069284586439     
  0.40765204126808696       0.54454924971785956     
           8
  0.70217139760799085        1.0060377045125555     
  0.69740571388698380        1.0060516487490534     
  0.69756730120060384        1.0103621489885284     
  0.69274027471671173        1.0111932475966701     
  0.68613657180096288        1.0017812979146477     
  0.68506975601193809       0.99642025558319736     
  0.69778331189341480       0.99354327080230265     
  0.70390269227637048       0.99740885114940159     
           4
  0.77142857142857146       0.96190476190476193     
  0.76484118252974775       0.96273239667495880     
  0.77015434974047425       0.95001512580917957     
  0.77757587345319279       0.95514009591355897     
           6
  0.97906564428459730       0.55692525685874750     
  0.96576674999501844       0.56016003000185954     
  0.95965884791171829       0.55724651658306346     
  0.95966245221993929       0.54583773158543991     
  0.97412202799616887       0.54186412886871371     
  0.98067988992929900       0.54868154520832113     
           5
  0.78967864426738144       0.17345756531876444     
  0.78469775931417618       0.17989952784039681     
  0.77778920108179217       0.18181365794280441     
  0.77231582349974959       0.16537176902780099     
  0.78481949322677291       0.16227145649632344     
           4
  0.92407700025843931       0.55362929526236038     
  0.91259585874729987       0.56160880545173808     
  0.90238001012376667       0.55138893464375016     
  0.91829138959495782       0.54449271519101750     
           8
  0.94281079141636526       0.17717374524699064     
  0.93943269446848632       0.17476716651800808     
  0.94224853076464143       0.18147195429585311     
  0.93758986377496423       0.18045627028661362     
  0.92437698019814052       0.16554976291681092     
  0.92439528561976314       0.16126794663257232     
  0.94370519170375233       0.16420318228553854     
  0.94152117978120065       0.17057536679494401     
           6
  0.80692865073408326       0.15222500706069353     
  0.79710235836310084       0.16251074988119821     
  0.78970062941114949       0.15413982206982407     
  0.78942465250667604       0.14692062217860655     
  0.79453263513429007       0.14101293981979807     
  0.80912948688478348       0.14067205196898100     
           8
  0.42899710634981747       0.41568915546051405     
  0.42668199387665739       0.42623711279074600     
  0.41068244357047484       0.41496943833325611     
  0.41171013735920997       0.41068456121007985     
  0.40811075482161213       0.40842806160525685     
  0.41463388700262699       0.40743368028906357     
  0.42540597762206528       0.40818165139414325     
  0.42198686867728086       0.41235490893480825     
           4
  0.70403190053974252       0.99037271654537973     
  0.69523809523809521       0.98095238095238091     
  0.68926117459808756       0.97186126869858569     
  0.70074415598036055       0.97080900822775695     
           4
  0.92042895993417861       0.14942716558918609     
  0.91127085908036420       0.16013038759510964     
  0.90602583082552524       0.14228133334727111     
  0.91390395251708345       0.14289991852621298     
           5
  0.43735914277889137       0.46724852809537065     
  0.43126863858451941       0.46879576081973373     
  0.42910640621752061       0.45728950474358249     
  0.44420976327262218       0.45139340135999684     
  0.44947957053332072       0.45378484747853198     
           5
  0.88090383769555669       0.16081971935004374     
  0.86935673336276220       0.16395344943209139     
  0.86579410218960107       0.15549505692259075     
  0.87016521410409264       0.14666094126283152     
  0.87980487769517368       0.14311113402275766     
           3
  0.43046810146726289       0.61385192938923705     
  0.40751007809416195       0.60542101581212249     
  0.41489949098271373       0.59875958144765651     
           7
  0.94004337159837670       0.20645415373551704     
  0.93271859046862970       0.21958565930705065     
  0.92600517712998187       0.21392139251376555     
  0.92280939923203908       0.20433163994696715     
  0.92220084179772532       0.19837468553527637     
  0.93748023403777792       0.19965981162138019     
  0.94192478404094782       0.20133096681779247     
           5
  0.92301788639613636       0.50059435608843483     
  0.90442934920030826       0.50399649026101767     
  0.90597932235607370       0.49532095608435572     
  0.91920205878585193       0.48386064767787268     
  0.92621265601877478       0.49323802561590374     
           3
  0.44964144630869946       0.61532447687700065     
  0.43809523809523809       0.60952380952380958     
  0.43616021268881211       0.60140610721745913     
           7
  0.74213139533428629       0.98992866850788619     
  0.73359673672478287       0.99280773789875476     
  0.73053684308709055       0.98745562719971003     
  0.72424764552603449       0.98493300082814461     
  0.73625678525689919       0.97269773313568486     
  0.74400807843872574       0.97730588888027492     
  0.74284621810934182       0.98222737305871100     
           7
  0.99925810694310802       0.51585411995838926     
  0.99534238408496423       0.52385895479061895     
  0.97870463977042010       0.51243717877869199     
  0.98255750730746372       0.50382339681613453     
  0.99035127292999980       0.50240193088211027     
  0.99720285157355271       0.50265042820611971     
   1.0008467301978055       0.50889325911507166     
           7
  0.56197795396228467       0.18976992871608642     
  0.55995680516196567       0.19789966439469101     
  0.54219146054767808       0.19131654458191796     
  0.54229211286239520       0.17930202401573769     
  0.54726928361346106       0.18242185940573427     
  0.55762432934913975       0.18057208061195787     
  0.56332818910547666       0.18346263640345717     
           7
  0.44636179124903907       0.61174366826645077     
  0.44715889974085932       0.61927694238404918     
  0.44227752165800316       0.61844836526867886     
  0.43034176354363962       0.61624431151120418     
  0.42935151371361024       0.60197226318677965     
  0.43431395890309010       0.59755422922849999     
  0.44333294596747880       0.60032106177607047     
           4
  0.70263954968926634       0.98470978479280291     
  0.69046312305564705       0.99282341535285790     
  0.68429766130899849       0.98232321694743130     
  0.68986209112557662       0.96937482422083687     
           4
  0.90696274246959818       0.15777314311215121     
  0.89523809523809528       0.15238095238095239     
  0.88400727774201682       0.14435445593714799     
  0.90311605892648317       0.15034398891772502     
