   97.000000000000000     
   100.00000000000000     
          44
           8
   1.0000000000000000     
   19.000000000000000     
   19.000000000000000     
   22.000000000000000     
   20.000000000000000     
   11.000000000000000     
   2.0000000000000000     
   5.0000000000000000     
   20.000000000000000     
   22.000000000000000     
   2.0000000000000000     
   2.0000000000000000     
   11.000000000000000     
   22.000000000000000     
   19.000000000000000     
   3.0000000000000000     
   1.0000000000000000     
   2.0000000000000000     
   16.000000000000000     
   2.0000000000000000     
   13.000000000000000     
   7.0000000000000000     
   8.0000000000000000     
   16.000000000000000     
   14.000000000000000     
   4.0000000000000000     
   14.000000000000000     
   7.0000000000000000     
   20.000000000000000     
   14.000000000000000     
   7.0000000000000000     
   9.0000000000000000     
   7.0000000000000000     
   5.0000000000000000     
   10.000000000000000     
   13.000000000000000     
   25.000000000000000     
   1.0000000000000000     
   22.000000000000000     
   9.0000000000000000     
   3.0000000000000000     
   8.0000000000000000     
   10.000000000000000     
   19.000000000000000     
           1
  0.54639175257731953       0.22680412371134021     
           8
  0.35881530605432743       0.29091740152760753     
  0.36408172359307039       0.30122319841931527     
  0.35563358411633855       0.29692612793879986     
  0.34938255036022225       0.29929510460467218     
  0.33791112969423143       0.28674696513547387     
  0.34675102361252075       0.27571705844758054     
  0.35013339969630553       0.28007077432578481     
  0.36186336018358095       0.27970833776974374     
           4
   3.0020589679649087E-002   5.6020730364660966E-002
   1.0931371721447416E-002   4.8530688122051822E-002
   1.5203835371637570E-002   3.9092714839011299E-002
   3.1034871005237899E-002   4.3848647458660593E-002
           5
  0.40668390437893254       0.89101652209660120     
  0.40334151067076612       0.87378826643853735     
  0.39839765697468932       0.86820620673789428     
  0.40636908883696293       0.86086885498504662     
  0.42157073468704775       0.87164483749417143     
           6
  0.91772972697334843       0.39419665214584709     
  0.91398681646971158       0.40067611116653806     
  0.90710623582242667       0.40642462939725627     
  0.89328250567298617       0.39361441224189192     
  0.90434311929664846       0.38144178322806599     
  0.92051439370279386       0.37668476005980572     
           7
  0.77704514472455843       0.21174278147133388     
  0.77698996800365261       0.21828535156979312     
  0.75342426152346875       0.21547889639491280     
  0.74893014226991306       0.20401209341537407     
  0.74871668961980264       0.19645465672980328     
  0.77453652750636715       0.19933021739755613     
  0.77321822199790680       0.20707538582729237     
           3
  0.85978431929247623       0.22345000171814400     
  0.84307966212839081       0.22906110846103075     
  0.83013501922641075       0.20435638531100123     
           3
  -1.4283585446627856E-002  0.48397968335220676     
  -1.3538289325378676E-002  0.46481224319248815     
   0.0000000000000000       0.47422680412371132     
           3
  0.87623166445674072       0.32557921182058425     
  0.85494832789625930       0.33049769635616733     
  0.87029789305150451       0.30582960112027263     
           6
  0.12214112383353565       0.13014484162078885     
  0.11526801641084251       0.13697614978265329     
  0.10361001866510729       0.13274934953415177     
  0.10119599725785419       0.12258245868241940     
  0.12364767312838582       0.11096074861519209     
  0.12262586195682749       0.12109840609309080     
           3
  0.43308104778460615       0.39151519656495204     
  0.43151105164112896       0.37163559489394299     
  0.44255062753822844       0.37944098288423478     
           4
  0.93654970714462649       0.45453273767210362     
  0.93191063865694956       0.46616814850370636     
  0.92064975229175960       0.44325867281893894     
  0.94320967507430720       0.44540722417150114     
           7
  0.88435546222669337       0.23473384471582234     
  0.88941788482788531       0.24078836018003535     
  0.87562831280750841       0.24173518717968456     
  0.86711914276248303       0.23898484558772409     
  0.86393643973518264       0.22850440394107066     
  0.86074058528394037       0.21489744772187910     
  0.88730138506009515       0.21914990857296368     
           6
  0.10566634161082319        9.5685519466234881E-002
   9.0131993980691064E-002   9.6577029873069847E-002
   8.0305973521236029E-002   9.4897698138949715E-002
   7.7938326385038365E-002   8.5895082281137167E-002
   9.5353778493458441E-002   7.2723809937104048E-002
  0.10172324544313342        6.8546384907178237E-002
           8
   5.4961891350946930E-002  0.52537976120974372     
   3.2980560002989476E-002  0.53508118005054628     
   2.7377497917032725E-002  0.53243663619884318     
   2.8212272848031912E-002  0.52290320212851682     
   3.0771302401152115E-002  0.51095800888227383     
   4.3083019089839213E-002  0.51337593059790809     
   5.0650958026274867E-002  0.51085639438333463     
   5.5572585265766777E-002  0.51643748560618663     
           8
   4.5568491589936033E-002  0.11768837361614679     
   3.7444346928556221E-002  0.11103547431318878     
   3.4660808553290956E-002  0.11638169116031528     
   1.8264456588918253E-002  0.10498099059521679     
   2.0631230138143896E-002   9.9301230214287967E-002
   2.8354420862663217E-002   9.1184884908518310E-002
   4.4631911175191462E-002   9.7192935429192967E-002
   4.5082387552008371E-002  0.10377788185976340     
           5
  0.94287867466084252       0.41330254789327181     
  0.92729655040207393       0.42059028338804799     
  0.91391568978072635       0.41103640194077778     
  0.91247601407304513       0.40235768851530629     
  0.92022530638297761       0.39711175401366833     
           8
  0.43176030006460347       0.34699148318339340     
  0.43726343034735493       0.35109810361524013     
  0.42271440119333858       0.35111770315010882     
  0.41018628096171045       0.35380653683497643     
  0.41175828269933196       0.34513431139892908     
  0.41271904115270808       0.33617110963002872     
  0.41675265584128518       0.32815882747310088     
  0.42484694217725932       0.33106163480883166     
           5
  0.10817778637324119       0.52746590515152814     
   9.7660989395245673E-002  0.52736725794039607     
   9.2518026942990494E-002  0.50626619530742500     
  0.10215140115172246       0.50765208145997298     
  0.11273897425765209       0.51434800093490285     
           8
   1.0003205837410529       0.46537618994327257     
  0.99627209002419070       0.47235603527332531     
  0.99096584528951426       0.47753288312689135     
  0.97708348402225709       0.47546703508098181     
  0.97608794792424558       0.46026099447843605     
  0.97660427729731869       0.45295998695299411     
  0.98483913263994549       0.45253186925078237     
  0.99946075482160224       0.45851625139770585     
           3
  0.49229745753824539       0.93999987806540186     
  0.47961534490206192       0.93832205585779416     
  0.50587801848305436       0.91275538587915783     
           4
  0.90473089257327022       0.31931274740538101     
  0.88802809911647640       0.32511725865578317     
  0.89993107023906116       0.30633171887541794     
  0.91057213052805031       0.30921892961634445     
           3
  0.81928445042350939       0.27727097389209387     
  0.81443298969072164       0.26804123711340205     
  0.81613618808131372       0.25416657183720220     
           5
  0.38916947911894589       0.34312480962787478     
  0.39211951714943960       0.33444514311936474     
  0.39119260762543723       0.32083874590943912     
  0.39935686550333566       0.31681614844214334     
  0.41203544581210982       0.32138599177246385     
           5
   1.1346452797816918E-002  0.93606242711652510     
   6.8947452176215621E-003  0.95255029150556103     
  -1.3612539521296232E-002  0.92600368399517363     
  -6.5018239221498898E-003  0.92802273247187006     
   8.8158054423750666E-003  0.92694843361648416     
           8
  0.93006182751536937       0.47005722485965556     
  0.93129581855920529       0.47721535097645057     
  0.92447785611117694       0.47697052996706202     
  0.91354244038465027       0.47650938785348701     
  0.90291044941687992       0.47040063911156649     
  0.90345396074778495       0.45299793768515539     
  0.92772878965276173       0.45126411526784749     
  0.93116503285977836       0.45819477688598664     
           7
  0.94828022701592785       0.48530586810373583     
  0.93853605140997798       0.48947633563327847     
  0.92285715550509750       0.48907906008552798     
  0.92915017582486448       0.47639000795299391     
  0.92476761461626300       0.47208382979484237     
  0.93535993423460084       0.46516461147892629     
  0.94658459579043697       0.47071227131520199     
           6
   4.0261571399621957E-002  0.55481180763964100     
   3.1188000257805534E-002  0.56079903562687983     
   1.6107844996225501E-002  0.53734039372142595     
   2.5081805015358921E-002  0.53820491985238739     
   3.3751781266470139E-002  0.53532178387920759     
   4.5585615526837278E-002  0.53749011073358810     
           5
  0.44836521167818583        9.1129455036177559E-003
  0.43808164486706314        6.5432958036609149E-003
  0.44394697450780002       -3.3305674006886658E-003
  0.44436692693186186       -1.1682911797867929E-002
  0.46646992202304965       -2.6854617218942223E-005
           6
  0.93010847861654566       0.43463707029313109     
  0.91178665930987013       0.43702765085585638     
  0.91154920352986979       0.43073862140098540     
  0.90306788375178559       0.42911885711034387     
  0.90753111134703845       0.41946834212035811     
  0.92941641447626788       0.41457669627731586     
           6
  0.42533717553351935       0.34068901057470713     
  0.40118545947895534       0.32587560553861106     
  0.40292588320092299       0.31504859197626545     
  0.41066620466096776       0.31467920313840136     
  0.41930682043731327       0.31641335090394374     
  0.42458215550965428       0.32094651525071977     
           5
  0.44366808165381449       0.89430280364031978     
  0.42556291195968793       0.89572232070239444     
  0.42434128256869647       0.87841702632528362     
  0.42818048278441384       0.87152271308040641     
  0.44231294586705289       0.87451003962227203     
           6
   1.4382613190624966E-002  0.13874109119690337     
  -1.1272490856658068E-003  0.14646893232534786     
  -1.5198375169057496E-002  0.14708506193592605     
  -9.3629384701753911E-003  0.13287930810415222     
  -5.4093135529319049E-003  0.11906566879458734     
   1.4746301563282179E-002  0.11865655320357706     
           3
   1.0050217924782190       0.47195990504007551     
   1.0000000000000000       0.46391752577319589     
   1.0127877370686857       0.46641953396678559     
           6
   1.5416420288422352E-003  0.52686023047686936     
   1.8689429615163268E-003  0.51781046759520855     
  -4.6271500022681562E-003  0.51061930177376980     
   3.0182392526517041E-003  0.50235046261648497     
   1.6130039362937262E-002  0.50364330672640056     
   2.2733389393841990E-002  0.50796841080477517     
           5
  0.47459946244157064       0.97411037103055920     
  0.46467749266511804       0.97856691367922966     
  0.45371631450160510       0.98093542837206305     
  0.45548452370788794       0.97015019051454543     
  0.45487843962268798       0.96318010070288562     
           5
  0.38369415021453401       0.34629004523340695     
  0.37128301844707418       0.35401878763618433     
  0.35588933962855795       0.35325679502159962     
  0.36023517043630138       0.33170368091988911     
  0.36926246398088941       0.32617697495081349     
           4
   5.2878798935364284E-002  0.16487595046437226     
   4.1237113402061855E-002  0.15463917525773196     
   3.5707812133473377E-002  0.14649574490631997     
   5.4282056819445416E-002  0.15294885760562188     
           4
  0.43538730708408285       0.92183312672729989     
  0.42976548356402033       0.91516439931391425     
  0.42207436463169767       0.90197272505239467     
  0.44849189115781696       0.89523581635314209     
           6
  0.44104326820687229       0.30253656552967328     
  0.43418708641579407       0.31366764873434788     
  0.42174741300914681       0.30864592049433326     
  0.41792696180446282       0.28822569877769599     
  0.42488967576116604       0.29317505834466939     
  0.43561716662643152       0.28559453912671023     
           4
  0.96232655548499624       -5.0611531076710445E-004
  0.95972308274552254        1.1600619581649251E-002
  0.94064283108546443       -8.4246948859557577E-004
  0.94600224930975041       -1.5100271891350860E-002
           8
  0.78176986922158287       0.27072253131888629     
  0.77889562045636807       0.27686549760897633     
  0.76657877135724428       0.28157692552124614     
  0.75938296010400852       0.28133172025187725     
  0.75801176628575584       0.27182093647219735     
  0.76164655025216466       0.25359435509129652     
  0.77083365644696666       0.25686540196399049     
  0.78848745380997554       0.26493255848424641     
           3
  0.80412371134020622        0.0000000000000000     
  0.79013760550913592       -2.4249773040261012E-003
  0.79072221334926307       -1.3976975032313406E-002
           7
  0.80145753536200359       0.31452445873123780     
  0.79195016105612903       0.31398411161630635     
  0.78283714210770339       0.31070045677472796     
  0.78218421432746488       0.29467648308591521     
  0.78128908044236967       0.28591454191748622     
  0.80409517298567712       0.28515837762283247     
  0.80743350091361710       0.29631291290643524     
           5
   6.2472581419058405E-002  0.48558446693747986     
   6.5060570574547477E-002  0.49341445152392061     
   4.2815398565839408E-002  0.48919508537530554     
   3.7441007422673214E-002  0.46971250777543094     
   5.2207126360292622E-002  0.47611979964647916     
