   107.00000000000000     
   100.00000000000000     
          44
           8
   21.000000000000000     
   13.000000000000000     
   24.000000000000000     
   10.000000000000000     
   22.000000000000000     
   16.000000000000000     
   9.0000000000000000     
   9.0000000000000000     
   18.000000000000000     
   15.000000000000000     
   3.0000000000000000     
   7.0000000000000000     
   14.000000000000000     
   22.000000000000000     
   10.000000000000000     
   13.000000000000000     
   3.0000000000000000     
   4.0000000000000000     
   14.000000000000000     
   2.0000000000000000     
   16.000000000000000     
   10.000000000000000     
   5.0000000000000000     
   11.000000000000000     
   19.000000000000000     
   14.000000000000000     
   18.000000000000000     
   12.000000000000000     
   21.000000000000000     
   21.000000000000000     
   24.000000000000000     
   6.0000000000000000     
   7.0000000000000000     
   13.000000000000000     
   15.000000000000000     
   5.0000000000000000     
   10.000000000000000     
   19.000000000000000     
   6.0000000000000000     
   21.000000000000000     
   19.000000000000000     
   17.000000000000000     
   26.000000000000000     
   8.0000000000000000     
           1
  0.45794392523364486       0.59813084112149528     
           8
  0.56825983253396639       0.35418640168499277     
  0.56011109798433079       0.36149241712685809     
  0.55475993891979980       0.36083711801075830     
  0.55147084649231748       0.36482890128476470     
  0.55221805544470381       0.34856064980574547     
  0.55069628816894822       0.34429923601707318     
  0.55944272546575191       0.34515194617719469     
  0.56471969781600018       0.34528407709835157     
           6
  0.35623986512888239       0.20611878992093940     
  0.34862298998652608       0.20549583886293646     
  0.34641921343795984       0.20051642443549825     
  0.35029186684407415       0.18956211632519240     
  0.35587210268332581       0.19003222522732352     
  0.36290368774124909       0.19081256525922635     
           4
  0.90954682429943534       0.26243186432758309     
  0.90658539473703503       0.25397897797200575     
  0.91475381260497501       0.24365131324801434     
  0.92210237902306513       0.25276643855456643     
           8
  0.65492928152081409       0.56409536225665424     
  0.65213558766795277       0.57052743391976379     
  0.64643752720032832       0.57055793076656736     
  0.63573111896218704       0.56727270524446471     
  0.63624201131638680       0.56304560299549311     
  0.64238982511398757       0.55499790918618097     
  0.65226290369242179       0.55150115968342339     
  0.65330410554739249       0.55780770292076909     
           3
  0.56009682331494293       0.37738921738983405     
  0.54082661478491167       0.37151096707427955     
  0.55434657264672194       0.36824088087138845     
           5
  0.76702709407392045       0.27144694693829663     
  0.76042984370345290       0.27057962911842348     
  0.75823502339894555       0.26033619124370161     
  0.76088844902870645       0.25554629943300555     
  0.77360245872936229       0.26057617768090097     
           3
  0.81365279286904635       0.33876909337778832     
  0.80373831775700932       0.33644859813084110     
  0.81188571627070805       0.32894378190415718     
           8
  0.71704864592420492       0.61168909601115429     
  0.72033948873423037       0.61486004680442452     
  0.71203409651709104       0.61542219403239351     
  0.70384794689415853       0.61705954195014334     
  0.70391246675435948       0.61090351093586026     
  0.70412275397903712       0.60650558783937814     
  0.69993929034888924       0.60156366899070834     
  0.70738907179418642       0.59809196577855450     
           4
  0.95672765880171984       0.27860397929103881     
  0.94645060996522756       0.28063592876697535     
  0.94691624953895603       0.27254748652464561     
  0.95586342219196396       0.26425563749796410     
           8
  0.40938291417536848       0.24644210806809200     
  0.40860726105842504       0.25202413786938049     
  0.40284809352832746       0.24880172113457180     
  0.39757003088236481       0.25260093547640505     
  0.39525325636494968       0.24022001207514401     
  0.39512452272701337       0.23542045676821532     
  0.40739601553221838       0.23655461504096470     
  0.41230991084912827       0.23258006841537440     
           8
  0.42883462611799089       0.26561098397671190     
  0.42437083874688081       0.26752836178216227     
  0.41752070146596976       0.26727629910970113     
  0.41048908368974402       0.26594606256888587     
  0.41142578411585734       0.25186082712417157     
  0.42546108859140347       0.25245854269127643     
  0.42615392831668791       0.25715639537812734     
  0.43074885560815834       0.25596907091066889     
           4
  0.71260097164858005       0.64538530879499489     
  0.70218776138367534       0.62905855510503472     
  0.71103739227888407       0.62832233753315514     
  0.72123662507390984       0.63153695389095277     
           3
  0.60115593672225331       0.43076337449218038     
  0.59477715790902363       0.42951653890445513     
  0.59813084112149528       0.42056074766355139     
           4
   2.1841026865800760E-003  0.41937495919235290     
  -5.6368166614744596E-003  0.41679662454359695     
  -1.4662433066582878E-003  0.40539519390563222     
   7.1265137503450813E-003  0.40503377259250739     
           6
  0.83274034694105381       0.30019686302572857     
  0.82731754797687218       0.29731081856705194     
  0.82598105189728832       0.29107005194788754     
  0.82361175274163978       0.28614534715469775     
  0.82766478944510880       0.28008455213362798     
  0.83524050750212464       0.27891467525799007     
           8
  0.56792660272797235       0.41816604310149630     
  0.56421756434930781       0.41926089602874894     
  0.55109723528488030       0.41779668869340642     
  0.55354137648468726       0.41200274556677319     
  0.56257187177206125       0.40198985623073968     
  0.56665972967248734       0.40251433975947709     
  0.57171286576245517       0.40188520575068631     
  0.56763739312305639       0.40921629629433087     
           5
   3.8803104883953225E-003  0.41767351025427357     
  -9.5482206425030608E-003  0.42189243478274618     
  -1.0551603694626819E-002  0.40578409628168449     
  -8.6543386079953703E-003  0.40034874233999757     
   9.9750136098002446E-003  0.40723249501835640     
           7
  0.79181356351110399       0.27333548510588490     
  0.78156580639554862       0.27804259099917594     
  0.77854548528788126       0.28131704341133479     
  0.77408455373644125       0.26446434640914374     
  0.78367580166652984       0.26475624650111074     
  0.79418839938702157       0.26003612078583593     
  0.79103063958313535       0.26799672068155883     
           4
  0.78651570209851029       0.61631458242144532     
  0.78675056244723618       0.62431013917537936     
  0.76844683421676729       0.61522618910481053     
  0.76609591834249735       0.60768605975166434     
           8
  0.81284505370988247       0.33922369961862214     
  0.81296329027588099       0.34564652954794295     
  0.80649442781960867       0.34376818811804855     
  0.79640761074859534       0.33816929176758309     
  0.79322143112455890       0.33585282643138953     
  0.79825151414943796       0.32612189817127091     
  0.80140473308407845       0.33086669020127357     
  0.81378321901844530       0.32750279816911598     
           6
  0.97366463122434366       0.29823590920511095     
  0.96287823391883154       0.30818709381260123     
  0.95324125778242252       0.29604337148152055     
  0.95492392037285212       0.28924700813493615     
  0.96018112627730035       0.29100366451877441     
  0.97162770919862562       0.29333134808720807     
           8
  0.71586178081881080       0.60537428974943019     
  0.72114573766125578       0.61161505434766672     
  0.71714174773478212       0.61853505293560640     
  0.70288977152990739       0.60405467213731534     
  0.70670465691259432       0.60145478901974192     
  0.70970249631809079       0.59868143891401671     
  0.71825558911282528       0.59936112169477729     
  0.72103799731736895       0.60355466676974834     
           8
  0.81176476180558677       0.69874924434157348     
  0.80946352605671179       0.70271300510982948     
  0.80629585741596155       0.69992740117592822     
  0.79558661313215095       0.69348864676068378     
  0.79785210561245490       0.68969829516131786     
  0.80131590957759280       0.68429854105414889     
  0.80284249772990968       0.68056064586856757     
  0.81194823331894161       0.68877856774063817     
           6
   7.9452672353187547E-003  0.44903255512763629     
   5.7504720834847321E-004  0.45433629606531722     
  -1.0030559028403430E-002  0.45377846244031156     
  -9.0310863989707200E-003  0.44867621744277419     
   1.4189234682692334E-003  0.43807147286744152     
   6.3317966724585843E-003  0.43917422308296467     
           5
  0.62640334729373570       0.38789160830214886     
  0.62334070283885679       0.39202781484748073     
  0.60815174700892438       0.38694017283565185     
  0.61565149945848718       0.37760521558692378     
  0.62574603129172024       0.37933044855448472     
           4
  0.63689991963372161       0.37925428085790402     
  0.62320517296226885       0.38263362760873393     
  0.61879356369727989       0.37127062159594326     
  0.62616822429906538       0.37383177570093457     
           8
  0.72655318523988910       0.57161840181181955     
  0.73035652840970489       0.57533205498423146     
  0.72263521450797952       0.57762655667013352     
  0.71528719626913828       0.57772467999912658     
  0.71050873995596331       0.56566019289826674     
  0.71434345905543573       0.56256640777045130     
  0.72020688953455003       0.55991652716927665     
  0.73007806829578714       0.56900144070420566     
           6
  0.73762595284678645       0.62183347100836717     
  0.73127515572692992       0.62350010391062805     
  0.72444501190937194       0.62543899978806938     
  0.71911302203912031       0.61312116890199764     
  0.72817177086056206       0.61059057460925203     
  0.73060539570152583       0.60609575108344427     
           3
  0.62431618223651042       0.43100731133169989     
  0.60704052075287207       0.43002759533361284     
  0.62351835809099498       0.42005598928208632     
           8
  0.57664567701147218       0.38390593098676407     
  0.57867488957083757       0.39277316312648630     
  0.57035598587626080       0.38880736241301067     
  0.56050392964141715       0.38953151528446228     
  0.55949154237151832       0.37788090598305807     
  0.56413530329946848       0.37397053243682693     
  0.56918604361583669       0.37758752220883135     
  0.57299948659500910       0.37300110855751040     
           6
  0.99038620145045142       0.29563485310325377     
  0.98451614912685603       0.29827112018568408     
  0.97737339954794022       0.29864808396720138     
  0.97380031097027753       0.29228887283375266     
  0.97167172964113424       0.28252662715760923     
  0.99231520038859333       0.28940765345931252     
           6
  0.73813954156427330       0.63710384464248682     
  0.72833031889353927       0.64554145878471514     
  0.71986053392339766       0.64289182783548449     
  0.72277670402071947       0.62511508066883881     
  0.72995933934522417       0.62741948295243788     
  0.73993879304274413       0.63129373312985726     
           7
  0.85898749747444003       0.35017385260450740     
  0.85542838912582031       0.35622089764757153     
  0.84226570565407588       0.35509641725591501     
  0.85564166074262937       0.33521381709839493     
  0.85649894259373605       0.34395325694833673     
  0.86063809068753061       0.33853015235769363     
  0.86145689032220352       0.34592139531898725     
           5
  0.78441329087199496       0.27773589772628787     
  0.77646401340547522       0.27666936352097832     
  0.76527366734664926       0.26326123300301457     
  0.77914221566152908       0.26543726845224969     
  0.78494063331915853       0.26065821856667892     
           3
  0.85576712864419735       0.42666033240794626     
  0.84205076230508713       0.42277305020006661     
  0.85046728971962615       0.42056074766355139     
           8
  0.40093355879880621       0.23627186318484436     
  0.39374886041795915       0.24380556362474740     
  0.38718451623402028       0.23959388941820151     
  0.38190155771953044       0.22787607742834337     
  0.38579332129846949       0.22652320929469888     
  0.39141712311714616       0.22476053833962914     
  0.40247426812692350       0.22505317099200386     
  0.39848329644714625       0.22821138845830222     
           6
  0.78190512595493666       0.64960037678853422     
  0.78617991876218563       0.65385154706433979     
  0.77342763572611783       0.65098413525916488     
  0.76846160645258577       0.64672514099776635     
  0.76764021231974899       0.64024005806737994     
  0.78644133326236221       0.64076787521493128     
           7
  0.95388741013491052       0.33927212159729669     
  0.95145112747337945       0.34360884551845416     
  0.93608972677837965       0.33351324985847863     
  0.93688789777728299       0.32803819146396945     
  0.94118231618721204       0.32829768595839864     
  0.94830666115618845       0.33017767761572853     
  0.95347522292962728       0.33324076156539717     
           3
  0.68728423166789465       0.61492629117929321     
  0.68301666766746438       0.59863400509647613     
  0.69870231395268634       0.60561862856031479     
           4
  0.87717996920885821       0.35200497395847324     
  0.85882894436629875       0.34922089654013672     
  0.86002537146553282       0.33819657058899172     
  0.87354017783736215       0.33736917361666829     
           6
   1.0081152247943042       0.32590712462896887     
  0.99364403768353948       0.32163597413465994     
  0.98996248391219877       0.31728977032114875     
   1.0023169192411654       0.31031436935601198     
   1.0060973303217382       0.30695946931242546     
   1.0110409597354921       0.31309509097714772     
           8
  0.59666181353965941       0.38028872062637009     
  0.59495912377265603       0.38432750732248427     
  0.58835797379923394       0.38468739864819401     
  0.58286090951186098       0.37995700607056399     
  0.58262211610605297       0.37262639494280547     
  0.59066896527119406       0.36664051309218798     
  0.59595236263792217       0.36347816931629395     
  0.59960467362586922       0.36597171000199280     
           4
  0.58077115662765078       0.44964688814490145     
  0.56691331235880360       0.44932619168730364     
  0.56357251736505032       0.43007886637115472     
  0.58040230191727060       0.43745857389745807     
           8
  0.84821663635018452       0.40254923912335167     
  0.85153404555122825       0.40710261706221945     
  0.84711908838620242       0.40623929113433588     
  0.83286378093580848       0.40253850289793064     
  0.83331072340398482       0.39179104233105361     
  0.84092375696992283       0.39461645453128213     
  0.84435723524529371       0.39141957521398052     
  0.84775146878227359       0.39631473780519089     
