   110.00000000000000     
   100.00000000000000     
          40
           8
   6.0000000000000000     
   11.000000000000000     
   14.000000000000000     
   7.0000000000000000     
   12.000000000000000     
   16.000000000000000     
   6.0000000000000000     
   18.000000000000000     
   7.0000000000000000     
   20.000000000000000     
   7.0000000000000000     
   23.000000000000000     
   16.000000000000000     
   10.000000000000000     
   9.0000000000000000     
   18.000000000000000     
   8.0000000000000000     
   15.000000000000000     
   9.0000000000000000     
   23.000000000000000     
   7.0000000000000000     
   15.000000000000000     
   14.000000000000000     
   21.000000000000000     
   25.000000000000000     
   14.000000000000000     
   11.000000000000000     
   19.000000000000000     
   12.000000000000000     
   8.0000000000000000     
   25.000000000000000     
   17.000000000000000     
   22.000000000000000     
   11.000000000000000     
   16.000000000000000     
   16.000000000000000     
   8.0000000000000000     
   23.000000000000000     
   15.000000000000000     
   13.000000000000000     
           1
  0.33636363636363636       0.31818181818181818     
           8
  0.55894558958637064       0.72235926793970640     
  0.55233465856798269       0.72337942285340084     
  0.54098198574759337       0.71934214356639692     
  0.54332497803205682       0.71328261216214084     
  0.54311065349175847       0.70462740427927861     
  0.56040678419440704       0.70113523337626971     
  0.56486240272875143       0.69823135552291671     
  0.56864457644024213       0.70344395851864538     
           5
  0.17129400984341989       0.29735905268628954     
  0.16411402978541043       0.30744891486789860     
  0.15323660895564595       0.29903375582757619     
  0.15636602167382735       0.28627223936906232     
  0.17146462052364464       0.29001488249488117     
           7
   9.9836560092939855E-002   7.1909971631036768E-002
   9.1465566249353869E-002   7.3224333818951881E-002
   8.1139486948305944E-002   7.4357097732036428E-002
   8.1956387004292891E-002   6.2462507062197747E-002
   8.6449132493863129E-002   5.1095833688834656E-002
  0.10374037592259155        5.1707186193251958E-002
  0.10350319598284119        6.1392981901495010E-002
           4
  0.44956730255760657       0.24473357525135803     
  0.42360919248976309       0.24610283029871613     
  0.42263149913921805       0.22910654096816654     
  0.44606662244244516       0.22716735576064270     
           7
  0.88236071923859893       0.52799206380991581     
  0.88665425959793920       0.53209827775413132     
  0.87681779934486948       0.54033646503166122     
  0.86420386992156462       0.52561978255379782     
  0.86043031531463809       0.52152857633340488     
  0.86223284499077968       0.51627526468500118     
  0.86807053487374175       0.51347773140131658     
           4
  0.15015892447163390       0.89137483473835066     
  0.13327935998545981       0.88158859646876186     
  0.13538278280943591       0.87380216447336823     
  0.15752524397463188       0.87956234320480498     
           4
  0.94023005690136774       0.61699113121082572     
  0.93477056542846171       0.62286604357736675     
  0.91939216812865787       0.60247138407418055     
  0.92759345846331664       0.59500004134766005     
           8
  0.88958770906270068       0.61821594113658740     
  0.88163732058747812       0.61664196249647918     
  0.87865796226960557       0.62154565694526620     
  0.87019456034000064       0.62214816868614053     
  0.87576527621342271       0.61700313851973143     
  0.87450861236098310       0.59727015639554804     
  0.88770862790944249       0.60177964088631286     
  0.89473226937847372       0.60892115665908664     
           3
  0.18181818181818182       0.15454545454545454     
  0.18212996788157346       0.16260170635345966     
  0.18026252619415933       0.14055405745358840     
           5
   1.0131814395333301       0.70853017696388754     
   1.0063226418359963       0.71211197429203710     
  0.99989624490255857       0.70981479241781131     
  0.99592333251548470       0.68988290762522686     
   1.0106920704090305       0.69801235306138198     
           5
  0.24879400903955090       0.92389398384145960     
  0.23770854736284502       0.92618971498591673     
  0.22704883444507792       0.92579813452078097     
  0.22248294157288873       0.91519185476351816     
  0.23958568390635510       0.90994295919971646     
           7
  0.93794135577891324       0.67922326686439116     
  0.93003221385221169       0.68092853976141121     
  0.92457936032810117       0.68337554262333866     
  0.91357573806997816       0.68124340298042851     
  0.91939116115861141       0.67793158086655825     
  0.91548737283887638       0.66984874674735473     
  0.92441234470537270       0.66489790797195947     
           7
  0.90493171267860639       0.58409266852574826     
  0.89334553959405705       0.59408953514070817     
  0.88716052535259560       0.59524625676422893     
  0.88339549043970222       0.59060565452178437     
  0.88395695462714674       0.56904925162376885     
  0.89303984603938258       0.57343817518295370     
  0.89754500581059726       0.56948248231700649     
           4
  0.63217331280657585       0.75583226115633306     
  0.63788212127320498       0.74302316811076774     
  0.64973541970530335       0.73791733629591216     
  0.65939130731481732       0.74208047386689746     
           3
  0.92568632965432862       0.55639620008501556     
  0.91818181818181821       0.54545454545454541     
  0.93035711967296220       0.54763413904038960     
           8
  0.95490718155899179       0.63639730047173626     
  0.95788536795441215       0.64054508409555300     
  0.93200690862688684       0.62944933148778182     
  0.93446455750530089       0.62430859988307497     
  0.93168980387843625       0.61824588882775866     
  0.94761265470573586       0.61866577094635533     
  0.95396520180990740       0.61593195761771258     
  0.95838873442396966       0.61997161340007689     
           6
  0.63636363636363635       0.77272727272727271     
  0.63399681753874149       0.78080585403347524     
  0.62737017921466343       0.77656513075975975     
  0.62241600111020945       0.76584012342279750     
  0.62340764485331079       0.75856885190026468     
  0.62885265633764331       0.76806058012590694     
           8
  0.16275086983407147        8.6178995562982225E-002
  0.15608738144776879        9.5054808480049463E-002
  0.15251909495591484        9.1147365009379741E-002
  0.14537786762896859        9.1350867442950817E-002
  0.14192240283970031        8.6271183328704648E-002
  0.15255539730975376        6.8825493979881511E-002
  0.16515322752819001        7.1694648776191236E-002
  0.16761171736668595        8.0687933267884357E-002
           8
  0.52088334693188643       0.31602836923906424     
  0.50741182388686668       0.31922100769763762     
  0.49884407286726051       0.31965506615155187     
  0.50030778482678551       0.31199217933137552     
  0.49612985649218228       0.29611471168731496     
  0.50608654415757903       0.29618013247809838     
  0.51283433661003985       0.29555180184370677     
  0.51846071852551312       0.30605062115946757     
           3
  0.94808734227164237       0.63814742829466020     
  0.95454545454545459       0.62727272727272732     
  0.96666556897499512       0.62185869576241226     
           4
  0.19277379443153561        7.2904729848574518E-002
  0.17739906514740122        8.5410430975723844E-002
  0.17455024465074503        7.0668924606572064E-002
  0.18139661346141286        5.9430680174999320E-002
           3
  0.93636363636363640       0.57272727272727275     
  0.92409931824229485       0.56934009473257186     
  0.95059435424088956       0.56521963745200088     
           6
  0.95436138357011735       0.70200992371419113     
  0.94444569759490260       0.70110842035644094     
  0.94537321866723223       0.67980263408487118     
  0.95960284223288539       0.68265086972471389     
  0.96372308411950991       0.67767550419190448     
  0.96218088033012916       0.68853322808193995     
           4
  0.23897949421298362       0.32264738627584555     
  0.21555069097510549       0.31581599489462481     
  0.22480886223001503       0.30509142536024958     
  0.23668493511146016       0.30903204026172554     
           5
  0.26655015061739429       0.40052127665905740     
  0.24934300997058664       0.40477442225989663     
  0.24291091963565467       0.39303217765344384     
  0.24287242663568837       0.37853585922023775     
  0.26410337306904752       0.38714060161334884     
           7
  0.52975017655015610       0.33868954865993434     
  0.51930955260913980       0.34078512335312899     
  0.51321664804807510       0.33763839213166796     
  0.51703179017923484       0.32199164995832807     
  0.52108171777628420       0.31391114735476711     
  0.52960181037520360       0.31742541677976760     
  0.53840887642538127       0.31444205532055397     
           4
  0.50909090909090904       0.29090909090909089     
  0.50158182919025862       0.28942982621404334     
  0.51162842344018145       0.27691234058823350     
  0.51716058521618702       0.28499210587247914     
           5
  0.60282116048903067       0.79613867688675777     
  0.57995090046107467       0.80490194957253325     
  0.58167069220860890       0.78897525073037178     
  0.58763282528150040       0.77909196349866738     
  0.60450704000586986       0.78520869129955351     
           7
  0.65056755813622846       0.72937062059599067     
  0.65063481355064035       0.73856120025325789     
  0.63269886577250467       0.74039182744723020     
  0.62898159854352942       0.73363928445383686     
  0.62506943280489269       0.72849706448900797     
  0.63024647440731318       0.71890366887485191     
  0.63911336906453198       0.71528045050097233     
           5
  0.92136556950702964       0.59563137039471914     
  0.89843370837663938       0.60399214864826734     
  0.89686247641764671       0.58694108550727198     
  0.90327297075845270       0.58069520156571675     
  0.92147412493692482       0.58025184209597414     
           7
  0.93551245789598669       0.56068452308201533     
  0.93062605722502134       0.56792367002312760     
  0.92393969386773467       0.56606356906582667     
  0.91328986666196743       0.55933327781997555     
  0.91341083824766200       0.55139622895022400     
  0.91309887086571750       0.54029256897498945     
  0.91988448376426823       0.54285694377343563     
           5
  0.91348058311739544       0.66897648071109805     
  0.90015810122421924       0.67602960892867414     
  0.88634070322517367       0.67319359798631984     
  0.90000000000000002       0.66363636363636369     
  0.91416776142614808       0.66169486754822282     
           5
  0.23033349147911961       0.94389587822041754     
  0.21153914784725972       0.95015271296959503     
  0.20647240288512744       0.94488312463385271     
  0.22480577201249785       0.92423407056936580     
  0.23132770005676295       0.92223582339125365     
           3
  0.24028118480159158       0.98209259670676952     
  0.23636363636363636       0.97272727272727277     
  0.23884504237029863       0.96440090615925100     
           5
  0.18998757630838115       0.36181010717457268     
  0.18239316029207608       0.36348567028522671     
  0.18088584911721076       0.35707601306248504     
  0.18343023448728057       0.34356858162437542     
  0.20374556173600200       0.34353030690990888     
           6
  0.90909305546894836       0.64818291056725141     
  0.90479018168428649       0.65969768960803454     
  0.90010493833023975       0.65552637218084875     
  0.89135793472808877       0.63305206344178944     
  0.91295786440535731       0.63359478112700718     
  0.91370426196645571       0.64417986541043515     
           4
  0.18911338481891682       0.14580211968398954     
  0.17329519883656044       0.15085758416126396     
  0.18281287742768693       0.13198004787726819     
  0.19429919113435126       0.13977736205944080     
           7
  0.51334706168552879       0.28091286976479063     
  0.50691591967298144       0.28510907947653230     
  0.50092715710780045       0.27865017070772219     
  0.49845088997290277       0.25835365286589840     
  0.50982388918133459       0.25904079125515145     
  0.52318474703350304       0.26451687381826905     
  0.52172259564261136       0.26966025893181889     
           3
  0.45789845608268076       0.29427456986598222     
  0.46321479752858058       0.26855938797180134     
  0.47741929419225670       0.28031946299356070     
           8
  0.97691854997331551       0.64201459688961549     
  0.95881182969506540       0.64846968738907951     
  0.95069742747119457       0.65012259303781372     
  0.95184252928072421       0.63470295852010294     
  0.95580343402422185       0.62531025009110619     
  0.96868345007149037       0.62746014006936091     
  0.97377882024654205       0.62511804357739731     
  0.97509277289144880       0.63027248396931879     
