   105.00000000000000     
   100.00000000000000     
          49
           8
   14.000000000000000     
   3.0000000000000000     
   5.0000000000000000     
   9.0000000000000000     
   69.000000000000000     
   13.000000000000000     
   25.000000000000000     
   17.000000000000000     
   12.000000000000000     
   12.000000000000000     
   10.000000000000000     
   2.0000000000000000     
   23.000000000000000     
   15.000000000000000     
   16.000000000000000     
   26.000000000000000     
   12.000000000000000     
   12.000000000000000     
   26.000000000000000     
   10.000000000000000     
   22.000000000000000     
   4.0000000000000000     
   16.000000000000000     
   8.0000000000000000     
   23.000000000000000     
   2.0000000000000000     
   24.000000000000000     
   12.000000000000000     
   24.000000000000000     
   4.0000000000000000     
   19.000000000000000     
   21.000000000000000     
   7.0000000000000000     
   15.000000000000000     
   14.000000000000000     
   18.000000000000000     
   7.0000000000000000     
   20.000000000000000     
   18.000000000000000     
   2.0000000000000000     
   21.000000000000000     
   21.000000000000000     
   3.0000000000000000     
   5.0000000000000000     
   20.000000000000000     
   16.000000000000000     
   25.000000000000000     
   3.0000000000000000     
   10.000000000000000     
           1
   7.6190476190476197E-002  0.11428571428571428     
           8
  0.60949103423805173       0.74496110514239366     
  0.59499111313601538       0.74616258810659108     
  0.58887632916794730       0.74688601690389167     
  0.59163704462813360       0.74001422111787551     
  0.59317543331279265       0.71943542136546301     
  0.59623317685436783       0.72498233455976757     
  0.60695198144108742       0.71960521203501027     
  0.61207836115478620       0.72624599954856750     
           5
  0.19248185753187158        8.9300103150578500E-002
  0.18961801047902149       0.10421798502682680     
  0.16961123530522515        8.9201612510099698E-002
  0.17188289073631258        8.0783653513410575E-002
  0.17967001129344082        8.0557016137422791E-002
           6
  0.38633973672975896       0.47283240568581253     
  0.37062925355345550       0.47475319097096375     
  0.36244746208409295       0.47120531144529026     
  0.35634908470839821       0.47271979657870294     
  0.36782131463433737       0.45170292827522829     
  0.37408518921624589       0.45160406651620083     
           5
  0.82818249721489490        6.1230645658147426E-002
  0.80699445566985817        5.0498382130841235E-002
  0.80487612022697075        3.8972489134243601E-002
  0.83009682278671681        3.5068649745369829E-002
  0.83201498018209363        4.2757607689446538E-002
           7
  0.91175054030770841       0.61880873557084448     
  0.90263475223905332       0.62053939228679222     
  0.90655693618266830       0.61269593800531208     
  0.90501694480419792       0.60633826287236081     
  0.90699222308732352       0.59644183300409337     
  0.91761853460919851       0.59460950583872929     
  0.92546256610400301       0.60381935441354806     
           3
  0.33334745339372301       0.24357997218761535     
  0.31719023676595759       0.25267577808242819     
  0.31336086616134240       0.23180678009889785     
           8
  0.43369329450125671       0.14730869029347521     
  0.42849318155408855       0.15400413774931504     
  0.41947353647780189       0.15243332173678792     
  0.40935080066103274       0.15537274171097318     
  0.40880288103379692       0.14218946081801209     
  0.40770277057997495       0.13568836544454627     
  0.41622224116224671       0.13221523419080750     
  0.42971314545948497       0.12799838342837525     
           7
  0.56262624959613317       0.86720906351769600     
  0.55335782697120928       0.86985312206524179     
  0.54628152089376247       0.87149140855947238     
  0.54307614967409401       0.85935698479509282     
  0.54280106450504118       0.84912674786912890     
  0.56185793394848971       0.84644092803572557     
  0.56642973221018011       0.85013516422923863     
           6
  0.47850020708765251       0.20252871847401535     
  0.47108613067898336       0.20965490955932753     
  0.45357159642104483       0.19698976017955375     
  0.45862969266911330       0.18635901220693643     
  0.47200847177722993       0.19178539502499528     
  0.47820168050504835       0.19547520419972819     
           3
  0.42301170319623654       0.54914174370570201     
  0.39888517559775982       0.55144036902890348     
  0.40832322226089884       0.52792008540972779     
           3
  0.48743712347379803       0.27850011575552991     
  0.49623179472753748       0.25664796588289396     
  0.50531556434317448       0.26669225265581109     
           6
  0.46251961707097788       0.22090813786471641     
  0.44479334381172375       0.22395463524955947     
  0.43529682746178983       0.21184053648168424     
  0.43394953245088214       0.20577722004255913     
  0.44621498016870403       0.19635176061037857     
  0.45853429197321122       0.20625537178687478     
           3
  0.38095238095238093       0.47619047619047616     
  0.37338258988193296       0.46301325398093063     
  0.38393268947059067       0.46340815975329136     
           4
  0.41919934550997928       0.33818430584020281     
  0.40625710546707361       0.33754888047951631     
  0.42261859690019099       0.30949270478413948     
  0.43391686343090119       0.32807200211504867     
           3
  -7.3103458872123142E-003  0.67581298143664426     
  -8.9396271052852774E-003  0.66573569904235430     
   0.0000000000000000       0.66666666666666663     
           3
  0.52784793897353754       0.29411427182168420     
  0.52178466635106935       0.27462425180590422     
  0.54359571447811816       0.27740505063080317     
           5
  0.58147740156833527       0.94083190337111844     
  0.56111149619704181       0.93891421854123203     
  0.55714602142481329       0.92183032283814637     
  0.56392450003717942       0.92488859028752202     
  0.57931705565369329       0.92589761811761517     
           7
  0.99594374608584180        9.8621162538507189E-003
  0.99076488622318637        7.1520995394446099E-003
  0.96650214285265690        1.1360091327829652E-002
  0.97151993099145029       -4.6179473384227697E-003
  0.98433252457417963       -1.3864749331058189E-002
  0.99423002244500780       -1.4115752438666097E-002
  0.99272012549885136       -3.4843777740449270E-003
           3
   1.0083559063086625       0.66371421923846308     
   1.0000000000000000       0.66666666666666663     
  0.99979931978861003       0.65438987684278593     
           3
  0.43921434129200004       0.24032472929001894     
  0.41849593403108454       0.24070568408065221     
  0.42087796125948013       0.22372573992498898     
           4
  0.61696423990811955       0.78905040717180575     
  0.60296960425705992       0.78954417716432435     
  0.60863248220308697       0.77016138451744265     
  0.62359273784523550       0.77652484546922984     
           4
  0.42700741254883123       0.47578008359773777     
  0.40519527667327360       0.48526800021743599     
  0.40635812218050404       0.47688947612664406     
  0.42691934367175544       0.46203068889359966     
           6
  0.42201314844928500       0.51854151825576700     
  0.40643349926414457       0.51975285955521844     
  0.40963601309718489       0.51441369089067501     
  0.41343750596554213       0.49444864042720854     
  0.42191510293198131       0.48986725439812062     
  0.43017172629480760       0.49854407748097190     
           7
  0.57432606907688455       0.27045436602338979     
  0.56397042506611361       0.26937036223123384     
  0.54840335611264746       0.26816412486100749     
  0.55197248112604969       0.25325712899133307     
  0.55633814019786121       0.24457702424004288     
  0.56778066819199458       0.24371836681160153     
  0.57624398528148157       0.24353912589920959     
           7
  0.52770288662192066       0.16152173599507338     
  0.52040652228220552       0.16125186894885138     
  0.51170320417737303       0.16040065629762798     
  0.50641694699978557       0.15514374077365239     
  0.52240676628640159       0.14324724827085117     
  0.52813440133919820       0.14296948699947512     
  0.52351055719714545       0.15050477386727490     
           5
  0.88711581365466330       0.11837584403310440     
  0.87718895138254982       0.11390742884039110     
  0.86453501727445536       0.10129961345665212     
  0.87672776934578023        9.2098608605407709E-002
  0.88953775464242135       0.10011535159095697     
           7
  0.44790947822113503       0.21528311395374666     
  0.43801600917810390       0.22214561658247853     
  0.43007924623023380       0.21247397253769287     
  0.43010232607100818       0.20322029622372484     
  0.44982053444439629       0.19527418604483252     
  0.45072613324070110       0.20152184908962201     
  0.45332404751365907       0.20799591638586767     
           8
  0.94494682684454834       0.70557327112065282     
  0.94197513004133082       0.71034017182496745     
  0.94487309482030502       0.71892982955012597     
  0.91816892267663686       0.71937215120482823     
  0.92278908569313700       0.71106919643614608     
  0.92818649474678816       0.69032440581459364     
  0.93309639490944873       0.69410343016989806     
  0.94444267274534466       0.69474510870812634     
           5
  0.99320253186900920       0.69415004385422707     
  0.96762511746402724       0.69069680812262368     
  0.97128366853277570       0.68179879751698069     
  0.96609185562698108       0.67524051718101841     
  0.98978453413310274       0.68281080355671098     
           4
  0.41904761904761906       0.27619047619047621     
  0.40642539218677581       0.27712780017325439     
  0.40859142133521692       0.26537817736305985     
  0.42253354071703042       0.26820810446224208     
           3
  0.37450491157655535       0.29830933005680660     
  0.37142857142857144       0.28571428571428570     
  0.38580516855003832       0.28924098980828356     
           6
  0.93425473987108221       0.68573722417563643     
  0.92078552964171123       0.68796021800828944     
  0.91011664289689742       0.67689237976260730     
  0.91516759661732372       0.66841918823382207     
  0.93869601588005236       0.66482978773104739     
  0.93201983837821267       0.67031802554211461     
           5
  0.47272214320252776       0.22018703401053119     
  0.45555532426277273       0.21642685273825019     
  0.45330003174966360       0.19435132788158155     
  0.46578625511370181       0.19889109400466157     
  0.47422046060125222       0.19824123344550978     
           3
  0.20368232675298478       0.13533049351310344     
  0.20074380712574272       0.11724660284065942     
  0.21958415270357967       0.11095422481209605     
           8
  0.42923992913520576       0.55785713959337990     
  0.43313931155917507       0.56394510483680049     
  0.41252284557160407       0.56682478136828285     
  0.40846690970354466       0.55688647960555160     
  0.40419119716636875       0.54977276040527101     
  0.41193052254254908       0.54056563725496687     
  0.42217162134747321       0.54117015815845948     
  0.42865552218272851       0.54244147599669312     
           5
  0.48942003787882543       0.24076584021082306     
  0.48627580345732452       0.24799093041313061     
  0.46557286111476504       0.23333622633024256     
  0.47974149568384339       0.22439382686194390     
  0.49079158822613966       0.22678153079431859     
           5
  0.45234315213970783       0.20983605783355838     
  0.42979626470209881       0.21275834215172243     
  0.42805150249380319       0.18647384886468296     
  0.44393869961329713       0.19118535753288929     
  0.45026294539687639       0.19757862941752943     
           5
  0.43220640415946232       0.48078883759543950     
  0.41501650024327930       0.48619601770668558     
  0.41093104830855148       0.46898925755102655     
  0.40900924324761456       0.46109499380135033     
  0.41965937030331502       0.46237378343233171     
           8
  0.50032015962472642       0.63618954138930939     
  0.49909364568393744       0.64376036476089471     
  0.49238587516321153       0.63762331288324126     
  0.48035442156694824       0.63877287589728649     
  0.47664951695639640       0.63236952519994105     
  0.48614813542467367       0.61871291770129666     
  0.49965922581392330       0.61770816442793408     
  0.49600248976483180       0.62656070577735135     
           4
  0.28011812826836385       0.11926659500626155     
  0.27873531796491585       0.12730784947072005     
  0.25812034959653651       0.12480750712528986     
  0.27194626034709818        9.9200760555563011E-002
           5
  0.48517766688699338       0.56792391404790499     
  0.46191837951803072       0.57333836762462131     
  0.47251090963507614       0.55365105285384608     
  0.48158465848085208       0.54802878373024155     
  0.48594400230626644       0.55541035130921557     
           6
  0.57706474479883962       0.88421906379208637     
  0.56671465986993097       0.88491503496666679     
  0.57289631057453894       0.87765217583035449     
  0.56719904671030430       0.86901992453047550     
  0.58513251827063117       0.86559774529132971     
  0.58095238095238100       0.87619047619047619     
           8
  0.50234231374155147       0.24732353962042608     
  0.50703965494813785       0.25303323111202353     
  0.49502441641708800       0.25175485348565318     
  0.48890764489416305       0.24962395243561206     
  0.47997890484188271       0.24836864332597094     
  0.48535167032647536       0.24114645237796090     
  0.49403968084035749       0.22912702097694809     
  0.50260285314621111       0.22693664681021555     
           3
  0.20000000000000001       0.15238095238095239     
  0.18945672662601615       0.14451223165733487     
  0.21369566975587159       0.13745015506768471     
           8
  0.49667354526606883       0.58423525845277458     
  0.48657857198189269       0.59552199424610153     
  0.48563847608972655       0.58994122905662583     
  0.47748063067945817       0.59169820451786770     
  0.47618758340705547       0.58086149018932121     
  0.47572338373988371       0.56943636504745920     
  0.48946338823568764       0.56642741707232436     
  0.49415328971535250       0.56929963672010342     
           7
  0.44985114460445297       0.49712154820558263     
  0.44060431229581237       0.49602799694881783     
  0.42498887604104907       0.47622564709343534     
  0.43707669171445557       0.47528787105140946     
  0.44370221518342173       0.47387143241690738     
  0.45249255986948977       0.47095417358477165     
  0.44637097855798863       0.47963666982928149     
           4
  0.88098567295251284       0.13702320183169325     
  0.85576841954610905       0.13779595218025800     
  0.86019315641731864       0.11386976907568344     
  0.87902815575128168       0.10937458415331172     
           8
  0.24596403748805890       0.12158638305511486     
  0.25269195946003009       0.13035332506553968     
  0.24073147278665916       0.13277428050571866     
  0.22292110401022180       0.12775063363887926     
  0.22364180758217439       0.11206522876969263     
  0.23367220239781522       0.11522633903435565     
  0.23873062424063290       0.11006786201188233     
  0.24380043226854450       0.11297397007387196     
           6
  0.51909352710096490       0.22092196149361498     
  0.50775096632597094       0.22165191626982542     
  0.49110377616294015       0.21384826081434039     
  0.48982127109284229       0.19689131283524386     
  0.49598553581743693       0.20292733392976761     
  0.51403419105489756       0.21071542449947836     
