   104.00000000000000     
   100.00000000000000     
          56
           8
   2.0000000000000000     
   1.0000000000000000     
   3.0000000000000000     
   9.0000000000000000     
   13.000000000000000     
   21.000000000000000     
   6.0000000000000000     
   22.000000000000000     
   10.000000000000000     
   23.000000000000000     
   2.0000000000000000     
   15.000000000000000     
   10.000000000000000     
   23.000000000000000     
   8.0000000000000000     
   5.0000000000000000     
   14.000000000000000     
   6.0000000000000000     
   15.000000000000000     
   18.000000000000000     
   15.000000000000000     
   10.000000000000000     
   17.000000000000000     
   1.0000000000000000     
   1.0000000000000000     
   18.000000000000000     
   7.0000000000000000     
   12.000000000000000     
   9.0000000000000000     
   26.000000000000000     
   60.000000000000000     
   12.000000000000000     
   17.000000000000000     
   9.0000000000000000     
   7.0000000000000000     
   13.000000000000000     
   24.000000000000000     
   10.000000000000000     
   17.000000000000000     
   24.000000000000000     
   25.000000000000000     
   1.0000000000000000     
   20.000000000000000     
   14.000000000000000     
   6.0000000000000000     
   9.0000000000000000     
   11.000000000000000     
   2.0000000000000000     
   11.000000000000000     
   17.000000000000000     
   3.0000000000000000     
   1.0000000000000000     
   8.0000000000000000     
   12.000000000000000     
   9.0000000000000000     
   13.000000000000000     
           1
  0.10576923076923077       0.79807692307692313     
           8
  0.36859960837067446       0.59222303570083001     
  0.36732870997050621       0.60029792168305263     
  0.35949926008693056       0.59955348860051716     
  0.34742953224959000       0.60068935293050330     
  0.35046285149587375       0.59605790596033303     
  0.34337667394914156       0.58918987922611321     
  0.34487438893172795       0.57860313921994366     
  0.35498602259152950       0.57273666196738715     
           4
  0.75253941811076153       0.78095879587087291     
  0.72727619048393244       0.78300716403171799     
  0.72672002498034405       0.77049341979496244     
  0.73839837023851362       0.76617956198765502     
           5
  0.34429435329510255       0.20690231354971816     
  0.33014350366020401       0.21346378917356354     
  0.32663261826871592       0.19303521189987988     
  0.34158813036516128       0.18869982944108557     
  0.35129652879894585       0.19754001327611229     
           8
   2.0998842678817596E-002  0.89585275995730629     
   2.1600846596614293E-002  0.90344383855680432     
  -1.2009216523963442E-003  0.90369022658967246     
  -3.9087330167843354E-003  0.88980408046431791     
  -5.0826158254404542E-004  0.88428146631368798     
   4.9850037613332976E-003  0.88342749420537603     
   1.0817895640609115E-002  0.88425604831535720     
   2.1278960154627619E-002  0.88978750501583714     
           6
  0.21135657017356110       0.38446898555383202     
  0.21684655315246684       0.39047461682696860     
  0.19465879473707598       0.38300342059131548     
  0.18680816056225569       0.36735931758421697     
  0.19316531165637246       0.37167626835457068     
  0.21045160438047303       0.37115520856644302     
           3
  0.60639185463481249        8.0313534062345870E-002
  0.59566344385145342        7.8400909329911825E-002
  0.60576923076923073        6.7307692307692304E-002
           7
  0.94472033279917089       0.92473047853199764     
  0.93661041254421162       0.92412018448542976     
  0.91862419357609781       0.91496688261495829     
  0.91832110087411623       0.90704538004520696     
  0.92906028955851239       0.90402325313130238     
  0.94048044573689771       0.90216733351567224     
  0.94337058185003109       0.91008311458758251     
           7
   4.2209508812121856E-002   6.7940826211031619E-002
   3.1813896967741173E-002   7.7011937581741366E-002
   2.1877440332740805E-002   8.0828876367404462E-002
   1.4981473572387338E-002   7.6478496164447934E-002
   1.3439693130695070E-002   5.9759646756299391E-002
   2.7162612590136123E-002   5.6027841457157959E-002
   4.3664674634127112E-002   5.5532926095591885E-002
           5
   6.1208252120457288E-002   3.7477231318852257E-002
   5.3773778455831589E-002   3.8282784019993896E-002
   3.8194385703260128E-002   3.9502615530783665E-002
   3.8278296662813710E-002   2.3188949191845807E-002
   6.2218311662414497E-002   1.8338613239890448E-002
           3
  0.34792575521243030       0.21938452261994476     
  0.34615384615384615       0.21153846153846154     
  0.35630036908441981       0.20280601304873103     
           6
  0.62993719167967854       0.11155756837433252     
  0.61271354423088253       0.11051047540534761     
  0.60449059560779095       0.10203489765628398     
  0.60383876478750964        9.4358273695089992E-002
  0.61538461538461542        9.6153846153846159E-002
  0.62490088378964936       0.10123284639958077     
           4
   7.0523215778000248E-002   9.1523499855980434E-002
   5.5026513248775923E-002   8.6925907335467067E-002
   4.9022543138114702E-002   6.3995845443039670E-002
   6.7881877181946146E-002   7.8371564856959772E-002
           5
  0.23891101591519795       0.39355526818615350     
  0.22465290911808489       0.39620865078059853     
  0.22294161828569525       0.38373899203348405     
  0.23248809202391921       0.36925536604631026     
  0.24003235013531415       0.38382082215690988     
           8
  0.84003601909053605       0.79819594703560637     
  0.83063103962394824       0.80276080524230253     
  0.82127725732464740       0.79942809361410760     
  0.81821017598290524       0.79485680534563108     
  0.81396764047083481       0.78980747604796153     
  0.81793051370714753       0.77755945183792285     
  0.82812202030344928       0.78055172197532086     
  0.83950557890308031       0.78386341082741662     
           6
  0.65707585259689294       0.14313977545674636     
  0.65001808513677994       0.14856273858964106     
  0.64573110292111824       0.14081339953947108     
  0.63841621205768873       0.13559196952885180     
  0.64001704923280056       0.12144319844830409     
  0.66680158592094618       0.13319590274350687     
           3
  0.26923076923076922       0.44230769230769229     
  0.25518626403928091       0.43743720977393274     
  0.28347909570300694       0.43034218193663909     
           4
  0.10573514264471275        8.9468665226015681E-002
   8.8304960490857787E-002   9.0666226030918035E-002
   8.5322120663047354E-002   7.5336898856840848E-002
   9.1410662683160532E-002   6.2048723623032202E-002
           8
   8.7057764103507018E-002  0.14405157356866627     
   8.0256495663009270E-002  0.14962491297756941     
   7.3694619876148296E-002  0.14696033722757251     
   6.6822921098561819E-002  0.14731091890608433     
   6.6424859845018308E-002  0.12492391243802105     
   7.3444096945799370E-002  0.12319747033254286     
   8.1057570348077271E-002  0.12256440259269467     
   8.7574834161378623E-002  0.11975127623372682     
           6
  0.10598047746423629       0.10729203416844832     
   8.2266986113111326E-002  0.10470717532762394     
   8.8291373664675141E-002   9.8635297716407930E-002
   8.3856323161468516E-002   8.3354708257380311E-002
  0.10027183820146557        8.5882616054951177E-002
  0.10892649231544910        9.2953938526344662E-002
           5
   1.0085107282255257        1.0071350758157407     
  0.99090371393543542        1.0135778729441285     
  0.99134604301859031        1.0046453984538124     
  0.99053159303383609       0.99298618138926498     
   1.0020181067652629       0.98992804947984703     
           8
  0.37690652681870013       0.23339034232918213     
  0.37197267169406367       0.23926568318747934     
  0.36532063709586421       0.24094659601619592     
  0.35120214806882627       0.23315600482231993     
  0.35592387016319094       0.22847373307663157     
  0.35702324356583104       0.22180169647978545     
  0.37988578119513350       0.21947214393912437     
  0.37880848681467860       0.22506843764828294     
           8
  0.78436370224050367       0.78877650937844646     
  0.75841438064571998       0.79653748949119951     
  0.75817591881264712       0.78940655013903771     
  0.75635798581468738       0.78336504696441311     
  0.75607326898426186       0.77415526034190929     
  0.76687570570854968       0.77969564508666522     
  0.78468200661045384       0.77324211393090025     
  0.77697471731499534       0.77878240718795522     
           6
  0.21630560733326226       0.45674583003872471     
  0.21318308045889670       0.45069614685272741     
  0.19669175778568457       0.44560873251770616     
  0.20651695918095456       0.43271432335235288     
  0.22152821029274747       0.43478989995544032     
  0.22638889332315229       0.43963740052519124     
           5
  0.26367395848325542       0.39535167101592528     
  0.24245165077009498       0.39432998065049779     
  0.23895066020309569       0.38513793991249784     
  0.24690090485800700       0.36921181668759373     
  0.26022551354149004       0.36991243742940261     
           7
   5.3962471830367655E-002  0.10983286221006930     
   4.2927547412653748E-002  0.10452943596844164     
   2.9663553497414296E-002   9.9147086023950989E-002
   2.3605705059386129E-002  0.10107864795950311     
   2.4647902143848308E-002   9.4852059360460095E-002
   3.8285710024714377E-002   8.7255116507647709E-002
   4.2505455856624408E-002   8.1436160104290070E-002
           6
   9.2318080130007876E-002  0.12401582807425829     
   8.2759761991106337E-002  0.12550954625019192     
   8.1403032241721920E-002  0.11762210951217758     
   8.2736753318128936E-002  0.11096064827256352     
   9.8430350795922425E-002  0.10636397834088729     
  0.10962542738734322       0.10520043960959508     
           3
  0.26491581734409242       0.43388127762666645     
  0.24079478353754619       0.43563778673540121     
  0.25131129440736083       0.41164831768721666     
           6
   4.2076932722443866E-002  0.10531312890016445     
   2.6067783852986540E-002  0.10968718887845988     
   3.0507082172747918E-002  0.10332136398489328     
   2.9221628462072390E-002   8.3857236377690353E-002
   4.1010825605357418E-002   8.1841667936786863E-002
   5.1570198282515030E-002   9.5941168853975009E-002
           7
   4.8192340066206651E-002  0.95552011418631877     
   3.8050688201402866E-002  0.95308111163806397     
   3.2072199444485812E-002  0.95524513764054186     
   2.7258625359222338E-002  0.93581562909488580     
   3.0636990880969803E-002  0.93091681243105762     
   3.6565569306128760E-002  0.92726504526617648     
   5.1920766068182599E-002  0.94158820012189093     
           8
  0.75074450977397189       0.80313556438346934     
  0.74312913737007957       0.80286526771881472     
  0.74478401649618131       0.79761805076964454     
  0.74076832385028846       0.79049861859175097     
  0.73522466458236391       0.78173711393397527     
  0.74868183689371437       0.77748741572199442     
  0.75863504619038857       0.77611406012285433     
  0.75973932284278067       0.78982463064897090     
           3
  0.63057120193780769        7.9611636581017539E-002
  0.61276682580137887        8.7401545350297247E-002
  0.60329209772910053        6.7188349707335268E-002
           8
  0.95665493990344419       0.94921225117761943     
  0.95422140807419453       0.95519520415885728     
  0.94491924004522343       0.95097517353808203     
  0.93089190104496788       0.95549845173283632     
  0.92970594716264476       0.93361752985211666     
  0.93599989322403210       0.93009479034073672     
  0.94787228386688971       0.93072036138918934     
  0.95736421015388795       0.92985239453652602     
           3
  0.23988678882739783       0.38741122263584676     
  0.23076923076923078       0.38461538461538464     
  0.22718114266097245       0.36919330097777292     
           7
  0.10704083316043253        7.6894906458319048E-002
   8.1021823845853602E-002   9.1914297693713565E-002
   8.2239142412623256E-002   8.2704667936151680E-002
   8.7890194666255125E-002   6.6643895337099510E-002
  0.10272420572364399        6.7108827601256221E-002
  0.10823951330688500        6.4560903724453292E-002
  0.10893002501156625        7.1070881477474659E-002
           7
   9.2325773643699094E-002  0.92938984638001820     
   7.1651834819042109E-002  0.93389681343693121     
   6.5675173678782034E-002  0.93576443686400956     
   6.8446095815406408E-002  0.92489288143443360     
   8.0764334214717154E-002  0.91369800865768092     
   8.8647192567356967E-002  0.91269706514664584     
   9.0961537685887522E-002  0.91939818752490965     
           7
   8.7668458832988988E-002   8.4951037822901365E-002
   6.4621355071256756E-002   8.6593175564491365E-002
   6.2321778739349409E-002   8.0005804126676475E-002
   6.2254713936556544E-002   6.9321269848188372E-002
   6.5335977619372182E-002   6.4149918703102923E-002
   7.5178645222616372E-002   6.5691665394715174E-002
   8.7553188474624039E-002   7.0417780010727418E-002
           4
  0.81373262494144682       0.87893793284208588     
  0.80671123553293089       0.87550369457553390     
  0.79498580228441929       0.86373859194220393     
  0.80603654405189740       0.85576581410485220     
           7
   8.8585484770205877E-002   8.3867567076710392E-002
   8.8956869625451476E-002   9.2088527564471750E-002
   6.3403549720598598E-002   8.7621428508059748E-002
   6.5525080025394963E-002   7.9052172321212047E-002
   6.3569913526492300E-002   6.1500742781020121E-002
   7.1447735318730249E-002   6.8889795784353558E-002
   8.1708752103918342E-002   6.1639892815711438E-002
           3
  0.81740801956228126       0.84219812470335143     
  0.81834657643309239       0.83082718612080697     
  0.84230278156414995       0.81896598799806974     
           4
   6.2254526871549122E-002  0.91654294984395301     
   5.1221751642178952E-002  0.91634777636608955     
   4.5944918022976608E-002  0.89521736900883353     
   5.8331946797207705E-002  0.89269556552772644     
           4
  0.10900482525471618       0.10694310815015240     
   9.4993908044040606E-002  0.10834900224910249     
   8.1422697346116638E-002   8.7758036819195764E-002
  0.10657763137855616        9.5395415791635504E-002
           5
  0.76314772162033018       0.80105480365544535     
  0.75836614181664153       0.79212953813600950     
  0.76150769117192685       0.77674534511617765     
  0.78056525150894762       0.77328955538003918     
  0.77741588355842250       0.78131924112350748     
           3
  0.99257162170180679       0.92571729489916676     
  0.98076923076923073       0.92307692307692313     
  0.98377251006782573       0.90977458072991713     
           8
  0.35956723567843935       0.25420875602085491     
  0.35426577439333218       0.25334534801404607     
  0.34709941832529312       0.26349576577254885     
  0.33960755865007958       0.26122246613805589     
  0.33420768158283620       0.24998226142936125     
  0.34170808347984477       0.24075890412641271     
  0.35126989546688947       0.23595998023313949     
  0.35540003396983411       0.24375527665319141     
           4
  0.40819403224861173       0.28459874552407144     
  0.41063654492072221       0.27449103985657464     
  0.41393836000421985       0.25454839243695110     
  0.43701398591958929       0.26708075493351396     
           8
  0.22140009839719427       0.45253417245609556     
  0.20795575014866449       0.45522580439027166     
  0.20314498513296284       0.45199517224031988     
  0.19798858676081618       0.43916483973203496     
  0.20161598729218300       0.43302140626116414     
  0.21787629680531137       0.43211510525310010     
  0.22698620956134868       0.43046895954148040     
  0.22614167775622959       0.44044823500554470     
           4
  0.97029322114011207       0.97637231959322501     
  0.95943189243247429       0.97345535402944094     
  0.94850157200476604       0.95848131123276692     
  0.96579087021898402       0.94644721238876461     
           7
  0.28345813569021450       0.41176357722617823     
  0.27473776163542024       0.41661081581039139     
  0.26708378946574129       0.41887052588923446     
  0.25784971884470725       0.41167686847597279     
  0.25675140151485365       0.40508516466588274     
  0.25607334215998084       0.39076974003709836     
  0.28417854899820938       0.39360615447118236     
           3
  0.29057497955586725       0.39515656050355125     
  0.27894173672331879       0.38217799248813367     
  0.29972864879242156       0.38460984533394144     
           3
  0.75796272699193767       0.81547790224883854     
  0.73516189411260324       0.80043189269936599     
  0.75798370270277760       0.79585880558195143     
           8
  0.10640953974764131        3.4784238695984647E-002
  0.10719644755861729        4.8739477011801834E-002
   9.9601414090948456E-002   4.9160968431619982E-002
   8.4512249106992537E-002   4.0139483022610223E-002
   8.3136572998499136E-002   2.3952146034883420E-002
   9.1420218880402235E-002   2.9132413555411053E-002
   9.4189660995866467E-002   2.4399298216765865E-002
  0.11094102894549783        2.7212715473406784E-002
           5
  0.76288390184902377       0.81357739477716418     
  0.75970502763469749       0.82190579648566375     
  0.75104890688694115       0.82119791592400937     
  0.74176757952516492       0.79508911009516414     
  0.75837849198932028       0.79426701839620573     
           6
   7.1841935600929899E-002   8.0841217258055986E-002
   6.4653129707515800E-002   8.5835288692032316E-002
   5.7692307692307696E-002   7.6923076923076927E-002
   5.5344497823359318E-002   6.6016711159019692E-002
   7.1270839954430731E-002   6.5501806955128250E-002
   7.3166441880134492E-002   7.4372438084749692E-002
           5
  0.11113775960612930       0.91165503676663329     
   8.4332862868102959E-002  0.89885568714952757     
   9.0495383114012617E-002  0.88839332369789770     
   9.7653521203644150E-002  0.89518912149159846     
  0.11013861911766198       0.89721809674381614     
           3
  0.37611474234763115       0.64192924994202738     
  0.37260063160671109       0.62931853622309886     
  0.39343355629935700       0.62975565972106085     
           8
  0.10412918943693095       0.15658166360579112     
  0.10051319624487162       0.16836931444085254     
   8.4123695772334917E-002  0.16888406173647721     
   8.3143387019790793E-002  0.16082055008000506     
   8.5102704821861469E-002  0.15510346477666861     
   8.2566723101102704E-002  0.14493465628617663     
   8.2365228292461110E-002  0.13884538196009086     
  0.10955392821107057       0.15148839590644153     
