   104.00000000000000     
   100.00000000000000     
          55
           8
   10.000000000000000     
   15.000000000000000     
   7.0000000000000000     
   25.000000000000000     
   16.000000000000000     
   8.0000000000000000     
   15.000000000000000     
   23.000000000000000     
   8.0000000000000000     
   2.0000000000000000     
   14.000000000000000     
   7.0000000000000000     
   15.000000000000000     
   14.000000000000000     
   7.0000000000000000     
   14.000000000000000     
   11.000000000000000     
   7.0000000000000000     
   6.0000000000000000     
   1.0000000000000000     
   22.000000000000000     
   26.000000000000000     
   5.0000000000000000     
   18.000000000000000     
   18.000000000000000     
   4.0000000000000000     
   10.000000000000000     
   3.0000000000000000     
   2.0000000000000000     
   12.000000000000000     
   6.0000000000000000     
   15.000000000000000     
   12.000000000000000     
   5.0000000000000000     
   7.0000000000000000     
   12.000000000000000     
   24.000000000000000     
   6.0000000000000000     
   12.000000000000000     
   5.0000000000000000     
   18.000000000000000     
   3.0000000000000000     
   7.0000000000000000     
   15.000000000000000     
   23.000000000000000     
   20.000000000000000     
   5.0000000000000000     
   24.000000000000000     
   6.0000000000000000     
   19.000000000000000     
   5.0000000000000000     
   10.000000000000000     
   3.0000000000000000     
   4.0000000000000000     
   5.0000000000000000     
           1
  0.83653846153846156       0.43269230769230771     
           8
  0.90354963851739101       0.40543104080070225     
  0.89685270939574779       0.40603179042530457     
  0.88790819759031459       0.40570297635851588     
  0.88225007013248402       0.40851743422557663     
  0.88548110340196395       0.39550469953007089     
  0.88525420669057020       0.38601017680000754     
  0.89905870218725248       0.38618519440131255     
  0.90722440611711719       0.38978443538159396     
           8
  0.73455174595153139       0.92121035621131009     
  0.72548268580638042       0.92124917714427601     
  0.71979995400474572       0.92337113473720378     
  0.71448562174217867       0.92469355482203153     
  0.70681502365610727       0.92670800879251292     
  0.71486154215764519       0.90285713479423590     
  0.73180637957275640       0.89914850302429783     
  0.73120166800102082       0.90913851573528748     
           6
  0.85604884587636076       0.53973725384971394     
  0.84822033448698941       0.54162735809207663     
  0.84241775752982340       0.53469921601320047     
  0.84188752268509159       0.52843341092317442     
  0.84849078873786921       0.51650413574526888     
  0.87015797528778116       0.52897370137266075     
           4
  0.86439077345394733       0.18068040235249030     
  0.84146711626485315       0.19364096338471207     
  0.85529290630565380       0.16836872837391198     
  0.85957428140498682       0.17459696997418192     
           7
  0.21042268660000479        9.9362024500192991E-002
  0.20410799728264975        9.5872170725661329E-002
  0.19748292796323383        9.5210548691881475E-002
  0.18773089461171147        8.7370307999566438E-002
  0.19683782620170265        7.5099751002358300E-002
  0.21360392317400173        7.5081640903577648E-002
  0.21047241546215681        8.0001548174987738E-002
           6
  0.79279495645318954       0.30560142208397223     
  0.78032927543744091       0.30749890629066046     
  0.76634768514279650       0.30918471292154037     
  0.76885267764551857       0.30165768997140624     
  0.77746627256463219       0.28401987678973545     
  0.79332234648610789       0.29354252545707360     
           5
  0.76518821056700337       0.24882222683877353     
  0.75074863288223681       0.24949513031073489     
  0.75145700559284423       0.24194290315868602     
  0.75637225721832524       0.22705966352211199     
  0.76889247193428878       0.22758051545177624     
           6
  0.29637999705992901       0.17903900189298433     
  0.28550040519303910       0.18113922088064133     
  0.27378000990544260       0.17663250474634648     
  0.27484444486504878       0.16734425891923072     
  0.29528780961711776       0.16421201896442808     
  0.29679713130463703       0.17165825000055857     
           7
   6.1900918945936564E-002   5.1626156782390978E-002
   4.7561631056026135E-002   5.7050767805873419E-002
   3.5589006328809673E-002   5.9603122117048761E-002
   3.9253191077544033E-002   4.3018842666742559E-002
   4.3746084701374872E-002   3.6184823289341181E-002
   5.3127603267342401E-002   3.8761704210618787E-002
   6.0440715345961044E-002   4.4042211011913412E-002
           8
  0.30694617382138539       0.20532542088691674     
  0.31104009120829534       0.21617328596516905     
  0.28933950804382386       0.20267977763378628     
  0.29270403132188272       0.19214178432940687     
  0.30063618451625340       0.19236452125102896     
  0.30659604506645061       0.18883347256918506     
  0.30736309614872537       0.19438297379040348     
  0.31144082980733612       0.19862337122759235     
           6
  0.80769230769230771       0.94230769230769229     
  0.79980993392535160       0.95306239293934403     
  0.79390871868150570       0.93965139079656956     
  0.80019669177277308       0.93644238918882816     
  0.81138292128783551       0.92759229752166816     
  0.80809539456651991       0.93473720102361668     
           8
  0.10538998769501816        8.3656501000822489E-002
  0.11042743453020211        8.7832671066430335E-002
  0.10225338737524818        9.1449098170388723E-002
   9.6098418748716455E-002   8.8972305795930906E-002
   8.3613161665275895E-002   8.6223375050238554E-002
   8.6898209105804869E-002   6.6897249798501229E-002
   9.9207963565892038E-002   6.8778632995106059E-002
  0.10949813203832991        6.8224368440019084E-002
           7
  0.87593129826837157       0.56312040424284615     
  0.85820572057910682       0.56710969033693603     
  0.85089302828444846       0.56888449255424822     
  0.85148002037577752       0.55596367696562243     
  0.85608164517191199       0.54831534374239521     
  0.86918245263218752       0.54631375649151948     
  0.87646074513421635       0.55614264817907455     
           4
  0.23996154836718078       0.16123182497938612     
  0.21752322911833041       0.16307717815892256     
  0.21705166341773593       0.14026996391305910     
  0.23427927736532805       0.14161039407683287     
           6
  0.78076879995548154       0.25626276569601381     
  0.76800137972314264       0.25877391088783291     
  0.75519379471638504       0.26446085235184219     
  0.76017764752149775       0.25252367195443326     
  0.75677340162150197       0.24418066785913684     
  0.78365423890850372       0.24399228930237921     
           7
  0.92619551263726241       0.41771529075098990     
  0.91567489062507601       0.40797151927948522     
  0.91052216933758001       0.41258895768659004     
  0.90988388739359838       0.38914663182615872     
  0.91968141834533745       0.39497572814170645     
  0.93168720967170293       0.38958144752890611     
  0.93720929283902343       0.40033853271575953     
           5
  0.27708396873183766       0.17328721916574807     
  0.28041797761160259       0.18067864150204399     
  0.25958983357581039       0.17470850442189720     
  0.25523097397288824       0.16367242998573445     
  0.26733154598403969       0.15890239526877337     
           5
  0.35582797295700369       0.23532814489249837     
  0.34560231182654899       0.22899944019282345     
  0.34610672721830721       0.21415040519760356     
  0.34924870819049320       0.20832628188910771     
  0.35922123124424665       0.20644259360880884     
           7
  0.38931031200983141       0.26849002751921264     
  0.37695148083503982       0.26744171236803604     
  0.36964577276450433       0.26864816769342270     
  0.36522919084167066       0.26057872674394156     
  0.36305824522543229       0.25021413840640749     
  0.38450158424083797       0.24546059638895648     
  0.38506517294041415       0.25203168165037904     
           7
  0.76115575370821220        1.0097279434486062     
  0.75718906546447196        1.0140806565553122     
  0.74668460213443177        1.0105234020314053     
  0.73531718487630260        1.0114202904209655     
  0.73630591106886556       0.99768096545379459     
  0.73719322369896523       0.98979082119417150     
  0.76199002532839732       0.99501905850043781     
           7
  0.95555620247206607       0.25344153736221159     
  0.94934386383326952       0.25985261309189617     
  0.94098006817663127       0.25907541899049724     
  0.93028471751390596       0.26147226106485683     
  0.93084909630701140       0.25183439784176337     
  0.92867120545021831       0.24269335322660929     
  0.92773738182563792       0.23556252446801096     
           7
   9.0217470472573447E-002  0.12329889528503654     
   6.5710878563022837E-002  0.13009709882842568     
   6.5903243975752340E-002  0.11949704310677807     
   6.8964347473310011E-002  0.11081552356998706     
   6.8477938851219888E-002  0.10393578163012959     
   8.2645477662791775E-002  0.10175335325901616     
   8.8137354002421925E-002  0.10612114279041517     
           3
   9.6153846153846159E-002  0.11538461538461539     
   8.4076001788736102E-002  0.11879355458824579     
  0.10614179616093898       0.10738929107485043     
           7
  0.79734895553504270       0.30230487031768521     
  0.78579016592218009       0.30100408973830017     
  0.77904867030204317       0.28977695996524083     
  0.77697978903630271       0.28450098541912366     
  0.78071294063300989       0.27700855301883265     
  0.80032828816279300       0.27575066177942859     
  0.79612843289501667       0.28317590930236808     
           3
  0.78131786322956964       0.37697636188237732     
  0.78719589597939477       0.35461579219517053     
  0.80174417470967796       0.35262223396649311     
           4
  0.91078953717432720       0.24399728296395184     
  0.89724125324962012       0.24471479254962158     
  0.89494656616701729       0.21879090922919850     
  0.91587818029610746       0.22398792890875330     
           8
  0.91133324489950773       0.43310507861335884     
  0.90428357502774148       0.43229017765220190     
  0.89889224675768886       0.43701491891431721     
  0.89336000127856607       0.43238816185530066     
  0.89211727201074809       0.42337706314941881     
  0.90475267508287271       0.41365728859758222     
  0.91372867847104722       0.41248022603125617     
  0.91823056017601823       0.40926863422012721     
           7
  0.29645528417553574       0.15717261610915065     
  0.30032798618088691       0.16554791769934066     
  0.29355185874791900       0.16202491830730573     
  0.28696918758101753       0.16623583522777841     
  0.27722438516646403       0.16197375044479750     
  0.27434945399463195       0.14443215227957809     
  0.29601216792502566       0.14070650252748917     
           3
  0.80365740643546912       0.27716135110094980     
  0.81214276256583307       0.25684189690424097     
  0.81771372295744627       0.26341307869771158     
           6
  0.74320918966656502       0.93118856423251628     
  0.73696836126216581       0.93058095638351690     
  0.71848996432169054       0.93231072250069791     
  0.71711231454470092       0.92627050937403277     
  0.71938050255026420       0.91965711093026836     
  0.72375237196816500       0.91344474226080474     
           7
  0.74418486210352996       0.99165148007474313     
  0.73068933850430029       0.99447026701281138     
  0.72072710970779008       0.99244123419022501     
  0.71859607333753761       0.97460618321279091     
  0.73148108407730594       0.97273931747500719     
  0.73882333286475765       0.96642363229844153     
  0.73995012866709431       0.97315230513959217     
           6
  0.95080029848155057       0.57076019628849439     
  0.94108215044666299       0.57215751407892179     
  0.93229018476266001       0.57021097534754195     
  0.93259155755567980       0.56343883341113299     
  0.93005563739313935       0.55246153512824703     
  0.94918650381102354       0.54723151530210168     
           4
  0.86239377262757899       0.62541639668125248     
  0.85123860407718888       0.62552321382764253     
  0.85686051365807214       0.60375590673664736     
  0.86815626115715250       0.60731544570588869     
           3
  0.71627960589234418       0.93776014418292353     
  0.73761485631207768       0.91513265102464325     
  0.73076923076923073       0.92307692307692313     
           5
  0.95683186609669901       0.43576665419952038     
  0.94868913047779890       0.43485115999233664     
  0.95049182015840605       0.41894077836274363     
  0.97365777564416955       0.40893672990570340     
  0.97357226313450895       0.41664245118431237     
           3
  0.91378580902066830       0.54444037509009002     
  0.89487751239900692       0.54541855523192972     
  0.90384615384615385       0.53846153846153844     
           6
  0.81387053332576031       0.26001266516364618     
  0.80443477896324522       0.26002431504392048     
  0.79738671255333426       0.25667074705479637     
  0.79359796066653587       0.24381866726887455     
  0.80181234756196185       0.23996709835332872     
  0.82112314871495928       0.25111902756006993     
           4
   7.1681369765796504E-002  0.12132480714476994     
   6.3432090475935760E-002  0.12850091142494879     
   4.7956472589307811E-002  0.11439589680535961     
   6.6005143166877167E-002  0.11482750504886995     
           8
  0.87722738203495987       0.22780792348214760     
  0.87717922779863189       0.24414508559940873     
  0.85958465975237541       0.23840965936949418     
  0.85760848385597155       0.22836615439216126     
  0.85095118567141681       0.21681890373697216     
  0.86427317926527625       0.21679830926303931     
  0.86945246003443200       0.21624532263847596     
  0.87550905022812120       0.21660661839374182     
           7
  0.25869790406607640       0.12879227800521634     
  0.24964629223278512       0.12720437204906412     
  0.24365451537256672       0.12510290597170567     
  0.23949240410810316       0.11815450767927653     
  0.24194817809150343       0.10907724257094129     
  0.25327856303330659       0.10502727275143943     
  0.26055337282931279       0.11529842517937826     
           4
  0.80769230769230771       0.28846153846153844     
  0.80301424819499234       0.27945803057238500     
  0.79709949578007899       0.27443219775094480     
  0.81841004228931125       0.27892683727289480     
           8
  0.83771194773015945       0.27576033357903473     
  0.83339455589206390       0.28344782265886714     
  0.82821484156631020       0.27671402354029190     
  0.82205320613170418       0.28014038958744836     
  0.81531405260150158       0.27878871490934470     
  0.81478738521326188       0.27350505021932420     
  0.83033482338302267       0.25619544532807931     
  0.83588328925339883       0.26804586429984423     
           3
  0.30047935025724887       0.26806797668995419     
  0.28736495442135301       0.24810608790963593     
  0.31091906352831006       0.24494080548793382     
           6
  0.24392689249483956       0.16377660332361105     
  0.23531415293480637       0.16630238613811354     
  0.22946816911328413       0.16703633561216155     
  0.22006197223222623       0.16252371900792442     
  0.22318440048017421       0.15244551417845789     
  0.22699104103249487       0.14158384065073973     
           5
  0.81927541610969357       0.28565577370283546     
  0.81689198467114932       0.30158412251434485     
  0.79369931850680131       0.27549450204365267     
  0.80259666123832252       0.27923005252354460     
  0.81110959976050068       0.28016710107375831     
           3
  0.32735548839467887       0.17793633348527738     
  0.31730769230769229       0.18269230769230768     
  0.30455156454597138       0.16857966662133769     
           6
  0.87968581133625290       0.27233207422671291     
  0.85990052844584997       0.27782725138566472     
  0.85236138175705667       0.27754155704501654     
  0.85501309138343018       0.25889299505806551     
  0.86648744335656880       0.25647678551037262     
  0.87752012296794757       0.26186190060431946     
           6
  0.91833173151581771       0.48652877532459315     
  0.91543554103475133       0.49502662246853629     
  0.89199465436691638       0.48439816116876633     
  0.89524194224640707       0.47918420303958159     
  0.89105329364910224       0.46854360815570756     
  0.89667836400231449       0.47041135116795557     
           8
  0.89309578677656487       0.59129447746127561     
  0.88812315868504044       0.58546906611591365     
  0.87957542162284408       0.58943396410897220     
  0.87281840429476343       0.58272594280963363     
  0.87335119015334284       0.57289053677422186     
  0.88035644851341843       0.56448242153790740     
  0.89639957604466558       0.56259369346081523     
  0.89428594900270464       0.57196476919532058     
           3
   8.2664548756647915E-002  0.12740072338402733     
   6.7992830692952200E-002  0.11891293515411669     
   7.6923076923076927E-002  0.11538461538461539     
           3
  0.23076923076923078       0.15384615384615385     
  0.21614893889004647       0.15452479926462939     
  0.22804927549011761       0.14603595971420771     
           6
  0.91274361795599190       0.40962172277641323     
  0.91750918112448743       0.41489692369300191     
  0.90170630303495203       0.41479510950194215     
  0.88957349820400611       0.40861304969852574     
  0.90457702455814104       0.39107319335318674     
  0.91521887216160835       0.40357999770796388     
           5
  0.80286990102480371       0.31317177799461871     
  0.78320743303041873       0.31865338232194418     
  0.77418071774604991       0.29318101763217908     
  0.78368862131469608       0.29677100750551944     
  0.80144828046053507       0.30531580385550072     
           6
  0.74007357706325960       0.92609366159100825     
  0.73260138253131291       0.93052695097312887     
  0.71654600431421134       0.93293475491378464     
  0.71820352363589213       0.92465433662345797     
  0.72061166167630042       0.91113713930002838     
  0.73915180860250929       0.91515761830423137     
           4
  0.75977464496443625       0.97304975620888179     
  0.75587036436018606       0.96471785069013338     
  0.76551423086053949       0.95336890010891040     
  0.78312625199719810       0.95755791241096011     
