   94.000000000000000     
   100.00000000000000     
          49
           8
   21.000000000000000     
   8.0000000000000000     
   11.000000000000000     
   7.0000000000000000     
   21.000000000000000     
   5.0000000000000000     
   13.000000000000000     
   10.000000000000000     
   9.0000000000000000     
   20.000000000000000     
   7.0000000000000000     
   12.000000000000000     
   23.000000000000000     
   2.0000000000000000     
   4.0000000000000000     
   14.000000000000000     
   12.000000000000000     
   3.0000000000000000     
   5.0000000000000000     
   13.000000000000000     
   5.0000000000000000     
   12.000000000000000     
   2.0000000000000000     
   3.0000000000000000     
   18.000000000000000     
   24.000000000000000     
   4.0000000000000000     
   63.000000000000000     
   19.000000000000000     
   2.0000000000000000     
   9.0000000000000000     
   4.0000000000000000     
   9.0000000000000000     
   23.000000000000000     
   6.0000000000000000     
   3.0000000000000000     
   12.000000000000000     
   7.0000000000000000     
   17.000000000000000     
   22.000000000000000     
   26.000000000000000     
   14.000000000000000     
   9.0000000000000000     
   2.0000000000000000     
   16.000000000000000     
   24.000000000000000     
   4.0000000000000000     
   19.000000000000000     
   11.000000000000000     
           1
  0.52127659574468088       0.56382978723404253     
           8
  0.63905042018454683        1.1492257709915394E-002
  0.63862358301330513        1.7604499121937008E-002
  0.61657706170806847        2.3599792889940942E-002
  0.61790944543820703        1.0531960787671638E-002
  0.61329789232477883       -1.7407661972129486E-003
  0.63727444840287417       -3.2747283842372021E-003
  0.64265320844996898       -1.9224346056864617E-003
  0.63696193098168585        5.4259148253326690E-003
           7
  0.18506293652731193       0.89356544475085409     
  0.16598975629544610       0.89128521800630045     
  0.17186518410808621       0.88413938787668744     
  0.16595030680071551       0.87816814691377898     
  0.18198098801433624       0.87146687244208410     
  0.19082126039050940       0.86798529687201875     
  0.19111657038006272       0.87956058200357556     
           7
  0.91294692329682015       0.61103248185213588     
  0.91422149864870772       0.61671917834362122     
  0.90593700674374167       0.61486993220432573     
  0.89271949088269498       0.61370906365925582     
  0.89398937919030119       0.60251685327839000     
  0.88936161885007969       0.59638237422755513     
  0.90335257838400906       0.59859931602415606     
           8
  0.51038779859756911       0.23277242270000428     
  0.51396770372571865       0.23708644362362860     
  0.50024917702477723       0.23332589476230758     
  0.49208656147191915       0.23727636842014466     
  0.48673842830985031       0.22455203716071268     
  0.48863059400789627       0.21151029202458743     
  0.50131751484791420       0.20802011886352523     
  0.51008868183738065       0.21911298986909947     
           8
   1.9241354679933785E-002  0.22534852297121413     
   2.2307621879252275E-002  0.23147624210785198     
   1.5507713078393989E-002  0.23682794115495959     
  -1.2082383446343666E-004  0.22472950146341625     
   1.4015664909734667E-003  0.21744582868373238     
  -5.1765241387006361E-005  0.20936859434236649     
   8.5660203990005311E-003  0.21127535557467378     
   1.4528410246568188E-002  0.21113865686817870     
           5
  0.26641125337322163       0.74793119698186938     
  0.25152146891806576       0.74184791746919587     
  0.25561227677422288       0.72932584312385007     
  0.28130294874362183       0.72423498263850494     
  0.27847700865790359       0.73402904798258573     
           4
  0.81088608353619096       0.68180670578613711     
  0.78894227112232662       0.68093543859506445     
  0.78861733723397831       0.66664125734521562     
  0.80783549435033219       0.66064625021882173     
           6
   4.7094959345309384E-002   6.9505272954176009E-002
   2.0554207107052490E-002   8.5329965321179035E-002
   2.2117020961063084E-002   7.6585827252050542E-002
   2.0215961129817744E-002   6.3936368438465521E-002
   2.7131903016462709E-002   5.9020981674676190E-002
   3.3613637252304721E-002   6.0134679069850788E-002
           5
  0.60706390769850571       0.28072817704123038     
  0.60297301255284474       0.29178317669499965     
  0.58642769111590642       0.28345258594492850     
  0.58613749958859529       0.26505892616800603     
  0.60314274620770558       0.26632125791679157     
           7
  0.92319715473281072       0.62949217562037407     
  0.91502501544400516       0.62811783512448061     
  0.90057026867535717       0.62995588154629600     
  0.90580615109504836       0.61296937664802997     
  0.90165521877049071       0.60531945244376806     
  0.91347696827336411       0.60651251193690747     
  0.92610331503990606       0.60624195090677913     
           8
   9.6617683670955509E-002   9.8819113688937019E-002
   8.6587439042750347E-002   9.4924625619468433E-002
   8.1354381375967330E-002   9.7490506278266081E-002
   7.1179993242410602E-002   8.4929732044189965E-002
   7.1089032607462688E-002   7.2612376444990426E-002
   7.7001915673204552E-002   7.6014521535268970E-002
   8.4917647585547429E-002   6.9739208270161154E-002
   9.5717788044597824E-002   7.6957434832799571E-002
           8
  0.64064139004119991       0.28833995298738430     
  0.62946102581301056       0.29696233740257816     
  0.62687049590686938       0.30193552346547242     
  0.61579219004203445       0.29275792252374144     
  0.61434975319842910       0.28210234439248960     
  0.61487422264934066       0.27664529868827564     
  0.62407198882113235       0.27762604856304079     
  0.63341136498419592       0.27564043664809368     
           6
  0.69401172813126011        2.6325134935741668E-002
  0.68869051682766291        3.2802754444962320E-002
  0.67574389746398433        3.5225209254461529E-002
  0.66843079829295970        1.8964601809572879E-002
  0.66574922717805252        1.0266228112692337E-002
  0.67847874391247109        1.0878418932188197E-002
           4
  0.91489361702127658       0.68085106382978722     
  0.90592402403374750       0.67720976088219120     
  0.92009493621931160       0.67097484676166486     
  0.93029832455756578       0.67577209041730990     
           8
  0.31081811912432333       0.78035407415087166     
  0.28884438074991697       0.77168715906084917     
  0.28247852610464858       0.76842997990243811     
  0.28824556668300311       0.76555917093649628     
  0.28874588474082252       0.75651526291306292     
  0.30701047508970675       0.75505140375236823     
  0.31122383928277469       0.75975755378519316     
  0.30603310496307562       0.76184509567284076     
           4
  0.94509757148127949       0.62263802722298356     
  0.92155566247024301       0.62552817426554963     
  0.92364850350954986       0.61189146274694806     
  0.93509620110263492       0.60886308059021033     
           7
  0.19441396614222548       0.96565403224891599     
  0.18640954513962338       0.96684171831433496     
  0.17961496764213036       0.96895226347220942     
  0.17735497749260745       0.95864496606594729     
  0.17907802771034567       0.95050667624019636     
  0.19216258309518566       0.94526569036047092     
  0.19979726674230128       0.95047503042999415     
           4
  0.88515713375064009       0.69232875551222095     
  0.87518956448499463       0.68958289776015103     
  0.85962203578731766       0.68156146556517005     
  0.86082170982743855       0.66630674251553912     
           7
  0.24420036697568170       0.99125221109646544     
  0.23319634362837249       0.99261595488869936     
  0.21858137621877197       0.99411240574808668     
  0.22496310759550717       0.98567670202083413     
  0.22255164588806495       0.96733303167602214     
  0.23172544570840717       0.96783691412010076     
  0.24023068301218639       0.96597929614349487     
           7
   7.7069695186653145E-002  0.11251026571349181     
   6.1014992339671677E-002  0.11780554967097884     
   4.9788290110142130E-002  0.12132822513717371     
   5.6091735570353948E-002   9.6962296090382288E-002
   7.8688896374037934E-002   9.2076220989232932E-002
   7.8155349837929045E-002   9.9715311697060369E-002
   7.1771612272561763E-002  0.10538112626799184     
           7
  0.10766915887318659       0.27035895827297851     
  0.10456792936691581       0.26463408666740285     
   9.4482813003033947E-002  0.26695403257173511     
   9.5986258133876401E-002  0.25073970607368024     
   9.6188356883474338E-002  0.24311984042872614     
  0.10544888602437916       0.24672162396414479     
  0.11849740136440033       0.25471806847580591     
           3
  0.63842795348670689       0.30803244341595853     
  0.62765957446808507       0.30851063829787234     
  0.61489665381807768       0.30354506919812557     
           6
  0.55347950081950681       0.26802051742763766     
  0.54399257962741854       0.26606668116909210     
  0.54446329223296186       0.25461390767046044     
  0.53921492102999213       0.24739017110380496     
  0.55333272942019096       0.24613534058869463     
  0.55916039670224571       0.24092947567039544     
           8
   1.0154585952798849       0.66269122897581179     
   1.0041381332858670       0.66874782502244778     
  0.98677566537522077       0.66760314394622000     
  0.99126471037209152       0.66345808603089573     
  0.98822775487864700       0.65480223658963033     
  0.99698665722445068       0.64545198065531018     
   1.0106405597745791       0.64625873820810043     
   1.0081056686766625       0.65790967860964988     
           4
  0.81748396131400214       0.72783993004690195     
  0.80486705335736397       0.73200795321533074     
  0.79438081390929849       0.70839495397215424     
  0.81650728721199850       0.71538358469797181     
           7
  0.71050792746923819        2.3530510726941525E-002
  0.68904349174584989        3.3031252771554234E-002
  0.69041127629128218        2.6930582832013706E-002
  0.68700235490110972        1.8164790062891720E-002
  0.69345215690130968        8.7114971341559332E-003
  0.70778020525369667        1.2873668245344137E-002
  0.71386810943835965        1.7784056651022940E-002
           6
  0.97224302551265429       0.62887066724801344     
  0.96693038369793516       0.62463507041686805     
  0.94698936908569520       0.61322843195022347     
  0.94639963439538222       0.60495691044120392     
  0.96424062208364514       0.60207146632421915     
  0.96483765152191248       0.60915332396953314     
           4
  0.22113405624511925       0.90798179434867965     
  0.20374324373058628       0.89467120349251328     
  0.20303522772735069       0.87912553941045024     
  0.22319504261063150       0.88508167447580044     
           6
  0.54140796194498464       0.24646694627939980     
  0.52868781853532776       0.24865160881522200     
  0.52390344095191810       0.24084159406119976     
  0.51678026127403542       0.22890121999603888     
  0.52549885680873143       0.22297309980305030     
  0.54292401267745105       0.22547810399516419     
           7
  0.82369738387093638       0.69531203327856961     
  0.81697983371856964       0.69219999428516166     
  0.79334558420091517       0.69052940575099497     
  0.80229702674256487       0.66764928717915106     
  0.80906787155412208       0.66898909087740233     
  0.81818665859497475       0.67333688393281521     
  0.82241667761673476       0.67942763114396898     
           5
  0.68485051604923752       0.36109845402893170     
  0.67270480258462628       0.36191276982666959     
  0.65487106217335422       0.36281070559686257     
  0.66200622783717344       0.35956268301661626     
  0.67021276595744683       0.35106382978723405     
           8
  0.22648449150392369       0.89750121907717750     
  0.22488661246038391       0.90491905720780152     
  0.21201730234210986       0.90685682584223237     
  0.20385049800273936       0.90230261095140474     
  0.20452205509547508       0.89309770674060140     
  0.20917458115551330       0.88219591418836407     
  0.22283019336648241       0.88078881830974542     
  0.22473292376059531       0.89056730405542717     
           3
  0.63815756890906083       0.33432955057479785     
  0.61267256059432729       0.32981965851841177     
  0.62765957446808507       0.32978723404255317     
           8
  0.35189031260493614       0.79278817603969587     
  0.35453303114293511       0.79840187648541228     
  0.33003138668998516       0.79499062966653999     
  0.33255298728720695       0.77660310636912122     
  0.33784333916434944       0.77758920054628300     
  0.34869614407456578       0.77244328554619923     
  0.35084731018200022       0.77968417537225188     
  0.35514903709164503       0.78399259012496803     
           3
  0.51063829787234039       0.25531914893617019     
  0.51134663986654094       0.24539563371098769     
  0.52329874264634524       0.24011947258230754     
           4
   3.1986761022798890E-002  0.33061234650007143     
   9.7998805587963134E-003  0.32964862080230511     
   1.2855667541339866E-002  0.31437595251792871     
   2.0036712925795563E-002  0.30852531509732439     
           5
  0.11719939550361455        8.7347644355176876E-002
  0.10267331090154436        9.7187528589615824E-002
   9.6326877587228049E-002   7.9915303729921172E-002
  0.10356107060635406        6.9821389904128020E-002
  0.11187493037819739        7.0086403720151971E-002
           6
  0.61298516746583120       0.30119863894839066     
  0.59637388002353220       0.29830983069075623     
  0.59274214246868706       0.28939566341894685     
  0.59878838617039354       0.27497702480312419     
  0.61812494624581538       0.27830066701411216     
  0.61470601212841980       0.28693970690650838     
           3
  0.73530935983391610        7.3305002113103229E-002
  0.72683545744443889        7.5690430651944418E-002
  0.72340425531914898        6.3829787234042548E-002
           6
  0.31287424079693033       0.78981402591353533     
  0.30343964318451466       0.80071514408698219     
  0.29558426967990142       0.80014615102279996     
  0.28793241731001779       0.78491519603895166     
  0.30064839530836035       0.77461871191000997     
  0.30811950681262135       0.78505401031617139     
           4
  0.67648173535580425       0.38749780228695313     
  0.65529385859139766       0.37195836729168330     
  0.65522143500740226       0.36171199522096864     
  0.66460123846039998       0.35832913520239523     
           6
  0.92674303297986349       0.61898262324555708     
  0.92174408318283474       0.62578782661526755     
  0.91442311167164425       0.63195741391672422     
  0.90254254345450391       0.60159004241601766     
  0.91443251456848151       0.60430316196368317     
  0.92632644658240648       0.61169088056060761     
           6
  0.97235087856169300       0.65817078613030466     
  0.96724679721126183       0.66207299290061272     
  0.96334897344913439       0.66852580138075457     
  0.94823407338425736       0.65459549761820390     
  0.95218156434086820       0.64729990087900324     
  0.95961527202611030       0.64805167669433639     
           5
  0.24436971625120510       0.96900155623118200     
  0.23059432266504357       0.96887108615031714     
  0.22045864824069492       0.95706103573236612     
  0.23972062924197696       0.94485910619877944     
  0.24946535094063352       0.94692881072058299     
           6
   7.4090270667520414E-002  0.30287504455670788     
   6.9590495330607613E-002  0.31236401648288914     
   5.2603432324265481E-002  0.30723243269862688     
   5.2561650685149383E-002  0.28586713410174414     
   6.6180389544219870E-002  0.28369207652419798     
   7.8277017038217739E-002  0.29348917856880680     
           6
  0.67179999308621074        9.4915277874840304E-002
  0.65528456220114495        9.3785221515843231E-002
  0.64475546111351600        9.2551602523109913E-002
  0.64502567867810934        8.4724102731754625E-002
  0.67037158127503593        7.2393434337512858E-002
  0.67385584026596967        7.8485232596726212E-002
           7
  0.63629955431788732       0.37588779992774107     
  0.63135201225969073       0.38015542072272596     
  0.62273830219030590       0.38485053496709631     
  0.61407829925590673       0.38520454649228747     
  0.61935317868298445       0.37373015789603253     
  0.61895650972695859       0.36076149832893822     
  0.64123732305008896       0.36210050505110514     
           8
  0.19490578715698748       0.94726434172962992     
  0.17840356292742351       0.95146168210906568     
  0.17941917862520035       0.93755071759045805     
  0.17603946708153034       0.92454484405937598     
  0.18254157350872824       0.92762460655898293     
  0.18807268988372761       0.92093547923527230     
  0.19572554743036630       0.92211231675881478     
  0.20199971284642443       0.93175477973321685     
           8
  0.32077903280037268       0.81645569810641616     
  0.31018220634182059       0.82204232778125486     
  0.30849682473711559       0.81336641001179832     
  0.31061761715240721       0.80528662692356334     
  0.30616461933397010       0.79631414911026011     
  0.31369594364816356       0.79745807900965116     
  0.31990331210083006       0.79857641285088232     
  0.33212498517417310       0.80554219050148856     
