   106.00000000000000     
   100.00000000000000     
          56
           8
   18.000000000000000     
   16.000000000000000     
   23.000000000000000     
   20.000000000000000     
   18.000000000000000     
   19.000000000000000     
   2.0000000000000000     
   4.0000000000000000     
   10.000000000000000     
   2.0000000000000000     
   26.000000000000000     
   21.000000000000000     
   10.000000000000000     
   8.0000000000000000     
   20.000000000000000     
   21.000000000000000     
   4.0000000000000000     
   5.0000000000000000     
   15.000000000000000     
   18.000000000000000     
   2.0000000000000000     
   21.000000000000000     
   20.000000000000000     
   23.000000000000000     
   13.000000000000000     
   22.000000000000000     
   17.000000000000000     
   11.000000000000000     
   7.0000000000000000     
   13.000000000000000     
   13.000000000000000     
   16.000000000000000     
   14.000000000000000     
   25.000000000000000     
   18.000000000000000     
   2.0000000000000000     
   19.000000000000000     
   6.0000000000000000     
   19.000000000000000     
   9.0000000000000000     
   24.000000000000000     
   2.0000000000000000     
   13.000000000000000     
   17.000000000000000     
   20.000000000000000     
   24.000000000000000     
   8.0000000000000000     
   15.000000000000000     
   7.0000000000000000     
   7.0000000000000000     
   4.0000000000000000     
   22.000000000000000     
   11.000000000000000     
   10.000000000000000     
   25.000000000000000     
   24.000000000000000     
           1
  0.17924528301886791        9.4339622641509430E-003
           8
  0.78262269800561213       0.58371767450594547     
  0.77275217167002297       0.58857632622433176     
  0.77527960279644625       0.57858660646592031     
  0.76822045549727969       0.58385821179061936     
  0.77323327927769170       0.56394414380650271     
  0.78099828844164454       0.56340127350919722     
  0.79644414560499033       0.56103079564021141     
  0.79335019417054919       0.57333339852991616     
           5
  0.56490523619018962       0.91031083043649963     
  0.54976267318831984       0.91029444088700229     
  0.54260230406418986       0.90404078082303596     
  0.55660377358490565       0.89622641509433965     
  0.57190577383786889       0.90309078159728173     
           3
  0.69041106022331056       0.24872968820609878     
  0.68867924528301883       0.23584905660377359     
  0.69936123402330841       0.22867148400832868     
           6
  0.48235731492439138       0.50886014345780828     
  0.47596883461492800       0.51105819990072765     
  0.46820367572390170       0.50908460727358762     
  0.46865467983506465       0.50077694263191042     
  0.46794287532476214       0.48833616151014930     
  0.48407441474564772       0.48947774902994062     
           3
  0.23012243477889607       0.46768765842481591     
  0.20529792194091318       0.47756924696740849     
  0.21443212453446137       0.44756107371806952     
           6
  0.60621655873504487       0.19408250839004668     
  0.59350854276969756       0.18979545076181950     
  0.58363047810656932       0.19084542765866733     
  0.60124490670959940       0.16864228532246403     
  0.60750743593530498       0.16940229738680745     
  0.60693232085550286       0.18087284629971154     
           8
  0.49468819796216879       0.76755683145232034     
  0.48930872571153794       0.76960986690988853     
  0.48880845084963531       0.77931799773938781     
  0.47682453871688935       0.77913243788422260     
  0.46648141461042303       0.76731610478138368     
  0.46659432684946539       0.76026816636910632     
  0.47305575726208038       0.75526253230651375     
  0.49604180867462799       0.75269079288184504     
           8
   2.3118076738848147E-002  0.84364987620543119     
   2.1358421396056274E-002  0.85440759792605525     
   1.5680703558838115E-002  0.85153290186244479     
   6.3403502513190331E-004  0.83494889002940353     
   2.0174326126950262E-003  0.82915887681552436     
   2.0278247527000623E-002  0.82590480971503633     
   2.4565369732717737E-002  0.83647999065683343     
   1.8860573040384021E-002  0.83932096214919993     
           8
  0.92374209873166013       0.38390239032027590     
  0.93043802684849841       0.38768379501486877     
  0.90276013959146773       0.39794201191080203     
  0.90490002142974746       0.38747520115300971     
  0.90153972460149479       0.37800062992309791     
  0.91517063598773718       0.37878151526622816     
  0.92070165629981127       0.37387082881186334     
  0.92978847396555409       0.37695814780618636     
           3
  0.69811320754716977       0.28301886792452829     
  0.68410061157099966       0.28816289102510173     
  0.70200419585659357       0.27172345844964102     
           7
  0.57497871095389619       0.83986001334380689     
  0.55155949313776342       0.84331777834815980     
  0.55645020654987443       0.82946868548870767     
  0.55592506470487635       0.82062341885116863     
  0.56167034495985169       0.82230570596904473     
  0.56957030140698683       0.81639389573218180     
  0.58088772168360880       0.82838047647176050     
           7
  0.55595903483203990       0.51854218316817680     
  0.54131738137978702       0.51948485920070597     
  0.53533102555803425       0.52134939350874066     
  0.53232195947448846       0.51638613438246972     
  0.53311106175243206       0.50692453786327074     
  0.55138980860823805       0.49783262123674638     
  0.56174396516513292       0.51073935449909247     
           7
  0.60307582145276484       0.90508647453274194     
  0.58873974321804479       0.91125799325981205     
  0.58024537505299689       0.91154174600673687     
  0.58366285031301435       0.89891025087630494     
  0.59906428880697271       0.88732317338492128     
  0.60637393568032949       0.88328404406238614     
  0.60441351199708360       0.89914816131632413     
           3
  0.62821574083047205       0.85472145537119371     
  0.61320754716981130       0.83962264150943400     
  0.62454457054068946       0.84313645168418372     
           5
   7.1317648282239909E-002  0.90151429424959828     
   5.3402043241667536E-002  0.90025289209556558     
   4.1678069683260592E-002  0.87560908954925976     
   6.0536582557219408E-002  0.87177094680590461     
   6.7890776453805063E-002  0.87910566011724500     
           5
  0.58585308790809854       0.92488013202886443     
  0.56484825606187672       0.92316217177049398     
  0.56462289249596997       0.91428260053739707     
  0.58757899514620127       0.89991399737919486     
  0.59042386367692623       0.91018889914432533     
           5
  0.71955667181798977       0.29261942824507398     
  0.70698106304019992       0.30171604157498894     
  0.69901501633893259       0.30284091577085831     
  0.69725161032293514       0.28128307195713942     
  0.72230316897472979       0.27783259615484701     
           3
  0.98596580425543412       0.46361089273946854     
  0.99210170944099596       0.45601859532847200     
   1.0000000000000000       0.45283018867924529     
           4
  0.65776939809235713       0.88602747878811605     
  0.64621683103191574       0.88506677755297503     
  0.64135201385135276       0.87332384855564571     
  0.65611007212048456       0.86258899174425607     
           3
  0.52830188679245282       0.79245283018867929     
  0.52380612478020028       0.77757632410555333     
  0.53706423947283188       0.78005098250432847     
           7
  0.25422899932908916       0.51106432302068627     
  0.24840405880609814       0.52229986878246903     
  0.23042269810118857       0.52187498127318088     
  0.23182612376636300       0.51475487911816187     
  0.23094450535001204       0.50539768903551863     
  0.23786295520832398       0.50101812074809948     
  0.24702243174904756       0.49640319025642610     
           5
  0.61819483861727076       0.23784233721356779     
  0.60948802238430611       0.23126330021901731     
  0.60805241229384144       0.21973375006954521     
  0.61300010134952054       0.21109232865952887     
  0.63709655507663199       0.22279887755450731     
           7
  0.58133966013691762       0.93011592291593315     
  0.57537513425352860       0.93021224291742377     
  0.55319708246099586       0.93371002369103251     
  0.55673513877303693       0.92003233379595273     
  0.55100030848353643       0.90965062222151971     
  0.56663497451945721       0.91622496540250076     
  0.57841966598268302       0.91680662714337147     
           4
  0.88002895775956536       0.62070982693175758     
  0.85601438110807537       0.63334333058807712     
  0.85612834551385519       0.61325715950171533     
  0.87389032189323890       0.61312957176341998     
           6
   8.4660686859301268E-002  0.86776926257762743     
   8.3873316084977778E-002  0.87561024140747579     
   6.7182647617464536E-002  0.87811847107390995     
   6.3245946906371475E-002  0.85845353609328134     
   7.2388913440693536E-002  0.85285291930127094     
   8.6526319671355240E-002  0.85629892287633458     
           6
  0.61592968536810744       0.96855107268423046     
  0.60821432241706175       0.97400386944153294     
  0.59290928687104649       0.97756934430574294     
  0.59118683643136005       0.96846789284287027     
  0.59045133291213903       0.95710385624505001     
  0.60509630166171102       0.95043738419031665     
           8
  0.97520490617045252       0.46633861774634267     
  0.96917431277954380       0.46203030402385381     
  0.96577746627938144       0.45270537765060564     
  0.97085891919353651       0.44952719629674948     
  0.96735259806834095       0.44358218892393270     
  0.97252906494216351       0.43975967802467447     
  0.98411267586410156       0.44020057588741468     
  0.99086734324520043       0.44810882597837975     
           6
  0.99273273118067140       0.40664107099463048     
  0.97859931989894433       0.40889417609969048     
  0.97221248954864103       0.40810109711302039     
  0.96757421747029293       0.39437382104750696     
  0.98473801277486261       0.38671059244543549     
  0.98994279922421968       0.39802520207049785     
           3
  0.28614735023959303       0.50562797653469116     
  0.27297713553932107       0.50583253617752033     
  0.28301886792452829       0.49056603773584906     
           4
  0.48149122958687507       0.52385861103623732     
  0.47622265813096570       0.51577936241280975     
  0.48621506711122153       0.50102838444886044     
  0.49834360060424016       0.50482722286260862     
           8
  0.73690951936263016       0.31612568608159924     
  0.73418281397623975       0.32561081308449935     
  0.72320224141786849       0.32217601105732363     
  0.71476109740773841       0.32606016357415463     
  0.71741287847098711       0.31692389784854269     
  0.71205519125204275       0.31645397247560031     
  0.71275616777392070       0.30051874730800582     
  0.73930676195458167       0.29931919874422380     
           3
  0.65551755185841121       0.20043815558456385     
  0.63181598424632979       0.18963075104186192     
  0.63113539067783098       0.17947828526493687     
           3
  0.53907987211745956       0.59359873744809855     
  0.52561550354562747       0.59620102196828939     
  0.51902083113046871       0.57379224959661723     
           7
  0.62540364913838675       0.86119882256862157     
  0.61795713621209036       0.86908012755169162     
  0.60651792125867610       0.86846434912517234     
  0.60013992403318328       0.86251960366743896     
  0.60087250964842065       0.85556442704267843     
  0.61317411719500103       0.84962897560762729     
  0.62144336848759285       0.84461182845439131     
           6
  0.51749053021794178       0.58092561386345209     
  0.50450284071721296       0.57663129900717636     
  0.49501771467281785       0.57657084902597999     
  0.49640465071770579       0.56880769000568365     
  0.49931764644025711       0.55666034157341659     
  0.52146558271920584       0.56928510754055595     
           8
  0.25520862153988860       0.48971541413190656     
  0.25749587855208145       0.49842322875518330     
  0.24840570092554518       0.50030904676814769     
  0.23425571988106403       0.50057214055515531     
  0.23256790942786901       0.48994696044169328     
  0.23458167101340149       0.47959499498444025     
  0.24778099662812164       0.47710558995675340     
  0.25794065398265198       0.47759612649311467     
           6
  0.49206000775781067       0.85833756718856513     
  0.48548140961551578       0.86031310658239390     
  0.48628632890070478       0.84018995954688092     
  0.49307495984984578       0.83520591611112083     
  0.50012908037653703       0.83761534289031603     
  0.50129383842561548       0.84379049023141051     
           6
  0.53431631673295144       0.53744909438895461     
  0.51675561701643480       0.54101366139150930     
  0.51505894731558999       0.53510110118881660     
  0.51391034478340847       0.52395373504536125     
  0.53655118469133367       0.52587005452040847     
  0.54018730079168586       0.53201727806272059     
           3
  0.63762153069968597       0.96469950858111198     
  0.60838559308647766       0.96394856464699052     
  0.63199462923837679       0.95567966951771066     
           5
  0.69428574957340505       0.23092845300096254     
  0.68617200865910100       0.23823861029972121     
  0.66575887680553791       0.22729474021613300     
  0.66883666086337012       0.21976502995218264     
  0.68881214033800953       0.21764313616371422     
           5
  0.26768322453566357       0.54044888069863939     
  0.26102232451402851       0.54166669047186788     
  0.25392076576951184       0.54073511153878739     
  0.27099396922756513       0.51587267111349833     
  0.27787147242223248       0.52990850469203965     
           5
  0.54496075449359715       0.78886365519866775     
  0.53192340470281241       0.77942281924092205     
  0.53891846426519507       0.77229858791764838     
  0.55132601224268540       0.76502801491780947     
  0.55631484158003053       0.77194732876113481     
           4
  0.79245283018867929       0.62264150943396224     
  0.78143615960660073       0.62694721723074653     
  0.78256898136875042       0.61864317370672572     
  0.80333943892900450       0.61364838582984760     
           3
  0.60810809793593912       0.88602606702461562     
  0.59433962264150941       0.87735849056603776     
  0.58657776481962898       0.86942198263646731     
           8
  0.84305089144190926       0.61898879656003047     
  0.83670060136444380       0.61788810251400617     
  0.83372993349418711       0.61312163446152690     
  0.81760960956958395       0.61614689876551587     
  0.81850664973144571       0.60819937435902760     
  0.81944726653746169       0.59531653147757235     
  0.83647237862087054       0.59167633127300923     
  0.84217606997089511       0.60097987062306624     
           5
  0.70484444816974046       0.27771166394990321     
  0.68663274681134523       0.27692329136612270     
  0.69358964471090323       0.27357797262429401     
  0.69811320754716977       0.26415094339622641     
  0.70942475269484706       0.26956024268537349     
           8
  0.25675593127466240       0.48567102069224560     
  0.24746999229488634       0.48464967125134012     
  0.23840881772952024       0.48243795383669930     
  0.23674692186252974       0.47725123761107963     
  0.24897852556452468       0.46219713345293578     
  0.25749831811912371       0.45911310944134714     
  0.25994077013282862       0.46481339673934552     
  0.25526726619826945       0.47338429397959103     
           3
  0.55474561040542514       0.56166105150205758     
  0.54583231880706173       0.55643643889061722     
  0.54716981132075471       0.54716981132075471     
           5
  0.49104748870926096       0.54016266508012400     
  0.47866477957487436       0.53479168767354879     
  0.49252692392558611       0.52021112976280093     
  0.50155289557587146       0.51448543502791544     
  0.50505192930156817       0.52083911515178849     
           3
  0.71141778826107394       0.25992859797696932     
  0.70999041599224932       0.23324212096927244     
  0.71698113207547165       0.24528301886792453     
           5
   8.2902723277934742E-002  0.87623841954181603     
   6.2270830756598658E-002  0.87522389006467471     
   6.3664421587647957E-002  0.85641972592957416     
   7.2814825033951716E-002  0.85292329268532086     
   8.6442615341750378E-002  0.86269221068951196     
           6
  0.85801742771559020       0.64683818494991951     
  0.86018762967251849       0.65440962380305023     
  0.85050150181300477       0.65553156066732587     
  0.83434219312724178       0.64850192383615579     
  0.84007707805153053       0.62907988326433317     
  0.85048557324721552       0.63359614770609396     
           7
  0.31095366084500314       0.47743999429520018     
  0.30788328607417847       0.48660959516718816     
  0.29239494919703279       0.48162950094393492     
  0.29024838868149555       0.47201378013059653     
  0.29140475161396245       0.45998019870929191     
  0.30445983851221220       0.46030860950866570     
  0.31404026769868099       0.46458501864642282     
           6
  0.77949174893773143       0.63544407582082874     
  0.77965221020922859       0.62878075103890863     
  0.78157074134170523       0.61543451074757793     
  0.78541451375721649       0.60935353349543775     
  0.80126810578157348       0.60877708045702450     
  0.80675048462293686       0.61584316963607599     
           7
  0.74880025015813612       0.32610165553071102     
  0.74207586183733487       0.33554158734637324     
  0.73855859921954881       0.33003490819868764     
  0.72619367395909029       0.31633750957985296     
  0.73243377712781710       0.30884677038617669     
  0.75091593779803389       0.30838893998797745     
  0.74852912724608212       0.31619472940765214     
           3
  0.61816187054236582       0.23747742150590095     
  0.58888883782495227       0.22770904183820678     
  0.59876813920280669       0.21672253031097299     
