   106.00000000000000     
   100.00000000000000     
          50
           8
   9.0000000000000000     
   10.000000000000000     
   14.000000000000000     
   5.0000000000000000     
   8.0000000000000000     
   10.000000000000000     
   15.000000000000000     
   16.000000000000000     
   23.000000000000000     
   4.0000000000000000     
   22.000000000000000     
   16.000000000000000     
   12.000000000000000     
   20.000000000000000     
   18.000000000000000     
   9.0000000000000000     
   17.000000000000000     
   42.000000000000000     
   9.0000000000000000     
   17.000000000000000     
   7.0000000000000000     
   4.0000000000000000     
   7.0000000000000000     
   13.000000000000000     
   6.0000000000000000     
   22.000000000000000     
   6.0000000000000000     
   13.000000000000000     
   21.000000000000000     
   16.000000000000000     
   20.000000000000000     
   11.000000000000000     
   18.000000000000000     
   24.000000000000000     
   26.000000000000000     
   9.0000000000000000     
   21.000000000000000     
   3.0000000000000000     
   22.000000000000000     
   7.0000000000000000     
   10.000000000000000     
   17.000000000000000     
   8.0000000000000000     
   10.000000000000000     
   12.000000000000000     
   10.000000000000000     
   24.000000000000000     
   5.0000000000000000     
   10.000000000000000     
   6.0000000000000000     
           1
  0.50000000000000000       0.51886792452830188     
           8
   2.2092345017636243E-002  0.85249021655802071     
   2.1505764220992336E-002  0.86058054854248189     
   1.3180519961530855E-002  0.85816580524863029     
   5.9608799015795702E-003  0.86308531220557261     
  -3.5058702716186281E-003  0.84507373731425606     
   8.2290565433670339E-004  0.83541696713808777     
   8.8462282964343730E-003  0.83776560343302298     
   2.1146695182018508E-002  0.83972856284679886     
           5
  0.89657728320276231       0.80963452521472201     
  0.87823782325790800       0.79692553934065979     
  0.87520134785508885       0.78809585539734817     
  0.88486273607986021       0.78847123601818381     
  0.89291966324106520       0.79179652316837346     
           3
  0.13566570820695328       0.19163527179170456     
  0.12264150943396226       0.17924528301886791     
  0.13058625916746441       0.17658622926593071     
           3
  0.91584226526553980       0.43438041739233318     
  0.90177716592857105       0.43714724684651846     
  0.91873137258363602       0.40959087578335573     
           5
  0.73842912270390393       0.66304377357873534     
  0.72111543605152717       0.66284118215964982     
  0.72647122715907364       0.65524020889137313     
  0.72147724664571844       0.63580140276369446     
  0.74396644120539046       0.63671697833995500     
           5
  0.86748746687399281       0.34540882556145908     
  0.85775500868841648       0.34083567300821199     
  0.85730861359162125       0.32447694371591662     
  0.87749063931026472       0.32671431954980895     
  0.87586594239558924       0.33411358313254008     
           4
  0.92140377487053959       0.35441484256300926     
  0.91301260509019688       0.34029584550398073     
  0.93162847960972439       0.33157343427453423     
  0.93897164137721345       0.33536342603914893     
           6
  0.94195210911957328        3.5038939969502213E-003
  0.93314682005702454        1.4317337417761986E-002
  0.92272849456136086        9.2465628737440232E-003
  0.92782259231473208       -1.1410711271907540E-002
  0.94503762047968698       -9.2408404829205700E-003
  0.94740320046656357        1.3962334611190209E-004
           6
   3.2579682899163374E-002  0.89679931648832067     
   2.0350353623888082E-002  0.90017111421852991     
   1.1345104413318728E-002  0.90181833267114164     
   6.0127650316797697E-003  0.89637310086804800     
   8.9543200853803052E-003  0.87602787101303226     
   2.0861501198000575E-002  0.87719572621891007     
           8
  0.80169532359298701       0.73466985215453462     
  0.79668790304271975       0.73992856865987378     
  0.78735051165863690       0.73476123893289891     
  0.80029270550111686       0.71578454541388070     
  0.80504116793672220       0.71211767065582621     
  0.80534905035344961       0.71839784892818015     
  0.81102015342103739       0.71665327690302683     
  0.81664856674908370       0.71785189356936696     
           7
  0.89606794491010922       0.39471207359074484     
  0.90145278189661815       0.40543976989432245     
  0.87213861821657901       0.40219627299258498     
  0.87318706532401325       0.38858211302542361     
  0.87839218403759634       0.38579547243299117     
  0.89075775057460105       0.38558229758595963     
  0.89972758344665327       0.38383020733508977     
           8
  0.96557973987443613        2.9175133360062520E-002
  0.96665732870492294        3.5500494587276062E-002
  0.96169087025014033        4.0102536614649520E-002
  0.93898519018932070        3.4186376953281979E-002
  0.94424977751347383        2.8551782155465902E-002
  0.93897472225270107        1.4866905571447632E-002
  0.94703545684992230        1.9537714092560637E-002
  0.95494661328901032        1.6090649010919122E-002
           6
  0.98105589926071868       0.48451931581937674     
  0.97998480291560552       0.49334407263840901     
  0.96363214765318228       0.48251366776000348     
  0.95650306272610963       0.47456492704771536     
  0.96493773182298037       0.46802426794883967     
  0.98175605997164073       0.47466190262610153     
           3
   1.0151682744035802       0.35355459197571715     
   1.0000000000000000       0.35849056603773582     
  0.98533029097376745       0.34824339399753712     
           8
   9.2406025522897700E-002  0.91099925399350312     
   7.0598721217615776E-002  0.90638498105835130     
   7.1522399973388384E-002  0.89443200245682730     
   7.2187232357243655E-002  0.88594892591001906     
   7.8098875210889221E-002  0.88628594205671418     
   8.8740215537111908E-002  0.88080362859668915     
   9.8357137311244985E-002  0.88558404238306010     
   9.7643693712128971E-002  0.89145714883830862     
           3
  0.84005730159441649       0.67631454910368261     
  0.82101401679471664       0.67452576525432251     
  0.84480308218956712       0.65889700969845255     
           8
  0.77835662748646939       0.73835581342225676     
  0.77259377920608263       0.73296695989596106     
  0.77165942769818086       0.72215813284637143     
  0.76845727251970664       0.71649794050022186     
  0.77806273525844083       0.71662451359712132     
  0.78404489726473814       0.71190186904477937     
  0.79523260514791527       0.71157191742871306     
  0.79572332531401169       0.72114941742442851     
           3
  0.93319887009555302       0.53150881750753110     
  0.94339622641509435       0.51886792452830188     
  0.95704711451208835       0.50816498735158488     
           7
  0.17008752920495449       0.22284510478939146     
  0.16098924101034995       0.22693751240073373     
  0.15109465797366201       0.22263541249156088     
  0.14644238209101978       0.21411223331010593     
  0.14602048005282497       0.20220897751691935     
  0.16964658142474270       0.20407034168466875     
  0.17466040433397481       0.21244698867138948     
           3
   3.8818949166746580E-002  0.86291159614410096     
   2.8301886792452831E-002  0.85849056603773588     
   2.5619296029725229E-002  0.84602474542206607     
           5
   6.6317897040260212E-002  0.86814220041531220     
   5.6328654450729924E-002  0.87037141759943315     
   4.4636061692206852E-002  0.87364182387811096     
   4.7577672624572617E-002  0.85423574674960212     
   5.9752698703756657E-002  0.84655794073962698     
           4
   9.6511748680312134E-002  0.97729568401038625     
   7.3657509331733179E-002  0.94906277724295629     
   8.8248352870371055E-002  0.94938488399618015     
   9.9662105123758615E-002  0.95809628941856617     
           3
   8.8136357176783697E-002  0.91174022650657482     
   7.4852530524668170E-002  0.88968536205077664     
   9.3255018526271591E-002  0.89672394989693816     
           5
   8.0953711926527741E-002  0.99631326429392364     
   6.8327163084434497E-002  0.99542074026422855     
   7.1406148965820010E-002  0.96697136843052678     
   8.2182092172097293E-002  0.96850165292162771     
   8.5171981498167237E-002  0.97743484186025253     
           5
   8.0202577098308928E-002  0.94856396799395526     
   7.1433627648521611E-002  0.94367672556209892     
   7.1168504823313730E-002  0.93562736079278075     
  0.10024860210969763       0.92029546412468310     
   9.4428652718001604E-002  0.92622209700277380     
           5
  0.93925375156461177       0.37531402304309569     
  0.92394589199920862       0.38346928699922400     
  0.90935820033234560       0.37347463341205478     
  0.91424447775963624       0.36816026102685123     
  0.92396089993516539       0.35380041573328314     
           8
  0.96589519123212908        8.4544202255766837E-002
  0.96785611240923597        8.9921099541771771E-002
  0.95880193584814355        8.3645062548005092E-002
  0.95929615641660881        8.9407769403297088E-002
  0.93835758615300924        8.9075544454679065E-002
  0.94277791271557088        8.3281957759585967E-002
  0.94505424776455249        6.4905060596792075E-002
  0.96092152539220277        6.1980805802469688E-002
           6
  0.94605430780784849       0.36566345713183301     
  0.93218505702266319       0.37113896935169816     
  0.92364192167514370       0.37142297064757535     
  0.92915139692148052       0.34698000425855863     
  0.94913364720821314       0.34315567878086350     
  0.94681947907938269       0.35213256045992108     
           4
  0.98310624821024628       0.51770533288937537     
  0.97080808190371515       0.52308517774215280     
  0.95749693377861933       0.51168373505841813     
  0.97673483310280096       0.49544090481274600     
           7
   2.8006052674232937E-002  0.97997553458351294     
   1.6400985888171210E-002  0.98211264981236701     
   1.9934238931938002E-002  0.97703570206879675     
   3.0099802777036822E-002  0.96255017893301842     
   3.5875211461168323E-002  0.95978054306002292     
   4.1356165863372554E-002  0.95715619536310359     
   4.3714395683519897E-002  0.96829451848125980     
           6
  0.96808492515817335        7.3410579827385414E-002
  0.95626762269797894        7.9327897858879948E-002
  0.93801279321596731        7.9466846526727031E-002
  0.94236366373535096        6.5277573579045414E-002
  0.94215448226566278        5.7743734727409061E-002
  0.95432066589248998        5.8065971339091998E-002
           4
  0.96682339339377921        8.7096727606292917E-002
  0.95648758595487848        9.0693706497292886E-002
  0.95668739252773161        6.5955765750732226E-002
  0.98219955712296836        6.7977512962606693E-002
           3
  0.18741275844886701       0.24966380510150554     
  0.17555161015440787       0.23909382781100832     
  0.18867924528301888       0.23584905660377359     
           6
  0.92596172800119314       0.88097943340321638     
  0.92681195176462228       0.88738951355688644     
  0.91509433962264153       0.87735849056603776     
  0.91576285094701093       0.86806132538040881     
  0.92399127569744621       0.87202803006175589     
  0.92756732382027951       0.86577833502341184     
           6
   2.7626715395278507E-003  0.49262534085511300     
  -3.8812895769775395E-003  0.49416523638911780     
  -1.4940633693431639E-002  0.49061609182344224     
  -9.9520893967736303E-003  0.48133445967506333     
  -1.2738718714288758E-002  0.47438219595060427     
   8.9605453221814641E-003  0.47989928781928404     
           5
  0.77607701385249384       0.66578814749893866     
  0.77397703308160692       0.67246374830882516     
  0.75974423174765593       0.67573562338979709     
  0.76187445857088332       0.64491395036201027     
  0.77026885200032058       0.65056676199851093     
           7
  0.97090301704295812        7.7789414869270046E-002
  0.96052413575885931        7.7873918682556387E-002
  0.95743750949466466        7.1880460273884741E-002
  0.96353719594433251        6.9040379213445358E-002
  0.96649943116548254        5.1713417038765072E-002
  0.98078110477351721        5.5439127684701384E-002
  0.98455563948706659        6.4912607875004788E-002
           6
  0.90964151110813496       0.82511877783291820     
  0.89844497251426769       0.83364611426454449     
  0.88446587759018824       0.80970680094063185     
  0.89438241701869836       0.80715364368422915     
  0.90055674776757599       0.80593918437340317     
  0.90934985052609441       0.80957172425150359     
           3
  0.96019990360083995       0.52154377726194046     
  0.95905782361440528       0.49629850582896068     
  0.96802788722114963       0.49842437354744923     
           3
  0.77766354724858811       0.69475281418547297     
  0.78301886792452835       0.67924528301886788     
  0.79815059994186655       0.68660198092178604     
           8
  0.96427915246210660        9.9713688164838846E-002
  0.96521325796385660       0.10638788982020642     
  0.95834554658004456       0.10612038794368794     
  0.94283194105455759       0.10183636721127266     
  0.93913705660140312        8.4154614777687722E-002
  0.94468145169607542        8.2795037581418915E-002
  0.95421422151310620        8.2769762804942165E-002
  0.96771100156879319        8.1784275258769690E-002
           3
  0.99974897065020774       0.46182534541586640     
  0.97590976291215992       0.44911046364979129     
  0.99056603773584906       0.45283018867924529     
           5
  0.91565430037249051       0.39114712558222131     
  0.90566037735849059       0.37735849056603776     
  0.89956345760204914       0.36405234282218535     
  0.91271175828948270       0.36358032599359891     
  0.91987953992881555       0.36412112425190851     
           7
   4.7951444284335031E-002  0.87104711846389804     
   3.5848489693669175E-002  0.86843234480539977     
   3.8951232788501822E-002  0.86339412485668843     
   3.1881956105181172E-002  0.85830564482722149     
   4.4979308445981706E-002  0.84726651881081005     
   5.5382708080668773E-002  0.85206257093666460     
   6.1907646006612797E-002  0.85477369575025008     
           6
   8.2455467291352155E-002  0.91504685267943009     
   7.0861752684228535E-002  0.92004187206045751     
   6.9304978073914572E-002  0.91005927360612671     
   6.9883440959265714E-002  0.89082331803101467     
   8.1710593875679333E-002  0.89384747829235889     
   9.6568317420072949E-002  0.90042885540590911     
           5
  0.10464645846484028       0.95404176456140233     
   9.7415259426756010E-002  0.95262769329767361     
   8.7125951599261814E-002  0.95466794418037881     
   8.8559472941337106E-002  0.92912967533648194     
  0.10390775960521048       0.94264906995911246     
           6
   9.7079944200050075E-002  0.91683050825006740     
   8.1560843063993527E-002  0.91415084430646576     
   7.4704478506086497E-002  0.91665127815334790     
   7.4627408743163870E-002  0.90558391565992935     
   9.4389242768766410E-002  0.89334077882627816     
   9.3633413867462240E-002  0.90727375257068421     
           3
  0.22215631619370263       0.19282094423109494     
  0.20754716981132076       0.19811320754716982     
  0.21787680042524105       0.18467142873248515     
           7
   3.4207926993257851E-002  0.89580540391235208     
   2.3479163744109150E-002  0.90415296196246997     
   1.4015751719489131E-002  0.91092262234790433     
   5.0691997722036621E-003  0.89675785275648368     
   8.7437140670839041E-003  0.88530863384314984     
   2.0211135874961338E-002  0.88767643315091072     
   2.6890188836988418E-002  0.88078765564158068     
           8
   9.6924604369553566E-002  0.89641132860183415     
   9.4275281899390745E-002  0.91059421332430879     
   8.1074602934510978E-002  0.90778930166273564     
   7.4545310250432748E-002  0.89453381264099285     
   6.9641278854090147E-002  0.88336447805968010     
   8.3070859089864835E-002  0.88058062081113009     
   8.9310586751243023E-002  0.88218609421057748     
   9.1767234930786673E-002  0.88732130623435213     
