   101.00000000000000     
   100.00000000000000     
          51
           8
   22.000000000000000     
   8.0000000000000000     
   3.0000000000000000     
   6.0000000000000000     
   10.000000000000000     
   18.000000000000000     
   8.0000000000000000     
   13.000000000000000     
   13.000000000000000     
   3.0000000000000000     
   10.000000000000000     
   6.0000000000000000     
   23.000000000000000     
   8.0000000000000000     
   4.0000000000000000     
   13.000000000000000     
   6.0000000000000000     
   5.0000000000000000     
   10.000000000000000     
   22.000000000000000     
   13.000000000000000     
   13.000000000000000     
   18.000000000000000     
   14.000000000000000     
   14.000000000000000     
   26.000000000000000     
   23.000000000000000     
   4.0000000000000000     
   25.000000000000000     
   9.0000000000000000     
   8.0000000000000000     
   16.000000000000000     
   3.0000000000000000     
   1.0000000000000000     
   17.000000000000000     
   9.0000000000000000     
   15.000000000000000     
   2.0000000000000000     
   19.000000000000000     
   7.0000000000000000     
   6.0000000000000000     
   22.000000000000000     
   22.000000000000000     
   10.000000000000000     
   7.0000000000000000     
   4.0000000000000000     
   23.000000000000000     
   13.000000000000000     
   10.000000000000000     
   8.0000000000000000     
   14.000000000000000     
           1
  0.28712871287128711       0.32673267326732675     
           8
  0.41675832532790719       0.10870478446198929     
  0.41611657278993563       0.11750808274729029     
  0.40505374162084884       0.12313883651457963     
  0.39421299516688385       0.11683116397828304     
  0.39541531172053307       0.10962862764961284     
  0.39952048454390415        9.5004250609799223E-002
  0.41176726405407932        9.5250775808289015E-002
  0.41327145805955073       0.10075485061052755     
           8
  0.31960745403543245       0.86258483788992335     
  0.31462798534795078       0.86844322951802799     
  0.30911062350110230       0.87342751125599216     
  0.30160522218684094       0.87353823366258365     
  0.29611612849242436       0.85630679108062180     
  0.29714097942599238       0.85035095150337270     
  0.30191032128487283       0.85262895341962497     
  0.30773944474859355       0.85095024636924066     
           8
  0.91131202263886180       0.27148105412371792     
  0.90752157199029915       0.28066103693673278     
  0.90005418249135671       0.27604761180193249     
  0.89329378422372097       0.27669838355979898     
  0.88972648870316084       0.26267633628161202     
  0.89549449504741585       0.25769335993052578     
  0.90855432875198627       0.26130828519388755     
  0.91396748432401342       0.26017112692012884     
           7
  0.51809368313976578       0.87299773415676407     
  0.51559556612694113       0.86668255950789008     
  0.51115918326669985       0.87292613075904324     
  0.51741555996725608       0.85560043921997775     
  0.51442132499500837       0.84843014638038583     
  0.52431659979649725       0.84913571444493285     
  0.53666147237516215       0.85980658965638812     
           3
   8.3030006021382649E-002  0.19304911951635287     
   5.6311671796763219E-002  0.18741347838800335     
   6.2269054200554647E-002  0.17658432969692345     
           4
  0.27008811734303784       0.20181451575620379     
  0.25706501002382809       0.20112525471542000     
  0.25407187337690351       0.18316048250891992     
  0.28047633839771785       0.17932236844280808     
           8
   2.0423619855220294E-002  0.41914899278721740     
   1.0627449985722603E-002  0.41662013153357297     
   5.1688130298815724E-003  0.41395653194789117     
  -1.8596051284340571E-003  0.41511809430577606     
  -3.6875062770720321E-004  0.40120334437723831     
   6.0363770912658030E-003  0.39734320815687063     
   1.3381525267592091E-002  0.39522903920038532     
   2.1253136900821201E-002  0.40666820233402168     
           3
   8.7761391389356277E-002  0.20188162218918862     
   6.6766678066568802E-002  0.20588173380509936     
   6.9889909077154699E-002  0.18703596251170587     
           4
  0.39699408098475347       0.92157632640191345     
  0.38839323592219260       0.91135077411703147     
  0.38659985274743136       0.90161382119580558     
  0.40405787385239650       0.90062280917421755     
           6
  0.14792677163408671       0.21102541114646764     
  0.13103565125500771       0.20310214130615484     
  0.12734859818329283       0.19484321381488856     
  0.13339307043180040       0.18503143161314378     
  0.13830693840878797       0.18827515548860813     
  0.14724293337195174       0.18533670409798284     
           5
  0.90967876343732712       0.33133518578388665     
  0.90194472486330957       0.32101781604394231     
  0.89877619046011203       0.30980029454094560     
  0.91127680192150196       0.30511159513399833     
  0.92063605717100017       0.30717873940334101     
           3
  0.61326174221659568       0.94511909514204495     
  0.60141509924378300       0.94153974658200612     
  0.62088937569917280       0.92232807742825551     
           3
  0.43772986658343122       0.96954548584313804     
  0.43240303357045767       0.95880424047623503     
  0.45961688963518205       0.95527602241600973     
           3
  0.95968231384791369       0.36400090891390974     
  0.94306943999347814       0.35192168706030946     
  0.96087042855355520       0.35214017770449502     
           3
  0.46194076129176048        1.0093098468539807     
  0.46534653465346537        1.0000000000000000     
  0.47841146335883367        1.0014845174287508     
           8
  0.39244228917932372       0.91890793869487053     
  0.39090740629475346       0.92418846819430067     
  0.38427722661408936       0.91937055070274265     
  0.38470149233411921       0.91202043740829342     
  0.38266806703090195       0.90495199561369499     
  0.39014013041316603       0.90035727851760972     
  0.39567538620625764       0.90357622055783515     
  0.40974488523604391       0.90929708432608614     
           6
  0.48971640798740956       0.97039320425327857     
  0.47969607375554463       0.97410417112277647     
  0.47185921820800319       0.96172987867989390     
  0.47564604762242307       0.95019587977398334     
  0.49777398291070141       0.94788181157643325     
  0.49439254304906288       0.95660831804635060     
           3
  0.48565008847668178       0.13259876207135904     
  0.47054008540902564       0.13303831153602005     
  0.47524752475247523       0.11881188118811881     
           8
  0.45802701872127860        1.0121057616474780     
  0.45058250264478650        1.0116235176840602     
  0.44150524146162301        1.0098772884600662     
  0.43649402593310005        1.0087391180231116     
  0.43143004954022457       0.99847009260629205     
  0.44357342128394384       0.98673023829282747     
  0.45340770427907517       0.98623767446325650     
  0.45377878036748703       0.99180444783120747     
           8
  0.46696732875544433       0.17259800974575151     
  0.45328436982485598       0.16906125096853730     
  0.44577730137900712       0.17040652585738497     
  0.44090519913434612       0.16702267144005872     
  0.44339127408740364       0.14647114602125563     
  0.45371476459415083       0.14770593637909532     
  0.46287064032014585       0.15429529868297598     
  0.46870868365508267       0.15626270179645552     
           3
  0.92471645336291619       0.33474599379233899     
  0.91089108910891092       0.33663366336633666     
  0.92001093715210691       0.32278643530413093     
           5
  0.49782719862935082       0.94485542252588761     
  0.49200552183475171       0.95467416521077453     
  0.48023535375054166       0.94923081417916000     
  0.47374587280499264       0.93955985884548976     
  0.48567859941234526       0.92724519946286910     
           4
  0.60055023818028119       0.92527230943909533     
  0.60556798167850134       0.91910993428432974     
  0.62221023858923874       0.89845758808799270     
  0.61386138613861385       0.91089108910891092     
           3
  0.94935895918444435       0.28584131573534161     
  0.94094231394224592       0.27053463853293797     
  0.95049504950495045       0.27722772277227725     
           3
  0.28786305204598750       0.22365882177468477     
  0.26798578212143376       0.22744089457651831     
  0.26915104434236248       0.21180088274946821     
           8
  0.47346136132619915       0.94418377423630673     
  0.47906621068492861       0.94690045102735576     
  0.47586750486580448       0.95516453736190099     
  0.46981507853838644       0.94830824760775623     
  0.46383307557578679       0.95489612743263974     
  0.45463510435831683       0.94290463366375310     
  0.45981411071924577       0.92646211625698893     
  0.47346571728829956       0.92963233003837509     
           6
   9.9860717574855179E-002  0.21137344658653745     
   7.5350398774305230E-002  0.22173910110578726     
   7.8432636228694064E-002  0.21601142456284411     
   7.7871611528302090E-002  0.20666793461231658     
   8.5660166262890067E-002  0.19710935672007127     
   9.2740667281568698E-002  0.19368343629029666     
           3
  0.92398067776927273       0.30341762095127967     
  0.91089108910891092       0.29702970297029702     
  0.92151826274563409       0.28281108401800392     
           6
  0.12700723333662980       0.22911764703393836     
  0.11203818920690167       0.22907738733386074     
  0.10593586133086491       0.23189272906471975     
  0.10973787985461197       0.21235579296301632     
  0.11098709256739270       0.20347811018448750     
  0.12720325093640164       0.21787970913904278     
           6
  0.48032017694879836       0.12862498275943557     
  0.46980718072383859       0.13105719137102032     
  0.46114702214331105       0.11858646710632813     
  0.47730579262594497       0.10459891809494827     
  0.48641090572694790       0.10638780127722632     
  0.48771171586334805       0.11634105815001758     
           8
  0.94352814931984541       0.27717763178199756     
  0.93144382380759505       0.28667037390801675     
  0.92484542411144355       0.28940606080244635     
  0.92160564298767567       0.28016026267053384     
  0.91971844774206879       0.27344162099454683     
  0.92155094286926076       0.26769039773853875     
  0.92520243795492740       0.26340691517868919     
  0.94194186927559764       0.26699305770078813     
           7
  0.43909895644554209       0.99471769857023717     
  0.42866037377054023       0.98989501918057421     
  0.42137966230545360       0.99259777023747431     
  0.41303333027677536       0.98888394974643534     
  0.41374275475379951       0.97653564126734160     
  0.42625696398835616       0.96635245088859412     
  0.43470942368685889       0.96925800066133638     
           7
   9.3070193604745902E-002  0.41994136547274752     
   7.3348187206801974E-002  0.42962858649960489     
   6.8582069527910697E-002  0.42303131151550222     
   6.8544999352256775E-002  0.41432756383494412     
   7.6834949691113721E-002  0.40656338183917728     
   9.3114659229031588E-002  0.40667025294171810     
   9.0984596595411679E-002  0.41364405116348152     
           6
  0.43415915369550739       0.99439874018846841     
  0.41636134825729282       0.98917091254084777     
  0.41239306784638446       0.99347745306675828     
  0.41359427953592459       0.96770546565662285     
  0.41958043183498894       0.97234741764819621     
  0.43902425277782559       0.96784254432912753     
           6
   8.8541544578879708E-002  0.42593124393984660     
   7.9459078998895302E-002  0.42447681656604397     
   6.7395422316548506E-002  0.43030218600377740     
   6.5454042263348722E-002  0.41977450837897368     
   6.4981341766988499E-002  0.40294022886233599     
   7.9207920792079209E-002  0.41584158415841582     
           8
  0.30503888800933859       0.21058659680481581     
  0.29237939009800962       0.20698774173856405     
  0.28938414694032738       0.21212690937462753     
  0.28396361915960350       0.20637548837483469     
  0.28243816666196153       0.19462833253967385     
  0.28345925545054967       0.18395018843233973     
  0.28916373332093198       0.19364337540662035     
  0.30629827609472560       0.19720220298143010     
           7
  0.17229701271421100       0.23755320019085940     
  0.16331461702755282       0.25049358478425687     
  0.15212274449816782       0.25212464342905488     
  0.15106635675481186       0.22535988314314551     
  0.15558862617330935       0.22916407592219704     
  0.16010351026467079       0.22585920781855034     
  0.17189256090506813       0.22686731688546771     
           6
  0.35862399954877339       0.91827055929693502     
  0.34430796612532966       0.92311883770660952     
  0.34661355922533210       0.91162824759370731     
  0.34609087672604122       0.90311340394045314     
  0.35498869196331201       0.90207702707528803     
  0.36091853960762693       0.89653570503252134     
           3
  0.97029702970297027       0.33663366336633666     
  0.95980744233771098       0.32294212691688262     
  0.97094383063926737       0.32491670949472090     
           4
  0.36485356993785162       0.28481235358098189     
  0.34632969151075405       0.27540759325819331     
  0.34345556121745952       0.26830835754162441     
  0.36523750779096037       0.27251454162553740     
           3
  0.28004625460574289       0.26621073526191213     
  0.27151734631000601       0.26561106699049969     
  0.27401551571485300       0.24355276128567169     
           6
  0.42164729328465861       0.19257082073949508     
  0.41250386001008976       0.19032350804290338     
  0.40567173469356654       0.18487312514640022     
  0.40410276808759527       0.17313517744755813     
  0.40368985393153739       0.16649279490748273     
  0.41197853757133329       0.16669323486527715     
           6
   1.8979550085373255E-002  0.50962425825077418     
   9.0691665335117851E-003  0.48901818726048646     
   1.6670175482860060E-002  0.48681316873910491     
   2.1783790238220215E-002  0.48298719331607753     
   3.4030419070246912E-002  0.48070127087306008     
   3.3661789918135655E-002  0.48700612283592953     
           3
  0.15863946847798313       0.21200078611102424     
  0.15215424159845364       0.18606581914804418     
  0.16842249823483993       0.19846200572120293     
           6
  0.56483003143842492       0.90271712450319641     
  0.55346735105355671       0.90047579720691617     
  0.54622800942455307       0.89638458955474676     
  0.54031855703006249       0.89366047851826935     
  0.54952528659711330       0.87732935525574951     
  0.56325760076075526       0.89126658991678087     
           4
  0.44554455445544555       0.96039603960396036     
  0.43705482766089154       0.97473114708070130     
  0.43558756035921253       0.94626545531008410     
  0.44933664795276967       0.94957339582577394     
           5
  0.18231711085859478       0.24022687972018156     
  0.15870409115312906       0.23641735960151100     
  0.16036169469419215       0.21666655558656625     
  0.16672881078856072       0.21753377224770254     
  0.17435080376453974       0.21695889243204974     
           5
  0.34681342930719228       0.88502789817302752     
  0.33673518648363204       0.88085225583190729     
  0.32692331953649700       0.87778890838519719     
  0.32557346346524074       0.86263355043199008     
  0.34640891415356062       0.87327738404465338     
           8
  0.47268501990831635       0.98311627487775999     
  0.47821885392414037       0.99169343945459365     
  0.47057778079803653       0.99338259992583389     
  0.46476929990009580       0.99095251316390875     
  0.45136617669158346       0.98071541054958467     
  0.45150161961867319       0.97529010644455938     
  0.46712495568892298       0.97249857500795100     
  0.47442001559342462       0.97691778061375534     
           3
  0.61458105108244843       0.96398811431948062     
  0.60338028723454595       0.96245294800578485     
  0.61414264048358347       0.93838348054217635     
           4
   8.5551074857535131E-002  0.24531763510141738     
   6.7170472782214691E-002  0.24512780710279286     
   7.1197644591589920E-002  0.23597187612405668     
   7.2833050098677868E-002  0.22344114503937376     
