   103.00000000000000     
   100.00000000000000     
          62
           8
   18.000000000000000     
   11.000000000000000     
   18.000000000000000     
   17.000000000000000     
   21.000000000000000     
   6.0000000000000000     
   12.000000000000000     
   6.0000000000000000     
   21.000000000000000     
   14.000000000000000     
   2.0000000000000000     
   5.0000000000000000     
   12.000000000000000     
   23.000000000000000     
   23.000000000000000     
   19.000000000000000     
   18.000000000000000     
   8.0000000000000000     
   21.000000000000000     
   7.0000000000000000     
   19.000000000000000     
   18.000000000000000     
   7.0000000000000000     
   6.0000000000000000     
   12.000000000000000     
   21.000000000000000     
   6.0000000000000000     
   21.000000000000000     
   20.000000000000000     
   18.000000000000000     
   6.0000000000000000     
   20.000000000000000     
   20.000000000000000     
   23.000000000000000     
   4.0000000000000000     
   21.000000000000000     
   4.0000000000000000     
   6.0000000000000000     
   9.0000000000000000     
   21.000000000000000     
   5.0000000000000000     
   20.000000000000000     
   11.000000000000000     
   16.000000000000000     
   48.000000000000000     
   2.0000000000000000     
   15.000000000000000     
   15.000000000000000     
   22.000000000000000     
   25.000000000000000     
   23.000000000000000     
   5.0000000000000000     
   24.000000000000000     
   11.000000000000000     
   24.000000000000000     
   20.000000000000000     
   21.000000000000000     
   10.000000000000000     
   24.000000000000000     
   3.0000000000000000     
   9.0000000000000000     
   5.0000000000000000     
           1
  0.70873786407766992       0.86407766990291257     
           8
  0.94290565715905339       0.22251819809858989     
  0.93522703477790881       0.22342393328931226     
  0.93085001447013926       0.21927712986178041     
  0.92788361796477437       0.20893003350430003     
  0.93098563514768096       0.20272246235591701     
  0.93649299634326766       0.20265531175252077     
  0.95047173075038316       0.20300161679355411     
  0.94970648173283767       0.21076104007409593     
           5
  0.18908804642762084       0.31443652542376083     
  0.18098668849769961       0.30968744249958857     
  0.17117295752358452       0.31485591353787479     
  0.17513648065980553       0.28735956321735640     
  0.19737147270970842       0.29782679419606384     
           8
  0.23643199614234003       0.93417127130252275     
  0.22184232608506879       0.93710152413406511     
  0.22108886547995202       0.93152142977920449     
  0.21521513061598144       0.93670955387823507     
  0.21465557346533365       0.92742546806533843     
  0.21001435454583223       0.92370726907138356     
  0.21639278597262721       0.91205003977056731     
  0.23330466913700096       0.90772176386001058     
           4
  0.16068044382144261       0.87643809665352412     
  0.16082172981368348       0.86447150244244009     
  0.17475728155339806       0.86407766990291257     
  0.18413477334216136       0.86797576317273051     
           7
  0.59750986728446198       0.91789182807457759     
  0.58507391485087090       0.92722508801721781     
  0.57420223027176454       0.91462600721305110     
  0.57199411420420165       0.90023706229765610     
  0.58418271733103622       0.90263206294880283     
  0.58867782136617230       0.89757691345361712     
  0.59091271516667288       0.90887486158597963     
           6
   9.5284217577066441E-002  0.25953181071504228     
   8.2004765163260968E-002  0.26047437992573802     
   7.6189860482986246E-002  0.25750382201478950     
   7.6342093738417188E-002  0.24827013853275570     
   8.8107808937832516E-002  0.24244929322367428     
   9.4767081700798686E-002  0.23819111658110820     
           8
  0.69727285784835791        7.7741160520017394E-002
  0.69058630522881415        7.6651141930168032E-002
  0.67702461126091240        7.6870819432993037E-002
  0.68026138557673821        6.9804609925162825E-002
  0.67823165932105589        6.2860495127016081E-002
  0.68508335199904635        6.0174103197628871E-002
  0.68477736793364030        5.3135930938004242E-002
  0.69114218655419435        5.4365256088891249E-002
           5
  0.10415363021652550       0.78515883470614545     
  0.11096978316455250       0.78934867363522410     
   8.4331633157086305E-002  0.78858351341143706     
   8.5290743004720532E-002  0.77640371071390790     
   9.3583413136275176E-002  0.76410723939030167     
           3
  0.27214919110308694       0.61655432977796021     
  0.26213592233009708       0.62135922330097082     
  0.27043026497541861       0.60696308063920457     
           7
  0.45138899003059813       0.31837242375032321     
  0.45446843812465532       0.32557128333994279     
  0.43360006151281649       0.32449577040345984     
  0.43340536663755247       0.31489835256029453     
  0.43355389304898373       0.30378298921033720     
  0.43698296048988694       0.29615760577739281     
  0.44899379541742007       0.30155521892849896     
           5
  0.26011933483290434        1.4991769222561775E-002
  0.24969734086981515        7.9369673774981990E-003
  0.24240349196254707        1.0871023808976631E-002
  0.23844242400469623       -1.0997313856533115E-002
  0.26073432151541348       -1.0827958739239911E-002
           4
   8.7417699885047828E-002   8.2104752750243731E-002
   8.7049672207833134E-002   8.9636423444627092E-002
   6.3306450660571875E-002   7.6230245667550475E-002
   7.0702386351229218E-002   6.7120211447143696E-002
           4
  0.61177698215403220       0.99193920938320101     
  0.59729874433882468       0.99471449027957737     
  0.59810496336204100       0.98071660909932334     
  0.61425626677761325       0.97199528539658109     
           3
  0.15858292103732996       0.10596375514463670     
  0.14402182431073385       0.10577199874913168     
  0.16547829508173395        8.2189498082738927E-002
           3
  0.29126213592233008       0.66990291262135926     
  0.28049142352640694       0.66260440538199394     
  0.29194796544238871       0.65656344766073449     
           3
  0.26733230881784148        1.0122259559747500     
  0.24820941745840097        1.0139765472480817     
  0.24622354464220778       0.98883659950022706     
           7
  0.20223844903760108        6.0958080038768644E-003
  0.20811646935394901        1.2514034775946557E-002
  0.19640621117419671        1.3902677410532756E-002
  0.18503532610144732        9.5162656857222718E-003
  0.18077109780974152       -2.1414116775149614E-003
  0.19965975513101589       -1.3412412099914530E-002
  0.20558620400213923       -8.7153028972888937E-003
           3
  0.97046019326531330       0.32021323392757783     
  0.94717544191541037       0.30886164062119709     
  0.97535165646070054       0.30043967124683929     
           5
  0.16412656454148097       0.33480186310083876     
  0.14607119172609589       0.33382019536204710     
  0.14517709602975290       0.32093676495386508     
  0.15133245145420857       0.30603449293896096     
  0.15862290415495703       0.30643964076812735     
           5
  0.78062582163548910       0.12836782622282780     
  0.75909647185387041       0.13545774013323969     
  0.75589990044554534       0.12339287279693083     
  0.77436432281051215       0.11147613550751917     
  0.78207187745337559       0.11348094514012637     
           4
  0.17990597785371468       0.30503882746742050     
  0.16739194132557303       0.30102652586261736     
  0.16469828793208693       0.28281012095211810     
  0.18618352966739854       0.28963686320294574     
           3
  0.26533795207086563       0.41123245568650846     
  0.25478910805060878       0.38688239626758864     
  0.27463862059645039       0.39276614326086234     
           8
  0.34400112564636731        5.2567447131989770E-002
  0.33537684515150140        5.0059287951378935E-002
  0.31993335517479043        5.2409373197000217E-002
  0.32195159193733652        4.7507318560559640E-002
  0.31657513076214461        4.2308587841694785E-002
  0.31630137679128351        3.3188389479096095E-002
  0.32242008205736644        3.6709001667227445E-002
  0.34022337153070087        3.0273246047835038E-002
           5
  0.19204592777754417        1.5370249593406548E-003
  0.18274486795170822        1.3426754062812220E-002
  0.16974130363973924       -1.0613862962454838E-003
  0.16942448629970852       -8.9166634659823829E-003
  0.17995927060483463       -9.4008709253090763E-003
           5
  0.12183866371043831       0.33376869170441664     
  0.10474173497237579       0.30941761963994813     
  0.11095709244150039       0.30605213298949357     
  0.12436251178595750       0.30756211399719413     
  0.13096122596770965       0.31262306589440086     
           8
  0.11677051302471733       0.27832552795864846     
  0.11050850243989577       0.28304231315196549     
  0.10062988947820314       0.28528566921428722     
   9.5014353485723485E-002  0.27983642550306409     
   9.4837881756887010E-002  0.27441919348919008     
  0.10274389440289042       0.25863944032527542     
  0.11679619858879881       0.25687844920958974     
  0.11240907182945895       0.26413025594624789     
           5
  0.98952123925537949        5.2449052940663459E-004
  0.96743480978432750        9.7593856411009525E-003
  0.96650050870461224       -1.4244203514559085E-002
  0.97448476902150072       -1.3929167676678716E-002
  0.98776420928102748       -1.5076013849926889E-002
           3
  0.66323156973740249       0.96431934255678975     
  0.66990291262135926       0.95145631067961167     
  0.67881307703535665       0.95548535687751224     
           3
  0.66990291262135926       0.99029126213592233     
  0.66140588716371218       0.98167525003148737     
  0.67724120855049974       0.97913772526942677     
           7
  0.15295098721170439       0.79870325267002595     
  0.14394762250046478       0.79915725224513312     
  0.13373958625632643       0.79314462229310267     
  0.13716646464692078       0.77893749393654654     
  0.13606060317983099       0.77164234148288513     
  0.15377997471583801       0.77465012323697569     
  0.15518259831595738       0.78503854858744038     
           3
  0.26285258093001579       0.87760780852276710     
  0.25304988884040713       0.88704906975434439     
  0.24117454384751472       0.86289939315991837     
           6
  0.64531509197414749       0.98092451393628366     
  0.63724634407252101       0.98047895144225816     
  0.62143027580881094       0.97429785597047858     
  0.62484809592776802       0.95889647429547042     
  0.63817457403374278       0.96286449931182139     
  0.64132157655147992       0.95748486021476609     
           6
  0.13849325817137786       0.29137978265561454     
  0.13264648947386759       0.29664391218618436     
  0.12577996237208458       0.29168513237739724     
  0.12703018216298217       0.27823112002964812     
  0.12833271202820926       0.26787344202206109     
  0.13761829190300479       0.26769878834261585     
           5
  0.21843243363271578       0.39566511821471861     
  0.21053827385620719       0.39918868365343380     
  0.19180071807789936       0.38220530920446899     
  0.20586008097371764       0.37824156107341700     
  0.21362374875628343       0.38684157753431669     
           4
  0.11062437903129486       0.28924350951674610     
   8.4278433161661351E-002  0.27538464415142699     
   8.6512184797580494E-002  0.26748623216393064     
  0.10802083814959050       0.27506690923368970     
           4
  0.79156337001576382       0.10610690541191682     
  0.77645557761620476       0.10132655332679394     
  0.77382728779545584        9.4129265170060566E-002
  0.79443515290292699        9.7183348775565961E-002
           8
  0.51884712272405098       0.37114593403422341     
  0.50951495517534628       0.37377176638360748     
  0.50355731784824576       0.35845387907494008     
  0.50055843854062410       0.34594155030736418     
  0.51392774983004763       0.34477592272084678     
  0.52243151157783585       0.34577028215724231     
  0.52348702571780104       0.35274736892516223     
  0.52870869845367396       0.35444443113722640     
           4
  0.30868425120719944        9.6618021597189643E-002
  0.28695802217040201        8.7607268055138660E-002
  0.28905852836181856        7.5764818026785918E-002
  0.30688735646469595        7.5622078486908537E-002
           7
  0.21392798202878735       0.35582884564938805     
  0.20435162586256042       0.36288539531912134     
  0.19099639538944599       0.35903031367055266     
  0.19499508864739062       0.34865535042171319     
  0.19146615812154186       0.33941116415170997     
  0.20345880350979087       0.34119342673224912     
  0.21451177471274316       0.34950480912147786     
           3
  0.22115621314920153       0.96222372457994376     
  0.22264393279357014       0.95275943197490176     
  0.24327276941967835       0.94576634589967268     
           5
  0.16049978742064402       0.14048373281694909     
  0.14472227805756235       0.14795998423464377     
  0.13734901966259702       0.14548222011977180     
  0.13710185219172796       0.13005697285731435     
  0.15621770495771525       0.13084723588690678     
           6
  0.28235475663330284       0.35703613586665417     
  0.27265048197284392       0.35904982984091927     
  0.26486948835035856       0.36135065802916611     
  0.25786482652037607       0.36090251993937938     
  0.26105991666818379       0.34807184175961786     
  0.27534019290657291       0.34121493723125090     
           5
  0.19382044619749611        8.9695983586754735E-003
  0.17230658877441068        4.5529695776666372E-003
  0.17190345010097408       -4.0430244922123647E-003
  0.17479690855462338       -1.1180818608111725E-002
  0.18524910086419946       -1.0146008859933149E-002
           7
  0.30300679614715070       0.99311495562675223     
  0.30451702647230716       0.99947219160920564     
  0.29401297458449183        1.0029125353088042     
  0.28975994619335071       0.99823384502933876     
  0.28438636725624372       0.98105764256856043     
  0.29505956620373380       0.98076731075234969     
  0.30442423098790128       0.98054928970609212     
           4
  0.80100470346964103       0.14398908993124640     
  0.77297919984230379       0.14780107344997098     
  0.77343344547121795       0.13927258331568584     
  0.80127901818321545       0.13232406745883932     
           7
  0.13052937274044496       0.84954827393412546     
  0.12480605661344463       0.84521572639949694     
  0.10953138765506805       0.84523604672170283     
  0.10818984728179359       0.83434621194997627     
  0.10142712880548532       0.82194083066442358     
  0.13010353475575362       0.82196043901880467     
  0.12578852055596507       0.83282308942381933     
           3
  0.29126213592233008       0.63106796116504860     
  0.27753630394090767       0.62169580804314906     
  0.28646217257709994       0.61777909071075154     
           8
  0.65505088685229196       0.97281865722615701     
  0.63947616435688537       0.97484632485088007     
  0.62692998229365404       0.97433724011514211     
  0.62633262896557029       0.96421489610794597     
  0.63716661229440819       0.94736153600665107     
  0.64213867883996101       0.95306504037797857     
  0.64967858286244795       0.94686086979702533     
  0.65398792469974387       0.96150131744851497     
           3
  0.16504854368932040       0.86407766990291257     
  0.17288035733969662       0.87003960257804580     
  0.15508667894666969       0.85675104321921836     
           4
  0.99827418987743244       0.28968147652908699     
  0.97565733040793468       0.29581835500214199     
  0.97885921530397868       0.27634851595824800     
  0.99098813532342123       0.27256711005858986     
           7
  0.16871830260451043       0.30313766932176162     
  0.17007592251177417       0.31238961929204323     
  0.14885532781636915       0.31267100494014355     
  0.14218057565099324       0.29844385422408731     
  0.14845668878633758       0.28907164672524849     
  0.15363887760219325       0.29177418479801132     
  0.16500399203722868       0.28980235931759091     
           6
  0.17522206493922185       0.32029033346419683     
  0.17922209755929328       0.33242602947996180     
  0.16277743868339548       0.33489078118745408     
  0.15107998915804480       0.30987748940812870     
  0.16848636737989794       0.30888114966834795     
  0.17617433524785192       0.31399689319472729     
           7
  0.32218562545414109        8.7443137046057828E-002
  0.30293162091020220        9.0876960551885322E-002
  0.29824882728152846        8.3233967707319320E-002
  0.30138302483053642        7.4108584503852395E-002
  0.30655028504100690        6.7583040810329037E-002
  0.31359962114631612        6.3631133872786516E-002
  0.31970209593464738        6.6252719047330710E-002
           7
  0.11809679854025450       0.10945541399292083     
  0.12182168739552179       0.11932226846365566     
  0.11530233830458768       0.11892695876347578     
  0.10674467521447611       0.11830144743217644     
  0.10296510928129976        9.5765653076963692E-002
  0.11504070565241227       0.10206239822705296     
  0.12157568116469938        9.3204359047299179E-002
           7
  0.59817780013827049        1.0011587207460757     
  0.58359880115789975        1.0021800213370016     
  0.58270330285216476       0.99593255849536344     
  0.58190631508804580       0.98382246961763375     
  0.58246482929185273       0.97557774787650753     
  0.58842371234811797       0.98162298163901884     
  0.59454201641046334       0.97840056260956265     
           8
  0.16580476462123506       0.85850272706037989     
  0.16792997224591000       0.86909215877515833     
  0.14360871745471490       0.86818005512220453     
  0.14135399680416524       0.85595809800986411     
  0.14989842547436599       0.84562007922456550     
  0.15728561841227215       0.84061871760363338     
  0.16959286806303456       0.84327068713858533     
  0.16389726300222496       0.85153367480526121     
           3
  0.29035977788805095        9.9258350174747156E-002
  0.27119475812451838        8.7778197081189654E-002
  0.27892326104658766        7.9345251914848619E-002
           7
  0.15589488945299823        9.4475609984866329E-002
  0.15327454636414861       0.10000055038925469     
  0.13709758537872480       0.10042982824583736     
  0.13777668153467229        9.4761193740533142E-002
  0.13577185661074451        8.3399031093066470E-002
  0.15448991463298067        7.4779855423400474E-002
  0.15679852009659728        8.6355157218840212E-002
           5
  0.14627606887260025       0.83309829357121346     
  0.14016498832036767       0.83688775259491210     
  0.12799052763935043       0.83050784985328852     
  0.12585985465474236       0.81869098459572198     
  0.14851825321462347       0.81588025498579808     
           7
  0.62275732549259055       0.92972659242972444     
  0.62013523585920938       0.93610698251009572     
  0.60886316533978613       0.93096746956137055     
  0.60237980644677080       0.93126694392732490     
  0.60251196961183617       0.91702111146589849     
  0.61194653054405157       0.91337232956697323     
  0.62272818586255840       0.92333080836451342     
           4
  0.28807166182334853       0.32304348700887614     
  0.26920569333307703       0.32292056306508610     
  0.26891833378664548       0.29659882141461191     
  0.28557524072182233       0.29665161511388161     
           7
  0.17731806216440998       0.31863520062092804     
  0.17077937809189397       0.32558271526906452     
  0.17783621904229310       0.29671662166874863     
  0.18799530421021043       0.29566835125382501     
  0.18625572682352257       0.30150687518639302     
  0.19734767062273850       0.30021896338754317     
  0.19236013293237039       0.30637854066542469     
