   102.00000000000000     
   100.00000000000000     
          67
           8
   10.000000000000000     
   3.0000000000000000     
   7.0000000000000000     
   18.000000000000000     
   2.0000000000000000     
   2.0000000000000000     
   23.000000000000000     
   8.0000000000000000     
   9.0000000000000000     
   22.000000000000000     
   12.000000000000000     
   20.000000000000000     
   21.000000000000000     
   9.0000000000000000     
   6.0000000000000000     
   11.000000000000000     
   18.000000000000000     
   23.000000000000000     
   10.000000000000000     
   11.000000000000000     
   3.0000000000000000     
   10.000000000000000     
   23.000000000000000     
   8.0000000000000000     
   16.000000000000000     
   26.000000000000000     
   19.000000000000000     
   9.0000000000000000     
   18.000000000000000     
   5.0000000000000000     
   23.000000000000000     
   1.0000000000000000     
   2.0000000000000000     
   21.000000000000000     
   19.000000000000000     
   5.0000000000000000     
   14.000000000000000     
   10.000000000000000     
   2.0000000000000000     
   16.000000000000000     
   17.000000000000000     
   5.0000000000000000     
   16.000000000000000     
   6.0000000000000000     
   11.000000000000000     
   14.000000000000000     
   17.000000000000000     
   8.0000000000000000     
   48.000000000000000     
   12.000000000000000     
   9.0000000000000000     
   6.0000000000000000     
   10.000000000000000     
   19.000000000000000     
   22.000000000000000     
   5.0000000000000000     
   12.000000000000000     
   5.0000000000000000     
   9.0000000000000000     
   8.0000000000000000     
   21.000000000000000     
   9.0000000000000000     
   3.0000000000000000     
   8.0000000000000000     
   9.0000000000000000     
   16.000000000000000     
   17.000000000000000     
           1
  0.85294117647058820       0.38235294117647056     
           8
  0.62763643551055293       0.44829495227765687     
  0.61498151633938181       0.44979194723576116     
  0.61035310796796083       0.45130510349418584     
  0.60511561742467557       0.44428040003083619     
  0.60528530212634779       0.43784999559499904     
  0.61373004442186707       0.43337096956722215     
  0.62437911395951085       0.43093551808028646     
  0.63134835351222218       0.42782159088287774     
           7
   5.8183940112734027E-002  0.70793996577253437     
   4.6427375458366449E-002  0.70381545256541378     
   3.5102884629172666E-002  0.70366172857309728     
   3.9675316116275235E-002  0.68609604933482826     
   4.7326785935490084E-002  0.68791871278010974     
   5.6307169786268936E-002  0.69066239887830672     
   5.7507957513589433E-002  0.69591689355107034     
           6
  0.70453754313522554       0.14029754754601076     
  0.69153724399573391       0.13770405598129853     
  0.68301567289447518       0.13996815306731145     
  0.68395051233968129       0.13104818872355956     
  0.69018733065301785       0.12012069143680490     
  0.69550589943263352       0.11671223362389285     
           7
  0.58718674893247891       0.62176241131119392     
  0.57665453388834065       0.62657836474436224     
  0.56626059131660045       0.62945095401269457     
  0.56905949130443112       0.62035451659686636     
  0.56506405642568935       0.61160561071320418     
  0.56932198136282164       0.60442936620450016     
  0.58421294913887767       0.60568451202147822     
           4
  0.45092028050709171       0.93059559596551067     
  0.44117647058823528       0.93137254901960786     
  0.43155736676048528       0.92637804615834085     
  0.44652483351290112       0.92430467853521259     
           4
  0.29038323358948781       0.13483915680317507     
  0.27542186070758534       0.12724117926497192     
  0.28855965156494767       0.11476916532159527     
  0.29593140964148235       0.12329969850144820     
           5
  0.50725353570249754       0.78569263620897090     
  0.50123294573223509       0.78781152194371251     
  0.48732696736089437       0.77982407965319367     
  0.48695302689035092       0.77210409651023670     
  0.50000000000000000       0.77450980392156865     
           5
   7.6960562870079061E-002  0.65373620091481743     
   7.3665031780716358E-002  0.66673521744394570     
   5.7466240823775862E-002  0.65473713898455710     
   5.9815055791660771E-002  0.64720608574046179     
   8.0653062721615348E-002  0.64317507087625314     
           3
  0.23569165049222621       0.84455148483272890     
  0.23586525804433894       0.81998415759099352     
  0.25409957551474283       0.82729039270461346     
           7
   2.3316492129920922E-002   7.7980428156223330E-002
   1.1980417172519190E-002   7.9291558412956209E-002
   5.6294096339529727E-003   7.6588204226059456E-002
  -3.6760885734205290E-003   7.4085087242349759E-002
  -2.4796040912328753E-003   6.3060454407325703E-002
   1.0666958471214523E-002   5.7900704228615714E-002
   1.7813844146012996E-002   7.0072938629089837E-002
           8
  0.71970476336341294       0.14185367208342864     
  0.70026595511450695       0.15112403124791177     
  0.70251480838333269       0.14490210511731497     
  0.69594215507109725       0.14402487663159952     
  0.69490601737143565       0.13179048154180695     
  0.70965312285266691       0.12510911616072698     
  0.71744312903649166       0.12942365184284038     
  0.71652317791148790       0.13636680334791140     
           3
  0.26618390111725809       0.85533589498431917     
  0.28256551699775179       0.82954646768198925     
  0.28348979742696695       0.83932041861889617     
           4
  0.51827095557828173       0.84901924341137369     
  0.50409910352660547       0.85613393092187284     
  0.50135997518344078       0.83297040159934854     
  0.51457183344545132       0.83234796189872484     
           5
  0.46432587549461801       0.98378584003206282     
  0.44214429668633037       0.99274621207636315     
  0.43852411894668025       0.98582378090545786     
  0.44210808486281328       0.97261198534443505     
  0.46498184135471932       0.96763790307342379     
           8
  0.65429011179919960       0.45254646025144080     
  0.66105992408106795       0.46038919839666059     
  0.65785387296466957       0.46404925765747668     
  0.65130106756205375       0.46048276550839784     
  0.63521414691162348       0.45116422832721087     
  0.63801802620608117       0.44168672723019620     
  0.64487893563748477       0.43934763801414412     
  0.65237876996186550       0.44270340130356617     
           7
  0.28326487979700521       0.88141765532689464     
  0.28845754179600314       0.89162344639241109     
  0.27962563092228349       0.89023973764786946     
  0.27341314056613103       0.88970586052842071     
  0.26184260919462543       0.87369397974168483     
  0.27736361744033561       0.87143725887556645     
  0.28765087371362769       0.86894448166970062     
           6
  0.16687031205281211       0.69086649763704844     
  0.16004305787576079       0.69839431235228566     
  0.14719565622386804       0.68745527662226769     
  0.14554276817159401       0.67791769157616610     
  0.15696559017403344       0.67738079782802552     
  0.16189891570682252       0.67244589292194590     
           5
   2.9495698743169770E-002  0.14749673337720925     
   2.2837955244820022E-002  0.14566933958932735     
   1.0207912628591605E-002  0.14492524266916804     
   1.0273940435589086E-002  0.13374432607563003     
   3.3284606106864401E-002  0.13193677042358209     
           8
  0.78336240109010324       0.21866755042989131     
  0.77720667360549101       0.21937352680668054     
  0.76561542303509245       0.21942990758714376     
  0.76052159560497146       0.21699406915486100     
  0.76688384608963778       0.21249832140650887     
  0.77113628429233594       0.19717480142479746     
  0.77591636898926553       0.19481478646849232     
  0.78547343763985067       0.19402607778895947     
           6
  0.14733792988717642       0.71772283837813500     
  0.12891856387217207       0.71083171008493706     
  0.12705248302672942       0.70507571041474926     
  0.13438480921538387       0.69539790855231820     
  0.14302822520852101       0.69531966870684558     
  0.15069818460298950       0.69964629952043100     
           8
  0.32647970063476722       0.87669380220046600     
  0.32011711113414582       0.87549170879195037     
  0.31203729940557667       0.87637505187017062     
  0.30632335345104783       0.87607267355727192     
  0.30518900003669214       0.86646940808460937     
  0.31653751226025900       0.85000935650450649     
  0.32439277160353852       0.85814623106457577     
  0.32346133321389248       0.86818222276586432     
           3
   4.5362286190817544E-002  0.71850530822455849     
   4.6535166471823056E-002  0.70308346020138845     
   6.8041797110249769E-002  0.69948566890664865     
           3
  0.71568627450980393       0.14705882352941177     
  0.70551431224457817       0.15372779305494708     
  0.71003022259495840       0.13898509740400339     
           5
   3.2561682064108755E-002  0.12402095717405644     
   1.6695611334996630E-002  0.12752316054532564     
   1.1371504368294486E-002  0.12191957815537927     
   1.4718492298879823E-002  0.10505023373494356     
   2.8461441211901958E-002  0.11923172862438888     
           8
  0.72966333132700556       0.20350670828510031     
  0.72244777507360458       0.21414384155117341     
  0.71299087334547828       0.21707261279673279     
  0.70212565026227591       0.20155104095983320     
  0.70941639669210366       0.19361115049823382     
  0.71538881885006866       0.19459578835984553     
  0.72254339509789312       0.19590970000891064     
  0.72275216786941687       0.20190908100792287     
           4
  0.12663406472650338       0.74704754210662205     
  0.11764705882352941       0.74509803921568629     
  0.10839437387930985       0.73349923344954471     
  0.12896913486795583       0.73268924477243980     
           7
  0.65840043508769319       0.71355661593888886     
  0.65461918739672509       0.71773891480702456     
  0.64499176421865545       0.71303486229358559     
  0.63964785633218946       0.71091030207377237     
  0.63516563996592890       0.70346989770303447     
  0.64985262235073449       0.69511889261444004     
  0.66049850884434869       0.69523153356241518     
           6
   3.0789324684874993E-002  0.16341656403104476     
   1.9912070998064191E-002  0.16987869110845541     
   6.8078975656756559E-003  0.15888087546635737     
   1.2185996255139470E-002  0.14717237055153362     
   2.1744909110762992E-002  0.14935645923274338     
   3.2600769246620621E-002  0.14762875864537203     
           4
  0.38489465747808804       0.16950768782360401     
  0.37276489350364661       0.17011970741604435     
  0.36447872049268049       0.14948805380852787     
  0.37151445609371020       0.14306294189717633     
           8
  0.30429843987915467       0.86437750942919556     
  0.30434058877504366       0.87220508463563051     
  0.29577706199611181       0.86988902506831633     
  0.29185071144419766       0.87330737465692554     
  0.28666475507117845       0.86371201253612528     
  0.28699075612804881       0.85035145823551828     
  0.29279480846516126       0.85184294575024633     
  0.30346720198733518       0.84909510818114942     
           7
  0.67944072540644840       0.54067778469702188     
  0.67125735947972365       0.53853663601417523     
  0.65983122899213165       0.53951333324260897     
  0.65797682467566587       0.53384545904745873     
  0.65634566592802190       0.52521645955774621     
  0.66142896190187861       0.51878665287567616     
  0.67039764358217357       0.52101125669078141     
           3
  0.31629227370338142       0.15016272954565260     
  0.30559519630946702       0.13036732885200472     
  0.32385711390652622       0.12516202842171609     
           6
  0.63838424475322453       0.46113870798448869     
  0.63115824229341422       0.46434299045021271     
  0.61851634066941308       0.46044384693347468     
  0.61648512913223508       0.45358922654816725     
  0.62256828059532099       0.43807659533712018     
  0.63805705809309665       0.45457282833630702     
           8
  0.26268221315344853       0.87126382297813032     
  0.26580870067015766       0.87547066630128356     
  0.25500608015838633       0.87526851386673610     
  0.24375978645186930       0.87230426486246093     
  0.24751071596424420       0.86297395933873822     
  0.24139438962380197       0.85334880450102590     
  0.26225616364701598       0.85645273196742577     
  0.26765335080077340       0.85731372251538041     
           7
  0.61744718081280869       0.67074804961209278     
  0.60782538646096429       0.67657940930596194     
  0.60199825488848457       0.67951380705500442     
  0.59667848989668260       0.66281752665197868     
  0.60614364877727112       0.65855293323969233     
  0.61233276659314406       0.65858311996152141     
  0.61989218931349743       0.65462181244099027     
           7
  0.34462015515034916       0.16843679840482334     
  0.33834258043806720       0.16691765989799764     
  0.32745831487564531       0.16762222045907826     
  0.32447012261508551       0.16185493947839816     
  0.32487260136521245       0.14480816662117796     
  0.33701067676337704       0.14377246194328130     
  0.33806311234842445       0.14969784951306675     
           3
   7.8431372549019607E-002  0.66666666666666663     
   6.5886385805523306E-002  0.66629604246433205     
   7.4974433124526244E-002  0.65706045220464981     
           3
  0.76699407653381413       0.15821650434315920     
  0.75207984845289932       0.15834400884412037     
  0.75066135581012594       0.13708137375626575     
           5
  0.72049046712251053       0.15756196738702680     
  0.70692471110978372       0.15104933544033233     
  0.71606254504879419       0.13789476604655684     
  0.72576136317317497       0.13755514225075502     
  0.72668052256934712       0.14532816099491694     
           4
  0.73295206052043871       0.15607790045917741     
  0.72558758353576491       0.15782965130555970     
  0.72764056533873855       0.13825853483792980     
  0.74382899014557791       0.14416926886715350     
           5
   7.8181977294332877E-002  0.67849414157687793     
   7.1303826304840445E-002  0.67128193119433821     
   6.9366029191728795E-002  0.66516915977154711     
   8.4016497405069654E-002  0.65962512271550044     
   9.1434025649883899E-002  0.65277768601042552     
           5
  0.35334208090321628       0.20861763018050644     
  0.34579713907061099       0.20375440760135291     
  0.34293886209548702       0.19569830478004840     
  0.34604602833867798       0.18342282800302231     
  0.35757086867172511       0.18811985685750118     
           3
  0.54580574910895452       0.81647279181458987     
  0.54062917310384595       0.79639673284780310     
  0.55247544387230574       0.79498304272227416     
           6
  0.26314056674383046       0.86855451852620846     
  0.24181257286395141       0.87606534169131245     
  0.24116176153396601       0.86675443942868469     
  0.24659871674685208       0.86345103847148374     
  0.24517279440891931       0.85743130043866000     
  0.26254768560683550       0.85207988465370066     
           5
  0.28282704027346023       0.85341811419267910     
  0.27136900099869810       0.85053620313390432     
  0.26207684764939526       0.84813806198396324     
  0.26404866763646995       0.83759538498313624     
  0.28584220305402341       0.83609206063107844     
           3
  0.50294999319661504       0.83110815171913732     
  0.50554666015857663       0.81383481164138782     
  0.52225705570881187       0.82138497656414866     
           3
  0.58823529411764708       0.68627450980392157     
  0.57802162525621659       0.69254963491640276     
  0.57660677792229997       0.67650819234290727     
           7
  0.26249026355935340       0.84817617468481643     
  0.26306424821060481       0.85530789658568673     
  0.25796531331851830       0.85109921506008701     
  0.25033063225317204       0.85121757068440174     
  0.24386585124716467       0.84187100617469890     
  0.25855115502017550       0.83333032937126839     
  0.26877545228551553       0.83755026087644002     
           3
   7.8068540898528979E-002  0.71673178053562758     
   7.8431372549019607E-002  0.70588235294117652     
   9.1853537759502155E-002  0.70902146191806537     
           5
  0.75364489228751452       0.15917138900377537     
  0.75749015619946958       0.16604496090293580     
  0.73495811814697998       0.16961572684529949     
  0.74380198806297249       0.14781300530893113     
  0.75615361005490567       0.14894204194050009     
           8
   7.2241130173020002E-002  0.75559072019012563     
   6.5319998576324922E-002  0.75459511927283807     
   5.8625785247396346E-002  0.75631993078659687     
   5.1136296129290403E-002  0.75869950903831851     
   4.8209875707531574E-002  0.75428952414480543     
   4.9284937449694623E-002  0.74817414027654772     
   5.0652948163524739E-002  0.73364694049586876     
   6.6834971832387471E-002  0.74406477543235294     
           7
  0.14472779407447267       0.70478450107252921     
  0.13765218064517604       0.71352911458096968     
  0.13181358074231697       0.71987458068322030     
  0.12830786077864145       0.70307377663733783     
  0.12463247979743380       0.69310143636908306     
  0.14401547645513540       0.69857939231250576     
  0.15084310276679050       0.69730604388331752     
           3
  0.77649450997553349       0.14782935687196316     
  0.75898588409510870       0.14732250133369693     
  0.76470588235294112       0.13725490196078433     
           3
  0.33333333333333331       0.90196078431372551     
  0.31972593241334374       0.89609112643164723     
  0.33055679377626657       0.89455039992903596     
           5
  0.72314509570292884       0.15117160836601223     
  0.71762441929941978       0.14851079452229549     
  0.71270325239508647       0.13361371412415074     
  0.71960910195374250       0.12996891219940285     
  0.73532500326891237       0.12461747350020103     
           6
  0.63499596075152864       0.45649114652956663     
  0.63101799090998445       0.46104955362604039     
  0.62160916597659266       0.45934506909398576     
  0.61742006430573393       0.44627816762115058     
  0.63148877524197500       0.44308166962986950     
  0.63863492524693133       0.44288950099336405     
           6
  0.10588736919306536       0.72629031608255401     
  0.10724013670301664       0.73579815591051478     
   8.9371385891623967E-002  0.73558703711726414     
   8.8793776014100739E-002  0.72357165070589979     
   8.9831871433034505E-002  0.71266392016328206     
  0.11124211097508702       0.71434086186733647     
           6
   6.9840325829611985E-002   9.1375130670725710E-002
   5.6069816446188844E-002   9.0371673991690882E-002
   5.1651046968116128E-002   8.4418364034356097E-002
   4.6412867444714900E-002   6.5813971762636231E-002
   5.5439910082268659E-002   6.8114699026728218E-002
   6.8238900725545421E-002   7.8069857828059461E-002
           3
  0.27450980392156865       0.86274509803921573     
  0.26370644497932816       0.85013215713951740     
  0.28096670195116413       0.85169351730408605     
           3
  0.60208382186973330       0.62263960578107413     
  0.58823529411764708       0.62745098039215685     
  0.59713811201103051       0.61559044209473124     
           6
   4.9615335118101164E-002  0.77226976576176032     
   4.4990432547470038E-002  0.77665940245571152     
   4.5764755206306226E-002  0.76011845471355155     
   5.0227748611065770E-002  0.75272886905631353     
   6.9298760512075758E-002  0.75493452592475541     
   6.6492983393774477E-002  0.76053805840184463     
           3
  0.44488343993158214        1.0077452871926256     
  0.43985396150092704       0.99393557070534244     
  0.46031728662718102       0.99774774304547831     
           7
  0.76814709572559592       0.22369378292619688     
  0.76266696730059980       0.22997668266830484     
  0.74991387319321257       0.23479017112403239     
  0.74309511105265713       0.21690710290417906     
  0.74864558044710949       0.21588909457205660     
  0.75527320296506129       0.21588279177219535     
  0.76000658813588529       0.21328102971882740     
           8
  0.67853656811874374       0.65048745130983665     
  0.67568236125330028       0.65479216844787480     
  0.66534861765857778       0.66060972253254324     
  0.65784660734241207       0.64870482203424473     
  0.65572047257748012       0.64377264582817906     
  0.66228610544083721       0.63874821689532968     
  0.66201233892622457       0.63328650788050667     
  0.67822771892035960       0.64386896726838827     
           5
  0.57826171360887912       0.79187740671605877     
  0.56915642229160324       0.79152068520254049     
  0.55847930987090089       0.77100350864453848     
  0.58256221264724661       0.77165240694846360     
  0.58019334454634230       0.77842353417639720     
           8
  0.57688954154597061       0.83172601225113429     
  0.57763349488673987       0.83720031343814250     
  0.56901980327231005       0.83244656525701333     
  0.55945433372023412       0.83215510618086930     
  0.56067435664912368       0.82442255298397360     
  0.56182910384359286       0.81248824346488102     
  0.56852327127879110       0.80999209602545996     
  0.57895300328731047       0.82015467958579735     
           4
  0.36520488377559068       0.14600791393631643     
  0.35905605317780603       0.15053884034466591     
  0.34534068164683535       0.12346354135332820     
  0.36422224084932137       0.13613196021029542     
