   109.00000000000000     
   100.00000000000000     
          66
           8
   12.000000000000000     
   12.000000000000000     
   10.000000000000000     
   2.0000000000000000     
   23.000000000000000     
   15.000000000000000     
   16.000000000000000     
   26.000000000000000     
   12.000000000000000     
   12.000000000000000     
   26.000000000000000     
   10.000000000000000     
   22.000000000000000     
   4.0000000000000000     
   16.000000000000000     
   8.0000000000000000     
   23.000000000000000     
   2.0000000000000000     
   24.000000000000000     
   12.000000000000000     
   24.000000000000000     
   4.0000000000000000     
   19.000000000000000     
   21.000000000000000     
   7.0000000000000000     
   15.000000000000000     
   14.000000000000000     
   18.000000000000000     
   7.0000000000000000     
   20.000000000000000     
   18.000000000000000     
   2.0000000000000000     
   21.000000000000000     
   21.000000000000000     
   3.0000000000000000     
   5.0000000000000000     
   20.000000000000000     
   16.000000000000000     
   25.000000000000000     
   3.0000000000000000     
   10.000000000000000     
   18.000000000000000     
   4.0000000000000000     
   14.000000000000000     
   6.0000000000000000     
   13.000000000000000     
   25.000000000000000     
   17.000000000000000     
   15.000000000000000     
   19.000000000000000     
   21.000000000000000     
   15.000000000000000     
   25.000000000000000     
   7.0000000000000000     
   4.0000000000000000     
   16.000000000000000     
   24.000000000000000     
   16.000000000000000     
   10.000000000000000     
   15.000000000000000     
   14.000000000000000     
   14.000000000000000     
   2.0000000000000000     
   1.0000000000000000     
   9.0000000000000000     
   3.0000000000000000     
           1
  0.53211009174311930       0.82568807339449546     
           8
   5.3314354751060646E-002  0.61104810349589633     
   4.5401455309868839E-002  0.61640784564369000     
   3.4421230211844032E-002  0.61496695938184465     
   3.1225483306711786E-002  0.60491019492862430     
   3.5393194704409790E-002  0.59548157766739895     
   4.3722770742161597E-002  0.59644664271347225     
   5.2710947946573758E-002  0.59570070697493993     
   5.7801741428562002E-002  0.60136354799688585     
           5
  0.32462647321897631       0.90033406310729303     
  0.31888862650128064       0.91333516545414251     
  0.29937027636861047       0.88946450453987114     
  0.30634179447566012       0.88620188890732232     
  0.32317858571158237       0.89197231697312451     
           6
  0.86125287492445202       0.16302054407029265     
  0.84814209129139562       0.16369740254366916     
  0.84411116070726666       0.16927042522050054     
  0.84365913653650049       0.15930271481525468     
  0.84201398373928238       0.14198839084716799     
  0.85505121290083719       0.14501346043755237     
           6
  0.22146750594085077       0.61274634386942850     
  0.22402215921983759       0.62354145430573493     
  0.20294873309881187       0.62016795479713061     
  0.20255802071924961       0.60739091033059711     
  0.21389982252338458       0.60428059852730587     
  0.22453220816520947       0.60497713150697896     
           4
  0.63879480534311173       0.84769526087772307     
  0.63786684050593223       0.83910594125586324     
  0.64120907623903423       0.83133657621545065     
  0.65137614678899081       0.83486238532110091     
           6
  0.19797275634984018       0.36321191270118947     
  0.18852630069085713       0.36696314542278802     
  0.17515750798938567       0.37104334811105244     
  0.17252862305865363       0.35256879738386304     
  0.17937884987930128       0.34779456002010695     
  0.18495559833284894       0.34325630390748763     
           5
  0.19749521076391241       0.79833127057935171     
  0.17710518129639574       0.79667387422200608     
  0.16934337550608086       0.80255636783026030     
  0.17847254195615453       0.78011938921400337     
  0.19014822654527816       0.77936116823340729     
           8
   7.3818098577680624E-002  0.91117610361738555     
   7.7363491889442623E-002  0.92282444840313049     
   6.1721373766178138E-002  0.92083662473730454     
   5.4565179097655930E-002  0.92007009817724461     
   4.9941421112363070E-002  0.91097062304062959     
   5.0362395471233799E-002  0.90096135492008311     
   5.4061306516163074E-002  0.89482962457258097     
   5.9937260033404369E-002  0.90025877394919607     
           3
  0.65940063853434694       0.72760223655995682     
  0.64672576321605846       0.70356512426339435     
  0.67357863101162585       0.71401361819316078     
           3
  0.24770642201834864       0.82568807339449546     
  0.24074125012966388       0.81752283888579969     
  0.24942896760560815       0.81524453562076349     
           6
  0.13212977100896500       0.67176758353066846     
  0.12478556820724161       0.67002256638182256     
  0.11626022076191114       0.65569041357944136     
  0.12595931955864498       0.64691720643846196     
  0.13355825157454962       0.64917874691140520     
  0.14251178955022004       0.65669507018243567     
           3
  0.66055045871559637       0.92660550458715596     
  0.65167252409364917       0.92030064102361697     
  0.67307212547075168       0.91457454822702366     
           5
  0.67269375992133840       0.88630598549955741     
  0.67466502840740705       0.89351957079161726     
  0.65655147559579996       0.89184861493747358     
  0.65305626334857714       0.86744994597842340     
  0.66897249200278963       0.87095200680697893     
           6
  0.18031624154871398       0.67740463523709504     
  0.17878664934904914       0.68337500081450708     
  0.17071877334816268       0.68199632064960436     
  0.16607696564099456       0.66475705819146969     
  0.17817059697095780       0.66214877048852583     
  0.18900183246231012       0.66890738741065037     
           5
  0.70518898880712999       0.87087702125701716     
  0.68504560836197748       0.88154330847278950     
  0.68784482253854440       0.86956698923403797     
  0.69620206295438303       0.86313223560900865     
  0.70544128211630808       0.85997547801730667     
           4
  0.28519775747366144       0.84450848255285604     
  0.26776289177916385       0.85396701805488906     
  0.26305620099668758       0.83855889536568484     
  0.28952008052164896       0.83568525523246273     
           3
  0.27927022278024460       0.81194861026882403     
  0.26866970902752724       0.78600132987079530     
  0.27710644891100661       0.78721563182108478     
           8
  0.38130098083363406       0.96079707200237441     
  0.37414143303755337       0.96271890821404393     
  0.36294208223379076       0.96870588856593420     
  0.35920684961558386       0.95482471330804808     
  0.35394005972537240       0.94340912163670088     
  0.36024795087179501       0.94595555406108311     
  0.36877732406081054       0.93938181450783320     
  0.38043561202296206       0.94146037224286916     
           5
   6.3430271482640535E-002  0.67865870987926336     
   5.0889620879920341E-002  0.66685004154699457     
   5.9050196132335177E-002  0.66154903449888813     
   7.6471397644037042E-002  0.65861408933815357     
   7.4038966882547519E-002  0.66498180165165421     
           6
   7.5351246306997494E-002  0.69490997294286661     
   7.8304400521283138E-002  0.70177343999207753     
   5.0628663323165811E-002  0.70726545566791366     
   5.1007116346906439E-002  0.69113263978187367     
   5.5730029348554130E-002  0.68396571184979404     
   6.5466677397310519E-002  0.68631681815670242     
           3
  0.73037485256873369       0.80317212800863025     
  0.71517144750638462       0.79408751325214622     
  0.72477064220183485       0.78899082568807344     
           8
  0.76603682041867993       0.96437304878281449     
  0.75198850788244531       0.97285046333492764     
  0.73951664322498933       0.96576181293813212     
  0.74046097227761987       0.95416261340981223     
  0.74144781658905601       0.94858483686140838     
  0.74621006543334478       0.95304726208041968     
  0.75804053535665739       0.95581353633699884     
  0.76618728350654475       0.95429792769834321     
           8
  0.12106501648200985       0.95682028014963982     
  0.12384970576854223       0.96642383351421357     
  0.11532692005762210       0.96562456212267445     
  0.10851327954278729       0.96533887598737722     
   9.7752456925705694E-002  0.96112188398968734     
   9.7396860642630978E-002  0.94809729671744969     
  0.10344261678633615       0.94374687318449391     
  0.11327415622378301       0.94673935273845267     
           4
  0.19005985112883111       0.86561903263224560     
  0.18126610306916996       0.85717264478274868     
  0.20333443736160842       0.84288671825124573     
  0.20741022428039160       0.85315939151878939     
           8
  0.71971572429237340       0.78320730655063331     
  0.71327483965594130       0.78912563812822245     
  0.70459065318439373       0.79170515464095170     
  0.69727449847652401       0.78900942971474464     
  0.69262415551307510       0.77592905906178433     
  0.69989075085238306       0.77230176363219516     
  0.71528305596163488       0.76783307373638976     
  0.71953592670327149       0.77261248652016612     
           5
  0.34648501088432981       0.93537684517533193     
  0.32792745184581595       0.94040700606721894     
  0.32555983485929135       0.91425665891920860     
  0.33753442117704141       0.91836769095326942     
  0.34544734287517742       0.91338202126667412     
           7
  0.27112306010492160       0.83973118734660135     
  0.25132897064265863       0.84601544809327911     
  0.24934363781620822       0.83860000459368456     
  0.24223843186847716       0.83865743248626223     
  0.24436526149239882       0.83291225637400135     
  0.24978362932479692       0.82346789472366422     
  0.27002991808519611       0.83009471009143887     
           4
  0.66594193165588955       0.88244785404187887     
  0.64824106805223725       0.87913004274115925     
  0.65083254267531665       0.85929332922363832     
  0.67211712307922089       0.86887420223967149     
           5
  0.19871770197929689       0.85580692815962223     
  0.20183486238532111       0.84403669724770647     
  0.20587948311331905       0.83237642508301180     
  0.21253144827814807       0.83142587544130797     
  0.21378083166787973       0.83953625309113300     
           4
  0.88532253847401610       0.17713505958555320     
  0.88434361642494974       0.16825135566613084     
  0.89140389555541211       0.15116363052679166     
  0.89908256880733950       0.16513761467889909     
           8
  0.39143607074724612       0.98921002403460223     
  0.38953765659437678       0.99604947505742103     
  0.37956202752856427       0.99216209509593312     
  0.37098327523986246       0.99544259328269724     
  0.37331325074345739       0.97939631330303800     
  0.37546969158883226       0.96944972615381564     
  0.39124357764045181       0.97189695991403713     
  0.39560306324152217       0.96769879696120575     
           7
  0.15487799375923247       0.92879828914512108     
  0.16030254667132343       0.93473999542192254     
  0.14592002181260205       0.93532678242040468     
  0.13358491712774700       0.92403226328777810     
  0.13945671016361938       0.91858057994430364     
  0.15722741780408897       0.91487956508887469     
  0.15905644257218465       0.92270027711951808     
           8
  0.38614216202059337       0.92841131085160311     
  0.37094451856486177       0.92759545204279314     
  0.36194751734128239       0.92764704175606716     
  0.36201714357898473       0.91696766587616008     
  0.36439334157293929       0.91020587195740299     
  0.36905300524696627       0.90280629235255094     
  0.37719147072045894       0.90969468566706035     
  0.38614806446871375       0.90952500111650370     
           6
  0.22023522862805064       0.38790599170374190     
  0.20244133442072287       0.38569883208035316     
  0.19687500947565739       0.38829186231123686     
  0.20169078943263968       0.37726384503777155     
  0.19985832129944273       0.37061487339756932     
  0.21902969265565700       0.37868443666453960     
           4
   7.3261466955694868E-002  0.65007891924340588     
   6.3903670246121549E-002  0.63828948469144597     
   7.9768203538748625E-002  0.62909107923875596     
   8.6057015356232364E-002  0.63571530724707781     
           4
  0.21216565365428056       0.42246043567907143     
  0.19066875385289944       0.41661229692207430     
  0.21100690088502180       0.40242507749107936     
  0.21601159892541758       0.40766908402392832     
           7
  0.15179173190295639       0.94509798247290633     
  0.15201542565746562       0.95540093391412551     
  0.14361906076434530       0.95375875198591709     
  0.12684903783151757       0.94832001873338556     
  0.12989798850440007       0.94151418012295485     
  0.13150823438466311       0.93306953847439034     
  0.15166635467326542       0.93395828953156457     
           8
  0.25744651123872631       0.80848196273457529     
  0.25971821133995165       0.81675541513118066     
  0.24270265815707354       0.81779620458396285     
  0.23338582124972235       0.81540782303702197     
  0.24879837059630144       0.79691776401754577     
  0.25571369334232952       0.79388975805022899     
  0.26211796963596207       0.79266097433531213     
  0.26026174003587632       0.79996367222526954     
           3
  0.22935779816513763       0.43119266055045874     
  0.22167133516145501       0.43390726276703645     
  0.21484445458302498       0.41775114955181625     
           4
  0.24756099070282506       0.38966699122972343     
  0.22436096045550319       0.39582860642574325     
  0.22687174447262801       0.37784556451317436     
  0.23192498093534633       0.37225354796087240     
           7
  0.27620811557854175       0.85760218718530723     
  0.26634214130781109       0.86630724110236712     
  0.26309747541273037       0.86069029964575339     
  0.25658280107405407       0.86635703619657567     
  0.25889128964948105       0.84344622038072159     
  0.26727006642892404       0.84470686396957040     
  0.26905786099835810       0.83858197003700463     
           5
  0.23932347249912478       0.42655538490574046     
  0.22864717871795906       0.42594947461432475     
  0.22428013158473248       0.42114972191173156     
  0.22740207079235192       0.40113025603423463     
  0.24193053923202579       0.40307556174677633     
           8
  0.27790001124419789       0.84507617890052489     
  0.26785260817993589       0.84529294876577032     
  0.25775573918778533       0.84075715566790954     
  0.25255293979930804       0.84203112899425536     
  0.25427575326114915       0.83608974621986953     
  0.25829969688321630       0.83117560746499708     
  0.26299458582136137       0.82536326542156624     
  0.27034406544348827       0.82722923662080539     
           6
  0.25067067529745535       0.41821037928516025     
  0.24173686618506574       0.41753298411561224     
  0.23885049672944114       0.41127778058631465     
  0.22727840325847010       0.41128278376590627     
  0.24258550083935496       0.39179622813856418     
  0.24652642223778903       0.40859264031491460     
           6
  0.72911494694305490        1.0046251629145928     
  0.72623833382373282        1.0147337595016888     
  0.70681561189595965        1.0038881418176959     
  0.70146981796476293       0.99315013036884670     
  0.71714496423844609       0.98932049047454351     
  0.72637386456413933       0.98986818527449938     
           5
  0.25989732248310249       0.64150121145607164     
  0.24274677712562764       0.64693706187756173     
  0.23790465133922381       0.62848136759368034     
  0.23754746685340064       0.61828604555187350     
  0.24995051067484236       0.62006826917655500     
           7
  0.36697247706422020       0.90825688073394495     
  0.35322828229237052       0.92070290791722942     
  0.35933697696382333       0.91136152259023229     
  0.35312135568449721       0.89491873880641193     
  0.36195332888417459       0.89632690078905208     
  0.38098051750128625       0.90193665149302904     
  0.37450604614624522       0.90428459105882086     
           3
  0.69240922371254632       0.75290723976425522     
  0.66606952409265874       0.74679713799751712     
  0.67889908256880738       0.74311926605504586     
           3
   7.4545887573421857E-002  0.64744189941237607     
   6.2088004634831467E-002  0.63916648740112503     
   7.6738464306746787E-002  0.62486521574451914     
           5
  0.17226292148529096       0.69193272222337898     
  0.16520688707989992       0.69179497516423849     
  0.15639907507852988       0.68315342960218828     
  0.15449413641038445       0.66890191885015537     
  0.17875700694081470       0.66497270358706817     
           6
  0.22777065094951934       0.89187772653933250     
  0.21769703068970048       0.89429492303427260     
  0.20551524695858137       0.89143524568982835     
  0.20853259749978256       0.88492539273591342     
  0.21248389266882103       0.86941844569513449     
  0.22252785496622909       0.87041708496348424     
           7
  0.76610729846909176       0.98635871296412991     
  0.75139673246901528       0.99420734721797777     
  0.74644485135322880       0.99099172788608836     
  0.74279250090075033       0.98256823731816434     
  0.74073510304465295       0.97436558230894221     
  0.75589367354813497       0.96797048677796171     
  0.76274776484241680       0.96910208013644328     
           7
  0.25967736693290533       0.42397270792849495     
  0.26193698398795040       0.43582172493871318     
  0.25321210925164939       0.43356391868335320     
  0.23681777560473127       0.42458660546595883     
  0.23642710757408933       0.41255493330320903     
  0.25590384743537625       0.41609210602156593     
  0.26163852253164949       0.40882994007535356     
           7
  0.74960313667906275       0.87957427611537231     
  0.73581274253378559       0.88312433042167471     
  0.72874264371927611       0.88278356989724416     
  0.73187884278195325       0.86625197738673987     
  0.74030286181139182       0.86032220723829111     
  0.75529878154982055       0.86581926405012588     
  0.75340554938820026       0.87118587552398896     
           3
  0.73394025623431969       0.87943703097163195     
  0.71747989411118118       0.88256229321388158     
  0.71948961647926390       0.85705993057391605     
           3
  0.71015872887294818       0.87902612553609094     
  0.68776262195220850       0.87556460939506509     
  0.68497425940380030       0.86326892133222377     
           6
  0.90314788950293512       0.18408025766100511     
  0.87967328862867478       0.18099480238275412     
  0.87707298445999726       0.17052209832789572     
  0.87785056899579617       0.16105574265124312     
  0.88771386628816151       0.16640309099422546     
  0.90320165192837909       0.17247748856699854     
           8
  0.67868360874017808       0.90884316943085885     
  0.67051048248211387       0.90985474629381913     
  0.67127392580240308       0.89889449213599326     
  0.66730205586873081       0.89334544703424268     
  0.67037728426671017       0.88535650177352210     
  0.67417177252765070       0.89139284445334332     
  0.68410141783941802       0.89000817958998224     
  0.69310878321046343       0.88701368339740982     
           5
  0.20461235484117371       0.86738883448409110     
  0.19927474767117723       0.87615696323377923     
  0.17799403615380352       0.87255608848788035     
  0.18806291542330794       0.84950144542540063     
  0.19644361507075547       0.85355754274330742     
           8
  0.37525299874805657        3.1298389441927902E-003
  0.36163514157526039        1.3334285027125095E-002
  0.35372704247165176        1.0806734464883401E-002
  0.35445201860250147        2.8165815140509293E-003
  0.35669468794997711       -4.4748231831722579E-003
  0.37336558120279845       -1.1866047676892817E-002
  0.38118931260306871       -1.0241423590718040E-002
  0.38115637308175387       -2.9343706807768901E-003
           8
  0.93199507795337366       0.21776176752673509     
  0.93036021268969316       0.22573907560876849     
  0.92260662438588459       0.22212192080863682     
  0.91502725526161932       0.22390982306098872     
  0.90510770348092118       0.21780333166204377     
  0.90640015202307678       0.21165500551139321     
  0.90928375554129592       0.20094528789010835     
  0.92497152917335757       0.20268833849564910     
           4
  0.91097999285670772       0.22813627004734388     
  0.90147708040352958       0.22772820508728836     
  0.90825688073394495       0.22018348623853212     
  0.92136790029120541       0.22347181895823379     
           4
  0.67855914913764959       0.79212830602865736     
  0.66449114876019810       0.79445625030771028     
  0.66972477064220182       0.77981651376146788     
  0.68185526066012891       0.77672624246601274     
           6
  0.24272208894270547       0.37752669402829730     
  0.23361809625130056       0.38022620223634573     
  0.22442399749669259       0.37414473619352928     
  0.24941858509762949       0.35743158549952525     
  0.24629946497463376       0.36578702900049265     
  0.25215075788018360       0.37005592120888808     
           8
  0.15855504304100884       0.95737298404647797     
  0.15345059692399088       0.95842781666873755     
  0.14532277849073616       0.95335109569305132     
  0.13782446237981483       0.95937630733001888     
  0.13365717182945028       0.94635591690086573     
  0.13443141750743010       0.93981775550596358     
  0.14477197140287934       0.93638147186599219     
  0.14862019306862814       0.93032729562747718     
           3
  0.29704402858604106       0.87068929130718442     
  0.29208233882532181       0.85023072070704242     
  0.30948463581926605       0.85431162265377925     
