   95.000000000000000     
   100.00000000000000     
          65
           8
   5.0000000000000000     
   20.000000000000000     
   7.0000000000000000     
   2.0000000000000000     
   19.000000000000000     
   19.000000000000000     
   9.0000000000000000     
   15.000000000000000     
   22.000000000000000     
   14.000000000000000     
   15.000000000000000     
   18.000000000000000     
   4.0000000000000000     
   6.0000000000000000     
   4.0000000000000000     
   10.000000000000000     
   16.000000000000000     
   14.000000000000000     
   1.0000000000000000     
   23.000000000000000     
   19.000000000000000     
   16.000000000000000     
   22.000000000000000     
   15.000000000000000     
   4.0000000000000000     
   21.000000000000000     
   16.000000000000000     
   22.000000000000000     
   6.0000000000000000     
   2.0000000000000000     
   11.000000000000000     
   5.0000000000000000     
   2.0000000000000000     
   12.000000000000000     
   6.0000000000000000     
   17.000000000000000     
   15.000000000000000     
   11.000000000000000     
   4.0000000000000000     
   22.000000000000000     
   13.000000000000000     
   21.000000000000000     
   13.000000000000000     
   20.000000000000000     
   6.0000000000000000     
   15.000000000000000     
   22.000000000000000     
   11.000000000000000     
   18.000000000000000     
   8.0000000000000000     
   22.000000000000000     
   16.000000000000000     
   7.0000000000000000     
   16.000000000000000     
   21.000000000000000     
   16.000000000000000     
   17.000000000000000     
   16.000000000000000     
   23.000000000000000     
   3.0000000000000000     
   20.000000000000000     
   13.000000000000000     
   6.0000000000000000     
   12.000000000000000     
   15.000000000000000     
           1
  0.43157894736842106       0.92631578947368420     
           8
  0.56592767487435491       0.87497282516402708     
  0.56884346461243773       0.88343213023319000     
  0.55562799668713525       0.88553041318309100     
  0.54634772402250165       0.88333884475441393     
  0.54604757070576915       0.87605172507234763     
  0.55516294576311664       0.86016505484832362     
  0.56574264942401120       0.86277540912212647     
  0.57062218369669271       0.86690707772062614     
           5
  0.92919143108534286       0.29815373079663926     
  0.92134722579234374       0.30879468148751887     
  0.90347303570215409       0.29466237115110472     
  0.91379130554981325       0.28369347388947869     
  0.92697894458368135       0.28319703197836971     
           5
  0.45547253606820359       0.13073868298307553     
  0.43559607439072978       0.13046066175733478     
  0.43400762461526526       0.12216412072710585     
  0.44648667481215182       0.10190625320140187     
  0.45022517067194262       0.10823184152612496     
           5
  0.24285163157141954        2.0874574547335226E-002
  0.22402352375422535        2.5060089117011020E-002
  0.21604263514236599        2.2498327354522941E-002
  0.22028253739823175        8.1648657370718900E-003
  0.23568890584925908        2.3972649151829516E-003
           6
  0.36821759681344041       0.38254842440902953     
  0.36496959089106201       0.39110780777563642     
  0.34452842139077922       0.38009020000291349     
  0.34621239759186251       0.36691637590389564     
  0.35455048725013233       0.36563427667016662     
  0.36959037572535014       0.36420024355999281     
           7
  0.89813932941778385       0.35093890523338572     
  0.89921953353038786       0.35881134321630781     
  0.88865491717389122       0.35946823695923708     
  0.88175947034097157       0.35894396740968565     
  0.87312993104096726       0.34278093952519012     
  0.87637222470447984       0.33208002527596420     
  0.89508039006311568       0.34575036034634127     
           3
  0.84739197601711547       0.67725042947889735     
  0.83983108438359388       0.66245945736972878     
  0.85263157894736841       0.66315789473684206     
           7
  0.12557956420244368       0.30301451837308524     
  0.13036442699792114       0.31169753548319734     
  0.12307816761133966       0.31329494780761052     
  0.10348469831748280       0.31347345501934470     
  0.10662573693476791       0.29053824857975591     
  0.11752362083773729       0.29053291051380314     
  0.12906978059487301       0.29782900389061800     
           8
  0.66344782296140170       0.28876151228211672     
  0.66252673472901713       0.29565823001304714     
  0.63707493599555876       0.29865351099856130     
  0.64336670072229984       0.29044824053417345     
  0.63761558586428269       0.28050867874123342     
  0.64156357054422453       0.27215365470826419     
  0.65787111304883439       0.26896121390563388     
  0.66777917656361185       0.27833223204509183     
           3
  0.94652376578320585       0.32448149411567556     
  0.93284008098763915       0.31058062943180692     
  0.94736842105263153       0.31578947368421051     
           7
  0.89256602468549373       0.73602870557018618     
  0.87506133619017779       0.73705904451053406     
  0.86979506110665383       0.74090657010005689     
  0.87501741484717110       0.71850012897403381     
  0.88510157655109167       0.71518062265796789     
  0.89899303501032779       0.71686237462362334     
  0.89347736063437144       0.72166603206422542     
           4
  0.73405512923080507       0.35767609636501341     
  0.72104063374380289       0.35839961031679252     
  0.71845191147153376       0.34025150916390923     
  0.72962677153216537       0.33345239378932334     
           6
  0.94713026317264393       0.77273279720858357     
  0.94019918878310349       0.76789074140921798     
  0.92240794187470299       0.77110656389998877     
  0.92458550159187813       0.76223521910856562     
  0.92255382696197386       0.75123459027917205     
  0.93578946036379917       0.74388799037309328     
           8
  0.47883022881704435       0.17714637503759137     
  0.48531091281210104       0.18400565002004418     
  0.47269091446165790       0.18195799760189449     
  0.45985132086251396       0.18117288603008772     
  0.46180334684880897       0.16762041597229729     
  0.45974945109264098       0.15860693353007022     
  0.46728693007746680       0.15535913451161881     
  0.48817706754962276       0.17174100091056640     
           3
  0.29717822994935411        7.6818910759399617E-002
  0.29473684210526313        6.3157894736842107E-002
  0.30310126820239747        6.6478452625519796E-002
           6
  0.95074837324786465       0.36870143605944061     
  0.93875669982807042       0.38280952440182087     
  0.92678148196524035       0.36060481239006803     
  0.93989988218292064       0.35407256793930775     
  0.95080158632701306       0.35569775317847141     
  0.94816967081657844       0.36251612918003517     
           3
  0.61333638497041520       0.94135337817617859     
  0.60392992108928645       0.91457105399592464     
  0.61052631578947369       0.92631578947368420     
           7
  0.66228049307811665       0.91868752120939123     
  0.66349856227033199       0.92833638996371848     
  0.64300947202264991       0.92540628090327393     
  0.64449073727376549       0.91567619483234874     
  0.64191178414211503       0.90527736693122762     
  0.65982952212545165       0.90040388638683932     
  0.65908343231957900       0.90741450374615040     
           5
  0.93930967221622963       0.70227074261010503     
  0.91840226743777531       0.70855860550555394     
  0.91282445706323256       0.70155097733321492     
  0.92423754828110161       0.69382168963708313     
  0.93739728802287514       0.69374386486885575     
           7
  0.61494188327387234       0.95703211793790188     
  0.60104672577862339       0.95575693695315611     
  0.59445118178061696       0.95830993915138041     
  0.58763962357014066       0.95973568887791505     
  0.59977584300769482       0.93453802026800825     
  0.60840428857691264       0.93231871482425521     
  0.61372750790172703       0.94688901384944968     
           7
  0.57941226229035980        4.1139224809251208E-003
  0.56176298830803983        1.5570482099805015E-002
  0.55365380042283063        1.5564122277250644E-002
  0.55406197116841127       -7.6997742672095639E-003
  0.56011055356963013       -4.3247538980995233E-003
  0.56461903523289281       -1.0135501408048562E-002
  0.58040766990048342       -5.2223985940815622E-003
           4
  0.97139475829804656       0.75928857498435598     
  0.95953745973440496       0.74780104305251072     
  0.95323546692234407       0.74054355667217753     
  0.98065178545727383       0.74625054954822023     
           5
  0.67792095653113249       0.91313517145497236     
  0.67047861668087638       0.91969153930678893     
  0.65056848598965156       0.91672482722097315     
  0.65838938799392088       0.88988311835005307     
  0.67340155360121512       0.89183286342489221     
           4
  0.72316195584892573       0.37212490550133920     
  0.72679243222554435       0.34639071378061326     
  0.74019249879718796       0.34931655200365624     
  0.74939850769652472       0.35488240208988009     
           5
  0.96937054304925729       0.38223416106319380     
  0.96142488695190353       0.37735071272069481     
  0.94854735675064417       0.36472782189676933     
  0.94230502532191052       0.35897889709372699     
  0.96927084490372262       0.36487856419250347     
           5
  0.99222069852721595       0.31624870496276236     
  0.98630144921963792       0.32769370028246736     
  0.96397166173695248       0.30084217210754427     
  0.97208268811092569       0.30045987796091778     
  0.99125914888493316       0.30016133366059872     
           3
  0.41944733967574760       0.46606524179293957     
  0.40224201710832330       0.46114905616728147     
  0.41276162962424467       0.45502784487834874     
           4
  0.91236768149477321       0.38915379876942069     
  0.90504988140314124       0.39254486993540783     
  0.89189588743048154       0.36403929769969856     
  0.90526315789473688       0.37894736842105264     
           6
  0.46585550546308774       0.15175482682647465     
  0.45448629866867385       0.14613438853165056     
  0.43766843793607213       0.14535725875125088     
  0.44069673285369737       0.13611490425809619     
  0.46422493916286611       0.12394481595458590     
  0.46156704605650367       0.13219162194887851     
           3
  0.94945481601529536       0.43629648744101246     
  0.93684210526315792       0.43157894736842106     
  0.93298783502876537       0.41929780574517761     
           7
  0.90829957083657620       0.75156316254433764     
  0.90117117349329046       0.74685649340663962     
  0.88465470761754073       0.74294491347338831     
  0.88675800555089446       0.73748115299883421     
  0.88497796556551078       0.73180582024088225     
  0.89617513714265773       0.72453874743820024     
  0.91022496381020113       0.72842353329104570     
           7
   9.2993607202933003E-003  0.76801792436878813     
  -1.5851955451107991E-003  0.77300392461868284     
  -5.4494083495464486E-004  0.76649758278831281     
  -5.4904255049066297E-003  0.74902229914225649     
   5.5617292500654402E-003  0.74493199680320010     
   1.2552290478249911E-002  0.74834904168958205     
   1.1055942876425123E-002  0.75489513639207995     
           4
  0.20424178979251323       0.40930486528856480     
  0.18438285783571909       0.42205564790122418     
  0.18234492286498802       0.39970187467175344     
  0.20494120388782772       0.40001894620541784     
           8
  0.98997975905674451       0.80790363967270951     
  0.98898411643779460       0.81329016740313120     
  0.96415904651273243       0.80561516244783438     
  0.96599974339806371       0.79824256999734333     
  0.96345608605700894       0.78658553676205956     
  0.97782041373079975       0.78859398297678385     
  0.98534896832465069       0.79179461796751505     
  0.98796861378094769       0.79777038445012693     
           7
  0.96267535329816545       0.69677790339909307     
  0.94768760236883121       0.69841990067141158     
  0.93661430317186445       0.69130504728162689     
  0.93606462685160574       0.68289484709547099     
  0.94335956377519170       0.67070012607884355     
  0.95059598893550268       0.67631850770404967     
  0.95545895897602862       0.68364833809127956     
           4
  0.93804791760772332        4.0531553614008573E-003
  0.93177858298006655        1.3783485634616083E-002
  0.92631578947368420        0.0000000000000000     
  0.94056365020346466       -1.5587121134313474E-002
           8
  0.97281781196476613       0.38538381414546380     
  0.97223174385025624       0.39109942048108892     
  0.95681777626571496       0.39430092283359630     
  0.94770834766015799       0.38497706980001439     
  0.94368867841129167       0.37747865967030597     
  0.94654411558075768       0.37281265199868691     
  0.94849089116682272       0.36488110915023925     
  0.96910678356653024       0.37138183279812231     
           6
  0.92899243206554871       0.70140761000191021     
  0.91700205412280367       0.70600064648591654     
  0.90156388373248797       0.70917134231376822     
  0.90204709678841488       0.69561817075535959     
  0.90495068624652442       0.68675617806223377     
  0.93048664799307867       0.69032260005141499     
           4
  0.47702659583955187       0.16063674245487114     
  0.46932139208980173       0.16086653364819301     
  0.45904479681043731       0.15263280386261777     
  0.47368421052631576       0.14736842105263157     
           6
   1.1071670139142349E-002  0.35839184809035834     
  -7.0867973071263388E-004  0.35736749300215165     
  -1.2600670070014220E-002  0.35728984543028797     
  -1.1458005914725520E-002  0.35113164356268090     
   1.3693121797807791E-002  0.33214818852974781     
   1.5160662970554337E-002  0.34206259431062358     
           8
  0.58366608500921768       0.94156684526022161     
  0.57600403574230274       0.94746693308744689     
  0.56713560695438403       0.95245764846235326     
  0.56001480116838220       0.95018974409662926     
  0.56221193054987040       0.92605626653790263     
  0.57217334165101785       0.92468426467036591     
  0.57851800395063724       0.92946073207055757     
  0.57898568021318286       0.93637388577681158     
           7
  0.38324184866397210       0.49248970629033306     
  0.37826422089126743       0.49797171793206757     
  0.37087741263594176       0.49920356302697899     
  0.36080567772670158       0.49236326516023610     
  0.36945744855571622       0.47542585099391621     
  0.38076130185779494       0.47773485548943556     
  0.38363779913998797       0.48285668154551320     
           6
  0.97126166902604005       0.77764367376203325     
  0.96207649840158849       0.77813722879441427     
  0.95487568206129880       0.77652172739043346     
  0.94753555592718741       0.78013661810698720     
  0.96543715948372366       0.75439690332916975     
  0.96902719168636720       0.76854457598713044     
           8
   1.0134211863245015       0.38213711013983498     
   1.0032583597650053       0.37743804304958561     
  0.99655103523928545       0.37858379346957793     
  0.98599907239615159       0.37289134392462003     
  0.98883384538375574       0.36509191257732510     
   1.0093745411802795       0.35928871151695230     
   1.0148795955758503       0.36372385148581660     
   1.0123313710356743       0.36917030649609872     
           4
  0.90775163620417376       0.75166369132159783     
  0.89078898598000578       0.75788407754453613     
  0.88470301829309994       0.75193725313465865     
  0.90361768641739437       0.73202849261919678     
           7
   1.0004855283290359       0.33306359574045546     
  0.98036560776450588       0.33971769564784610     
  0.97639212553022403       0.32628107401419498     
  0.97727747256253805       0.31315656457233682     
  0.98620768061059838       0.31398143176993976     
  0.99975280985517800       0.31450111327116792     
  0.99995610012448566       0.32079399538984449     
           8
  0.93664607509743625       0.39272514186974633     
  0.93682919260538455       0.40414390469709338     
  0.92818742379864261       0.40145649945039902     
  0.91786868657044163       0.40457013194445279     
  0.91319349183121212       0.39307819331300470     
  0.92183024837903005       0.37410083207496569     
  0.93821067538169789       0.37564089975433362     
  0.94083584715869317       0.38063313433818863     
           6
  0.95888037912075397       0.38268762708651988     
  0.94269735941566868       0.38242973961912374     
  0.94394784822846156       0.37376874816854166     
  0.94580286257123636       0.35672458597070800     
  0.96391624908864271       0.35486188190019213     
  0.97168487745171239       0.35681298951628559     
           6
  0.70616594968376134       0.36904735911522629     
  0.69045964584917119       0.37119064303547689     
  0.68621260620186986       0.35943037067045885     
  0.68043925009687056       0.35113978634907023     
  0.68964486141896897       0.35002355579133659     
  0.70851978032812335       0.35038869816917206     
           8
  0.91686301058966202       0.40235740855457225     
  0.91431515670196861       0.41403341983802500     
  0.89481280875136149       0.41256974641810534     
  0.89330006476001478       0.39384679942681217     
  0.89891801389904602       0.38712768060505842     
  0.90991831587239436       0.38761544701891715     
  0.91764203348052997       0.38566672745965525     
  0.91804087943138091       0.39340981364147642     
           7
  0.97663418169267757       0.80533649365850002     
  0.98389686944629096       0.81431639616595730     
  0.96842105263157896       0.81052631578947365     
  0.95856732231887332       0.80697753462118826     
  0.95366709517664383       0.79923028840432908     
  0.96843158033411447       0.79973661843200683     
  0.97802806761709193       0.79756439109861188     
           3
  0.58947368421052626       0.97894736842105268     
  0.57526363653038215       0.97300761542302061     
  0.60048264882256264       0.96858744401571895     
           5
  0.62434009221145870       0.96807615686056991     
  0.61484431538946938       0.97332983226567305     
  0.60569438599218794       0.97164813447006193     
  0.60245989303361602       0.95701482353210676     
  0.62111100618968418       0.95045282879970849     
           7
  0.64534782279715286       0.96434039425687434     
  0.62869597822934686       0.96915296456383992     
  0.61680488220571672       0.95281794585587121     
  0.62275810697097900       0.94921204458388264     
  0.62857166093506067       0.94476908475095756     
  0.63514160365722450       0.94996932421919333     
  0.64481636289540434       0.94921219371905596     
           8
  0.64240742211313939       0.89391829172690374     
  0.63289647179256625       0.89445605343476853     
  0.62707875658416379       0.89153724921676114     
  0.63027652314137306       0.88338449033090349     
  0.62878658922618391       0.87257287781841775     
  0.63686206989595950       0.86924849109896896     
  0.64077918865068850       0.87402815064167838     
  0.65301372148834114       0.87420079698388153     
           4
  0.95287964724101526       0.75114217704282249     
  0.93322464581781117       0.74965862894248436     
  0.96032066269342120       0.72232665452168665     
  0.95537889037616330       0.73595674798025312     
           3
  0.90359454926664651       0.70780288696700189     
  0.89473684210526316       0.70526315789473681     
  0.90294774492031915       0.69394495315062643     
           3
   8.2281422204304837E-003  0.72314705923231370     
  -9.1737807032343695E-003  0.73051095653106557     
  -1.5282697664954114E-002  0.71431328582501163     
           5
   1.0050839856055986       0.37974778211888094     
  0.99792618199979510       0.38142021284480687     
  0.97790547911669135       0.36606661472970314     
  0.97407918535806215       0.35466406800674355     
  0.98131531481228884       0.35531251747313403     
           8
  0.30517154082472547        5.8618397203655588E-002
  0.30491876125158723        6.5338420481573192E-002
  0.29033461536938887        6.0845231321983800E-002
  0.28205344052166981        4.8762378105411536E-002
  0.28182205614916922        3.9613922998776738E-002
  0.28814225263127630        3.9939145594309750E-002
  0.29544172378281325        4.1374924500987592E-002
  0.30549311926820394        5.0540006605929381E-002
           5
  0.94508916747161031       0.39141184640174675     
  0.92623343762319976       0.40067590169443135     
  0.92536363580553815       0.39347562217374532     
  0.92752038523617020       0.37901527232664034     
  0.95177731180951741       0.38078602566069819     
           4
  0.95644092588792406       0.37240348942242296     
  0.93625178438419510       0.37332224534154512     
  0.94397236069797197       0.34986592611975642     
  0.96261318585822464       0.35812239346822644     
           7
   1.0046925116761982       0.33917477458573320     
  0.99128577679831265       0.34932725185479940     
  0.98439397365121806       0.34746614071577786     
  0.97503322969552542       0.33818337233899842     
  0.97506432452487157       0.32889588053249369     
  0.97781353333392218       0.32227349299004154     
  0.99061431737442007       0.32783717952352598     
           5
   1.0126727843115153       0.38157459716542330     
   1.0025492252354893       0.37979329763180414     
  0.98586734331977710       0.38037831568083769     
  0.99410730799296032       0.35689259260052719     
   1.0127027596217537       0.35347134771449412     
           4
  0.17848208775422358       0.35157991144709905     
  0.17050861426090755       0.34849150854195854     
  0.15851041142756456       0.34672414724633266     
  0.17290891614503606       0.32867160872470574     
