   108.00000000000000     
   100.00000000000000     
          63
           8
   24.000000000000000     
   15.000000000000000     
   2.0000000000000000     
   3.0000000000000000     
   24.000000000000000     
   17.000000000000000     
   9.0000000000000000     
   4.0000000000000000     
   2.0000000000000000     
   15.000000000000000     
   20.000000000000000     
   17.000000000000000     
   15.000000000000000     
   20.000000000000000     
   8.0000000000000000     
   6.0000000000000000     
   2.0000000000000000     
   6.0000000000000000     
   18.000000000000000     
   5.0000000000000000     
   16.000000000000000     
   2.0000000000000000     
   18.000000000000000     
   1.0000000000000000     
   13.000000000000000     
   17.000000000000000     
   5.0000000000000000     
   14.000000000000000     
   19.000000000000000     
   3.0000000000000000     
   22.000000000000000     
   6.0000000000000000     
   9.0000000000000000     
   22.000000000000000     
   6.0000000000000000     
   18.000000000000000     
   23.000000000000000     
   24.000000000000000     
   4.0000000000000000     
   20.000000000000000     
   16.000000000000000     
   15.000000000000000     
   24.000000000000000     
   16.000000000000000     
   9.0000000000000000     
   4.0000000000000000     
   11.000000000000000     
   3.0000000000000000     
   54.000000000000000     
   36.000000000000000     
   19.000000000000000     
   11.000000000000000     
   21.000000000000000     
   12.000000000000000     
   9.0000000000000000     
   17.000000000000000     
   16.000000000000000     
   14.000000000000000     
   14.000000000000000     
   21.000000000000000     
   19.000000000000000     
   6.0000000000000000     
   17.000000000000000     
           1
  0.54629629629629628       0.67592592592592593     
           8
  0.74109105434342804       0.60811677066607162     
  0.73790257198975207       0.61371699352545384     
  0.72571638123919258       0.61386336429719746     
  0.72007258712678668       0.60810798898236329     
  0.71929952310825185       0.59879834150293243     
  0.72088979915191209       0.59130078499836902     
  0.72599682387948827       0.59469933387297746     
  0.73450771487103061       0.59489342265747103     
           7
  0.68463772531869527       0.25707817470009386     
  0.67851229511029376       0.25881184435851473     
  0.67064431216319298       0.26084404467228511     
  0.66614598956407634       0.25466279883659287     
  0.67189622694117479       0.24062931510195609     
  0.67906253132803773       0.23972753861434423     
  0.68623368942378971       0.24606858952887184     
           7
  0.38368130972335668       0.75713991596924357     
  0.37985589725763702       0.76187368235007824     
  0.37019061704677542       0.76089249462566000     
  0.36833097462275444       0.75071240860238431     
  0.37126294630350304       0.74527786366548243     
  0.37985015036357761       0.73961909178665763     
  0.39177422350395436       0.74451388167818833     
           8
  0.11006984567951698       0.86936861785985176     
  0.10382194651775994       0.86932559018844013     
   9.2452706755002168E-002  0.87305532197539770     
   9.5492400037969827E-002  0.86931693679654598     
   8.9780403301907757E-002  0.85705975338978657     
   9.8994265556112987E-002  0.85307204871013387     
  0.11410669144301155       0.85018830830169601     
  0.11083008360884730       0.86133273846147140     
           5
  0.12865899520493057       0.83009158741505407     
  0.12284896739269092       0.83033999964269956     
  0.11563699229690015       0.83176656941256832     
  0.11268079253572295       0.82644487535052980     
  0.12119235537761529       0.81315293366996266     
           6
  0.11295634499078239       0.14557013502755684     
   9.8763680963867659E-002  0.14553221437185004     
   9.0623936413584003E-002  0.13918590078149859     
   9.3163502052998809E-002  0.12948295235639079     
  0.10047865790845940       0.12776805951280026     
  0.10736949918658237       0.13061002311520542     
           8
  0.66880665464097688       0.75504945518011590     
  0.66501364906363392       0.75933376995700852     
  0.65619765553905129       0.76029000300250016     
  0.64747865942945826       0.75614571612729831     
  0.64537707545505996       0.74321635774688877     
  0.65146409578199627       0.74015111204367601     
  0.65956953571963661       0.73982964478728752     
  0.66635409353535358       0.74036844517264455     
           8
  0.72026224138755301       0.82806322385611186     
  0.72455124820188033       0.83472441502191697     
  0.71815890739927613       0.83527702081335087     
  0.70183720281520756       0.83162552206459350     
  0.70527433916527371       0.81770155520990784     
  0.70808693584954507       0.81293480759858650     
  0.71613493869166778       0.81360302859060463     
  0.72313323610406677       0.81367943223299599     
           6
  0.38962499615658902       0.80406594622326244     
  0.38786952250881590       0.81020313175324365     
  0.37246662464011820       0.81235467572608988     
  0.37104051030099727       0.80380223907069592     
  0.37492318050291723       0.79506429239445786     
  0.39175636856947771       0.79731538505752941     
           3
  0.40740740740740738       0.87037037037037035     
  0.40518019654928555       0.87692244784770068     
  0.39699726308304473       0.86325678340148670     
           3
  0.47470698812048151       0.94602013146524477     
  0.46618583181080298       0.94674157584916496     
  0.47222222222222221       0.93518518518518523     
           3
  0.39423651152894795       0.86019498127728233     
  0.37946385283324596       0.84986964634046736     
  0.39283641827498766       0.84297817555671584     
           5
  0.54836688520665355       0.96617985727988398     
  0.54707875223845204       0.97234312697366110     
  0.52967207659452520       0.97005802834938215     
  0.52701449124355659       0.95365140921466973     
  0.53829417860101825       0.95626137878019968     
           3
  0.14140917574100906       0.87442568607572968     
  0.12215263075400244       0.87754975701981053     
  0.13968051915531696       0.86049866734351177     
           5
  0.17657263547925098       0.84078331566385800     
  0.17169461219362761       0.84565001053653754     
  0.16457094254916024       0.84455714283226324     
  0.15438019898255467       0.83301700512745058     
  0.17619879511758202       0.82643663943138124     
           8
  0.56415196298634296       0.94479981933971235     
  0.56126572821997489       0.95082228603878738     
  0.55909296048430279       0.95562059752084871     
  0.55397131408980005       0.95425388559153324     
  0.54512929142648303       0.93896131199085953     
  0.54925838757708501       0.93400846208642130     
  0.55818363328672671       0.93569507529048279     
  0.56264316573262618       0.93415351774880551     
           6
  0.67661203393112168       0.79691493817825121     
  0.67884165229368854       0.80604797960102514     
  0.66048703069701675       0.80377306166312990     
  0.65839608408586170       0.79618113222787434     
  0.65823471587528759       0.78484792056561270     
  0.66955571715444007       0.78804203165196063     
           3
  0.41569415041941538       0.88790980959985710     
  0.40464044165616153       0.86753790102724415     
  0.41865793773161825       0.87208855796372198     
           4
  0.19034569663164044       0.84368168267751686     
  0.17699936930617938       0.84555642642916162     
  0.18581105989170366       0.82183633522433841     
  0.19405884111431765       0.83517419193249176     
           8
  0.69702232430603894       0.30198236962208580     
  0.69069198871750193       0.30398819773564978     
  0.68234200276374013       0.30734277547076155     
  0.67693366739793071       0.29449146655783887     
  0.67841321954093159       0.28439375900561126     
  0.69007631792861968       0.28875989616467068     
  0.69535396188460208       0.28552877831862444     
  0.69708941088667864       0.28972684273621380     
           4
  0.73026788998306524       0.84431149284194784     
  0.71172878395008732       0.83863406612878166     
  0.71060013150631529       0.82440420645240442     
  0.73107949467864086       0.83237317830639646     
           4
  0.17835343109737237       0.91308363178943741     
  0.16666666666666666       0.90740740740740744     
  0.16247469710186607       0.89631520637443673     
  0.17236556999306685       0.89782621999933332     
           3
  0.73458449909444956       0.34410592398810208     
  0.72222222222222221       0.33333333333333331     
  0.73031561074187601       0.32868624934845631     
           6
  0.15844797627982879       0.84469913920967332     
  0.13971276923427178       0.83860196068405413     
  0.13626073692271173       0.82516987639029205     
  0.14248798502534676       0.82502002356710613     
  0.14738830471058847       0.82322162761358786     
  0.15698715860693685       0.82277761571409669     
           6
  0.73329265365952323       0.33742940403313676     
  0.72867427817916797       0.34530056563809658     
  0.71856671812945483       0.34426791566989356     
  0.71286563660492952       0.34201795747613822     
  0.72187960539792095       0.32342645537711806     
  0.73106738541518801       0.32707534183731907     
           8
  0.74658969334906577       0.69492253001340809     
  0.74074279876854610       0.69499665020227341     
  0.72837788679057258       0.68949148685805040     
  0.73128910958089310       0.68221981066640403     
  0.72882660391551402       0.67384531992618923     
  0.74184154004336400       0.67728805992516039     
  0.74853448468503359       0.67430904055898655     
  0.75302223553791814       0.67625568255542834     
           3
  0.71854756599270520       0.86300812270851091     
  0.72111877221949561       0.83997650175303507     
  0.73019152868539516       0.84309446560754864     
           8
  0.48887335508536184       0.99923371235350766     
  0.49367095838368680        1.0055283523341474     
  0.47859395622157491        1.0091109720859746     
  0.46938797355851641       0.99686404938212292     
  0.47798110418349565       0.99170177666574655     
  0.48266608118397586       0.98820049540091659     
  0.48717289087676596       0.98835740881987688     
  0.49115376148759698       0.99473766105832806     
           4
  0.46020244501602364       0.90186593069827792     
  0.45527136900964787       0.90707704260486222     
  0.45218037736965927       0.89108979745692218     
  0.46108934167236520       0.89169081656835469     
           3
  0.66666666666666663       0.75925925925925930     
  0.65539421358114258       0.75434661264996605     
  0.66043722257420057       0.74727894128045691     
           7
  0.66820326534658891       0.82194113097487287     
  0.66264532276851595       0.82197897392166985     
  0.65448699937362809       0.82548966994110062     
  0.65605962411823093       0.81866056175163493     
  0.65553705746449920       0.80723084389622835     
  0.66359510505145036       0.80327635613524351     
  0.67578329380365354       0.81193257969134158     
           3
  0.39902160816957055       0.76192018704458520     
  0.38095758415814140       0.76248848261681401     
  0.38713835536373525       0.74931381945364250     
           5
  0.47351002964660677       0.85588235854643402     
  0.45789662012972648       0.86319279109628677     
  0.45436499737203762       0.85008632079556323     
  0.46190553600724543       0.84537345460388469     
  0.47267622409818072       0.84158040939326695     
           3
  0.76658693138875067       0.88079395176965380     
  0.75925925925925930       0.87037037037037035     
  0.76430943860334022       0.85992570314459471     
           8
  0.15633795730614863       0.87570670072318668     
  0.14721532061602566       0.87669766447075426     
  0.14457967823047732       0.88219699498536330     
  0.14014654096862209       0.88136166340009747     
  0.13642896000524998       0.86486086170133025     
  0.15135396395521025       0.85875967798811892     
  0.16016724483309303       0.86176763045248617     
  0.15734607993096941       0.87119525640640427     
           4
  0.16517376817640625       0.87915640420198649     
  0.15516598441691173       0.87017215168838780     
  0.15855789361612263       0.86422785864106022     
  0.17903385909184474       0.86464738227661653     
           8
  0.39913066037677880       0.81675756111353759     
  0.38746540007760705       0.82561181624383206     
  0.38187295723581682       0.81569357074395832     
  0.38127848032615597       0.80978132707787021     
  0.38346010804288777       0.80522580147916323     
  0.38991307809841208       0.80777845830650730     
  0.39177183995991244       0.80315893004591676     
  0.39976403346299338       0.80739672307728527     
           7
  0.72930622698279290       0.87381666645416389     
  0.71609296263693500       0.88207717159636156     
  0.71357899532775082       0.87601050884616727     
  0.71038644286175578       0.86275999255659730     
  0.72048059905334727       0.86151437275413478     
  0.73436808137297682       0.86137193370708354     
  0.72999562373926064       0.86448852104662244     
           7
  0.75036361298357379       0.30308353599179233     
  0.73526299446649412       0.30619118656440747     
  0.73424060874338681       0.29398311165797680     
  0.72901588364345438       0.29461994841548611     
  0.73080966178395002       0.28804307033220944     
  0.73420758167214306       0.28400914981591541     
  0.73874246052696668       0.28514590287412672     
           4
  0.78209940333612282       0.89866129720023824     
  0.76952634570685452       0.88852469352914731     
  0.77170458684968346       0.87660665894219469     
  0.77686774414382920       0.88186812083403476     
           4
  0.71350510658809019       0.76849485651026583     
  0.70272377739557657       0.76688764257803077     
  0.69334881178722241       0.76399357753423247     
  0.71181319700549872       0.75272923644610890     
           3
  0.72105230374487006       0.28854646234544834     
  0.71339938015365356       0.28751963953012821     
  0.72222222222222221       0.27777777777777779     
           7
  0.82541038697303226       0.63122361065692156     
  0.82003129060276092       0.63901353309460129     
  0.81561894262612100       0.64069424795588037     
  0.80541342617462741       0.62864442691537392     
  0.80355371344913840       0.61728278411870785     
  0.80809609822313366       0.62068242420640340     
  0.81926053123318898       0.61888248213980157     
           6
  0.17696293679178213       0.18630721331584760     
  0.17310215771472837       0.19130200615146820     
  0.15658814863965459       0.17670543578762868     
  0.16771132785290821       0.17533187121319690     
  0.17639309255655583       0.17317340080926874     
  0.17728980978453970       0.17938571848619109     
           7
  0.17838467100214808       0.19557628387942588     
  0.16226506024716847       0.19395452683145342     
  0.15592107473960262       0.18954653950730435     
  0.16020910385238760       0.17977550085089225     
  0.15959996317337838       0.17518747872453314     
  0.16654214504940107       0.17368719580587608     
  0.17452254330917594       0.17790488897486170     
           8
  0.69260664513823822       0.76019435620176734     
  0.69722317988086080       0.77094155411808174     
  0.67968228670023245       0.76764387225064212     
  0.67525819416703359       0.77015637940537329     
  0.67544324274579470       0.75826261112447935     
  0.67563293829428439       0.75013700517669357     
  0.68462447518454894       0.75097762271007296     
  0.69007477281934815       0.75053202689877663     
           8
  0.44296949031799870       0.88356011555380176     
  0.44020865525584657       0.89106077069970024     
  0.43116232588829634       0.88610230144304203     
  0.42876881958500646       0.87284258234170164     
  0.43583171740060750       0.86843391349829890     
  0.44342416428374376       0.86891929481760366     
  0.44236147493553907       0.87310713323880351     
  0.44476919699640932       0.87751289701509239     
           4
  0.17521800231826606       0.88131675068475956     
  0.15534213845808986       0.88223262533392965     
  0.16666666666666666       0.87037037037037035     
  0.17530604352468201       0.87435614905105896     
           5
  0.80492094079112975       0.63378677329042066     
  0.79803500858156151       0.63911806699311347     
  0.78786231671969942       0.63363909933968310     
  0.79236837760320444       0.62121077510293110     
  0.80353328678945968       0.62741392642838822     
           3
  0.40476571039173093       0.89159271872839274     
  0.41359683585444046       0.87240295750534624     
  0.41666666666666669       0.87962962962962965     
           5
  0.12460733057958623       0.95269466888183396     
  0.11891632722568167       0.94638378922746225     
  0.12596997955018688       0.93525306732320390     
  0.13447496946442383       0.93537902702770725     
  0.13985768556994152       0.93887035627918736     
           8
  0.76806956235068025       0.61362705609697266     
  0.76749214967147417       0.62195732141013893     
  0.76331695766863350       0.62028958097150821     
  0.74888121677974606       0.62319902527199034     
  0.74900910631896822       0.61696823207389184     
  0.74893602906790002       0.60287201896122278     
  0.76096305662560315       0.60367435001280867     
  0.76918042770383444       0.60146529603537269     
           4
  0.13929983393672973       0.15755517445016665     
  0.12625575952916548       0.15994175324933402     
  0.11808506090674484       0.15368455450600318     
  0.12962962962962962       0.14814814814814814     
           5
  0.71316728067737911       0.80181243141679637     
  0.70223157752615595       0.80731311972009046     
  0.69510751339503296       0.79959011479569253     
  0.69478687265683947       0.78736801559443559     
  0.70893959722326128       0.78514454478545181     
           4
  0.16972348428701733       0.95595879637663639     
  0.15428938469302164       0.95403714851932475     
  0.15823262984969844       0.94749187523232659     
  0.16666666666666666       0.94444444444444442     
           4
  0.53703703703703709       0.98148148148148151     
  0.52933719806103519       0.98483801509785396     
  0.53293222283169528       0.97331806830234435     
  0.54710854920357699       0.97132503309449203     
           4
  0.71038839560657985       0.32179894132323150     
  0.70027236319731034       0.32703826007565340     
  0.69436546667726551       0.30977255457846670     
  0.71338792808269602       0.31207899643076120     
           7
  0.17490197322022688       0.16856532596058152     
  0.17880608330458503       0.17327801325446554     
  0.16882543513870416       0.17436093524517693     
  0.16360217494691007       0.17484066378646934     
  0.15456917335543977       0.17088175342508932     
  0.15504922826261519       0.16159548724703901     
  0.16984445412185323       0.15476203097004207     
           6
  0.14110439717393283       0.89953942238406459     
  0.12846274104978411       0.90102542225510984     
  0.12091369880992288       0.88670730152590727     
  0.12844216644192213       0.87733963878974719     
  0.13524025323460526       0.88225958136504490     
  0.14043103388278805       0.88100818790019775     
           7
  0.17385671623617791       0.87210878087738242     
  0.17277222186019461       0.88148680688990355     
  0.15654795138403604       0.88007428612940952     
  0.15947812082959559       0.86912739366822944     
  0.15457710737166852       0.85926555209882260     
  0.16432062423214658       0.86194568714468733     
  0.17108311692888312       0.86330332229258455     
           3
  0.43712768575535271       0.89499532854480546     
  0.42592592592592593       0.88888888888888884     
  0.42712970251433274       0.87728365494891591     
           3
  0.75925925925925930       0.64814814814814814     
  0.74952613978679594       0.64677218937135961     
  0.75122551358996970       0.63932204897437406     
           5
  0.71045444475308250       0.26132952263672671     
  0.70404494509630111       0.27082709784752473     
  0.69145420158837578       0.26077776316281803     
  0.69281883801482302       0.25196151272000311     
  0.70006920545421081       0.25157176004275927     
