   100.00000000000000     
   100.00000000000000     
          77
           8
   14.000000000000000     
   17.000000000000000     
   17.000000000000000     
   16.000000000000000     
   19.000000000000000     
   17.000000000000000     
   5.0000000000000000     
   12.000000000000000     
   4.0000000000000000     
   2.0000000000000000     
   2.0000000000000000     
   26.000000000000000     
   2.0000000000000000     
   7.0000000000000000     
   18.000000000000000     
   6.0000000000000000     
   6.0000000000000000     
   18.000000000000000     
   2.0000000000000000     
   14.000000000000000     
   5.0000000000000000     
   9.0000000000000000     
   4.0000000000000000     
   3.0000000000000000     
   15.000000000000000     
   4.0000000000000000     
   23.000000000000000     
   7.0000000000000000     
   21.000000000000000     
   4.0000000000000000     
   1.0000000000000000     
   6.0000000000000000     
   16.000000000000000     
   4.0000000000000000     
   20.000000000000000     
   5.0000000000000000     
   14.000000000000000     
   14.000000000000000     
   26.000000000000000     
   5.0000000000000000     
   2.0000000000000000     
   14.000000000000000     
   11.000000000000000     
   21.000000000000000     
   20.000000000000000     
   18.000000000000000     
   2.0000000000000000     
   19.000000000000000     
   12.000000000000000     
   22.000000000000000     
   14.000000000000000     
   23.000000000000000     
   25.000000000000000     
   8.0000000000000000     
   3.0000000000000000     
   9.0000000000000000     
   21.000000000000000     
   3.0000000000000000     
   22.000000000000000     
   6.0000000000000000     
   2.0000000000000000     
   22.000000000000000     
   20.000000000000000     
   5.0000000000000000     
   13.000000000000000     
   6.0000000000000000     
   14.000000000000000     
   16.000000000000000     
   12.000000000000000     
   23.000000000000000     
   5.0000000000000000     
   12.000000000000000     
   15.000000000000000     
   21.000000000000000     
   4.0000000000000000     
   23.000000000000000     
   19.000000000000000     
           1
  0.46000000000000002       0.12000000000000000     
           8
  0.52285546146577766        4.4811848977916194E-002
  0.52008325597612703        5.1677782202107177E-002
  0.50939199736130292        5.1900350520675334E-002
  0.50155995059784597        5.0395361256462143E-002
  0.49934955361505873        2.7922822095754328E-002
  0.50721416198533809        3.0249157575816400E-002
  0.51532049106374767        2.7221452774480959E-002
  0.51864611938351191        3.2226171251134458E-002
           7
  0.53438930853592270       0.31035171683093643     
  0.52289976949733208       0.31205176982259730     
  0.51165299115963470       0.29551907536625172     
  0.52061707109182465       0.28872384044522736     
  0.52538179475525415       0.28538516770014011     
  0.53449457008705059       0.28836854001092488     
  0.53316009651971319       0.29433392488662796     
           8
  0.80811778991292871       0.70744736121040996     
  0.81496386959214961       0.71319814838302431     
  0.80272430597494715       0.70774930609167785     
  0.79816929884261334       0.71428131478436396     
  0.79048839581862007       0.70298844966101581     
  0.78641480100835837       0.69506725730431695     
  0.79323474125659810       0.68650274548120671     
  0.80232027183996346       0.68695161395187876     
           3
  0.17999999999999999       0.90000000000000002     
  0.16717788903999881       0.90926854888872022     
  0.19029312089788217       0.88700725442703010     
           3
  0.58999999999999997       0.39000000000000001     
  0.58888853455761270       0.37968762791107541     
  0.59762534550798985       0.37827367319933897     
           4
  0.23000000000000001       0.58999999999999997     
  0.21922250323447212       0.59799552863342287     
  0.22642098139667965       0.57636597430375702     
  0.23577574133646625       0.57843067128040471     
           8
  0.77505825160431496       0.49201122634765510     
  0.76259504687914126       0.49220160884952185     
  0.76095454882538816       0.48529272612102431     
  0.75830081346502598       0.47966699691898096     
  0.75906448940471116       0.47339139347447678     
  0.76287542401140407       0.46867304717210101     
  0.76919213947191367       0.47225401251672816     
  0.77871632073276387       0.46814349222396445     
           7
  0.83100733017439188       0.29936567800116937     
  0.82901583989254679       0.31311419725450612     
  0.81083539588984621       0.30630846384629301     
  0.80537270188105625       0.29699563901922016     
  0.80632756081508050       0.28599887461380541     
  0.82506781842660792       0.29065361540946111     
  0.83220947848810500       0.28553393959225470     
           4
  0.19181360181049339       0.83076503689630077     
  0.17509653494965016       0.82906784251349963     
  0.16576221249052667       0.80620149660966711     
  0.19338893829832404       0.80502877492567892     
           7
  0.12317347559799230       0.41669103477156155     
  0.11506721826223271       0.42092451829088218     
   9.7473767235557174E-002  0.41340343373176497     
   9.7166179508605677E-002  0.40461364798037974     
  0.10260980665355426       0.39704834758496754     
  0.12166600417945511       0.39907876045264246     
  0.12068747370506261       0.40688019785754503     
           5
   8.2089667810293754E-002   9.5852868530303420E-002
   7.6954980886147481E-002  0.10458145329172934     
   6.1437015319115530E-002   9.8556988082254035E-002
   5.6992664742777518E-002   8.2706070163772613E-002
   6.5982290416082473E-002   8.0247988658330605E-002
           7
  0.89371552192397352       0.33950397473417282     
  0.88423275596322981       0.34145053658790031     
  0.87460706659946974       0.33955484129082575     
  0.86499783074453063       0.34097247892386767     
  0.87164529602179464       0.31761835583142284     
  0.88757488748155200       0.32024585786628540     
  0.89102708151259169       0.32738989822874831     
           8
  0.24437979567258444       0.88225835038416056     
  0.23876300003495271       0.89373588571115203     
  0.23181939878336741       0.88826477075508803     
  0.21962740826161223       0.89307243971015227     
  0.21840940142950066       0.88323298368471503     
  0.22098462677941932       0.87472918541150235     
  0.21520764994890054       0.86553357905539863     
  0.22535173000181677       0.86731417816338674     
           7
   1.1824063740737757E-002  0.76445150529684602     
  -1.6032071651779355E-003  0.77268178430003565     
  -7.4178189741315563E-003  0.76847027164566228     
  -1.4046888446390328E-002  0.76706616856393672     
  -1.4397689577508407E-002  0.76057747184911140     
  -7.6228832735724585E-003  0.75239339651201198     
   3.1964550981027984E-003  0.74939884853410521     
           4
  0.84363898031403572       0.35074456930492948     
  0.83551270556319801       0.35248187850210633     
  0.83503424766706558       0.32551651971347284     
  0.86072001051649427       0.33728480794110910     
           7
  0.17654821391459113       0.46856870794741606     
  0.16103821226234588       0.47496229641366655     
  0.15701841679172179       0.46051063926610875     
  0.15988286035744470       0.45563890825247749     
  0.15675773761829992       0.45080840875054046     
  0.16656038283638319       0.45173032512780509     
  0.17637714371417934       0.44703121001174623     
           6
  0.50909458071771863       0.11341024261397305     
  0.50651838645327207       0.10562949441808192     
  0.51187683198783429        9.3236548450416595E-002
  0.53439170567343952        8.9924676002742690E-002
  0.52915388714202172        9.5718672904038168E-002
  0.53444280565169566        9.8741775545140742E-002
           6
  0.14210095152255342       0.46335102726265404     
  0.13473680075177846       0.46308681317690115     
  0.12217244421960612       0.46325924546983549     
  0.11487492511000448       0.45963233589184965     
  0.12065038765462735       0.44337733919537203     
  0.14319767342547690       0.43837380380096003     
           3
  0.20298721894170860       0.85313556282065384     
  0.17936560058690873       0.86476135369059082     
  0.18814976967337640       0.83963322278074237     
           7
  0.85969344692848815       0.77859968168794980     
  0.85113346560777969       0.77691839971181942     
  0.85093804602265177       0.77115091035551586     
  0.84987327184978712       0.75627418773280730     
  0.86105232587514979       0.75780538961257282     
  0.86691896707955463       0.75609685106991176     
  0.87499131529068297       0.75875215505680960     
           5
  0.55293704500202812        6.9882393618955832E-002
  0.54387698896845060        7.2574165928639883E-002
  0.53246120530396768        6.9208304571094642E-002
  0.52776054624367208        5.6397602891462388E-002
  0.53957643725336935        4.4921466270483851E-002
           3
  0.83887821959312414       0.32732760559419899     
  0.82999999999999996       0.32000000000000001     
  0.82894805360299073       0.30821466089032168     
           6
  0.16221232659355808       0.10304418240499007     
  0.16489528774663467       0.11414196118251813     
  0.14174888625897605        9.8261136587630513E-002
  0.14943950087698216        9.0629569068525720E-002
  0.15954715295263383        8.7322465011985373E-002
  0.15777374901750038        9.3146483589974238E-002
           4
  0.53821091783818076        4.4039393049686910E-002
  0.53000000000000003        5.0000000000000003E-002
  0.51572273428437876        4.0564327673885105E-002
  0.52326715988703398        3.4921087568247411E-002
           7
  0.15287556374216174       0.42873428726933377     
  0.13898030299145508       0.43414641869825948     
  0.12563184911211528       0.43130837977807063     
  0.12934282251465989       0.41622467983639277     
  0.13593722469444441       0.41177504348778893     
  0.14880129874952575       0.40954933974766150     
  0.15385209916301640       0.41775985059023685     
           5
  0.13999407077246040       0.10027747544167070     
  0.13465550407303600       0.11283748267287716     
  0.11772430727118188        9.4486502970177591E-002
  0.12355287730183999        9.0430923523897255E-002
  0.13850328940851009        8.9954158740167628E-002
           3
  0.57071600082750884       0.33211116914610284     
  0.55785641376273543       0.31867612238303050     
  0.57619485663879821       0.30947675322035728     
           6
  0.21050031806743127       0.85857341193273418     
  0.19512206307670765       0.86310895646452845     
  0.18653156527413656       0.86462087793474407     
  0.18586740094190218       0.84334759778858570     
  0.21490453300635448       0.83737984807722898     
  0.20910182335250799       0.85106066309203654     
           3
  0.64880499942337244       0.47253230692674930     
  0.65000000000000002       0.46000000000000002     
  0.65761144247511405       0.45746832394334519     
           4
  0.60999999999999999       0.41999999999999998     
  0.59843156479093351       0.43143821285460454     
  0.59568102122753608       0.40772388864751813     
  0.60507373613918114       0.41018262139244754     
           8
  0.87556922394796322       0.52864745935243906     
  0.86057580519732335       0.53490033179918195     
  0.85550719062441027       0.53086589890540303     
  0.85745219038265719       0.52505565347428651     
  0.85883880093821596       0.51497852909072828     
  0.86870232049455154       0.50684802025125908     
  0.87457991402378732       0.50706801192725248     
  0.88388417977601319       0.51049713357860904     
           8
  0.80038427289625769       0.51110561432230084     
  0.79304622033448013       0.52446388135214550     
  0.78871456503527093       0.52049482290558291     
  0.77891727774206143       0.51854995327365971     
  0.77866668657477867       0.49624964872131150     
  0.79522862464994337       0.50147377830274831     
  0.80227639822252395       0.49701289113748021     
  0.80170232908762395       0.50243418132498774     
           3
  0.24786729282105749       0.91822965501097142     
  0.24217094681267060       0.89809232710479581     
  0.26170578533042843       0.89980752306850764     
           3
  0.89415847698793749       0.34771628582667258     
  0.89000000000000001       0.34000000000000002     
  0.89806612263761976       0.32909570010096884     
           3
  0.26000000000000001        1.0000000000000000     
  0.25123190668766471       0.99173502485804188     
  0.26233480756526129       0.98839062474524075     
           6
   9.2270249497438048E-003  0.89063118584968370     
   1.3045807085418199E-003  0.88770906492541934     
  -8.0559558787376504E-003  0.87962985014397799     
  -1.1112873834771960E-002  0.86751825001105598     
  -2.2547553651073348E-003  0.87094278105168599     
   1.4171197436229811E-002  0.86750232861358223     
           5
  0.63792807872435486       0.43654729613172139     
  0.61580186256803193       0.44508517298358413     
  0.61674153001359644       0.42162798632275922     
  0.63085369824144499       0.41883595889731401     
  0.64367451193096403       0.41812206401618063     
           3
  0.54144429777061476       0.10952168828424744     
  0.55600514652459720        8.8594745123455290E-002
  0.56470576648170667        8.6076077282323998E-002
           7
  0.23646507484218809       0.86771213272595071     
  0.23249703562189541       0.87310753989000134     
  0.22583726490394440       0.87179131457106218     
  0.21791257458768037       0.86147727561491627     
  0.22139274986376606       0.85317625288804100     
  0.22573814757713401       0.84525114181350436     
  0.23472262727385110       0.84737822840385413     
           7
   9.2378823726618500E-002  0.18843786843812907     
   9.1761469854859903E-002  0.19496135910831414     
   6.9204567246841403E-002  0.19012403988436785     
   6.9525550549347379E-002  0.18119033969184292     
   6.8907399705100680E-002  0.17431911375437309     
   8.2790224097153517E-002  0.17239416118263701     
   9.2162947562439215E-002  0.17279317586255347     
           5
   1.4061861863864754E-002  0.74172916157092728     
   9.5412180754895146E-003  0.74900644699140118     
  -9.1731957413205469E-003  0.75369824650590889     
  -7.1948520774322141E-003  0.73149957800577592     
  -2.4772309766215974E-003  0.72581263926120121     
           4
  0.20821676474399295       0.44123474242657640     
  0.18729111119797634       0.43964782924788104     
  0.18753595030110978       0.42598892271372230     
  0.20084996212455500       0.42675877339839113     
           6
  0.57184637491323431        8.5140995013583368E-002
  0.55209628762253826        7.8325671062059232E-002
  0.54534703016974351        6.0541304489161826E-002
  0.55622796234182437        6.0586331703020871E-002
  0.57061456316957371        5.5787449335357078E-002
  0.56967211984184662        6.2948250024862623E-002
           8
  0.15115987076798934       0.11305472956697001     
  0.14459772975235927       0.11327617221155309     
  0.14231610320324709       0.10796293326867965     
  0.13571814086337333       0.11329269006964357     
  0.12556613729773813        9.9773074837851208E-002
  0.14166128642232170        9.2004620292820527E-002
  0.14670953443730558        8.7674834967549811E-002
  0.15454561675663023        9.6289680628096952E-002
           3
  0.86874952195312272       0.41235990342983025     
  0.88000000000000000       0.40000000000000002     
  0.89225327920658404       0.39310384220444572     
           6
  0.97171732440411251       0.38159754126128853     
  0.96729958794770998       0.38804001959394518     
  0.94882489085123511       0.38405462149379371     
  0.94797014592260120       0.37762700447790565     
  0.95261533130410558       0.36882755279334684     
  0.97156514755635281       0.37402196598957177     
           7
  0.59827494526236502       0.31762301755441968     
  0.59012892687771057       0.32146559409077657     
  0.57929238543848938       0.30854897564817746     
  0.58050947453014068       0.30296396775802931     
  0.57999975780302693       0.29707301631282912     
  0.58522359381212641       0.29913769109519889     
  0.59986348861784189       0.30134952136183590     
           7
  0.22941415200340703       0.86845756102222549     
  0.22542677373543407       0.88275811471929544     
  0.20603252439052414       0.87601163500054258     
  0.21106784716487115       0.86695238904397265     
  0.21189643899254512       0.85883495573008850     
  0.21789845658419241       0.85555744237129183     
  0.22802981979650050       0.85611116013084521     
           6
  0.60023329992550556       0.37376359991803881     
  0.58168042618512350       0.36125156571751321     
  0.57701525197250914       0.36803525383219737     
  0.57791205018071612       0.35266356776814251     
  0.57712590336868874       0.34556560619008114     
  0.58706421125192676       0.34973002062173580     
           4
  0.25496369496417814       0.84026317606710899     
  0.24051523936241509       0.83763629981192844     
  0.22671307669484544       0.82913890665182233     
  0.23528664858975143       0.81637404487830600     
           7
  0.84033357708004330       0.36908126621777376     
  0.83276045793738585       0.37819802808011566     
  0.82215936555572189       0.37595120032104024     
  0.81772888641722075       0.38073247937492194     
  0.81640533553051009       0.35777029879107536     
  0.82434385278296329       0.35761072999062116     
  0.84077189130923868       0.35886719105275250     
           4
  0.52607758102528490        6.3188249650252909E-002
  0.51998835268665344        5.7892284174609489E-002
  0.54213560682729034        3.8645423254929617E-002
  0.54210560928157303        5.0560386496057347E-002
           4
   6.1529033324312791E-003  0.38295630597391417     
  -1.0474214318535008E-002  0.37514220519258124     
  -3.3497278784329126E-004  0.35631749234556065     
   1.5119515462094182E-002  0.35800398290876106     
           5
  0.85345144968368858       0.78349020052250840     
  0.82881597924078132       0.78606651227526303     
  0.83046789893645634       0.77243387203288161     
  0.82780148833915479       0.76628049434290213     
  0.84840397968416936       0.77053822622763313     
           8
  0.28221626269926964       0.93848258002673779     
  0.27727644884382813       0.94379335261987496     
  0.26912292589525755       0.94293818556172959     
  0.25540809891290667       0.94511410814434971     
  0.26107807423159107       0.91669150618922635     
  0.27269590227525059       0.91573630833302799     
  0.28471527195166446       0.92404518318338436     
  0.27959116331515205       0.92841585499121482     
           7
  0.62068807201755860       0.12693603597774275     
  0.60975303309388618       0.12825480084512586     
  0.60183647849308375       0.13324626950749854     
  0.59546578486642965       0.13319023185372789     
  0.60071380786033146       0.11675544270457103     
  0.60145205187172435       0.10805553795453346     
  0.62509263509564250       0.11159364699668484     
           6
  0.69537434800955245       0.44201704037200840     
  0.68739444514360648       0.44483951052928578     
  0.67673906808857920       0.44096614363084935     
  0.67890396072294157       0.42723587167876648     
  0.68619880133661026       0.41620316564763976     
  0.69236918423992300       0.41935995060230130     
           8
  0.55403864687534354        9.6207101462247341E-002
  0.55151215379832130       0.10409184083424373     
  0.54457060403311308       0.10274219187990047     
  0.53270882829051291       0.10198026100419209     
  0.52622605737720995       0.10042892987563339     
  0.52497543897994603        8.8928477981271542E-002
  0.54807162486770944        8.0498084610486131E-002
  0.55363544790962438        8.9446099150989056E-002
           3
  0.19642056370602379       0.98970371298650850     
  0.20000000000000001       0.97999999999999998     
  0.21371773842551370       0.96604098504717817     
           5
  0.19057764018922910       0.50273809494054356     
  0.18085494801961216       0.50984098055241367     
  0.16674765144990358       0.50343736972984998     
  0.18431441709463411       0.48746735744327480     
  0.18932003749302367       0.49528399288182867     
           5
  0.26141550970571431       0.83876144979709999     
  0.25493558988066223       0.85477049336492095     
  0.25000000000000000       0.83999999999999997     
  0.25918251103157347       0.83107453602545955     
  0.26459375857691508       0.82574688468396373     
           3
  0.31444414233807760       0.70235107094127025     
  0.31000000000000000       0.68999999999999995     
  0.32064444297252614       0.69225144898155400     
           6
  0.59317927369052947       0.37306597943648995     
  0.58255109912998615       0.37101695429184950     
  0.57001149545188423       0.36220048744187350     
  0.57152087915485272       0.35123679512580980     
  0.58771222616810170       0.35129938197171923     
  0.59415380529322703       0.35877123652651871     
           4
   3.1201444981917886E-003  0.12223481387835672     
  -9.6617950370873149E-003  0.10843357727763565     
  -6.5972615881567109E-003   9.6749438838509796E-002
   5.3349731552299624E-003   9.7759040029707742E-002
           3
  0.61838001335572634       0.37274626158951052     
  0.59798062546690312       0.35160951234300442     
  0.61981896132655889       0.36192597516875596     
           4
  0.18002943074970840       0.49891677523827122     
  0.16745929178822175       0.49297751465337625     
  0.17209165594532932       0.48119680328469755     
  0.19332638940887081       0.48629488364539269     
           7
  0.57786167611661154        9.3759692622479129E-002
  0.56195560403212197        9.1770078746672146E-002
  0.55538985015559506        9.1985899368610707E-002
  0.55988710213632276        8.6214754784371475E-002
  0.55563949846188776        6.8081673724165570E-002
  0.56247278569859072        7.1334938251047836E-002
  0.58190504445495417        7.9390420012557486E-002
           4
   1.1199244477256733E-002  0.49693561943214198     
  -7.2478488182615942E-003  0.50151932096680363     
  -1.5261471918855131E-005  0.47636337921307231     
   1.1825327952253785E-002  0.48534124271072232     
           4
  0.57509555515579280        9.0313232405389521E-002
  0.54531169099851706        8.3753164405999669E-002
  0.56858981432403355        6.7000868214400919E-002
  0.57335898495738835        7.7686687930578036E-002
           4
  0.62933365311706868       0.46161672745406190     
  0.61967733601732666       0.46104438762096045     
  0.61180451165050020       0.44206326031756449     
  0.63503287175770617       0.43896078898778312     
           8
  0.83993842522231177       0.32613654571137279     
  0.84261025208575147       0.33224751177607792     
  0.82924757537802296       0.33322932041600173     
  0.81974660432756286       0.33278159476686830     
  0.82454739234964758       0.32841928721901614     
  0.81724423429603155       0.32109224219917121     
  0.83103241185430654       0.30704696219552141     
  0.83762918275727749       0.31205059090485604     
           8
  0.53923928133683574       0.10411922495137715     
  0.53344530983879979       0.11287289699364594     
  0.51704386448219242       0.10319985550180046     
  0.51552248361281627        9.4674365219899317E-002
  0.51825848671519403        8.6512219822629549E-002
  0.52860664517510758        8.7799799764563063E-002
  0.54437208277932203        9.4059215466121976E-002
  0.53805386846995562        9.5644962922176627E-002
           6
  0.81906667975663927       0.53870316542087027     
  0.81092969379282032       0.54256431125928517     
  0.81020853219409306       0.53478967032080904     
  0.82073453514177208       0.51968086807120717     
  0.82990508951583042       0.52230490652643069     
  0.83492505978717912       0.52843693250113444     
           6
  0.22220529520599261       0.85629911373628065     
  0.19957657181566754       0.85868452772650872     
  0.19666094588426702       0.85335447380495022     
  0.19644737359922779       0.84607321239974698     
  0.21322176091483253       0.83970359280650653     
  0.22472578827909442       0.83864590508280767     
           6
  0.64429058863930733       0.42199262627047412     
  0.63634846432191516       0.42224398571318511     
  0.62642644279772608       0.41858361799264071     
  0.63235756156019896       0.40766623860354234     
  0.62869742632824988       0.39680897120045450     
  0.65420044772746888       0.40338612489217401     
           5
  0.81414877455724666       0.50529325351078636     
  0.81488803235236351       0.51363201181130769     
  0.80407911892989381       0.50969148786931651     
  0.79219304890658726       0.49526783312911932     
  0.81015085766861039       0.49426053740034742     
           8
  0.17114882145275015       0.10949608155834584     
  0.15222101648165431       0.10995088424174754     
  0.14527045364845539       0.10890792924937026     
  0.14916440614962118       0.10300952069642652     
  0.15057408400986586        8.5972334201491016E-002
  0.16314930803383620        8.6302643341668484E-002
  0.17381915769476597        9.0554173353505449E-002
  0.16840257003651887        9.7204143700331952E-002
