   123.00000000000000     
   1874.0000000000000     
         150
           8
   94.000000000000000     
   12.000000000000000     
   17.000000000000000     
   619.00000000000000     
   61.000000000000000     
   3.0000000000000000     
   4.0000000000000000     
   13.000000000000000     
   44.000000000000000     
   12.000000000000000     
   35.000000000000000     
   114.00000000000000     
   29.000000000000000     
   76.000000000000000     
   106.00000000000000     
   157.00000000000000     
   43.000000000000000     
   4.0000000000000000     
   38.000000000000000     
   212.00000000000000     
   42.000000000000000     
   10.000000000000000     
   19.000000000000000     
   856.00000000000000     
   13.000000000000000     
   67.000000000000000     
   144.00000000000000     
   310.00000000000000     
   85.000000000000000     
   1061.0000000000000     
   344.00000000000000     
   22.000000000000000     
   15.000000000000000     
   219.00000000000000     
   44.000000000000000     
   370.00000000000000     
   74.000000000000000     
   82.000000000000000     
   3.0000000000000000     
   39.000000000000000     
   54.000000000000000     
   22.000000000000000     
   171.00000000000000     
   65.000000000000000     
   405.00000000000000     
   19.000000000000000     
   7.0000000000000000     
   586.00000000000000     
   15.000000000000000     
   149.00000000000000     
   141.00000000000000     
   9.0000000000000000     
   261.00000000000000     
   4.0000000000000000     
   5.0000000000000000     
   21.000000000000000     
   25.000000000000000     
   86.000000000000000     
   86.000000000000000     
   124.00000000000000     
   123.00000000000000     
   11.000000000000000     
   41.000000000000000     
   279.00000000000000     
   149.00000000000000     
   9.0000000000000000     
   65.000000000000000     
   155.00000000000000     
   6.0000000000000000     
   83.000000000000000     
   11.000000000000000     
   735.00000000000000     
   4.0000000000000000     
   56.000000000000000     
   26.000000000000000     
   5.0000000000000000     
   34.000000000000000     
   13.000000000000000     
   1017.0000000000000     
   85.000000000000000     
   10.000000000000000     
   7.0000000000000000     
   6.0000000000000000     
   524.00000000000000     
   16.000000000000000     
   15.000000000000000     
   117.00000000000000     
   48.000000000000000     
   43.000000000000000     
   64.000000000000000     
   30.000000000000000     
   3.0000000000000000     
   21.000000000000000     
   514.00000000000000     
   625.00000000000000     
   7.0000000000000000     
   257.00000000000000     
   603.00000000000000     
   4.0000000000000000     
   4.0000000000000000     
   21.000000000000000     
   54.000000000000000     
   9.0000000000000000     
   860.00000000000000     
   9.0000000000000000     
   62.000000000000000     
   16.000000000000000     
   197.00000000000000     
   14.000000000000000     
   6.0000000000000000     
   140.00000000000000     
   334.00000000000000     
   421.00000000000000     
   911.00000000000000     
   789.00000000000000     
   37.000000000000000     
   7.0000000000000000     
   131.00000000000000     
   25.000000000000000     
   24.000000000000000     
   3.0000000000000000     
   1027.0000000000000     
   114.00000000000000     
   34.000000000000000     
   6.0000000000000000     
   530.00000000000000     
   75.000000000000000     
   794.00000000000000     
   241.00000000000000     
   18.000000000000000     
   243.00000000000000     
   31.000000000000000     
   5.0000000000000000     
   68.000000000000000     
   30.000000000000000     
   497.00000000000000     
   15.000000000000000     
   583.00000000000000     
   911.00000000000000     
   388.00000000000000     
   36.000000000000000     
   7.0000000000000000     
   206.00000000000000     
   1037.0000000000000     
   14.000000000000000     
   22.000000000000000     
   16.000000000000000     
   770.00000000000000     
   148.00000000000000     
   50.000000000000000     
           1
   0.0000000000000000        0.0000000000000000     
           8
  -5.6413197042319174E-002  0.11809117119010763     
  -8.2014509229449764E-002  0.12021253035044242     
  -9.2810877859441060E-002  0.12148982878224227     
  -8.7936510760564843E-002  0.10935686695672581     
  -8.5220305016826259E-002   7.3022581191269392E-002
  -7.9821499985738606E-002   8.2816307333845582E-002
  -6.0896192698451458E-002   7.3322366542303549E-002
  -5.1844967763045050E-002   8.5047456155315379E-002
           5
  -6.0944169189957952E-002   7.8946672489565162E-002
  -6.6000627217575283E-002  0.10528594346883527     
 -0.10132493646572449        7.8772775706495504E-002
  -9.7314062236574891E-002   6.3909881299267446E-002
  -8.3564987119616810E-002   6.3509726417381895E-002
           6
 -0.10375388873515889       0.14909771786576934     
 -0.13149259031683336       0.15248908967969574     
 -0.14593850324167923       0.14622489205407282     
 -0.15670590410761709       0.14889889327314296     
 -0.13645033597385223       0.11179114607598731     
 -0.12539073037020856       0.11161659403957142     
           5
  -3.2651788475680260E-002  0.14598409309216179     
  -7.0061762116999021E-002  0.12703502246594053     
  -7.3801931915771751E-002  0.10668470588387866     
  -2.9271822043646572E-002   9.9792019349954048E-002
  -2.5885090077484362E-002  0.11336777685475741     
           7
  -3.6996472349356248E-002   7.3304195573850206E-002
  -5.3091465869326983E-002   7.6359873088365005E-002
  -4.6166389871379929E-002   6.2511334170628430E-002
  -4.8885425359109037E-002   5.1286112687169184E-002
  -4.5397839762822141E-002   3.3812804466203994E-002
  -2.6635839835041857E-002   3.0577615842808006E-002
  -1.2786281779448478E-002   4.6838684223864516E-002
           3
  -7.2590560407425481E-002   9.0984754649897304E-002
 -0.10111802231923070       0.10704446729715748     
 -0.10787922547606764        7.0197802501586359E-002
           8
   1.4684146958699774E-003   8.1030461069386550E-002
  -7.7129949153930365E-003   9.2852059224524969E-002
  -2.3638236700515722E-002   9.0078599228276948E-002
  -4.1511114629248808E-002   9.5268490116554666E-002
  -4.2478531026318052E-002   7.1991860718624179E-002
  -4.4420905124110059E-002   6.0513413971004591E-002
  -2.9378780100741162E-002   5.4381193190757758E-002
  -5.5590054847403057E-003   4.6935848346749812E-002
           7
  -9.5731863751885388E-002  0.11533404417535978     
 -0.11209635149172678       0.12000243980595841     
 -0.12459040023485848       0.12289502685492290     
 -0.13024985925487020       0.10147027779479242     
 -0.13073555440047915        8.3407594043145433E-002
  -9.7088415185176691E-002   7.8665463961921159E-002
  -8.9016368880201951E-002   8.5188071458719331E-002
           6
 -0.10105771530173827       0.11015580610686229     
 -0.11414813720002873       0.12273793268509614     
 -0.14507210266124132       0.10037612527342010     
 -0.13614144019707317        8.1606292271262565E-002
 -0.11251963575970603        9.1187207891037680E-002
 -0.10158479901368572        9.7701998966694639E-002
           3
  -9.8136760507577830E-002   6.8006769365213549E-002
 -0.14073497609050836        7.2065262103650579E-002
 -0.12407099720680284        3.0537441405384187E-002
           3
  -3.8163774951012641E-002   6.1543749456942139E-002
  -2.2635750848967819E-002   2.2961214633993806E-002
  -6.5972896649801188E-003   4.0695581570266641E-002
           6
 -0.50214658069022133       0.19896215618853633     
 -0.53344439620459816       0.20434110481024234     
 -0.55021161018141795       0.18295224191646053     
 -0.55259041762041627       0.17224674524823358     
 -0.53093433039558380       0.15560499059782365     
 -0.50918313980507079       0.17309097826115161     
           3
 -0.58536585365853655        8.1300813008130090E-003
 -0.59873120806440827       -1.5135850780596082E-002
 -0.58010376924775053       -1.4438598299595514E-002
           4
 -0.53631747498014282       0.13920150268368850     
 -0.55916851847255744       0.13807958464592276     
 -0.53028038542144196        8.8543114226545261E-002
 -0.51033197007554743       0.12134704383684705     
           3
 -0.68770402145796417        8.1189542399790676E-002
 -0.69058070863515553        6.3396917822139534E-002
 -0.67479674796747968        6.5040650406504072E-002
           3
 -0.69261193668966592       0.10426205547111443     
 -0.70331735599444345        6.9850138092658082E-002
 -0.66480739112638010        7.4759964728600720E-002
           5
 -0.53510313967170597       0.22462171913646928     
 -0.57106153542537830       0.22123582154013324     
 -0.57806304646116979       0.19107219898044536     
 -0.56609484705596036       0.19647192903223232     
 -0.53891748388804617       0.19825348606981444     
           7
 -0.45320578245525539       0.24505499993097352     
 -0.46234966725188509       0.24027014741697539     
 -0.50518838776450425       0.24769985070275385     
 -0.49632889399718350       0.21948874850749250     
 -0.47370675654346905       0.20316243453101193     
 -0.45623156263865894       0.20271925909077401     
 -0.45889746287473104       0.22149019859120306     
           3
 -0.67630357746411129       0.11673832712515199     
 -0.69105691056910568       0.12195121951219512     
 -0.69141123503097135       0.10027510646818562     
           3
 -0.46901356675664729       0.18279821694010842     
 -0.50559434596049568       0.18347083732580249     
 -0.50138859737170949       0.15349075342119906     
           4
 -0.62913946982945756       0.16063947896134967     
 -0.65384864126057729       0.16151128782418067     
 -0.64385016574104525       0.12728869294802306     
 -0.61743607890576302       0.13852412997356930     
           4
 -0.47375092858687562        8.8706298029277347E-002
 -0.51226281400257212       0.10545832817323775     
 -0.51020967380639359        9.0665060719828328E-002
 -0.47390642452372389        6.4430128267547668E-002
           6
 -0.57199978221143910       0.13815066279236909     
 -0.59950748102910667       0.14028942800041344     
 -0.59385306706048469       0.13086249920274379     
 -0.58714108531830156        9.5611859826834317E-002
 -0.57217289307731056        8.7522885193450500E-002
 -0.55759485566346645       0.10284283452099419     
           7
 -0.46587360266817862        6.4153437460862398E-002
 -0.48415770734384517        6.2239501564264971E-002
 -0.51164319428627458        6.0109747942184183E-002
 -0.50534148525903200        3.3789697484929847E-002
 -0.49763340188302468        1.8463953986672610E-002
 -0.47743027599521198        1.6947893538299605E-002
 -0.46248729655264059        1.6631422674592115E-002
           7
 -0.55354618017094170       0.19500091470645883     
 -0.56642876759866645       0.19452443276902415     
 -0.58179549699655486       0.19302151694843087     
 -0.59112900435514792       0.18373981572236200     
 -0.56289710209224741       0.16273516222439904     
 -0.55278429030184351       0.16224474210611345     
 -0.56094822971587965       0.17554917529334205     
           5
 -0.67989702655202966        5.6557332503220925E-002
 -0.69742406675305091        4.8667821137927683E-002
 -0.71976607228653000        2.6407243624062410E-002
 -0.69823833775599975        1.0161789874736090E-002
 -0.67562080553744130        2.4316290333929173E-002
           7
 -0.48673684806408496        9.9599622100905935E-002
 -0.50420492860066002       0.11171617576673903     
 -0.51821821491813780        9.4639753294441062E-002
 -0.51817746475096538        7.8301301896986114E-002
 -0.48336265405057416        6.4271511946295268E-002
 -0.48176371310894150        7.5302494178825688E-002
 -0.47717679060989016        8.6733219684525256E-002
           8
 -0.52421046158444118       0.18029435113338330     
 -0.52945734100187380       0.18871087369494910     
 -0.52434064412526760       0.20387692235513788     
 -0.57148999362434272       0.20465789314039071     
 -0.56333255366942858       0.18999805219278690     
 -0.55380279463061810       0.15337069006979992     
 -0.54513378974518700       0.16004300101563898     
 -0.52510060480613951       0.16117595977212879     
           5
  0.73707623339887918       0.42139838592391637     
  0.69191630690592765       0.41530129302262336     
  0.69837590812751205       0.39959081116852047     
  0.68920915321325560       0.38801139765929038     
  0.73104135731396325       0.40137762658469256     
           4
  0.73983739837398377       0.53658536585365857     
  0.71755137570618788       0.53824032133477628     
  0.72137575433869494       0.51749498351341550     
  0.74599220213398154       0.52249155188252261     
           3
  0.64770806228613376       0.53443315069320685     
  0.64227642276422769       0.51219512195121952     
  0.66765999199231052       0.51842193186740526     
           6
  0.66071867740631884       0.53718110707523492     
  0.63693720621281069       0.54110606354219293     
  0.61810003473297681       0.52156449637293567     
  0.62701808622645860       0.50660408244907518     
  0.66856027135808804       0.50026657466613467     
  0.65677269656795423       0.50995670253439007     
           5
   8.3862386106364276E-002  0.76679465377353573     
   5.3552352841776743E-002  0.76015561250190089     
   4.9570369264411135E-002  0.72117868293288634     
   7.1616261799377773E-002  0.72919417273835918     
   8.6507841292652640E-002  0.72804676766381626     
           3
  -7.5354473702454752E-002  0.75204894100368946     
  -8.0542774922553795E-002  0.72011970998200059     
  -4.7277933999806135E-002  0.70900977819857391     
           8
  -3.0784768336880212E-002  0.75763633079708592     
  -2.3899951097493304E-002  0.76838534782169043     
  -6.0300741021035921E-002  0.77346975465133050     
  -6.7461971736600845E-002  0.75592251668726573     
  -7.5011243951005890E-002  0.74336241068555853     
  -6.1346556834498078E-002  0.72710615436129533     
  -4.3264695160968529E-002  0.72817350695342686     
  -3.1816607388238750E-002  0.73041816777858937     
           5
   5.5878668776222759E-002  0.52504046466673782     
   5.0327153947424035E-002  0.53779720924126373     
   1.3773679871651491E-002  0.51192260953855595     
   3.8790066810295266E-002  0.49613375393865927     
   5.8300301857869531E-002  0.50034952541444888     
           5
   9.0197014561937058E-002  0.76533419398417568     
   5.0387839044612491E-002  0.77049382986097825     
   4.7307256628159808E-002  0.72408547263015621     
   7.5357967412891372E-002  0.73240419405203916     
   8.6524165457294522E-002  0.74369226577767711     
           5
  -4.1807271184574668E-002  0.57722463770836419     
  -7.2158063683933640E-002  0.58677164869593523     
  -7.9371408478740524E-002  0.55639109452779967     
  -8.2764580826481443E-002  0.54245284553176698     
  -6.3960531779117757E-002  0.54471069868379707     
           8
   1.3981404008760849E-003  0.68824742008872031     
  -7.6741388587090245E-004  0.70161459714338459     
  -1.2610769858105806E-002  0.69077891190601048     
  -3.3853713003476067E-002  0.69280860030184721     
  -4.0395156842432972E-002  0.68150273324968791     
  -2.3624231329006599E-002  0.65739039018729672     
   2.3118420116089583E-004  0.65561638038121683     
  -6.2252123902369824E-003  0.67124658092790035     
           4
  0.11318102821759504       0.71611140256026762     
  0.11073951436210364       0.73030918091175456     
   7.4341368660980831E-002  0.72589453310025231     
   9.8752636481384826E-002  0.68068281722848467     
           5
 -0.12234344234451436       0.58786329177897079     
 -0.16341044353663611       0.59742314492332849     
 -0.14470808864313406       0.56266288050353508     
 -0.12868732030421504       0.55273610462519940     
 -0.12099038723677923       0.56576912836994075     
           6
  -6.8640778205897391E-003  0.73775264929110329     
  -2.5138367284902281E-002  0.73898146806799825     
  -1.4223937585127062E-002  0.72615803800852208     
  -2.4283125478242105E-002  0.71091678539405567     
   7.3805229501951539E-003  0.70487452637449566     
   0.0000000000000000       0.72357723577235777     
           8
  -1.1846912495826704E-002  0.76426112890507647     
  -3.5532053899030511E-003  0.77434225923261069     
  -2.4767518934895295E-002  0.77208513352306773     
  -3.5567396826214327E-002  0.76832277767036405     
  -5.1332135124277520E-002  0.76610638213406290     
  -4.1845887198419557E-002  0.75335475653321005     
  -2.6506185148610931E-002  0.73213303998428914     
  -1.1386899604114844E-002  0.72826567736524217     
           3
  -4.8780487804878050E-002  0.61788617886178865     
  -6.7395874138512432E-002  0.60399302907558838     
  -2.4599175743623389E-002  0.59152410416290935     
           8
  -6.1950954264030342E-002  0.53425159000638900     
  -7.9774814183698611E-002  0.55417964648236839     
  -8.1434663796108253E-002  0.54432615066998269     
  -9.5838297143692519E-002  0.54742829701766604     
  -9.8121323834703345E-002  0.52829480624516045     
  -9.8940922818228652E-002  0.50812240713515666     
  -7.4681332571199313E-002  0.50280975640249559     
  -6.6400761176164280E-002  0.50788099722893520     
           7
  -5.2414299277980234E-002  0.75184817757752365     
  -6.8740666780925372E-002  0.74991738451181988     
  -9.6311551869416770E-002  0.71495401215145360     
  -7.4969094863087893E-002  0.71329825850668749     
  -6.3270955711948462E-002  0.71079736988663100     
  -4.7750570672825128E-002  0.70564660709512295     
  -5.8558940810276135E-002  0.72097657305528728     
           4
  -6.4149008459098530E-002  0.54365550234850690     
 -0.10867302844625992       0.54501988376666111     
 -0.10086063628297882       0.50277539989697706     
  -6.7605234781141124E-002  0.49483862343269969     
           8
   7.8933939092414154E-002  0.54892031258072616     
   9.0812874816478220E-002  0.56439937744983337     
   6.9695232101030430E-002  0.56867385836452267     
   3.8248936082946466E-002  0.55980402032534915     
   3.9521422809605078E-002  0.53210959743768316     
   5.7231261865166180E-002  0.53769090854786672     
   6.6162499205070724E-002  0.52858301204738622     
   7.5113840190861189E-002  0.53371408684572330     
           6
  -8.0386895938354713E-002  0.75183209188276379     
 -0.10041351797020449       0.75312091269611470     
 -0.12980608565406784       0.73934264327583343     
 -0.13207049884984323       0.70940316181942620     
 -0.12118676613792521       0.72006046535380941     
  -8.9319747411372927E-002  0.73381125314180728     
           6
   7.9313660352768170E-002  0.58503428346874986     
   6.9492440219851001E-002  0.57772011352763375     
   5.2560116641685597E-002  0.58624022506985918     
   3.0574602410860977E-002  0.56813337681064580     
   6.6030309760477385E-002  0.53755340019117459     
   7.4192541677782387E-002  0.54949157029528450     
           6
  -3.4328055943322458E-002  0.12176812734031156     
  -4.2222703488120683E-002  0.13005893532632018     
  -7.0784448133430211E-002  0.10933375447636584     
  -6.6289186929389871E-002   9.0547118559988593E-002
  -4.0077840960183644E-002   9.2568373058814407E-002
  -2.5118158221392753E-002  0.10328169750151998     
           4
 -0.11389834006648543       0.23852819521542212     
 -0.13288521311151000       0.23815596188252589     
 -0.14540881424021673       0.22982611223079616     
 -0.11134955425289735       0.19327318766157692     
           6
  -6.7717834895640303E-002  0.18650295244452936     
 -0.10095443318596534       0.18682229969635911     
 -0.11544924305110120       0.16785473938153958     
 -0.10152825130372795       0.14407034593443557     
  -8.3738941825240776E-002  0.13679853388851471     
  -7.1837165999563690E-002  0.15856768061100462     
           7
  -5.4395259150176734E-002  0.16476654419983619     
  -7.4069022997572981E-002  0.16308777751600595     
 -0.10336735901093458       0.16878666954022670     
 -0.10458438800001775       0.15763027254062381     
 -0.10208882103080093       0.13491466210569053     
  -7.7874207356377484E-002  0.12884776749942162     
  -5.9027301469805490E-002  0.15017400616281640     
           6
  -8.5382354643443542E-002  0.13865574710226647     
  -9.6089194145232953E-002  0.13431507939545989     
 -0.11179982394437393       0.12451171077803684     
 -0.10510254801433361       0.11180299097138020     
 -0.10548891466984664        9.0998713881391635E-002
  -6.2869493263055215E-002  0.11970349766716594     
           5
  -1.4774286974770533E-002  0.21575727616718005     
  -4.5558608345286099E-002  0.22095216450823174     
  -5.0929461032712675E-002  0.19548897061870132     
  -4.7923403002964354E-002  0.17605697923078290     
  -1.3242356118042010E-002  0.17935977843518258     
           3
  -6.1259500614003932E-003  0.10114501017940167     
  -5.8326056479580696E-002  0.11620278100594257     
  -4.6954155478352869E-002   7.8607892770448912E-002
           4
  -5.3168625488402135E-002  0.21331989314312050     
  -7.6799263600917073E-002  0.21709290186746272     
  -7.3170731707317069E-002  0.19512195121951220     
  -5.8324071832999737E-002  0.19417754616461835     
           5
   3.7532620441584084E-002  0.11425035671831703     
   8.6419611975451852E-003  0.12132910267476074     
  -4.9691469326632633E-003  0.12109886726574777     
  -7.1653015280736081E-003  0.10563116427415196     
   3.4514162432375248E-002   8.7097395866217245E-002
           5
   2.6610345810855730E-002  0.18199113752197782     
   1.0056180349916120E-002  0.18123562486268063     
  -1.4214332686812830E-002  0.16479045166675038     
   5.8877068023406812E-003  0.13647081533373778     
   2.0061247913529506E-002  0.14992451315849353     
           6
  -5.1025747709714159E-002  0.22893247630097338     
  -5.5476576748747265E-002  0.23932349758012925     
  -7.6382312235020580E-002  0.24504972306553330     
  -9.0309813513835005E-002  0.21336892243192554     
  -7.9491598475550374E-002  0.20168070222949280     
  -6.8672409135044438E-002  0.20636757946069273     
           4
 -0.11072221760786877       0.14535178300848781     
 -0.14996560088759958       0.16625340635112354     
 -0.15470206570370207       0.12272799731141151     
 -0.11692362278783802       0.13138256735771697     
           8
  -9.7260073187187372E-003  0.26256610464377172     
  -1.8939999852863904E-002  0.26617152642836106     
  -2.7733502597783261E-002  0.27074322425267994     
  -3.5930694229011483E-002  0.26458265160181510     
  -5.2774996211283641E-002  0.24214770149454787     
  -5.8610350704105793E-002  0.23117528771356582     
  -3.9068413822961272E-002  0.22879876749480965     
  -1.6304684779299316E-002  0.21882026832312387     
           4
  -7.8819577305816110E-002  0.17971070815807508     
  -9.3897349472616409E-002  0.18006689864752470     
 -0.11094269210845431       0.17699323767264563     
  -7.1581591247631624E-002  0.13877246825481163     
           7
  -2.3630724333680176E-002  0.18218403745674308     
  -3.1364500613617868E-002  0.19721315140475462     
  -6.5124849657826195E-002  0.18715521684975708     
  -5.1717324148212770E-002  0.16402390152982996     
  -5.4083237461276010E-002  0.15426797604779688     
  -3.5256288456097969E-002  0.16382191422896430     
  -2.6315375184166490E-002  0.15551590475214008     
           5
 -0.58553704612534851      -0.52827801551733722     
 -0.60134716318548287      -0.53800825326974844     
 -0.59363349926737818      -0.56742282743893879     
 -0.58014490155978249      -0.57648623254616083     
 -0.55800640974821603      -0.57642922560550969     
           5
 -0.62478970985722226      -0.52436799855998339     
 -0.65596565771868498      -0.52049843974833754     
 -0.65392226413659404      -0.53728154761884583     
 -0.63702623830837568      -0.56251243316080535     
 -0.61061916376648429      -0.56125160945139707     
           4
 -0.44188261070565060      -0.43712660784953783     
 -0.48308773660046334      -0.42958709623994806     
 -0.45730549026910527      -0.46535684187514603     
 -0.44164645593779678      -0.45967048750216066     
           6
 -0.57751154591695897      -0.44033989857361255     
 -0.58971008092689570      -0.43327407600557749     
 -0.60048076981479015      -0.43192135896104572     
 -0.61147394465515259      -0.44799548632791114     
 -0.60222193074857133      -0.45986171178982271     
 -0.58975768207964296      -0.47813963831586265     
           4
 -0.53570504252924545      -0.35808683566985056     
 -0.55987956656462345      -0.37945988868966424     
 -0.55267835682969868      -0.39121178340666468     
 -0.53157016225110787      -0.39245959792456592     
           4
 -0.64275565041435800      -0.47835677205151644     
 -0.65890936746442808      -0.49133844959948791     
 -0.65742183629512885      -0.51879448204120027     
 -0.61868779234013449      -0.52362250092355866     
           8
  0.18263376392336325       -2.5149923326773536E-002
  0.16301840651639554       -1.6120661045778709E-002
  0.15265506580410751       -1.8910764657870928E-002
  0.15282725652217222       -3.7688412096847430E-002
  0.16287548492818515       -4.4821756654689363E-002
  0.16579520976908899       -5.8862129975504267E-002
  0.18304572592448273       -5.9629180288098382E-002
  0.19363093727351738       -4.9753843593380032E-002
           4
  0.16404503985942051       -5.3976327028354462E-002
  0.12043525565455777       -6.0093895045680905E-002
  0.11306421041624466       -9.7861261525020504E-002
  0.15522459343448958       -7.0723052350537247E-002
           3
  0.17886178861788618      -0.10569105691056911     
  0.15944220116409014       -9.6726719657907703E-002
  0.16059911619089567      -0.12497667134104862     
           3
  0.13821138211382114        3.2520325203252036E-002
  0.14174279446702251        5.0416833306402301E-002
  0.12633821846776333        6.1715976083752400E-003
           8
  0.10802307800997882       -4.7270430296924786E-002
   9.2410276528200039E-002  -3.1088294537230485E-002
   6.8327329064808637E-002  -2.3667926005643165E-002
   6.2991553593323674E-002  -5.2933860925346882E-002
   6.2785078031842370E-002  -7.0976568278911537E-002
   7.4075595823973897E-002  -7.3926029670588936E-002
   8.0578461273658419E-002  -6.3721140907341156E-002
   9.7988782736098165E-002  -7.5665438246885486E-002
           4
  0.17976719021001203       -1.3809864543635149E-002
  0.18521562926918994       -3.2865041903790373E-002
  0.19343359092692569       -5.5206139697756285E-002
  0.22023953305304506       -3.8799933391251970E-002
           3
   9.9831550915011072E-002  -4.6990295186263804E-002
   8.1300813008130079E-002  -4.0650406504065040E-002
  0.10103398338038272       -6.5395668802123108E-002
           5
   7.9172037390874028E-002 -0.12388547744501904     
   6.1652542010026692E-002 -0.11285019784869638     
   3.9136876882781009E-002 -0.14102052184509395     
   3.8779688203889155E-002 -0.15689505352175659     
   7.9183508330754784E-002 -0.14685539427320107     
           8
  0.24641162794861698        7.1697470350007876E-003
  0.22384910290089477        5.3225235416936439E-004
  0.21327462728779081        9.2709268940243880E-003
  0.19764487866421868        1.0324954787412199E-002
  0.19729730292140202       -5.8064628260610773E-003
  0.20389195206612654       -1.7267536204493089E-002
  0.19548573298477651       -3.0419907738961978E-002
  0.22216545036357818       -3.1793496412323680E-002
           8
  0.19378892682523902       -4.5638070806683625E-002
  0.19038119020530253       -3.4655538338634440E-002
  0.18906921938441665       -2.3284276917118932E-002
  0.15788595464865790       -3.4508422696978437E-002
  0.16034374306117430       -4.4882225384081674E-002
  0.16170380506192950       -5.7092539506678815E-002
  0.15606069499846789       -7.3442880083883721E-002
  0.18474324653830362       -7.2055255269459134E-002
           7
 -0.27231279039850181       0.67532086261700897     
 -0.27897794311535229       0.68851941799578353     
 -0.30534937598953699       0.69294259407263425     
 -0.31055610432928865       0.67495176815536706     
 -0.31370537318105279       0.66082151136668088     
 -0.29906414253869801       0.65942003525457804     
 -0.27640264592770358       0.65731706747097751     
           7
 -0.22337289990260989       0.71658974415841770     
 -0.24076816972824039       0.71180439709605703     
 -0.25771513923722933       0.68993235269058806     
 -0.26200066712502545       0.67363377855946249     
 -0.24895131743182478       0.67197761210031592     
 -0.23826428525883900       0.66705950971030981     
 -0.21096498297729202       0.66853271723788299     
           3
 -0.27983982529225326       0.74779543437510876     
 -0.29204914918781510       0.73535395879296128     
 -0.27642276422764228       0.73170731707317072     
           3
 -0.23577235772357724       0.70731707317073167     
 -0.26055256227854640       0.70102621214291094     
 -0.24289196046198094       0.68818476021764374     
           6
 -0.28360287309702331       0.73722111605006169     
 -0.31657941822105784       0.73907346021690645     
 -0.32407132556326790       0.71971574587871612     
 -0.32596614495150028       0.69838178993493827     
 -0.28358610893988234       0.69533330001235771     
 -0.28430056509284174       0.71620042699287301     
           6
 -0.83385834992406227      -0.10729381005194689     
 -0.87930743564708258      -0.11864500613253118     
 -0.87584848979884700      -0.13200205219230682     
 -0.87866446548158550      -0.15428610567003298     
 -0.83337980504503495      -0.15546515588681323     
 -0.82683825410291290      -0.14235920593854920     
           4
 -0.73941476465290568      -0.17909978776533095     
 -0.76825779456179788      -0.18062231876200435     
 -0.78902560061273608      -0.17615761019265752     
 -0.78827407629043933      -0.22130602533086130     
           7
 -0.80430195634331891       -8.3372130364016500E-002
 -0.80950349836803148       -6.8137060269709254E-002
 -0.84035241588288356       -6.9799552773284548E-002
 -0.84332605350322964       -9.8823249922503478E-002
 -0.84845232506119239      -0.11308946558894736     
 -0.83398734606493163      -0.11002481079966120     
 -0.81502876752100606       -9.9733749778614628E-002
           8
 -0.84619190055538718      -0.15271498821934090     
 -0.85325329871277045      -0.16453194720490119     
 -0.87071231898469192      -0.16196102806007062     
 -0.87442345639078922      -0.17982842860634496     
 -0.86743703494510971      -0.18751354365333353     
 -0.87326940780537676      -0.20231415993113891     
 -0.84378150280675224      -0.20441666684961901     
 -0.84011509918264304      -0.18322292826472242     
           3
 -0.72909404793418053      -0.12456463187776451     
 -0.73926375883364837      -0.16338902333061897     
 -0.71337601013262830      -0.15207646928832685     
           6
 -0.79547391157087111      -0.13381716489899384     
 -0.81787871537738044      -0.13271830021468725     
 -0.83591000792980130      -0.14691844794740436     
 -0.82938726127926610      -0.18015372244361327     
 -0.79620791206714181      -0.17172931169877145     
 -0.79010922801570793      -0.15809807611081017     
           5
 -0.75940632569548305       -6.5207605467953886E-002
 -0.78816418648426523       -9.1686257753372843E-002
 -0.79170526440974087      -0.11021051259205251     
 -0.75118325229805927      -0.10951669602781071     
 -0.75802829972593389       -9.9140501177448534E-002
           3
  0.34850085829148791       0.42526623809284325     
  0.34225679324769048       0.39553920214441646     
  0.35772357723577236       0.40650406504065040     
           3
  0.33435412936580772       0.42093150338395324     
  0.32520325203252032       0.40650406504065040     
  0.34362465355774979       0.39652463887507849     
           4
  0.37934263141737112       0.45538439340193126     
  0.35169410715908594       0.46405201559152909     
  0.33884910952626851       0.44806120644936293     
  0.35373966423013586       0.42969016580301411     
           6
  0.40623456593302609       0.34870938006421492     
  0.38832884719487332       0.34134879554481684     
  0.36522670465214074       0.32736420518948123     
  0.37373395625403333       0.31247412225194765     
  0.37978607926410929       0.29872094765082552     
  0.41312619108061271       0.31205740764834816     
           6
  0.39686744598837226       0.31149124398952527     
  0.36197863004016423       0.32234635345592005     
  0.34964817146013599       0.32373326838534172     
  0.35265940437623206       0.28339459014166546     
  0.37622895771565046       0.27783931615252638     
  0.39809844591218235       0.28775463668926121     
           7
  0.44140211196703549       0.39127485428209602     
  0.42471930847127864       0.38611992448923166     
  0.40596382445491236       0.39098703454489520     
  0.39712700872784878       0.36882395253485134     
  0.39289244295743758       0.34599767167600520     
  0.42494176950668761       0.34918748703817271     
  0.43407327547321534       0.36168334543295405     
           6
  0.73594647467598118       0.20921771590215579     
  0.70646514187821552       0.21389820095322493     
  0.70037115999231148       0.17141525972322705     
  0.71274684959031676       0.17505905202049526     
  0.74198425264379242       0.17012941936188514     
  0.73556298651850271       0.18285185442711538     
           4
  0.70820057118467150       0.21043536141262448     
  0.68171390238809881       0.21994642055026886     
  0.69057289341858796       0.18328582042687949     
  0.71003400373070236       0.17096967579302819     
           8
  0.71790100597343076       0.18922415544097634     
  0.70726183904387663       0.18950589142200616     
  0.67175332759835571       0.19565544179076119     
  0.67134485782855791       0.18094762887333066     
  0.67827929332192916       0.16258262699680934     
  0.69312253879448094       0.15819284839456255     
  0.70628477180766547       0.16584911111983983     
  0.71571717555134762       0.16512683015632623     
           4
  0.68642016717515664       0.17687915750493319     
  0.66898395460262416       0.18519557432491590     
  0.69105691056910568       0.16260162601626016     
  0.71098372017342970       0.15592088608255625     
           6
  0.78404601520084749       0.26496361155780845     
  0.76900764544452849       0.28027010479433428     
  0.75981231676721495       0.27391596324180673     
  0.75524625848718263       0.23556666083264435     
  0.77389945551457873       0.23765815438590576     
  0.78193019634356919       0.25118613807680867     
           7
  0.78242969192333933       0.20127221643221294     
  0.79755930918068663       0.20922844915096497     
  0.76591449802377420       0.20822572558263597     
  0.74881450775619607       0.20367783241636622     
  0.75365351089200761       0.19052825272282126     
  0.74691281326910575       0.17467509166923767     
  0.77194270638406548       0.17012253800820520     
           5
  0.78822853016470562       0.19186150135576485     
  0.79880150578090181       0.21185287963931262     
  0.74661959695406210       0.20911456301982631     
  0.75198101094900072       0.18382265396757969     
  0.77861778601202969       0.16194407516384654     
           3
  0.69228508651120491       0.19983874254666684     
  0.67479674796747968       0.19512195121951220     
  0.65737235644069025       0.18635270436358464     
           8
  0.79778382080006993       0.24455289712848050     
  0.78860904741545557       0.26002855486606047     
  0.77711292892188988       0.25963908171639899     
  0.75882455448711650       0.23990380536143183     
  0.76226018831669728       0.21232516772688104     
  0.77208777081467561       0.21869060554869596     
  0.78954972469353035       0.21148431728008324     
  0.79630368301450405       0.23444802742458717     
           8
 -0.76242784149547160       -5.6538561628706411E-003
 -0.75843469512588690        5.1741188271612060E-003
 -0.77128829758372619        6.3835180972200319E-003
 -0.80312499101863077       -3.7095101478014085E-002
 -0.79365077727875455       -3.6343287469787822E-002
 -0.75837977910828380       -4.2781388635223225E-002
 -0.76313209843304586       -2.9130519610393597E-002
 -0.75791311471817746       -2.0925607508795917E-002
           6
 -0.75000068083866378       -1.0971759421626943E-002
 -0.76484680506043012       -1.0246180171052822E-003
 -0.79362345012175073       -1.9567533748692197E-002
 -0.77627115642072519       -3.5855401858484633E-002
 -0.76411740721216104       -4.0469176181010272E-002
 -0.75198537733991266       -3.2536330006028180E-002
           8
 -0.71491211864118576       0.12293794126503349     
 -0.73039398876423045       0.12812288837770980     
 -0.74090529847721098       0.11968082927178274     
 -0.76519682744569761       0.12760439698201856     
 -0.76183734466981834       0.11472702020867795     
 -0.74807060408641490        8.7587354767730344E-002
 -0.71755925075559546        7.9561195588091008E-002
 -0.71820635371172858        9.9682983755510976E-002
           8
 -0.80721891310449057        9.8240665417183414E-003
 -0.79621282783660907        2.7121745817003752E-002
 -0.81407965621989131        2.6105345395527849E-002
 -0.84040006568876369        2.5030880942241346E-002
 -0.83883171910282761        7.3270346403261173E-003
 -0.83580635884219956       -1.1335367457011270E-002
 -0.80866783084490323       -1.4970512781248549E-002
 -0.79417619908534254        4.5231279822395571E-003
           4
 -0.70241054878839659        1.9035132451735107E-002
 -0.75002238452382841        1.4242051330165300E-002
 -0.72879702659288370       -1.3639831660343370E-002
 -0.70052212542334946       -1.3188372428281003E-002
           5
 -0.73893445274748004       0.10324028720766962     
 -0.77983164232343438       0.10797742817529692     
 -0.79072378964173684       0.11771733769014665     
 -0.78609779013593406        8.4688804604363593E-002
 -0.76244455993696847        8.3037486899412788E-002
           8
 -0.73792871288331230        9.6085488081503884E-002
 -0.72993009551869181       0.10911941461751182     
 -0.74779044388418647       0.10913167144947282     
 -0.77132585859208425        9.5109416045692660E-002
 -0.78096099091913884        8.6823949880280207E-002
 -0.77918432975712626        6.4130628382618460E-002
 -0.73099826570182347        6.4629429248220349E-002
 -0.73395670263513013        7.5321675767936691E-002
           8
 -0.72175258231023620       0.10533005490250044     
 -0.74294699179699497       0.11395743081718566     
 -0.75476363213556819       0.12060739372309197     
 -0.76799018444245937       0.11074677868997646     
 -0.77455441334948461        9.4075778570871099E-002
 -0.76300434281703788        8.4248654727628963E-002
 -0.75319656664314305        8.1372208783739144E-002
 -0.72866045079316999        8.4742293542182712E-002
           6
 -0.77744275915091099        5.9304274620723955E-002
 -0.77256066007761992        6.9241605083952162E-002
 -0.79436521999446064        7.1765864297846677E-002
 -0.80611862794555633        6.2352546519037849E-002
 -0.80339232094664481        3.3968553893500092E-002
 -0.78087188864847734        3.4379717870543836E-002
           5
 -0.69760234544798960        5.7301039174472775E-002
 -0.70975596112924932        6.4159006901241655E-002
 -0.72480448001565523        7.0710573320556178E-002
 -0.72257002111862212        2.8732162623841862E-002
 -0.70133963215213324        3.1466393172177781E-002
           4
 -0.81453331892921266        9.1165308758738225E-002
 -0.84978780419792721       0.10543324548563487     
 -0.85596499024767847        6.6990944599449806E-002
 -0.81410151785013374        6.6478429957236490E-002
           3
 -0.80638041106539038        1.5927034292311591E-002
 -0.84217855998775870        8.7845878744030256E-003
 -0.83596372270446451       -2.1195340147873339E-002
           5
 -0.76492641368216996        6.6481117448937786E-003
 -0.78429465226270523        1.5584924352115078E-002
 -0.78005288983276067       -2.4560405655761905E-003
 -0.78846931862882097       -2.5381584683064264E-002
 -0.76422764227642281       -8.1300813008130090E-003
           6
 -0.17896127466295844       0.73751627971364786     
 -0.20057680208996392       0.73462004537992875     
 -0.22044726808384460       0.71733885464193647     
 -0.20887544488349200       0.69552531433569209     
 -0.18796284022620949       0.69736824430010202     
 -0.17227216474642615       0.69544237257962294     
           4
 -0.26060271055014889       0.78199881528636705     
 -0.29770711378755504       0.77442394237622092     
 -0.29918103572137172       0.76090789131921333     
 -0.26556730350039631       0.73409941609271978     
           8
 -0.24183350949095234       0.75367634360717084     
 -0.25101582003474970       0.75035596865783283     
 -0.24548528705257844       0.76254083377230941     
 -0.28824223429863149       0.74188080610864593     
 -0.28483790460927821       0.72757849217943538     
 -0.26675693917121646       0.71358281526502010     
 -0.24570318701028079       0.71430980168452185     
 -0.24788168196662250       0.72594514826441769     
           6
 -0.27314685526700466       0.75489357065214746     
 -0.28751790815327105       0.76617052185916557     
 -0.30955830961646724       0.74256247359759908     
 -0.31101343175481966       0.72137157980237687     
 -0.28348281172950718       0.72688604552640246     
 -0.27645332112213933       0.74183781991216091     
           8
 -0.20696244079077233       0.75620013909249262     
 -0.21954642770878599       0.75783584472774956     
 -0.23303553390523590       0.75835307766125071     
 -0.23861193776139458       0.73038344535400213     
 -0.20923979940344503       0.72444903924683191     
 -0.19960225351259292       0.71935877130700021     
 -0.19339153766659745       0.72799084830714111     
 -0.20338507104319833       0.73739503772639003     
           7
 -0.18666308097552148       0.78353531083911232     
 -0.19984347422957593       0.79430288491879930     
 -0.23258886834314937       0.79739420063473643     
 -0.22857577245174571       0.76593028288065046     
 -0.21189658125136529       0.76431386513389354     
 -0.20554244012584375       0.75617207683464616     
 -0.19073053345636373       0.76447604351451615     
           3
 -0.27825246271932208       0.75801524278005961     
 -0.28420049428820482       0.74119674143283309     
 -0.23478024155348351       0.71761184965924629     
           6
 -0.19043699218971422       0.75691820945023569     
 -0.23822458431957350       0.76491495399142895     
 -0.23450268505482222       0.74789490953010307     
 -0.23449706957358252       0.73439330102344813     
 -0.20168163004025924       0.72186433632195457     
 -0.19940227143170960       0.73328886602007137     
           8
 -0.22056920986262107       0.76210883883292191     
 -0.23508833626559078       0.76597723395260331     
 -0.24215506338315265       0.77247744294740051     
 -0.25213993348513863       0.76566378626662801     
 -0.26316504398256196       0.75225207918721648     
 -0.26658781865046799       0.72625214283442585     
 -0.24320704591754999       0.73035076560165724     
 -0.23192579390557316       0.73349283970285628     
           5
 -0.20398207491185352       0.72308169885124374     
 -0.20432133629423599       0.73880873535322389     
 -0.22245806839619303       0.73252260664651925     
 -0.25343443084071626       0.69257271434905832     
 -0.21242055728949658       0.70708511502993443     
           4
 -0.21720231152381170       0.79850415172741473     
 -0.26513269520597943       0.77998531406334048     
 -0.23732099415156738       0.76286456097812161     
 -0.22060690429912919       0.75444427900503541     
           7
 -0.23453802895079853       0.75634397583090551     
 -0.23270729556026021       0.77939458555010532     
 -0.25303615011482983       0.77146847700315024     
 -0.26623418527464277       0.75543104525540061     
 -0.27699005499284646       0.73614704303793121     
 -0.26395658897030694       0.73723652803193918     
 -0.23410539686770576       0.74562378148876862     
           7
  0.30219530864141481      -0.92088488269128332     
  0.30945231882394902      -0.91178716890365985     
  0.26918647640922033      -0.92227695685853683     
  0.26377130190017406      -0.93748999479691797     
  0.28283106462714486      -0.95269239656713256     
  0.30006633973086816      -0.93991329804994328     
  0.30903698415320252      -0.93399237036369565     
           6
  0.39076948109048448      -0.82013447876266898     
  0.38377076696945356      -0.80329035494239265     
  0.36884368320394878      -0.80551774387510000     
  0.35987606517445103      -0.81451458800731291     
  0.35598782547596741      -0.84221266988472299     
  0.37501583485234363      -0.85168862658795064     
           7
  0.24788150877294796      -0.97176007021224664     
  0.23699573198305762      -0.96283169137644609     
  0.21642025978157084      -0.96224202613471688     
  0.20848944675822972      -0.96843890665808396     
  0.21112591504955155      -0.99640803391764476     
  0.21169972088461064       -1.0078030164044951     
  0.22300338353058391       -1.0055889226819958     
           7
  0.30004616954783125      -0.98548855733374385     
  0.28654168226684379      -0.97377870796862642     
  0.27797461337140783      -0.99330886229594395     
  0.26791273295395307      -0.99986287063728152     
  0.27158687837361634       -1.0103742767280399     
  0.28469006853152840       -1.0241222672496251     
  0.31420117226661387       -1.0139071164257487     
           3
  0.27642276422764228       0.20325203252032520     
  0.25144347289833069       0.19522080787949492     
  0.28445154076457352       0.18376618349811669     
           6
  0.28874374587116014       0.22352562067272344     
  0.26550515505149791       0.23569637655274822     
  0.25335714133799214       0.22882561461946055     
  0.25048951615859649       0.20151648444196804     
  0.26108958779549296       0.19144617497527702     
  0.27458849918121364       0.19390325556246676     
           5
  0.21223994098431517       0.23775730928284711     
  0.19279073145646819       0.23432793169476443     
  0.17903197397727438       0.23381812703390301     
  0.17919420209154308       0.20942050014790151     
  0.20812618803627889       0.19569310174200796     
           4
  0.26692786308418837       0.19515319471045847     
  0.24872465530796059       0.20436092640651093     
  0.22864616932194345       0.19702028314510889     
  0.26405678096426538       0.16368376594090767     
           5
  0.26016260162601629       0.25203252032520324     
  0.23727559295715073       0.23978941496214182     
  0.24940706937931928       0.23842042564632335     
  0.25161765336324865       0.22670035722259843     
  0.27179239387302723       0.23357575581366391     
           5
  0.26829268292682928       0.15447154471544716     
  0.24983599964691192       0.16481607705304929     
  0.24336977819884686       0.17714141414760431     
  0.24777042696857682       0.13247811945509913     
  0.26301835509424870       0.13308658461788267     
           4
  0.27808398416428431       0.26579923090328916     
  0.26789667187439697       0.25479127577590471     
  0.26033712250344337       0.23132450221555886     
  0.30022283036575620       0.21787196813300364     
           7
  0.28678802351349825       0.16567225312427308     
  0.28191680349946346       0.17675776902816379     
  0.26916600932963031       0.17977003758464466     
  0.23845184912262279       0.17747258228377286     
  0.23604367019790762       0.15858503283083361     
  0.24630082116126154       0.15668055418892832     
  0.24023750762869117       0.14417611977947478     
           4
  0.24539592133793969       0.17309591676065472     
  0.22862916420735979       0.15938526862164645     
  0.22493737223510749       0.14301356960359396     
  0.24390243902439024       0.15447154471544716     
           7
  0.27211338253656120       0.25294462844663307     
  0.25801446289315866       0.25302242013294157     
  0.25121635480888627       0.24320065014181907     
  0.25137859633616860       0.21902845577610838     
  0.26804782839903740       0.21185031642464880     
  0.29294623625305932       0.20898551707083524     
  0.28815874968943261       0.22492611185856806     
           4
  0.30031124862471481       0.17721107769879263     
  0.27498257784276831       0.17667396145452857     
  0.26106826758468527       0.15093264284950661     
  0.29662880044913476       0.15605906679839407     
           6
  0.24963139650521304       0.16825369706360532     
  0.23159775150109618       0.16845639452577196     
  0.21305134409078366       0.18114146721449476     
  0.22230133773125960       0.13532062931904509     
  0.25034522641611973       0.13686131990352035     
  0.26212720056975369       0.14092229608403950     
           7
  0.25966010033578296       0.18913414334425055     
  0.24353058287412438       0.20529144227179530     
  0.23283656528401114       0.20068664070280048     
  0.22076937540167321       0.20370948793233881     
  0.22086379631121014       0.17242668899003896     
  0.23270940413753879       0.16716878513034827     
  0.25577534897533055       0.16612405790602142     
