   113.00000000000000     
   2043.0000000000000     
         100
           8
   1066.0000000000000     
   841.00000000000000     
   74.000000000000000     
   687.00000000000000     
   175.00000000000000     
   183.00000000000000     
   124.00000000000000     
   4.0000000000000000     
   81.000000000000000     
   56.000000000000000     
   29.000000000000000     
   23.000000000000000     
   4.0000000000000000     
   9.0000000000000000     
   7.0000000000000000     
   181.00000000000000     
   54.000000000000000     
   884.00000000000000     
   822.00000000000000     
   637.00000000000000     
   59.000000000000000     
   140.00000000000000     
   531.00000000000000     
   58.000000000000000     
   15.000000000000000     
   11.000000000000000     
   185.00000000000000     
   159.00000000000000     
   285.00000000000000     
   4.0000000000000000     
   10.000000000000000     
   3.0000000000000000     
   4.0000000000000000     
   11.000000000000000     
   45.000000000000000     
   4.0000000000000000     
   225.00000000000000     
   286.00000000000000     
   262.00000000000000     
   4.0000000000000000     
   391.00000000000000     
   54.000000000000000     
   518.00000000000000     
   815.00000000000000     
   25.000000000000000     
   29.000000000000000     
   18.000000000000000     
   588.00000000000000     
   68.000000000000000     
   480.00000000000000     
   5.0000000000000000     
   16.000000000000000     
   34.000000000000000     
   5.0000000000000000     
   9.0000000000000000     
   22.000000000000000     
   120.00000000000000     
   152.00000000000000     
   21.000000000000000     
   44.000000000000000     
   676.00000000000000     
   17.000000000000000     
   764.00000000000000     
   13.000000000000000     
   6.0000000000000000     
   718.00000000000000     
   52.000000000000000     
   11.000000000000000     
   93.000000000000000     
   398.00000000000000     
   48.000000000000000     
   37.000000000000000     
   3.0000000000000000     
   8.0000000000000000     
   406.00000000000000     
   1086.0000000000000     
   3.0000000000000000     
   52.000000000000000     
   88.000000000000000     
   28.000000000000000     
   686.00000000000000     
   25.000000000000000     
   101.00000000000000     
   4.0000000000000000     
   15.000000000000000     
   445.00000000000000     
   4.0000000000000000     
   593.00000000000000     
   327.00000000000000     
   92.000000000000000     
   21.000000000000000     
   12.000000000000000     
   44.000000000000000     
   773.00000000000000     
   4.0000000000000000     
   14.000000000000000     
   783.00000000000000     
   3.0000000000000000     
   500.00000000000000     
   390.00000000000000     
           1
   0.0000000000000000        0.0000000000000000     
           8
  -5.6209275371451699E-003  -4.3728654405111228E-002
  -1.4382674085585898E-003  -2.8531003293533582E-002
  -2.0878860737489069E-002  -2.6466233385424118E-002
  -3.5364843859816968E-002  -3.6520744592555922E-002
  -3.1047659683649476E-002  -4.4982870323044412E-002
  -1.5666281683851570E-002  -6.4422587405181780E-002
   2.0470967952409269E-003  -6.0529052547346106E-002
  -2.7249137617092554E-003  -5.3290239643324633E-002
           5
   4.3814811932552003E-002  -3.2749483959890555E-003
   2.8576408236626560E-002   9.9136069069950018E-003
   1.9206930450927095E-002   8.7230122974674557E-003
   8.6427672147303368E-003  -8.5563177262784878E-003
   4.4755173738921683E-002  -2.4699057243337680E-002
           6
  -1.7007507418969788E-003   6.9164069383798307E-002
  -1.0557847852748561E-002   8.1131349330922031E-002
  -2.5945602196453931E-002   7.6480415979775132E-002
  -3.7024017133575227E-002   5.6135156938780087E-002
  -6.4366091987552391E-003   6.0937016386925530E-002
   2.3271175598706950E-003   5.8148897352486378E-002
           8
   3.9423191731565235E-002   9.1388900105535530E-003
   3.1037533268130971E-002   1.0763882444527176E-002
   1.4253521217529035E-002   8.3383267735032789E-003
   1.5310664026550347E-002  -2.6466685647016622E-003
   1.3372509623327918E-002  -1.1195568705048224E-002
   2.1637136162381884E-002  -1.1628354522441653E-002
   2.8670771840056977E-002  -1.5260704294930384E-002
   4.4486144135447332E-002  -9.7574370554378703E-003
           5
   5.6542703885219404E-002  -1.0697244760104311E-002
   4.9868718414500079E-002  -2.7012864900913359E-002
   4.2544796029490045E-002  -4.2250350569663940E-002
   7.5640375078988700E-002  -4.3971588581152070E-002
   7.9877169177769325E-002  -3.2786478232103150E-002
           6
  -2.6712374225731621E-002  -5.2591242378663659E-003
  -3.9496554680388783E-002   8.5466030109954683E-003
  -5.4936308655092740E-002   2.2417684706398724E-003
  -5.6136082820686412E-002  -1.6296439948870815E-002
  -6.3244511784130181E-002  -2.3566419799074791E-002
  -2.5722138558711992E-002  -1.9218873335928650E-002
           8
  -6.0123158342173626E-003   1.2972367794058502E-002
  -2.9883963990209022E-002   2.0436151109476233E-002
  -3.3569363338557985E-002   1.3505990698177348E-002
  -4.1307389481952575E-002   1.6857813892618503E-002
  -4.5477156300791251E-002   1.0666615665506243E-002
  -4.6667177339180056E-002  -1.0103907060691126E-002
  -3.4399109611312338E-002  -1.6715544228682298E-002
  -1.1667838367130789E-002   1.9164975313853603E-004
           4
   8.9652379197920039E-003  -7.1394330455430421E-003
  -7.3395979501223157E-003  -1.4477396985116322E-002
  -1.8660072499937716E-002  -3.2367047223590913E-002
   1.1061643739526218E-002  -3.8847228223272474E-002
           4
   5.3991863848740967E-002   1.9565652881326813E-002
   4.0520383464313234E-002   2.9563525577807028E-002
   1.6258520798504345E-002   2.0212952079991763E-004
   2.3963961977297339E-002  -1.0807543206451213E-002
           7
   4.4464507362351816E-002  -2.9739637530672460E-002
   2.3968583757942245E-002  -2.7764901849992363E-002
   2.4620582940269895E-002  -3.5720778234681422E-002
   1.7892363342496970E-002  -4.9707193951529893E-002
   2.2520940997856800E-002  -5.8402496920954255E-002
   4.1776036375922226E-002  -6.2760266289143829E-002
   4.6400768263199638E-002  -5.3014831800351422E-002
           6
  -1.8831955333381764E-003  -2.0697893192652091E-002
  -1.2701026809839103E-002  -2.2933053207561636E-002
  -3.0014301285385771E-002  -3.1480091645046358E-002
  -2.8728105850873577E-002  -5.5837725661694246E-002
  -1.7143666756473306E-002  -4.6092021225213164E-002
   7.3755434801383093E-004  -4.5870576420381483E-002
           3
   3.7614939692618116E-002  -3.3777033751781760E-002
   2.4612173990774963E-002  -3.8364844702572183E-002
   4.4247787610619468E-002  -4.4247787610619468E-002
           3
  -1.6656132333673267E-002   2.2503161152370693E-002
  -5.0182103997088043E-002   1.8276597966539999E-002
  -2.2132470627742033E-002  -1.1022553735781308E-002
           8
  -6.8047471676322725E-003   2.7447784030142891E-002
  -1.1166343850902320E-002   3.7157957462855030E-002
  -1.4022963426651710E-002   4.4205363876980083E-002
  -2.6266939754669892E-002   4.0338350218990814E-002
  -3.1287357544209193E-002   2.6424885969416060E-002
  -3.8193707277269728E-002   9.3615047733973250E-003
  -2.5025662795420213E-002   8.7249570400889064E-003
  -5.4762255177739690E-003   8.3160775702708946E-003
           5
   7.8311339698614438E-002   2.9835286583721657E-002
   6.0168075773017478E-002   2.8517913216333984E-002
   4.6476329970432023E-002   3.3421895000855309E-002
   4.8167140355066723E-002  -2.8503251005839239E-003
   5.7805987055100018E-002  -2.0489955416985936E-003
           8
 -0.11248776223711253       0.72423491016684727     
 -0.12566416476827225       0.70901256557303938     
 -0.13483270319298468       0.72040906548500094     
 -0.13214913590806290       0.71255146381169954     
 -0.13066945465529478       0.70012407406438071     
 -0.12781041286191408       0.69224859856968657     
 -0.11870307586845107       0.69069666389150419     
 -0.10288051055808965       0.69247809132055071     
           6
  -3.7786368402250928E-002  0.78069737355372393     
  -3.3982024871985823E-002  0.79288492056314075     
  -6.4680391132979090E-002  0.79242910955802848     
  -5.7653070908173627E-002  0.76572950502506598     
  -4.9143944994902489E-002  0.76230790151366778     
  -3.6156410988876293E-002  0.76012628572725838     
           7
 -0.12242548131076714       0.75229361271368445     
 -0.13497852451165512       0.74622476794763815     
 -0.15021256356971105       0.74969323030420354     
 -0.16016547941487441       0.74569344137840787     
 -0.15990721150928297       0.72488264563314253     
 -0.13203888360357949       0.72221534641027529     
 -0.12888920014370403       0.73917550495648521     
           3
 -0.13400628038549683       0.69569242265701847     
 -0.13742791716645819       0.67722368568912428     
 -0.10397827120036898       0.68633095902553343     
           4
 -0.23050525237927111       0.79429893154729159     
 -0.25014261503892121       0.77078574401794231     
 -0.23628555411126584       0.76126825503255302     
 -0.22722473622656963       0.76709699469537429     
           6
 -0.20028842855733964       0.70839203915543580     
 -0.21942493295245677       0.71207098006916436     
 -0.22916774527741141       0.70852718646572987     
 -0.22864210894471787       0.69524321757576824     
 -0.19814218557018889       0.68353190055312951     
 -0.20057103450243224       0.69399793229180273     
           6
 -0.20159970449419487       0.70368461560400841     
 -0.21054396455311192       0.70454405575500467     
 -0.22223673365884702       0.70178020644140549     
 -0.24011563332153105       0.69903695321186787     
 -0.20987852740733773       0.67321034615757769     
 -0.20590638440539635       0.68100051856950505     
           3
  -9.7345132743362831E-002  0.70796460176991149     
 -0.11183953325004210       0.72259225343235822     
  -9.9182628062790823E-002  0.68812342818834404     
           3
  -5.0561211202404178E-002  0.79935824207522277     
  -6.1603216374403399E-002  0.76787769329518474     
  -2.6436012610145842E-002  0.77487371769293567     
           6
 -0.17224632808349771       0.81665840368187237     
 -0.18693696617740027       0.81464509242618910     
 -0.20220815561587288       0.81680132326505039     
 -0.20341029428027418       0.80006126419538026     
 -0.16888189574393278       0.78753427191358816     
 -0.16725704342898012       0.80577663733790461     
           8
  -2.9428512819259872E-002  0.72968341854926544     
  -3.4066821725152463E-002  0.74097871705344143     
  -4.1847125494856620E-002  0.73992124862824138     
  -4.7622667899773805E-002  0.74534230149640102     
  -6.2578821634933265E-002  0.72540365427566234     
  -5.7764925394208320E-002  0.71598675480889395     
  -5.1786743398880605E-002  0.71019027157373738     
  -2.6365303859604103E-002  0.70556819943329852     
           7
 -0.16642289908406674       0.71087645865533500     
 -0.16656056341090456       0.72329584283662895     
 -0.19489382177980219       0.72107363938232305     
 -0.18853106674807257       0.69882437263790231     
 -0.18825971935857849       0.69014905879578103     
 -0.17454295989290217       0.69026690448248462     
 -0.16524214272927185       0.70055028664781782     
           6
  -3.9985990624079495E-002  0.80726528449649304     
  -3.2969086441869154E-002  0.81319465611597097     
  -3.6900734737263366E-002  0.82138652368699161     
  -7.3180505501478449E-002  0.80770329537616381     
  -5.7018351259993966E-002  0.78467313644949721     
  -3.3575727932671259E-002  0.79424991858588556     
           8
 -0.20122385583981137       0.80409939949372122     
 -0.22304214080890511       0.80412691212655207     
 -0.23097822514976768       0.80177707525412345     
 -0.23772260702398970       0.80691924492526002     
 -0.24057824746875595       0.78888462496348688     
 -0.23975884303973358       0.76990563471588602     
 -0.21973228010837570       0.77165942090202844     
 -0.20457872091684184       0.78632910862970640     
           8
 -0.20223005294730620       0.66628154055127686     
 -0.23600536459033242       0.66676430181754476     
 -0.23288439102268060       0.65811839066761602     
 -0.23895225559389138       0.65199793018585672     
 -0.22988993048192394       0.64162035778633453     
 -0.20791876134729304       0.63574360513398620     
 -0.20226853467119266       0.64259341933729897     
 -0.20923282801023657       0.64859059181209244     
           6
  -5.7073655758499070E-002  0.79739988641254600     
  -6.7258966427579170E-002  0.79213868803159138     
  -8.9564026558374171E-002  0.79397737746611585     
  -8.6181190869763558E-002  0.78339036744056167     
  -7.4492187704501861E-002  0.76439833602708418     
  -5.0255883800366156E-002  0.77957643274009925     
           3
 -0.17240460772110994       0.67330958580110489     
 -0.18584070796460178       0.65486725663716816     
 -0.17324170505860351       0.64415354823153548     
           7
 -0.19139908462219568       0.66822200221805250     
 -0.21408062262766026       0.65641573515790308     
 -0.22320032237805143       0.65787821819352543     
 -0.21817660536971969       0.64416509106781472     
 -0.20873855154788132       0.63484126239180350     
 -0.19193495312511913       0.63414872848273895     
 -0.18482137167346852       0.64494001600572437     
           7
  -2.7339939176966248E-002  0.77674112797704997     
  -4.1666890537439549E-002  0.78108346643824134     
  -5.7995807594221203E-002  0.78439580291653033     
  -6.2506844076094997E-002  0.77476812979930987     
  -6.0629777368638366E-002  0.75353486663694669     
  -4.5640134181640979E-002  0.75479479956180939     
  -3.0111468846609639E-002  0.76005475797453659     
           8
  -5.0928049135021781E-002  0.80745470599271596     
  -6.2372444316416545E-002  0.82528332209555300     
  -8.5745488066042305E-002  0.82205863963955705     
  -8.3271943042355329E-002  0.81511076221869638     
  -7.6877031778506161E-002  0.79331363818121414     
  -7.5488529612998123E-002  0.78535571881322919     
  -5.7859054747969020E-002  0.79138275963804383     
  -6.0023567212858973E-002  0.79995575154575260     
           3
  -7.6163980382126829E-003  -5.9289449425249392E-002
  -2.6548672566371681E-002  -7.0796460176991149E-002
  -1.8717701177560522E-002  -9.0472196000331198E-002
           3
 -0.24924294987886142       0.15230151585388027     
 -0.28556319422731957       0.12299125012513282     
 -0.25789757322486384       0.11956805441367782     
           6
 -0.11159953510359820       0.23078000595025394     
 -0.12823802639408902       0.22336329769347887     
 -0.14083265736141864       0.22447963610791355     
 -0.13550512869787182       0.20772045858701579     
 -0.13417373126178436       0.19538381047088607     
 -0.11523483180502166       0.19362113541181486     
           5
 -0.12472963576400792       0.11762223040774006     
 -0.11914485646979392       0.10449319829931061     
 -0.12006744304486616        9.2359373085016308E-002
 -0.12353574535935813        7.8810349453305187E-002
  -8.9069989580722278E-002   9.3441829466766851E-002
           7
   1.5292644095288906E-003   7.9566006361101171E-002
  -1.5897600343470122E-002   7.2668092029085335E-002
  -2.4097894669317506E-002   7.4337084156778629E-002
  -2.1403149236689255E-002   4.6659206937368213E-002
  -1.2330300265530485E-002   4.7003012727603169E-002
   6.6851743135682099E-003   4.4551713668172899E-002
   6.6536258119180292E-003   5.4313696959973790E-002
           5
   2.2813746113789418E-002  0.14279521421337152     
   1.4217485473553256E-002  0.13558328996378530     
   4.9359937868105851E-003  0.11779695137120121     
   8.9069441716238002E-003  0.10554280770991586     
   3.6332924896944063E-002  0.10369871272573347     
           4
 -0.22389678661305265       0.14340248007940876     
 -0.23460043494964916       0.14947907379095920     
 -0.25023203095538643       0.11733284602250220     
 -0.21835913464164408       0.12743186896514319     
           4
 -0.30951794356446560        2.9685511555582775E-002
 -0.32387981349794548        2.8687324830462296E-002
 -0.33158006539858442        2.2983530642601401E-003
 -0.31893865547172490       -1.8313479159127941E-003
           3
 -0.24259409771561988        6.3320009590018808E-002
 -0.27511588003165277        7.1961799105289034E-002
 -0.27465027680759879        4.6620112744033895E-002
           3
  -8.3220422435859673E-003  0.26608310296061266     
  -2.4402595840465481E-002  0.24827374823272569     
  -8.8495575221238937E-003  0.24778761061946902     
           3
  -6.1946902654867256E-002  0.15044247787610621     
  -7.8266684519320520E-002  0.14113688700295304     
  -4.1384527615526162E-002  0.14378344565127174     
           5
  -7.0305299595336490E-002  0.27655198662714719     
  -9.1907808777117406E-002  0.28929272618134771     
 -0.10900570507531746       0.28677628396310695     
 -0.10523359172457902       0.25573057338434424     
  -9.4482254989467329E-002  0.26192555813263652     
           8
 -0.16348673635408531       -1.4177857305921573E-002
 -0.15676329165431924        2.6334092289118198E-003
 -0.19308237033012690       -7.0853962627807406E-003
 -0.18904961956521216       -1.9117571800610349E-002
 -0.19596568064509584       -3.3246435814062295E-002
 -0.18339814914904429       -3.2902499092621794E-002
 -0.17122844849428770       -3.1238301650588395E-002
 -0.15977841094971024       -3.7312281360949703E-002
           8
 -0.27865389287564091       0.19169935725350490     
 -0.29096919498854223       0.19367002054621718     
 -0.31212273104693711       0.19233493748083452     
 -0.30776390633725326       0.17757448479458776     
 -0.30808815167463888       0.16949788542823002     
 -0.30242422969888888       0.15729491598394796     
 -0.27165630467301849       0.16375302560720872     
 -0.27879861795159316       0.16852529268796568     
           6
 -0.21174206484411798        9.8028655393065690E-003
 -0.22037940792094721        1.8269203235186313E-002
 -0.24770517652441890        1.3089169299850384E-003
 -0.24881824163937205       -1.3750105714417878E-002
 -0.23056144881092980       -1.5113379473410009E-002
 -0.21414817820792753       -1.2997212152082067E-002
           5
 -0.10931925516784229        9.6938641262424047E-002
 -0.12471903887650373        9.7801575143101060E-002
 -0.12892960642384305        7.0485025961143061E-002
 -0.11629314847804356        6.6203940924565080E-002
 -0.10044281451395652        7.7772042613082792E-002
           7
  -5.5534399317812386E-002  0.11676756889788925     
  -6.5580654199257862E-002  0.12247326794776422     
  -7.3190570937662278E-002  0.11896925870701633     
  -9.0768289523073642E-002  0.11050611241333280     
  -7.8179624523457503E-002   9.2196316257591768E-002
  -6.8143145245514847E-002   8.8345172374693914E-002
  -5.4880594120455775E-002   9.7627106295171615E-002
           3
 -0.29243703022709011       -7.8426253904089804E-002
 -0.30973451327433627       -7.0796460176991149E-002
 -0.29864600248624812       -8.8461619560774224E-002
           3
 -0.27869331547051279       0.22028497076350570     
 -0.31254644456392033       0.20057654857219215     
 -0.27717490237250808       0.19421121095193078     
           6
  0.10493340995060535      -0.61988637709836958     
  0.10217103329874856      -0.60735281959052756     
   6.8470175224433411E-002 -0.60167735328910499     
   8.5432349209835723E-002 -0.63717865853754241     
   9.5958365410083624E-002 -0.63796234956048115     
  0.10827872441922579      -0.63801831935291164     
           4
   6.6699472470583845E-002 -0.82831074525258297     
   5.3071485677578828E-002 -0.83180439050212795     
   5.1038684221984321E-002 -0.85263162909071144     
   7.0796460176991149E-002 -0.84070796460176989     
           6
  -9.4372448080949023E-002 -0.87497800866692832     
 -0.10872689534275770      -0.87583819504262239     
 -0.11820830882542159      -0.88910941209585093     
 -0.11436883737535747      -0.90960112917018743     
  -9.8951819317257175E-002 -0.91157431770012043     
  -8.9898027964316451E-002 -0.89922565482282546     
           8
   7.1833921919603222E-002 -0.99606074329508842     
   7.3379384023600863E-002 -0.98290466748058480     
   5.8569890163580753E-002 -0.98868936100769722     
   4.8165192315441287E-002 -0.98428388577447179     
   3.6896852235069430E-002 -0.99825340507940430     
   4.0553661538993459E-002  -1.0149150324110250     
   5.4062656547527024E-002  -1.0174788299066075     
   6.7671029830466412E-002  -1.0113232018523721     
           8
 -0.13137873433603878      -0.65298856069964462     
 -0.14999649726398709      -0.65386075112060960     
 -0.15908192240084795      -0.65788076981710153     
 -0.16832514273566332      -0.65551470871333362     
 -0.16901858538737347      -0.67948672928470333     
 -0.15304571453473892      -0.68535518226421932     
 -0.12970246926905157      -0.68449424964448480     
 -0.13089558259728656      -0.67416032619624611     
           5
 -0.18872581157845056      -0.90401991156678696     
 -0.20601555472403346      -0.89092041459049154     
 -0.21678649905032335      -0.89435393779334371     
 -0.21670851830828342      -0.91295659223891568     
 -0.20635112921812560      -0.92325302748527138     
           4
  0.10798483809053219      -0.92112507983776792     
   9.7345132743362831E-002 -0.92035398230088494     
   8.0731353957619628E-002 -0.92781041293753852     
  0.10930392983086101      -0.93259215252060301     
           8
 -0.14739967394402992      -0.82937782377519287     
 -0.18269502572144522      -0.83016690321009590     
 -0.18241254817365538      -0.85946905062381618     
 -0.18788742933822550      -0.86850479002780145     
 -0.17936072334285660      -0.86722591939054772     
 -0.17123938415105383      -0.86666886349510441     
 -0.15379817700540027      -0.86794804067656628     
 -0.15484048799167485      -0.85691428529239744     
           6
  -9.6737046784626315E-002 -0.68403372624846281     
 -0.10992211561146814      -0.67875737913282874     
 -0.13261578874815147      -0.68682739253768788     
 -0.13460133728833934      -0.70270221727178273     
 -0.12942194056204845      -0.71681801567009762     
 -0.11458567189913334      -0.71795029879351202     
           6
 -0.46257491035763532      -0.26541357660210479     
 -0.46952761906067547      -0.27240483086017014     
 -0.48151671155862363      -0.27088223593280880     
 -0.48708111678508220      -0.28917077434637783     
 -0.47748765920857461      -0.30353538930896634     
 -0.45428015134304506      -0.29940749660692634     
           7
 -0.66995446813029325       -1.2001258492277123E-002
 -0.67395035989426832       -3.5540663081592271E-003
 -0.70919098724411322        1.5681306189998523E-003
 -0.70694811633092680       -1.9259406679970278E-002
 -0.70343179895723129       -2.9486899209309025E-002
 -0.67126585552954388       -3.7200448548175315E-002
 -0.67801243487776053       -2.7452943493297913E-002
           8
 -0.75097718105246469      -0.53541935519371520     
 -0.75855891910911932      -0.52224534917364640     
 -0.77137373551225552      -0.52487863829535386     
 -0.78614461364168331      -0.54626124071260584     
 -0.78185963786508428      -0.55605228746311086     
 -0.76243843167779002      -0.55165050037374064     
 -0.75510329772076812      -0.55567152795039487     
 -0.75234957763518051      -0.54754287150501368     
           5
 -0.51305419606282432      -0.26679846045115491     
 -0.53970901175576436      -0.26392727888429085     
 -0.54142362457861770      -0.29539639144539404     
 -0.52426915487752757      -0.29743122547787459     
 -0.51860893174218425      -0.28872404401709489     
           3
  -5.3097345132743362E-002 -0.10619469026548672     
  -7.0785123041863074E-002  -9.5202235263660492E-002
  -6.5179152641317434E-002 -0.12601687054354416     
           7
  0.10765214086207832      -0.14040873246727772     
  0.10587870393103926      -0.12207761106309979     
   7.7908465705054455E-002 -0.12914755161005892     
   7.4126427192520786E-002 -0.14029919289454879     
   7.1785079590749437E-002 -0.15457640906268541     
   9.4304897634307161E-002 -0.16080928913946929     
  0.10456949835748271      -0.15214513748726982     
           3
  -4.2604283151972455E-002  -8.4524746020284550E-002
  -6.1946902654867256E-002  -9.7345132743362831E-002
  -8.1957035500559661E-002 -0.11372641639358758     
           3
  -2.1245802955279038E-003   4.1649160410662134E-002
  -1.9011444388478446E-002   1.3658842185043915E-002
   1.1506191566118137E-002   8.8748926905842448E-003
           3
   8.9447738601345472E-002   2.8470951177492439E-002
   6.8099115298136836E-002   2.9828728495153632E-002
   8.8495575221238937E-002   1.7699115044247787E-002
           8
   5.0453181219357029E-003 -0.12978310693326034     
   8.1576493402538142E-003 -0.11752786009581218     
  -2.1731546995760465E-003 -0.11733757289460542     
  -9.3007854235548637E-003 -0.11502529557953575     
  -2.5478758239820345E-002 -0.15016651894843441     
  -1.7132477882888533E-002 -0.14900685441353623     
  -9.2283541800621087E-003 -0.14382181048837031     
   1.1793567873025483E-002 -0.15299443170746047     
           3
   1.2422011702295314E-002  -7.1270180437949665E-003
  -5.7441995757167800E-003  -2.0276016164918181E-002
   9.2290201107318014E-003  -4.5816172105659261E-002
           7
  0.14917153913621858       -1.4292491435263226E-002
  0.12786036502052714       -6.6004316616592434E-003
  0.12121753732751767        2.2933484502738778E-003
  0.11440260645468575       -1.5209638842944493E-002
  0.12225625968848522       -2.7516151659493573E-002
  0.14432112117442270       -3.7160226671389442E-002
  0.14811542166805633       -2.7612873088476202E-002
           4
   9.6566076246545007E-002   5.3822137102214840E-002
   7.0446833653755328E-002   4.4263477187062833E-002
   7.3392021739245833E-002   3.0408904842080284E-002
  0.10348035730808169        3.8034232757858194E-002
           6
   8.8307317896880164E-002   3.2814852312316005E-002
   5.5704222369794401E-002   4.5588770383337557E-002
   5.9059757344954875E-002   3.3079758308169380E-002
   5.3078360910192676E-002   2.6389438777866595E-002
   7.8716437821755983E-002   7.4229714066383137E-003
   8.6937616052072619E-002   2.4443515215946031E-002
           8
 -0.49807894704844952       0.29474230919935984     
 -0.49954404812789976       0.30298898704116106     
 -0.51762566790494302       0.29926779817293114     
 -0.52803802409705514       0.29957432868648787     
 -0.53108360322501047       0.28768788271396423     
 -0.51340843300173178       0.27248947425559650     
 -0.50204962143128729       0.27009693725274797     
 -0.49469950299838311       0.26869031097041224     
           3
 -0.75913755663204840       0.33458740185837227     
 -0.77876106194690264       0.33628318584070799     
 -0.77043070342722220       0.31907423497528964     
           6
 -0.66029492679416313       0.30949497398439046     
 -0.67724165265750258       0.31386490107615334     
 -0.68397983029977860       0.29866675463493886     
 -0.68336026609821920       0.28557380700427981     
 -0.66999725303944568       0.28024994766407363     
 -0.65800738901645750       0.29169437408404086     
           8
 -0.71430633757719220       0.44348010431811274     
 -0.71472579924399382       0.45509560803544580     
 -0.72121625460048522       0.44953783780440604     
 -0.74771256318484569       0.45798802144451367     
 -0.75260526743851186       0.43056535251078587     
 -0.75027507326438769       0.42354003345020907     
 -0.72125458018953770       0.42847387474510606     
 -0.71498893019259191       0.43571152077722530     
           3
 -0.59292035398230092       0.38053097345132741     
 -0.61029968071824114       0.38337719486577565     
 -0.58021231876769919       0.37463892011607902     
           3
 -0.66432628330293819       0.31749243691692675     
 -0.66466672830634599       0.28637773557370805     
 -0.66371681415929207       0.30088495575221241     
           3
 -0.81533073461543426       0.40416051580330825     
 -0.82572676380807375       0.38810696078582207     
 -0.80530973451327437       0.38938053097345132     
           3
 -0.21414315264634753        2.5381007753974366E-002
 -0.22415639023295428        4.4724498226801869E-003
 -0.19467227150010030       -7.6340670377700939E-003
           8
 -0.16190466328147909        4.4321900899923571E-002
 -0.17752902425975028        5.0698218133707069E-002
 -0.18815424391445487        4.5700682492107514E-002
 -0.19506403803379158        5.3824062771614833E-002
 -0.19158780824003460        3.4457107172070879E-002
 -0.19676628022720966        2.2576715080147313E-002
 -0.17649795701251295        1.6844063989582016E-002
 -0.16835899986547009        2.2738127936905626E-002
           3
 -0.15365449274389711       -1.9967041992583083E-002
 -0.16348950733058071       -3.6237858515493854E-002
 -0.13182800531872962       -4.8288998632821066E-002
           7
 -0.20521785530066358        6.3520724637069828E-003
 -0.22254078941981098        1.6085272676906754E-003
 -0.23769298630010138        9.8352046086404230E-003
 -0.23260277304821672       -7.8091389851392811E-003
 -0.23024606374787579       -2.6115820626192152E-002
 -0.21584470934200489       -2.6114599381765378E-002
 -0.20067396313278874       -1.3350671135416908E-002
           7
 -0.13480236862544540        2.6774345428369678E-002
 -0.13840762039670651        3.7659527221830719E-002
 -0.17087600889361354        2.9849056972001763E-002
 -0.16309436592727528        1.1876122416909210E-002
 -0.15298925709175099       -1.5899098637681235E-003
 -0.13895081009913332        5.1536958624920307E-003
 -0.13161090321706706       -1.7253421123970825E-003
           3
 -0.21153102815072053        3.0244147407110039E-002
 -0.23286579257247939        1.5298460392601326E-002
 -0.19531962439449432        4.1849665502584829E-003
           5
 -0.10531627223793523       -2.1699501214195518E-004
 -0.11571143470042411       -1.7034163882802093E-003
 -0.11881472298065585       -2.8127126046680738E-002
 -0.11313583463385574       -3.8019982109525674E-002
  -8.8927339345607065E-002  -3.3300203703004128E-002
           3
 -0.12389380530973451        8.8495575221238937E-003
 -0.13134136074879726       -7.3746087007834256E-003
 -0.10340078829601054       -4.3794857739433424E-004
           3
 -0.15929203539823009        1.7699115044247787E-002
 -0.17502764276596300        2.3580019456521616E-002
 -0.16731510043101047        7.3046358736603596E-003
           7
 -0.16226030744616582        5.7372419131546309E-002
 -0.16961265194167752        6.2903891977923454E-002
 -0.19632686330229401        6.4430826339525890E-002
 -0.17694492740490600        3.1891063120529306E-002
 -0.16773395959051587        2.7454541756058558E-002
 -0.15958025940403750        3.1905184638100936E-002
 -0.16091922841243445        4.1601259377709247E-002
           7
 -0.10711218274022308        3.9202076305393699E-002
 -0.10848558564985572        5.1703504312823396E-002
 -0.12006458563489332        5.0296349315230950E-002
 -0.13764423580859209        5.0907279484847440E-002
 -0.13610074422987650        3.0944736883883561E-002
 -0.13573297574657908        2.2825795015567966E-002
 -0.12325490136709140        1.5042082798453017E-002
           8
 -0.18874498875432580        8.8276424931666458E-002
 -0.19114676047881857        9.6907998427919140E-002
 -0.20959664929134378        9.2892970862252358E-002
 -0.21488276013402022        9.9610689986242062E-002
 -0.21510139774208276        8.0337122534271554E-002
 -0.21627357536591227        6.8692902638314818E-002
 -0.20593818380148196        6.2528579777155271E-002
 -0.18662742807660965        7.9812081378590111E-002
           6
 -0.17631633765503532       -1.1523126366890617E-002
 -0.18387686566878716       -1.5716456566661839E-002
 -0.21479260660974830       -1.4219802536724427E-002
 -0.21386939431543123       -3.3107794784071623E-002
 -0.20515567904125898       -4.5673316837189219E-002
 -0.17710893617798959       -4.0476642549712817E-002
           3
 -0.20231144241628890       -2.7617346187077587E-003
 -0.20022711346735222       -2.9754093242002899E-002
 -0.18503768765565889       -3.5348332639809271E-002
           8
  0.16102405804671654        2.8087356991290811E-002
  0.15257139456686786        2.5092620409873145E-002
  0.13452928872125322        2.0869584107229798E-002
  0.13863878743614785        1.1053498780147015E-002
  0.14017971609792809       -1.0445707943558830E-002
  0.15801896923449976       -9.4291261287551727E-003
  0.15912415230635302       -2.2287594352956783E-003
  0.17036973451607804        3.0937551955871221E-003
           5
   6.4610469408201671E-002   6.3644301775591688E-002
   4.5363436386531779E-002   7.8891252654425759E-002
   2.4822521500675956E-002   7.2386575642845952E-002
   3.5635911774054077E-002   4.1520076982430806E-002
   5.6248869113739254E-002   5.4232132022120988E-002
