   99.000000000000000     
   1842.0000000000000     
         100
           8
   50.000000000000000     
   50.000000000000000     
   170.00000000000000     
   297.00000000000000     
   9.0000000000000000     
   630.00000000000000     
   179.00000000000000     
   179.00000000000000     
   216.00000000000000     
   4.0000000000000000     
   9.0000000000000000     
   154.00000000000000     
   117.00000000000000     
   63.000000000000000     
   436.00000000000000     
   905.00000000000000     
   14.000000000000000     
   3.0000000000000000     
   10.000000000000000     
   166.00000000000000     
   211.00000000000000     
   8.0000000000000000     
   25.000000000000000     
   139.00000000000000     
   213.00000000000000     
   758.00000000000000     
   429.00000000000000     
   5.0000000000000000     
   136.00000000000000     
   501.00000000000000     
   93.000000000000000     
   21.000000000000000     
   169.00000000000000     
   22.000000000000000     
   3.0000000000000000     
   271.00000000000000     
   433.00000000000000     
   3.0000000000000000     
   1079.0000000000000     
   233.00000000000000     
   11.000000000000000     
   10.000000000000000     
   78.000000000000000     
   63.000000000000000     
   4.0000000000000000     
   59.000000000000000     
   8.0000000000000000     
   34.000000000000000     
   234.00000000000000     
   30.000000000000000     
   40.000000000000000     
   123.00000000000000     
   7.0000000000000000     
   33.000000000000000     
   369.00000000000000     
   11.000000000000000     
   23.000000000000000     
   208.00000000000000     
   4.0000000000000000     
   8.0000000000000000     
   36.000000000000000     
   504.00000000000000     
   16.000000000000000     
   574.00000000000000     
   19.000000000000000     
   235.00000000000000     
   445.00000000000000     
   6.0000000000000000     
   43.000000000000000     
   210.00000000000000     
   268.00000000000000     
   410.00000000000000     
   124.00000000000000     
   11.000000000000000     
   1085.0000000000000     
   5.0000000000000000     
   529.00000000000000     
   107.00000000000000     
   274.00000000000000     
   23.000000000000000     
   156.00000000000000     
   32.000000000000000     
   177.00000000000000     
   16.000000000000000     
   8.0000000000000000     
   19.000000000000000     
   52.000000000000000     
   47.000000000000000     
   4.0000000000000000     
   372.00000000000000     
   525.00000000000000     
   101.00000000000000     
   898.00000000000000     
   40.000000000000000     
   32.000000000000000     
   1017.0000000000000     
   103.00000000000000     
   109.00000000000000     
   76.000000000000000     
   1025.0000000000000     
           1
   0.0000000000000000        0.0000000000000000     
           8
  0.36192543437591873      -0.54035675046274367     
  0.34931985632890344      -0.53841154148251802     
  0.32767282917318169      -0.54610973694218512     
  0.33214039539391665      -0.55766391831727902     
  0.33173172606843038      -0.57416747858391848     
  0.36471160815722842      -0.58082627335109327     
  0.37320748370428591      -0.58636332385390832     
  0.38041924945633454      -0.57642404696416294     
           5
  0.74187415884885288      -0.59089428618406747     
  0.72818353059308849      -0.57165515861487437     
  0.70744270349347960      -0.58770099902158568     
  0.71340979892234357      -0.61203437827915552     
  0.74219947554619026      -0.60489798857951849     
           7
  0.72409340920544707      -0.65089073268442199     
  0.70813178202571914      -0.64838453573640875     
  0.68844224084203742      -0.64622460638976864     
  0.68999988792437927      -0.66890495059679578     
  0.69856655633411302      -0.69057867369938497     
  0.73153711947635647      -0.68941296017322118     
  0.73108486997724753      -0.67094429767952668     
           4
  0.47972191520612167      -0.38808078842734456     
  0.43022556113691768      -0.38546992298074806     
  0.42836131693257429      -0.41787807412768574     
  0.47304689526013194      -0.42157566988433004     
           7
  0.41230823813433481      -0.40266878893258040     
  0.42049506657758051      -0.39483915038279366     
  0.40173912023937924      -0.37913075584592970     
  0.37768715669857911      -0.40719220272109075     
  0.37049182566578232      -0.41499322487275947     
  0.37392884965702711      -0.42501012412719980     
  0.38506002849239385      -0.43034439914058642     
           4
  0.61503081263176917      -0.48682808918829867     
  0.58284522985405340      -0.50548827335159829     
  0.58685599029002744      -0.52033527083995601     
  0.62907674884801701      -0.50935188856567093     
           4
  0.44894917575146648      -0.58089562596136568     
  0.43853913733670902      -0.56969347211195731     
  0.40921594717461329      -0.60858156085386728     
  0.42485398743130659      -0.62282775304573790     
           8
  0.32794607701204037      -0.44724705398654802     
  0.31278645090949087      -0.45024828188274496     
  0.30710547591496967      -0.44089802502467640     
  0.29096764702670069      -0.43974916887223575     
  0.30158976568515428      -0.44955959937537132     
  0.29919358665579682      -0.48718601622571778     
  0.32436308634579569      -0.47858743025620309     
  0.33775561161430417      -0.46497014485460136     
           3
  0.44444444444444442      -0.58585858585858586     
  0.44503895126127896      -0.57049710187853075     
  0.44147815447282779      -0.61253707449169037     
           5
  0.47967953389785445      -0.66050252271084975     
  0.46660132911218233      -0.65367283024499334     
  0.45434761660478695      -0.65805304618178040     
  0.44677215453599267      -0.69605872627104370     
  0.47493285953430303      -0.68055767828863789     
           5
  0.72067165853666793      -0.45375463264280103     
  0.69953414372003508      -0.44937718292566969     
  0.67920843728474756      -0.45012383995494831     
  0.67050229305262610      -0.47034766121352439     
  0.70311342644712826      -0.48035613997485149     
           7
  0.26276694890768315        1.2386418926568549E-002
  0.24768597081781213        1.5637995827772967E-002
  0.23728858949800544        2.0303887132870600E-002
  0.21630712428700294        1.6238370097360389E-002
  0.22739584528806644        9.9234604396881178E-003
  0.21995218747246190       -5.4887101074404220E-003
  0.23697012777733109       -1.4928860731890866E-002
           7
  0.14795014837467144       -3.6067099112506641E-002
  0.12585788804442710       -1.7005293447015641E-002
  0.11406443875176532       -1.4799682064382178E-002
  0.10688535288440322       -2.3648280482605016E-002
  0.10795594046363363       -6.4751556010368860E-002
  0.12527499828938338       -5.6382852976892286E-002
  0.13386533797865882       -6.3925481241054294E-002
           4
  -1.5223352570281545E-002 -0.19233321178286975     
  -4.3379219885081605E-003 -0.21675730903153936     
   1.8263687086640581E-002 -0.22649299697898209     
   3.6675321474653862E-002 -0.21855481770808230     
           3
   4.4612467931154171E-002  0.31379259962909728     
   3.0303030303030304E-002  0.29292929292929293     
   5.3518627737895244E-002  0.29708529410079398     
           8
  0.20994327080206138      -0.11391459557196451     
  0.21562201120059360      -0.10600569287025362     
  0.16627753341338236      -0.12716283020818608     
  0.17096372430886120      -0.13696506430829197     
  0.16567288504471026      -0.14852530857218210     
  0.19603422723331021      -0.14772468657177165     
  0.20814712450848130      -0.15293746177458725     
  0.21658181932755929      -0.14523473486577024     
           6
  0.13131313131313133      -0.14141414141414141     
  0.12680013316848682      -0.12601008003742378     
  0.11416460477601581      -0.13409619802200526     
  0.10471808679226950      -0.15454640642152595     
  0.10660893129869815      -0.16841110723649191     
  0.11699135958931813      -0.15031248835564204     
           8
  0.26817115815354253       0.11942621496799308     
  0.25546536487188753       0.13635042006793979     
  0.24866143457189427       0.12889979269082366     
  0.23504469917246035       0.12928782666092600     
  0.22845589481666237       0.11960199657463240     
  0.24873065510275960        8.6336939344584696E-002
  0.27275192103335899        9.1807780684972737E-002
  0.27743971545304902       0.10895597800297974     
           8
  0.26490980386113427       0.24555142894219387     
  0.23922259964075668       0.25163908182399075     
  0.22288580019985488       0.25246673494918048     
  0.22567677401168587       0.23785531068707530     
  0.21771039203762019       0.20758050415536691     
  0.23669558536467405       0.20770524708216861     
  0.24956212778781625       0.20650716003071953     
  0.26029038923246645       0.22652607807996666     
           3
   1.7988843681283118E-002   9.1442711736850882E-002
   3.0303030303030304E-002   7.0707070707070704E-002
   5.3413398261094945E-002   6.0383714350386461E-002
           4
  0.25321315379819143       0.19225756325998286     
  0.22389695772780102       0.21610315946306768     
  0.21846488938331948       0.18799437893729115     
  0.23151939504091579       0.16656554131977672     
           3
   2.0202020202020204E-002  -7.0707070707070704E-002
  -3.1833121879238611E-003  -7.7165667303007668E-002
   4.7336840451666681E-002  -8.5022464733681219E-002
           6
   5.0154068012667835E-002  0.25349005646983791     
   3.1247055807790310E-002  0.25177108967013034     
   3.3015632614140644E-002  0.21114568442050941     
   6.0148366254466429E-002  0.21657663757286638     
   6.8004752976694283E-002  0.20708971986614483     
   6.5064112667883145E-002  0.22779298927375075     
           4
  0.34555452927760788        5.9019897653954767E-002
  0.30088100191182815        4.5993950629826814E-002
  0.31853427949130791        2.5544577022662125E-002
  0.34117931438619670        3.3058454955380179E-002
           5
  0.16430443218326740       0.27085355716745652     
  0.13149423437814886       0.27896336177252284     
  0.11922966581784815       0.25657350769265408     
  0.11915626821106792       0.22893224613722429     
  0.15963897050115608       0.24533957991655514     
           7
 -0.15689221575478646       -1.8634696170228525E-002
 -0.17680016814181790       -1.4638900377632796E-002
 -0.18841798471922405       -2.0639018348123928E-002
 -0.18114335550875058       -5.0473882620487270E-002
 -0.17342104252932755       -6.5881607484803831E-002
 -0.15717511711810411       -5.9180675741322145E-002
 -0.14038199703381610       -6.4869283837817635E-002
           4
  0.24242424242424243       0.17171717171717171     
  0.22810609381769351       0.16889654229088505     
  0.24726271904519101       0.14502847566461829     
  0.25781132359758863       0.16043479462466065     
           5
   2.2713672608857663E-002  -6.0735411040421960E-002
  -2.0894836833467573E-002  -4.4025795181390312E-002
  -1.7615575707030706E-002  -7.4394474680201494E-002
  -6.2471113306846477E-003  -9.3239709672639642E-002
   2.5928270638737465E-002  -8.1576467464854641E-002
           7
 -0.72039102144885270      -0.21822200531674346     
 -0.72026278030201640      -0.20069760991089908     
 -0.75446265153582814      -0.19720701018985806     
 -0.76155065503278263      -0.21008261084009777     
 -0.76901028672672667      -0.21988768291259031     
 -0.75913881752058310      -0.23818015893658415     
 -0.74223161756261269      -0.24508883214256405     
           5
 -0.62305959361420138      -0.23341990363287796     
 -0.66678556268548950      -0.21747775531583363     
 -0.66978155327047006      -0.24999034796134173     
 -0.65755816347738094      -0.26189986226104967     
 -0.62285260250505747      -0.26274525035891044     
           7
 -0.70146037981711762      -0.18021335088736951     
 -0.71077766127951925      -0.16640990451859256     
 -0.72352707205336420      -0.16995670416411401     
 -0.74383392863016440      -0.18278987567093258     
 -0.74360326266788135      -0.19792406610679419     
 -0.74419811521894963      -0.21909628103930895     
 -0.73125945759998501      -0.21420658750390503     
           5
 -0.89348743942455344      -0.14133273358059303     
 -0.91889045525050461      -0.12788398362767919     
 -0.94523716623556542      -0.13329162699539868     
 -0.91919191919191923      -0.15151515151515152     
 -0.89217714292030859      -0.15521715360819441     
           5
 -0.63339511285178240      -0.12705182809842905     
 -0.66923175444354488      -0.11512143303929757     
 -0.67889291243881522      -0.12516936832361378     
 -0.64393524690622872      -0.16454253102686026     
 -0.63149937777518939      -0.16835274485163895     
           3
 -0.91172202388515367      -0.24476866858530755     
 -0.91919191919191923      -0.26262626262626265     
 -0.91446042872615707      -0.27850279549724855     
           5
 -0.76943389147497410       -5.6854990652674207E-002
 -0.78391475711231973       -5.3660063719493181E-002
 -0.78678886495024059       -6.5881857314245770E-002
 -0.78193728681776753       -9.1637530869786529E-002
 -0.74320046707602117       -9.1710512254570775E-002
           6
 -0.64932822824084613       -3.5201653739695089E-002
 -0.65753285345447243       -1.3245526003828816E-002
 -0.66646657256369057       -2.1199302444849293E-002
 -0.68314516689144156       -6.4052820667160199E-002
 -0.64195889545712792       -6.3017978506581140E-002
 -0.64053568098334845       -4.2834572311923488E-002
           4
 -0.86487754595596711      -0.10034735410437744     
 -0.89503931551734706       -9.0707705489841514E-002
 -0.87689121504963008      -0.12670297700324737     
 -0.85498936438757833      -0.11183522960018293     
           7
 -0.72925819909898337       -6.5199964185649301E-002
 -0.74152095941899243       -5.7198723683233435E-002
 -0.75294020032628006       -6.9514429044146481E-002
 -0.75766189210424428      -0.10821538342199687     
 -0.73597610703830230      -0.10690516303537692     
 -0.71049991677672941       -9.6463489094251620E-002
 -0.71328791493057053       -8.6656195341772227E-002
           3
 -0.82912273426358141        1.3650557005606729E-002
 -0.81898565117581790       -3.5382586958332921E-002
 -0.79190082896023239       -1.2958734234228997E-002
           8
 -0.80295664713833437      -0.23164911502498509     
 -0.83748214362409457      -0.21934069025618716     
 -0.85295450753976265      -0.21618896607369043     
 -0.85077105256320118      -0.24559078645705468     
 -0.84321848640541242      -0.26350059656477653     
 -0.81865915473502349      -0.25940123357974348     
 -0.80894341481255339      -0.26386709172301714     
 -0.80643799877215239      -0.25403871800858407     
           4
 -0.86009886706658922      -0.24206742792902802     
 -0.87878787878787878      -0.25252525252525254     
 -0.88375615671461116      -0.26958249468160378     
 -0.85427185724346022      -0.26373096592162648     
           6
 -0.76035004267949957      -0.22902641900862070     
 -0.77671607654666641      -0.22619763901213796     
 -0.78986728022775010      -0.24030806612859892     
 -0.78489450445789311      -0.25728757895338017     
 -0.79006528917637009      -0.27928360485782461     
 -0.75002704698958100      -0.27793927624515730     
           5
 -0.73742010528016577       -6.7526559166402642E-002
 -0.73471172623857495       -4.5091913871798915E-002
 -0.78482607215736222       -6.8843353083363576E-002
 -0.75012746803475383       -7.6980485651525821E-002
 -0.73649816268509460       -8.5369423567744671E-002
           6
 -0.68090238538605408       -8.2035455769369076E-003
 -0.71033761609741641       -1.1596643751111940E-002
 -0.72449919584042111       -1.4133096485056965E-002
 -0.73155799204492511       -2.9465862029471809E-002
 -0.72702589495073744       -5.2769940193459153E-002
 -0.70272091803280046       -4.7961782724535579E-002
           4
 -0.64597083667996025      -0.19997931284859821     
 -0.66360617781245179      -0.20696816078464916     
 -0.66451819144788982      -0.24151332920945606     
 -0.62292123106951103      -0.24484721167476695     
           5
 -0.67100632527351634       -2.7032137719904193E-002
 -0.69053747994858994       -4.8854861124338428E-002
 -0.68773036756662997       -6.6305408956436718E-002
 -0.66883697952321497       -7.4303666474988012E-002
 -0.63970163109326128       -6.7958752153179341E-002
           6
 -0.71120206283473508       -7.9855547397308727E-002
 -0.74426102730697741       -8.6750026886975376E-002
 -0.75095501955821720      -0.11021635660938002     
 -0.74500385234222299      -0.12817513784110399     
 -0.72746323836871896      -0.12360123499203839     
 -0.70593016644470696      -0.11258811678814246     
           7
 -0.87339219639884802       -5.7961412910098355E-003
 -0.88297482259993287       -1.1544555990701932E-002
 -0.90306519656733086       -3.8114580729621608E-003
 -0.92561993201595416       -2.8510944293990623E-002
 -0.88770666051015035       -5.6323512112389229E-002
 -0.88204713697855985       -4.2496406027210845E-002
 -0.87221060805957018       -4.5054130446610850E-002
           8
 -0.84971756514519625       -2.3157814240400476E-002
 -0.86222489050069473       -1.4360049300946587E-002
 -0.86174151662727672       -3.0654818905680274E-003
 -0.89005807340707488       -6.7987327559518619E-003
 -0.89097335828806024       -4.1507710751071632E-002
 -0.89274185798128347       -5.4402279520347312E-002
 -0.85157165994999728       -4.9433050316192786E-002
 -0.84457946590153310       -5.7162434423871047E-002
           7
 -0.57575757575757580       -9.0909090909090912E-002
 -0.59555735799422993       -7.7826026810915688E-002
 -0.59880029738285523       -9.4790072059533936E-002
 -0.58935559072800980      -0.10478286849701914     
 -0.59650539979645179      -0.11492043657300320     
 -0.55190769962423147      -0.11555380175788066     
 -0.55573279301524436      -0.10471359729764761     
           3
 -0.19852620809132532      -0.34307106103726964     
 -0.22939000259443662      -0.34692152383026409     
 -0.22798309722795990      -0.38158122669034455     
           8
 -0.42431966777525604       0.21423218385195467     
 -0.43416283845477160       0.21479386780336435     
 -0.44709469373105792       0.21459911897108841     
 -0.46851049144476142       0.20123713698442378     
 -0.47107535379316262       0.17898292292958093     
 -0.44570157397606969       0.16750870120504507     
 -0.43502997074424266       0.16714528020845448     
 -0.42634314341426471       0.19160601321204557     
           6
 -0.19199793679687463        5.7685949630209135E-002
 -0.20914512214867095        8.7545170368366954E-002
 -0.22678190614664434        5.6306082280449532E-002
 -0.23583339318417945        4.2403251053443537E-002
 -0.21580813820226583        3.6535651009071510E-002
 -0.18997320363446149        4.6631301782886922E-002
           3
 -0.47407617247716594       -4.4965034540055453E-002
 -0.49494949494949497       -4.0404040404040407E-002
 -0.50619959245128132       -6.0359251155094232E-002
           8
 -0.69436224421758563       -4.7724443490101617E-002
 -0.70630611934562670       -5.2189187436752840E-002
 -0.70386061936260591       -6.2681731894431728E-002
 -0.71384412942432440       -6.3715427772588734E-002
 -0.71371241346451653       -9.7421879444342191E-002
 -0.70213399179106972       -9.5739740174108731E-002
 -0.69419164496533958       -8.5711571299439460E-002
 -0.67166754747336588       -8.2600093379434719E-002
           6
 -0.40751366175184967       0.12008473669607470     
 -0.43551911096814389       0.13761494282236628     
 -0.44665566600003798       0.10740749714695447     
 -0.41206233883202403        8.3993047763155609E-002
 -0.39988999907770717        9.1141761345310157E-002
 -0.40512073987785552       0.10296814335467551     
           7
 -0.69354744338549501        4.6119995922375839E-002
 -0.70838658209920158        5.7580906456005616E-002
 -0.72060232806952407        3.3512106957541130E-002
 -0.71635974479568121        2.2974527004218280E-002
 -0.71889808375091857        7.9708670893251267E-003
 -0.67354386479894357        4.8333050989073194E-003
 -0.67815482182013642        1.8322934377095104E-002
           5
 -0.48949854255630337       0.10750601634595663     
 -0.50580867775325189       0.11795150283053488     
 -0.50994882245329809        9.6061733531364754E-002
 -0.52155090626808731        8.0402085135019952E-002
 -0.46767049285807716        8.7953280333212078E-002
           8
 -0.66265476277661128      -0.18258745271688909     
 -0.67222996018339110      -0.17311215022279214     
 -0.69397119129791329      -0.17443186522380527     
 -0.70829580335379327      -0.17625168317981246     
 -0.70083781349812990      -0.19404098709019862     
 -0.70659256793831504      -0.21874955790636838     
 -0.67694493178589188      -0.20849914427724878     
 -0.66605758703218920      -0.20075175390980432     
           8
 -0.55208475177238014       -5.6186446489861278E-002
 -0.56852219875110599       -4.7645516864453230E-002
 -0.58668906315781810       -5.2935696314892984E-002
 -0.59759194958877870       -4.7811984629677125E-002
 -0.59763520122117053       -6.2133983747704784E-002
 -0.60030451471685520       -8.5786171140966982E-002
 -0.59043462136506852       -7.5748016996979514E-002
 -0.58646655375295353       -9.5525118592137068E-002
           8
 -0.58896038193135936      -0.33785025225353338     
 -0.59681685523674743      -0.32981853772048642     
 -0.63673111896579881      -0.33046547226315742     
 -0.63767131638986208      -0.34535144700403952     
 -0.64072846365761671      -0.36422013446975476     
 -0.62806430939699465      -0.36836317957803955     
 -0.60896468164434336      -0.36349954772701343     
 -0.60084963722654250      -0.35619170922892224     
           3
 -0.35025670797843322       0.17819798372854365     
 -0.36363636363636365       0.16161616161616163     
 -0.34007205117088501       0.16131214734853311     
           7
 -0.54526170665402462        3.2059598120010468E-002
 -0.57918060202985699        4.3734209191929732E-002
 -0.59109195443492069        3.7718726871189490E-002
 -0.58772388246974694        1.9961426695333333E-002
 -0.58330568639069114        8.8348930059986217E-004
 -0.56920628857003297       -1.6735428054452314E-004
 -0.55668193037717828        3.2257064984861361E-003
           3
 -0.66040078895256593        1.1523547411769015E-002
 -0.69431478987832806       -4.1728478783768170E-003
 -0.66594037515247773       -1.4709355931155228E-002
           6
 -0.15792023410872935      -0.12802441326559016     
 -0.19026719837599482      -0.11822257501797498     
 -0.19168995974314781      -0.13079061814190798     
 -0.19758747199758600      -0.14292514190970590     
 -0.18773873753320455      -0.15960832231159586     
 -0.14967657081484545      -0.15165969825780176     
           4
 -0.14884351224068101      -0.18913396097234483     
 -0.17171717171717171      -0.20202020202020202     
 -0.17073653494293720      -0.22007823112795516     
 -0.15674093065106115      -0.21147445389557934     
           4
 -0.26152649636387526      -0.24689082115289754     
 -0.28558971859990651      -0.24491310139572015     
 -0.30453263246621948      -0.24705513414098335     
 -0.27838389668480878      -0.28005587779388169     
           7
 -0.68658095246511175      -0.19501764968726282     
 -0.70267608291386863      -0.18884430714671085     
 -0.71402315979467779      -0.19425153508373089     
 -0.73336665274481638      -0.18655646519446523     
 -0.73395666337769649      -0.23598258982967668     
 -0.70181791560612838      -0.23705415315415540     
 -0.67989632551509016      -0.21932190884815911     
           5
 -0.43888687816911887      -0.13692549271861845     
 -0.45622721265783428      -0.11917896979784462     
 -0.46845815976710686      -0.12465323990284898     
 -0.46367246131137918      -0.16132835360939612     
 -0.45076355401851786      -0.16310826178263357     
           8
 -0.49812544635932915       0.38366003478569366     
 -0.50945274074930302       0.38184104424511639     
 -0.51664058167507343       0.39029422219500981     
 -0.52577337803433288       0.38022597938182101     
 -0.55264564234387648       0.36722192105026735     
 -0.51894631793138335       0.33789109028164271     
 -0.49790895114023309       0.34962222098738255     
 -0.50558881110970932       0.36592949753613080     
           4
 -0.35987073646814621       0.65003689270686515     
 -0.35252979366962411       0.63841421585829561     
 -0.31316574468633790       0.60069232836201936     
 -0.33333333333333331       0.62626262626262630     
           3
 -0.53305317714581235       0.51177980292082104     
 -0.53535353535353536       0.49494949494949497     
 -0.53621547243787193       0.47980073001630602     
           6
 -0.37945470293337996       0.60224165020368770     
 -0.37078458924193208       0.61987633216061055     
 -0.39091170926078311       0.61299470110651055     
 -0.41009940806645506       0.60795326846420317     
 -0.38897009172043323       0.57541615187881034     
 -0.37251504737806246       0.58855404130590439     
           8
  0.35402571310753439       0.76140561914623484     
  0.34204564772454094       0.75166741801535908     
  0.33685730005105696       0.76338689338208043     
  0.32485493758988188       0.76261379967042664     
  0.30863302527279274       0.72097282627920134     
  0.32391597055540844       0.71359096841943115     
  0.35295673505105374       0.71992811483806585     
  0.35201502096672210       0.73436764531226162     
           4
  0.40848219855367707       0.88767843891192366     
  0.37654696746116678       0.91066193774351178     
  0.37168483220721216       0.86861609924887617     
  0.39642629875335222       0.86415951563744642     
           7
  0.45245541399740774       0.79249218613464112     
  0.43924036266364558       0.80161454735971938     
  0.43030660595507747       0.79302883864428186     
  0.40954798578631380       0.75201495668136464     
  0.43809639644322690       0.76057930169121379     
  0.45943252432512266       0.75051476477512080     
  0.45415641251958450       0.76721486003460093     
           4
 -0.62540950812410334       0.21833534659206702     
 -0.62001578825768122       0.20489741417378352     
 -0.62379384557664042       0.18403266645766367     
 -0.58464917853891585       0.18664739539700195     
           3
 -0.61616161616161613       0.27272727272727271     
 -0.63303410813047423       0.25999698545869032     
 -0.62072606160143695       0.24569685925835691     
           7
 -0.65118960723688535       0.25327302380721645     
 -0.66121234960388087       0.25065414528313767     
 -0.67247130997040516       0.24618878560565194     
 -0.68750440226333442       0.23201673652403354     
 -0.67798172004474111       0.21697489570727405     
 -0.66669093577221383       0.20814450012220090     
 -0.65209750584937498       0.23307303173013638     
           6
 -0.59799401430623578       0.21970470555205068     
 -0.62746434678030361       0.22933243938439590     
 -0.62604632333965404       0.21708616611131512     
 -0.63838760371202852       0.22098523079912172     
 -0.63509880322465362       0.18649654754844602     
 -0.59767337414610333       0.18191845669846773     
           6
 -0.53724480975872146       0.20351928826356963     
 -0.53340845011687155       0.21758291858584955     
 -0.54811476229879663       0.21400276060817247     
 -0.57251832907716638       0.19667524920800775     
 -0.53765751359911151       0.17402365035491391     
 -0.52992050448110450       0.18634986929047148     
           4
  -7.0467142677388253E-002 -0.35789769150266243     
  -7.2610840974303509E-002 -0.37291354279618616     
  -5.0505050505050504E-002 -0.38383838383838381     
  -3.1352995054981930E-002 -0.37487864670793719     
           3
  -7.3626172735048290E-002 -0.41019565523588186     
  -9.0909090909090912E-002 -0.41414141414141414     
  -6.5451154520743210E-002 -0.43641249145509975     
           8
 -0.10081124820249153      -0.30982834676484305     
  -9.6991183705388673E-002 -0.29555714247968090     
 -0.12435468063747565      -0.28748972173545134     
 -0.13687890757720247      -0.28867681119401184     
 -0.14574399789223574      -0.29432274502382921     
 -0.13803003554209650      -0.34044746756957778     
 -0.12649029058163164      -0.33101267124060763     
 -0.10608970362426541      -0.33251740957958481     
           3
 -0.11275648093073336      -0.43114942380324733     
  -6.9091282236338869E-002 -0.48177103835246127     
  -6.7208355137084577E-002 -0.46425555851060052     
           4
  -3.4144903340163429E-002 -0.32298752572615813     
  -8.4456513954857843E-002 -0.31838983397514453     
  -8.0781770026342403E-002 -0.33461679473882666     
  -4.8699391338040909E-002 -0.35121129665271261     
           4
   4.2038523269212116E-003 -0.49616556354052055     
  -1.3481960151292828E-002 -0.47437008950556486     
  -3.6579158753426919E-002 -0.51678941543782186     
   7.7220825160792834E-003 -0.51175025310195188     
           4
 -0.12479538829111442      -0.42065377148684763     
 -0.15837066422888624      -0.44426478554987142     
 -0.16874045479855856      -0.46922528584555656     
 -0.11958235448747451      -0.45600157208613623     
           6
  0.85699243786476198        1.4307969667730793E-002
  0.84430143077634590        5.6636528060409561E-003
  0.83573292520570708       -3.5397874224083539E-003
  0.83466201579850374       -2.2661488979979931E-002
  0.83298146920406080       -3.7360713875884279E-002
  0.87337003670998414       -1.3412281536290363E-002
           5
  0.70100412766919629       -5.8732849915521280E-003
  0.66081592515914256       -6.0641068231550863E-003
  0.66277533232267827       -1.8732530894545019E-002
  0.66107498233185513       -3.7371352679592483E-002
  0.69058902403746369       -2.4986218498136238E-002
           6
  0.61720616603326095       0.32013576934932625     
  0.58763781230916023       0.32680078424358350     
  0.57964003490342153       0.31702310103849707     
  0.60229257159610539       0.28617165147660240     
  0.61742583233507398       0.28457832843102759     
  0.62796457845533593       0.29874202152296608     
           8
  0.80287886353784188       0.12863377251985572     
  0.81487203720798540       0.13941889839942556     
  0.79463760412636153       0.13785509472345828     
  0.78051248707406062       0.14517092684845156     
  0.76707190960659943       0.14618054883026679     
  0.76232369104055397       0.10017198193331026     
  0.79373888062313069       0.10741312092035783     
  0.80926045471094232       0.10909654477123329     
           5
  0.59309077117994979       0.33984656956087017     
  0.56325443524911989       0.33744781228308096     
  0.55495588415362329       0.31564004509854543     
  0.56142564227978353       0.29789241009978196     
  0.58109890805008102       0.29627167973172291     
           4
  0.63636363636363635       -1.0101010101010102E-002
  0.61751012143388229        1.0252520885575890E-002
  0.62013750529848721       -1.3014429132817695E-002
  0.63424229828126466       -3.3020811666003257E-002
           6
  0.90834502720544674       -8.5118902135998369E-003
  0.88224977781389691       -8.4376360410450754E-003
  0.86759537011788590       -1.6715328788679023E-002
  0.86934251113408290       -3.3899958728120148E-002
  0.91579620062824774       -3.1232952551131805E-002
  0.90678855430511252       -2.0913083350539780E-002
           6
  0.88233119747374744      -0.10398685313154213     
  0.87114421607240700      -0.10465406056471650     
  0.85148669179451431      -0.11254613907610880     
  0.84257824013764859      -0.13435795859248376     
  0.84205228649367836      -0.14868254318271504     
  0.88188645878300420      -0.12373207747199244     
           8
  0.81124125248414980       0.17754906188597711     
  0.81036462596317094       0.18959498272183062     
  0.79649655751763015       0.18666161537295156     
  0.77860409796560037       0.18874862354992389     
  0.76599152021122674       0.18268177964929391     
  0.77285152990336481       0.14597049258580505     
  0.78626285331530077       0.14663208850106241     
  0.81367374008005966       0.16762138463818183     
           6
  0.58132302375830525        6.5248479456272782E-002
  0.56574950605368790        6.7604917478761267E-002
  0.54973060615553571        3.9400779743247273E-002
  0.56386486533789637        2.1288684494713692E-002
  0.58230221359715628        2.2871783044149108E-002
  0.59256247154270170        1.5845943039988788E-002
           8
   1.0156814492663160      -0.13869327105567791     
   1.0131121749034955      -0.12546818276306354     
  0.99730720680643692      -0.12116147197281320     
  0.98344554428951836      -0.12606242565841291     
  0.97964754900271056      -0.15312851293219373     
  0.99647294283233900      -0.16455242654783195     
   1.0078259674300047      -0.16881395009217670     
   1.0228845510356388      -0.16473752314454301     
           6
  0.51759290827190529       0.18677095029741198     
  0.52100017078231775       0.16989697180281615     
  0.52655964428157187       0.14666361477429984     
  0.54170259582543168       0.14349560649968232     
  0.55072351921161777       0.13705927861156281     
  0.55932456238671457       0.14496209351139844     
