   114.00000000000000     
   1918.0000000000000     
         150
           8
   50.000000000000000     
   50.000000000000000     
   170.00000000000000     
   297.00000000000000     
   9.0000000000000000     
   630.00000000000000     
   179.00000000000000     
   179.00000000000000     
   216.00000000000000     
   4.0000000000000000     
   9.0000000000000000     
   154.00000000000000     
   117.00000000000000     
   63.000000000000000     
   436.00000000000000     
   905.00000000000000     
   14.000000000000000     
   3.0000000000000000     
   10.000000000000000     
   166.00000000000000     
   211.00000000000000     
   8.0000000000000000     
   25.000000000000000     
   139.00000000000000     
   213.00000000000000     
   758.00000000000000     
   429.00000000000000     
   5.0000000000000000     
   136.00000000000000     
   501.00000000000000     
   93.000000000000000     
   21.000000000000000     
   169.00000000000000     
   22.000000000000000     
   3.0000000000000000     
   271.00000000000000     
   433.00000000000000     
   3.0000000000000000     
   1079.0000000000000     
   233.00000000000000     
   11.000000000000000     
   10.000000000000000     
   78.000000000000000     
   63.000000000000000     
   4.0000000000000000     
   59.000000000000000     
   8.0000000000000000     
   34.000000000000000     
   234.00000000000000     
   30.000000000000000     
   40.000000000000000     
   123.00000000000000     
   7.0000000000000000     
   33.000000000000000     
   369.00000000000000     
   11.000000000000000     
   23.000000000000000     
   208.00000000000000     
   4.0000000000000000     
   8.0000000000000000     
   36.000000000000000     
   504.00000000000000     
   16.000000000000000     
   574.00000000000000     
   19.000000000000000     
   235.00000000000000     
   445.00000000000000     
   6.0000000000000000     
   43.000000000000000     
   210.00000000000000     
   268.00000000000000     
   410.00000000000000     
   124.00000000000000     
   11.000000000000000     
   1085.0000000000000     
   5.0000000000000000     
   529.00000000000000     
   107.00000000000000     
   274.00000000000000     
   23.000000000000000     
   156.00000000000000     
   32.000000000000000     
   177.00000000000000     
   16.000000000000000     
   8.0000000000000000     
   19.000000000000000     
   52.000000000000000     
   47.000000000000000     
   4.0000000000000000     
   372.00000000000000     
   525.00000000000000     
   101.00000000000000     
   898.00000000000000     
   40.000000000000000     
   32.000000000000000     
   1017.0000000000000     
   103.00000000000000     
   109.00000000000000     
   76.000000000000000     
   1025.0000000000000     
   53.000000000000000     
   22.000000000000000     
   991.00000000000000     
   4.0000000000000000     
   147.00000000000000     
   49.000000000000000     
   276.00000000000000     
   7.0000000000000000     
   78.000000000000000     
   389.00000000000000     
   4.0000000000000000     
   388.00000000000000     
   135.00000000000000     
   233.00000000000000     
   74.000000000000000     
   51.000000000000000     
   4.0000000000000000     
   216.00000000000000     
   85.000000000000000     
   37.000000000000000     
   6.0000000000000000     
   12.000000000000000     
   12.000000000000000     
   45.000000000000000     
   3.0000000000000000     
   122.00000000000000     
   46.000000000000000     
   132.00000000000000     
   464.00000000000000     
   11.000000000000000     
   11.000000000000000     
   16.000000000000000     
   119.00000000000000     
   60.000000000000000     
   14.000000000000000     
   13.000000000000000     
   90.000000000000000     
   5.0000000000000000     
   458.00000000000000     
   6.0000000000000000     
   3.0000000000000000     
   99.000000000000000     
   73.000000000000000     
   13.000000000000000     
   10.000000000000000     
   9.0000000000000000     
   417.00000000000000     
   150.00000000000000     
   49.000000000000000     
   271.00000000000000     
           1
   0.0000000000000000        0.0000000000000000     
           8
  0.52837705122210554      -0.66038390811637815     
  0.50711063263477651      -0.64131680246386336     
  0.49314527544949599      -0.64302699012772702     
  0.48456146210900852      -0.63260930705094598     
  0.48651151438483803      -0.67506589261394345     
  0.48254003394433631      -0.68618725248297663     
  0.50536632624391475      -0.68396186508222701     
  0.51913807229731379      -0.68361703221762260     
           6
  0.70462430607906712      -0.64094176709327122     
  0.68474592445820370      -0.64256753338596539     
  0.67899454867472764      -0.65556271820744438     
  0.68910132879824459      -0.68415107142834486     
  0.70366452636600041      -0.68292418980231417     
  0.72201542861509771      -0.68088767264031658     
           4
  0.67643376186918613      -0.67540755439150690     
  0.66870507708907978      -0.69746774280651280     
  0.69002286484099484      -0.72442069356373384     
  0.70920101925404799      -0.70063220603056697     
           8
  0.58768262357465451      -0.57021060548731073     
  0.58039169238553434      -0.55342430234561613     
  0.56552099825477142      -0.55334471223186676     
  0.53757960959224305      -0.56191843379332496     
  0.53891292712655425      -0.57295024803276307     
  0.55495737928294242      -0.59395297234155053     
  0.58072395942070920      -0.60307872532414120     
  0.58344126900379067      -0.58662002397517166     
           3
  0.55777965183748546      -0.56089129225507739     
  0.50748861359485553      -0.57623224255971972     
  0.54277275267448299      -0.58476645380242631     
           5
  0.64210453017374636      -0.59732327153802189     
  0.62488714665865230      -0.59958678174237590     
  0.61915914471733113      -0.62631991880681448     
  0.62608400645986595      -0.63882049096483595     
  0.65926479674951899      -0.62569360658647222     
           3
  0.57850619500240530      -0.66061068055607552     
  0.55263157894736847      -0.66666666666666663     
  0.57389451077251263      -0.68625259897621493     
           8
  0.51766371288128110      -0.59426955543180227     
  0.52625209433815812      -0.58599406597037107     
  0.50457683343160065      -0.58452698440269035     
  0.48321276966938448      -0.58025386371384446     
  0.48338115242205260      -0.59631976101223882     
  0.48392995618002538      -0.60779738037939024     
  0.47301202921091440      -0.62069470992427311     
  0.49245433275323475      -0.62975509755512793     
           4
  0.57042456060377655      -0.64689511185352433     
  0.54360370626522891      -0.64159216722569834     
  0.54481892391962861      -0.66270123605068676     
  0.56816909168530672      -0.68434115218615976     
           8
  0.58101277010355745      -0.70151877454152223     
  0.57898848476661224      -0.68695089512441021     
  0.56395831454035461      -0.69536069946001955     
  0.55018372305311491      -0.68544557926506577     
  0.54413744723449586      -0.71775708701452967     
  0.54380148053758759      -0.73028287878851095     
  0.57582739831626362      -0.72732297324420170     
  0.58865159255982191      -0.73769567243078149     
           8
  0.70580354318006600      -0.59501000142954863     
  0.69415403243203133      -0.59000606385465404     
  0.67627666927715513      -0.59066389241320483     
  0.65792568164042975      -0.59413551944005449     
  0.66037026530324472      -0.63089490963049499     
  0.69699934656236173      -0.62933500246100893     
  0.69880750702237915      -0.61707463232726256     
  0.71079926433924046      -0.62017329003541888     
           4
  0.18149485028675894        4.3305772257428668E-002
  0.15431864433939016        6.9650869288647235E-004
  0.17741424940720835       -1.2248584788589062E-003
  0.20403202086208186        7.1645885753043852E-003
           3
  0.13070185678798307        2.6626629141777634E-002
  0.11405463635248675        2.3372660398946369E-002
  0.12280701754385964        0.0000000000000000     
           4
   6.7103540069746365E-002  -5.7651534013765583E-002
   4.6692647607811125E-002  -6.4380424685644255E-002
   5.7576933771807989E-002  -9.4135670112334369E-002
   8.0002154188594202E-002  -9.5078900853804243E-002
           6
   8.1464883949055447E-002  0.18523803822136575     
   6.7312562262201642E-002  0.17770609210801444     
   6.3824599205407243E-002  0.16141905337573484     
   5.7641245545312789E-002  0.14856664875842115     
   6.8218786703483719E-002  0.13274929661558652     
   8.7989757314778400E-002  0.12969617331387512     
           8
  0.16785827135399739       -2.5718821848040144E-002
  0.15817849074061663       -2.2861494676478543E-002
  0.12393729559699848       -2.6682756235848430E-002
  0.13031597065691400       -4.1803683178752750E-002
  0.15388359231183540       -6.7935138877995543E-002
  0.16455200919380011       -6.6566351344624658E-002
  0.17773959146358947       -6.8208253789350554E-002
  0.16710349740963157       -4.9075707594220662E-002
           5
  0.13293378098085348       -3.5776154900948973E-002
   9.7888245713609434E-002  -2.4765682727099544E-002
   9.5269634951420615E-002  -6.6804930321106085E-002
  0.10022108272010929       -8.0990017758930652E-002
  0.14883962586459609       -6.3024925753795633E-002
           7
  0.19309855767219603        7.6197373516640104E-002
  0.16635414833192289        8.8481892499539999E-002
  0.15847176947265906        9.7027498595442685E-002
  0.14682971179063692        5.3045637781232238E-002
  0.17186077545011502        5.3807433309560948E-002
  0.19929636096371789        4.1488935433060731E-002
  0.19105529710544200        6.2264363636972769E-002
           4
  0.20366277922589568       0.13025357627787895     
  0.20427571347417048       0.15112023425184748     
  0.15650697786414014       0.12741310728012009     
  0.15037160055600848       0.10773501541814073     
           8
  0.10271396157222344        5.9873988121699695E-002
  0.10302253320252237        7.6636172355357107E-002
   8.6140214120831726E-002   7.1734111200371736E-002
   5.9815823169161890E-002   5.7122213771292771E-002
   5.1500589783358683E-002   5.1076744848178313E-002
   6.4628008584954280E-002   2.5681146014712067E-002
   7.2857221765613517E-002   3.8064017588847650E-002
  0.10516236825849863        2.9284993606327189E-002
           6
  0.19549903626518067       0.10309831431019502     
  0.16734889359566432       0.12906873413595044     
  0.14219848929857756        9.7376269406858673E-002
  0.14658987139249011        7.9639244483582949E-002
  0.16031003133668326        8.4223734228003388E-002
  0.19018311436776092        9.0298480288711847E-002
           8
   8.4741692604340765E-002  -2.3030523225252748E-002
   9.8531666657900155E-002  -6.7434897671535265E-003
   8.8082126882469969E-002   1.1316196150757688E-002
   5.0887579701758154E-002  -2.6474437165939523E-002
   6.0843597892893286E-002  -3.3259564638145452E-002
   6.8667304416469746E-002  -4.0497403087577058E-002
   9.0989009766072104E-002  -3.8723579381060719E-002
   9.8250487876350046E-002  -2.7779342041392319E-002
           8
   9.9894635492411302E-002  0.15026618324708946     
   9.3888912468105643E-002  0.16061073370020662     
   8.5621988708371330E-002  0.15334091543382269     
   5.7673198585656997E-002  0.13653717176766969     
   6.3585639480512740E-002  0.12664518139612507     
   7.2625411800788797E-002  0.11255300175617854     
   7.6609473676884671E-002  0.10279791117518895     
  0.10037345609677481       0.12424489357287134     
           6
  0.23126172909632087        4.4993401690797893E-002
  0.21202706349032502        5.8835007914738537E-002
  0.18434874604982873        5.7379183909281394E-002
  0.18695715146230410        4.4063438109513325E-002
  0.21422939633968593        1.6387369417250299E-002
  0.22705092309213554        1.9265306787492737E-002
           5
  0.14781112074118269       0.15265348800599104     
  0.13981828718342118       0.16344808429832108     
  0.10017842769158901       0.15017044910392491     
  0.11975114464809866       0.12580824818339659     
  0.14609566944529589       0.13031072966997931     
           4
   1.0463522816010113E-002   1.4151554914157807E-002
  -2.5276776906426098E-002   2.2970912339181842E-002
  -3.6790114186162237E-002  -6.6840532025719684E-003
  -1.7543859649122806E-002   0.0000000000000000     
           8
  0.19351659897342649       0.10047099872281900     
  0.20344249450823437       0.11016282294063015     
  0.18329155052079066       0.11615097153038983     
  0.16411482673592837       0.11640705200212896     
  0.15164409873046283        8.4921373929600696E-002
  0.16165187859339294        7.6847270012407792E-002
  0.17695415235958462        6.9931660020726011E-002
  0.20271577438913133        9.3641301424142606E-002
           6
   8.3988534405057311E-002  -4.4661361105042367E-003
   6.7414340081828145E-002  -1.1658800398512900E-004
   4.9589155502420990E-002   4.9435070421542764E-003
   3.5673825730236863E-002  -2.7203343013581991E-002
   5.9315182942304763E-002  -3.3807641776343843E-002
   6.5666412600997190E-002  -4.5538150114019210E-002
           3
 -0.86640785432671452      -0.21642547806455567     
 -0.91149356011896931      -0.21898232298140882     
 -0.86849000120906306      -0.24500603831880322     
           8
 -0.80746154186552288      -0.22616931248308625     
 -0.80216573999257323      -0.20302777200883140     
 -0.82387626290615357      -0.21337764627372233     
 -0.84958797931560004      -0.21148776533678657     
 -0.85223008912087206      -0.24189331268796035     
 -0.84011088667149458      -0.25209853414417882     
 -0.82692955684788561      -0.24265898030315036     
 -0.81697730301509663      -0.25462851887745491     
           6
 -0.84473000148490685      -0.17754500492959741     
 -0.86004955681987416      -0.17066492325047738     
 -0.87869057420538765      -0.16968113005888696     
 -0.88801555551129829      -0.18627728312110345     
 -0.89357068818459884      -0.21175461357488451     
 -0.83969573529017927      -0.19379663681774659     
           6
 -0.95853076026378181      -0.17128949776346203     
 -0.98413069041998968      -0.14926916649190039     
  -1.0062349805306245      -0.15618412494649875     
 -0.99862441307579564      -0.20257755500171010     
 -0.97987930259997535      -0.19656356801291971     
 -0.95383510661940796      -0.18645262066481658     
           7
 -0.81109745076025552      -0.15523723173971249     
 -0.82038594671976495      -0.13945576403832735     
 -0.85473767762197628      -0.14239041242533126     
 -0.81982935434971893      -0.19427965915177234     
 -0.81759203583334006      -0.17147162866120286     
 -0.80678976274156100      -0.18562474796641321     
 -0.80465287441073585      -0.16633521709041366     
           5
 -0.95971879203368038      -0.21933605386180152     
 -0.98046467116866720      -0.22211947535009038     
  -1.0096690319162758      -0.25711176947032405     
 -0.97347514783938938      -0.25143279190117862     
 -0.95834254334722035      -0.26390506900104060     
           3
 -0.88090541928386445      -0.11566036251416430     
 -0.91670214162005992      -0.12580532061732666     
 -0.89473684210526316      -0.13157894736842105     
           8
 -0.82015649165627458      -0.10717918230307916     
 -0.83890698625885463       -8.7517868501454862E-002
 -0.85603849180939262       -9.8509418917570382E-002
 -0.86982586044488941      -0.12909035061758387     
 -0.85966920694139026      -0.13262104116202292     
 -0.84499231167628341      -0.13722122762458433     
 -0.81613557659350455      -0.13645752027348412     
 -0.82655114158649035      -0.12821526201620434     
           6
 -0.94872069537233339      -0.13675097045027615     
 -0.93756441918499267      -0.12565634391402014     
 -0.97084509452632439      -0.13313966286859638     
 -0.98380534701762501      -0.14425470829954423     
 -0.98594900642236838      -0.16117935927830362     
 -0.93688218439728566      -0.15980187172744212     
           7
 -0.85996580604061179      -0.12421016739859420     
 -0.86632397203087441      -0.11289226452137475     
 -0.90641387498177661      -0.13923956567417320     
 -0.90433082288779165      -0.15352827306775355     
 -0.89312332816104711      -0.15285104907597627     
 -0.87453034279038477      -0.14794468118757179     
 -0.86104152468017492      -0.13995070064433571     
           3
 -0.93228657636242107       -6.8277322961699569E-002
 -0.94342398694176377      -0.11079663359468563     
 -0.90248787377199202       -9.2568290856055890E-002
           4
 -0.90889126539256360      -0.21186191344831920     
 -0.95678343483693384      -0.21912774784226474     
 -0.95366102124663310      -0.24789883234527982     
 -0.91839032643146357      -0.25005815785087077     
           6
 -0.93496138543725704      -0.20680015343809732     
 -0.97272802523617485      -0.21794692398365556     
 -0.98233607702338044      -0.22928956731078518     
 -0.95009369736117366      -0.24749384134075611     
 -0.94022764957400762      -0.25624939819574649     
 -0.92732585582761229      -0.24023676484505002     
           8
 -0.87418019995542751      -0.21121895851120456     
 -0.87862384860895670      -0.20067860676194554     
 -0.89585140923661388      -0.19973936895368544     
 -0.91019754720744261      -0.21208466110003152     
 -0.91082074587625117      -0.23121595612433893     
 -0.88982022590439336      -0.24683780124325005     
 -0.87603171196034091      -0.25509082826794366     
 -0.86649997745510332      -0.24858323133205149     
           4
 -0.85809844928889467       -9.5679506388019683E-002
 -0.89426439814195924       -9.6516454145393116E-002
 -0.90298314389553014      -0.14674777219440518     
 -0.85906107957474709      -0.12748834628594327     
           8
 -0.84990428318548950      -0.10348829689370731     
 -0.84124656924658014       -9.1604974318350851E-002
 -0.85276864381468165       -9.3858066555904229E-002
 -0.88997188481910294      -0.10351631609870911     
 -0.88880546252926196      -0.13156484237893276     
 -0.86893710658436696      -0.12419113322620380     
 -0.85997647769533236      -0.13253429047605572     
 -0.85111826900772813      -0.11975898455786631     
           3
 -0.83882236545589239      -0.18531398259526910     
 -0.85296901139438197      -0.21361994519024968     
 -0.79752681232199552      -0.22470992292867986     
           4
 -0.83708577141802143       -8.8185158479814119E-002
 -0.86104205397083211       -8.8963536139458413E-002
 -0.85786087979022563      -0.11755909291706858     
 -0.82523778368747136      -0.12620970889106423     
           5
 -0.87240867894238661      -0.11765461017002059     
 -0.89492076016048172      -0.12450187652087427     
 -0.90232740397318911      -0.13575337054300710     
 -0.88935543130642747      -0.15998997462020237     
 -0.85750098546253517      -0.13480089597547837     
           8
 -0.95503949054599391      -0.10210057399792183     
 -0.95322410697422866       -8.4607683960568753E-002
 -0.97190334712935023       -8.7119223749064695E-002
 -0.99630159101425741       -8.1297278566544284E-002
 -0.99467952332846055      -0.11829070488573186     
 -0.98017882331066564      -0.12196327228894832     
 -0.96622768350354604      -0.12687192089523330     
 -0.94520820058125321      -0.11419925615310872     
           4
 -0.94793511500112237       -8.9284701437314651E-002
 -0.98275272915959189       -8.1092689025340434E-002
 -0.95614035087719296      -0.10526315789473684     
 -0.93622412359215190      -0.10648004382801909     
           4
 -0.56021126431299495       -7.6369689269570162E-002
 -0.58585474854262554       -8.9364754570007560E-002
 -0.57743192942312405      -0.13378696722579095     
 -0.55701691698784939      -0.11589684425983530     
           3
 -0.43251771209766321      -0.21052673763776916     
 -0.43915549560389400      -0.25208765601874150     
 -0.42105263157894735      -0.23684210526315788     
           6
 -0.49972195613886550        2.4193950609345684E-002
 -0.50954195946577285        5.1737675970152171E-002
 -0.54504737029211148        5.9669631002532905E-004
 -0.52346874175552516        1.3578420052365765E-003
 -0.50810056294018546       -1.4716397388051111E-003
 -0.49418010193142925        7.4958414280808586E-004
           6
 -0.41059285250441258       -1.1987243905034872E-002
 -0.42309630766466733       -1.2686616316963766E-002
 -0.43750126337627948       -2.6167964267407338E-002
 -0.43698471591049942       -5.7028649935901982E-002
 -0.40352147424718726       -5.9560617328249160E-002
 -0.38334143579812041       -4.1223426379419607E-002
           8
 -0.52587810036462357       -7.8508797746186049E-002
 -0.51622191145761831       -7.1289816628346436E-002
 -0.57254205662822211       -6.2717368091750408E-002
 -0.57056286512785392       -8.0096283794229534E-002
 -0.56807937973260936      -0.10194901286477279     
 -0.56494918166843855      -0.11605276427285842     
 -0.54500836973665234      -0.11065763546470303     
 -0.53680014468350734      -0.10252326530041658     
           8
 -0.60978149640250312       -7.7220542910580448E-002
 -0.62087148669077785       -7.7828096629357052E-002
 -0.64225262118978987       -7.0047051165799470E-002
 -0.65903556465153279       -8.9154696846406326E-002
 -0.63661543206075699      -0.11752585972480031     
 -0.62577122041757749      -0.12381566108570165     
 -0.62099099301879179      -0.11154352447189525     
 -0.60528123959225344      -0.12376131820297964     
           8
 -0.48888975943021273        1.3214063839983147E-002
 -0.49695965157628053        6.7144781136234365E-003
 -0.54573204383378104        1.6749526598069022E-002
 -0.53510919408522672        7.3525779648415113E-003
 -0.52922984374971216       -3.5944006671734641E-002
 -0.51380231882890282       -2.8757207331385419E-002
 -0.50304085033974155       -3.1715367392458359E-002
 -0.49075531046484888       -3.4279139985816512E-002
           5
 -0.62573487246365356       -3.5122101303199232E-002
 -0.65236581473701738       -3.2540856242782530E-002
 -0.66592988158024946       -2.7410781045259569E-002
 -0.64011758157421772       -8.1286942781823190E-002
 -0.62549124617100238       -6.4399333751301552E-002
           8
 -0.53751028283357727       -1.1280762986515010E-002
 -0.54568965322450058        8.7989784747134411E-004
 -0.55445063729224731       -4.1696914911435005E-003
 -0.56758621435834333        2.7627512409385963E-004
 -0.56999696112472220       -3.3182372106021006E-002
 -0.56078726983179117       -3.7521199724162062E-002
 -0.52504657911678243       -3.9769144983743496E-002
 -0.52232586828238914       -2.4228772455272642E-002
           7
 -0.61070196099558660      -0.14998007883055992     
 -0.62954892000577767      -0.12526759438285337     
 -0.64716144914525497      -0.14726341688978262     
 -0.65608976096731053      -0.17659891112596177     
 -0.63512269715015934      -0.17368675219572721     
 -0.60737207978441710      -0.17683243660585940     
 -0.60325853134343144      -0.15938373703264824     
           5
 -0.56365130229240479       -7.6806811994124730E-002
 -0.58804977196632657       -7.4779702779860749E-002
 -0.61446152076347405      -0.10553591864633374     
 -0.60305126252496288      -0.12391876998690177     
 -0.56052245244397547      -0.11357002537030786     
           5
 -0.58918508131177372      -0.19792364329714993     
 -0.62967396830030720      -0.19234914897242436     
 -0.61982238607529794      -0.21189477051691177     
 -0.61992810683176547      -0.24624873585945162     
 -0.58094059561935885      -0.21927146474754977     
           5
 -0.46271548027329273        3.3803574061578523E-002
 -0.51559182653443636        1.3394152527981760E-002
 -0.51334716768426980       -1.4678305873152293E-002
 -0.48240296788477305       -1.2123515263082234E-002
 -0.46328468155876507       -7.1242531544333382E-003
           7
 -0.55669099503510022       -4.5312009758185001E-002
 -0.56151812060814277       -3.2637526424569879E-002
 -0.57876257451671109       -2.5207862788923122E-002
 -0.60126402569185999       -2.7645476203130966E-002
 -0.58924068528459961       -8.0758729775681479E-002
 -0.57908005569822085       -7.5546554982335368E-002
 -0.54998499500931208       -7.6982399202426499E-002
           8
 -0.61070160922127847       -5.6348509789169304E-002
 -0.60842337569610572       -4.2879841942063679E-002
 -0.64010001447611364       -4.1906738513369679E-002
 -0.65657052103656022       -3.7371749927031656E-002
 -0.64787354274503461       -6.2570368373998805E-002
 -0.64957847578355232       -8.2382253967040311E-002
 -0.63004607647405220       -8.7365232733454160E-002
 -0.61861747525824828       -8.7873462816768694E-002
           8
 -0.38289086790287419      -0.13059623493906547     
 -0.38141802584833095      -0.11996582244859384     
 -0.40077348051710432      -0.10331540761784494     
 -0.42542536271185621      -0.12032188371867089     
 -0.43205800170139924      -0.13350206974836054     
 -0.42007305905834735      -0.13496863093024342     
 -0.40252178995678334      -0.15515655208817097     
 -0.38267827813325189      -0.15875587335113348     
           3
 -0.37017921661536429      -0.15681536369743995     
 -0.39473684210526316      -0.15789473684210525     
 -0.37565817546440322      -0.17986874143219636     
           8
 -0.42426851245800612      -0.17188565229482644     
 -0.42527347009701805      -0.16000924168162212     
 -0.44553588556379625      -0.16886113841947242     
 -0.47271281096346357      -0.16547907714524457     
 -0.46516955919818237      -0.18158410902437061     
 -0.47594195278687346      -0.18799461790110658     
 -0.47560105494768284      -0.20875743702730984     
 -0.42775793070173906      -0.21263001790349945     
           5
 -0.62014743053997978      -0.15271795392386436     
 -0.64067477509263926      -0.14182970630945754     
 -0.66399176366569868      -0.14337869603373704     
 -0.64273345565887008      -0.18259400891501776     
 -0.61651675338208090      -0.17732772197757968     
           8
 -0.51896559995523839      -0.12505875205347272     
 -0.51514930653855484      -0.10842351858582355     
 -0.53374909722473729      -0.11154050517974454     
 -0.56387058060131423      -0.11049236539169180     
 -0.55370755372414504      -0.12307208390203922     
 -0.56097239906050966      -0.13252613046049178     
 -0.55308723857146425      -0.15240404443736111     
 -0.51516837981402475      -0.13857226130676795     
           8
 -0.48220865552364078       0.53333670446612735     
 -0.50024719235687132       0.55374136595726275     
 -0.51526674792997063       0.54948255839323712     
 -0.52561683732732700       0.55459311961018676     
 -0.51632849472475495       0.53623418186328009     
 -0.52446204455113854       0.50533683623244285     
 -0.50629076087108149       0.50884836378625131     
 -0.47932438275382694       0.50987086383606783     
           3
 -0.40804492409655302       0.67320194793598742     
 -0.42884356364377002       0.65492167239869459     
 -0.37788743080712750       0.63845765756993533     
           5
 -0.47976531775746784       0.59512419780419434     
 -0.49519537744936981       0.60341866033166802     
 -0.50944334228633126       0.61474075972546016     
 -0.51806415933048688       0.58406879145267465     
 -0.50046107792499628       0.56344286808701172     
           5
 -0.40967909703406968       0.64966120397747007     
 -0.45832440634648736       0.64650240451992425     
 -0.41436343047518515       0.62275034456059819     
 -0.40102038016242797       0.62031765736610434     
 -0.40530840225005993       0.63273151923981097     
           7
  0.41313489204322729       0.91056614166474259     
  0.39759335454297440       0.90391418708494997     
  0.38291231536786335       0.89695083772781059     
  0.38276630525563088       0.88245158548605473     
  0.38235771885586295       0.86915279977348270     
  0.40909256970436142       0.87046818839423190     
  0.42559869383273008       0.88372606767193407     
           4
  0.43327259919057426        1.0187235965176724     
  0.41316845871261132       0.99817409426771320     
  0.45588929456095101       0.98324297204013666     
  0.46323403932145923       0.99965396891438052     
           6
  0.49273365006667763       0.91306332585113759     
  0.47935990215783719       0.92230995225634482     
  0.45713564186178535       0.93196667420718093     
  0.45674181418746240       0.87630198894719380     
  0.47098355554566490       0.87654820129219913     
  0.49799833727758758       0.87792601838466977     
           3
 -0.68144648211382675       0.26390815757837122     
 -0.72537047735261895       0.27027895230956900     
 -0.70175438596491224       0.24561403508771928     
           3
 -0.68925098285161035       0.32160763416060856     
 -0.73756732695510308       0.32946693718243264     
 -0.73398602878363117       0.28810877893234199     
           3
 -0.74442404885686231       0.29142152297877688     
 -0.76083770992247113       0.26394502975909140     
 -0.74561403508771928       0.27192982456140352     
           5
 -0.68675857208261382       0.28096576355159286     
 -0.73093904616957028       0.27485036908514709     
 -0.73375662765869976       0.25753337177352859     
 -0.68553351388950079       0.25099715002149114     
 -0.69324627654111071       0.26420753676537773     
           5
 -0.64540942757545228       0.24651664285969666     
 -0.65935919414828237       0.27450524016990052     
 -0.68609852288411521       0.25601315874142583     
 -0.68643256750740900       0.21770849858441882     
 -0.66739724979986892       0.22225002098769900     
           7
  -6.1631012985403286E-002 -0.44032159059066300     
  -7.8026164869419656E-002 -0.44713006688647589     
  -8.2943229039066563E-002 -0.43589142655583335     
  -9.4210573271513054E-002 -0.45504557933698342     
  -9.6067978834917078E-002 -0.48180416740514176     
  -6.1778995532911066E-002 -0.48797156250432450     
  -4.1244038606944484E-002 -0.48708497118599831     
           8
  -7.2209116161823114E-002 -0.46528076264127816     
 -0.11244199935708604      -0.45520432671671163     
 -0.12401265916099033      -0.46086524240885529     
 -0.11207689854753701      -0.47576994037062525     
 -0.12185079793765906      -0.48652158414361429     
 -0.11833329687419475      -0.49653770389217960     
  -9.7107926475476156E-002 -0.50850380007656515     
  -6.9186428072482653E-002 -0.48572671279660240     
           3
 -0.10526315789473684      -0.42105263157894735     
 -0.13009996912410232      -0.40967074717474589     
 -0.11816877213722342      -0.44319315735240766     
           3
  -7.9737956709212438E-002 -0.47160833504515598     
  -8.7719298245614030E-002 -0.50000000000000000     
  -8.6507640137088435E-002 -0.52285117094807110     
           8
  -4.7987639319526126E-002 -0.41336684955992986     
  -6.3393706305060957E-002 -0.40840908846208618     
  -7.9971525748274069E-002 -0.40690377230522390     
  -8.9209411484231088E-002 -0.41176367166221961     
  -9.0914003891837153E-002 -0.42585057352452066     
  -8.7869942713908619E-002 -0.43557798150140525     
  -5.9446230498688142E-002 -0.45223465667608165     
  -4.7356521779912411E-002 -0.43539257177411506     
           4
  -2.7602318565427112E-002 -0.52131586920979056     
  -4.0422993010326674E-002 -0.50986907358629840     
  -6.3846098227947401E-002 -0.55242571984470479     
  -4.1766273309100793E-002 -0.55011512243405947     
           7
  -9.9084682717951691E-002 -0.48152618845562023     
 -0.12496887120906532      -0.47421660308551766     
 -0.14490602824203372      -0.47626700708332498     
 -0.14121635366960622      -0.49672094269936262     
 -0.13260941956648101      -0.52513008546459616     
 -0.10188663056272815      -0.52650432322778762     
 -0.10341663694307510      -0.51048184595749291     
           3
  0.92639438877029090        7.8297661104545307E-002
  0.91604090339580291        2.6332034671478152E-002
  0.95010961750517087        3.5422534599628991E-002
           8
  0.86418886156194352        6.0280008294622336E-002
  0.87044479086520621        7.3164895615226169E-002
  0.82095341847002812        8.0597971158733947E-002
  0.82078279202693050        5.8954163408408679E-002
  0.81879469576268438        4.2837031856257701E-002
  0.81542406220385344        2.3679438308013456E-002
  0.82598544784428418        2.6752097606620402E-002
  0.86816831518378479        3.1157148077086538E-002
           3
  0.80701754385964908       0.20175438596491227     
  0.78780957164988541       0.19956665146380911     
  0.80440384918651031       0.18425671317754219     
           3
  0.91447860723866647       0.14287395984128415     
  0.89473684210526316       0.11403508771929824     
  0.92342670640612168        9.8193250868674961E-002
           7
  0.81049262904317521       0.21415533364812023     
  0.80216540533568703       0.23892116664678748     
  0.77869281532346668       0.23592097185490157     
  0.77307967588899607       0.22293771996120609     
  0.77053032395964383       0.18326848344691760     
  0.77729063246426966       0.19311330352354458     
  0.81131742803707552       0.19467687489604354     
           7
  0.84303979501616177        4.8303180045708917E-002
  0.84728494342668770        7.0392502113555286E-002
  0.80378512647132649        6.1699073183145679E-002
  0.79727693360714513        4.9091169777391169E-002
  0.79805996057850970        2.4548243710683836E-002
  0.81010449975593468        3.7306922193700520E-002
  0.81389839643323536        2.6019114574117402E-002
           4
  0.93859649122807021        4.3859649122807015E-002
  0.91325665307014503        2.2926090157094941E-002
  0.94384784897431562        1.7026693284023633E-002
  0.95845248020565021        1.7631243235359705E-002
           8
  0.95504917524274313       -7.6691761030184807E-003
  0.92365384791020733        1.6569495750405179E-002
  0.91288824616759101        8.1432246122245845E-003
  0.90394986901854946       -1.6110741417664887E-002
  0.90469868900829742       -3.4738811312418467E-002
  0.92804019372984181       -2.7729031343875072E-002
  0.93790643060313639       -3.3306617636565422E-002
  0.95640656992440176       -2.0618492216157393E-002
           3
  0.88393497789616626       0.16137611350074663     
  0.86822977981979610       0.13398935826948136     
  0.91017709214774034       0.12907618368615578     
           5
  0.81062412612562740        7.6715855659973353E-002
  0.76840411952249910        8.7025957222400294E-002
  0.76284213482337315        6.2552947962817754E-002
  0.78265394738930172        4.8932640749043951E-002
  0.80972375204865099        4.5750245176448830E-002
           6
   1.0144317240619833        4.7052768784823350E-003
  0.96675072154860331        3.4493148012152992E-003
  0.96716112710785040       -1.0760445739292985E-002
  0.97115194334276977       -2.3161346815076908E-002
  0.97831863510030515       -3.7046030272439343E-002
   1.0116341042366772       -2.5614994278593654E-002
           3
  0.74533831634601944       0.15801367483484441     
  0.78230644336855271       0.10768292534071383     
  0.79844271627367114       0.11974937481580786     
           8
  0.76966680276482713       0.20883821353106186     
  0.75939945268080389       0.21055258305198130     
  0.74365772925540274       0.20819904248028426     
  0.74557828125523740       0.19267975485377586     
  0.74409040700223450       0.16173582133277078     
  0.76436962635932815       0.16259490450065089     
  0.78293817315252789       0.16334421831596532     
  0.78010149382918093       0.17354887903214422     
           8
  0.90433950129828378        2.5867248417379599E-002
  0.90413967079879942        3.6139301555669023E-002
  0.88519145404358168        4.3424494328343055E-002
  0.86456300429142063        3.9449282905590626E-002
  0.85996228026816623        2.3766078594174990E-002
  0.85249284704046957        2.7097600117150615E-003
  0.86530321508776886       -7.7071812177860882E-003
  0.89659650309583938       -4.4259907530741598E-003
           5
  0.96058888958011868       0.16867989705605016     
  0.93861253856280191       0.16296037404939681     
  0.92010593996634371       0.15787752970520114     
  0.92883095796455695       0.13927698459484719     
  0.96231819184738876       0.13340013332828102     
           3
   1.0267286673032185       0.17144962494654092     
   1.0000000000000000       0.15789473684210525     
  0.98827602392252678       0.13110626033026637     
           3
  0.89233654546965568       0.10871481140276980     
  0.86842105263157898        9.6491228070175433E-002
  0.88135864714775236        7.5292669020000064E-002
           3
  0.74374741152684043        5.6204021389626956E-002
  0.73459435657368599        2.5016098090277473E-002
  0.76315789473684215        3.5087719298245612E-002
           4
  0.98981185808255545       0.13838287832679200     
  0.95279715877601867       0.16105432563991195     
  0.93807318631203973       0.12950910572220409     
  0.95156106921540284       0.12178506479030815     
           4
  0.91196223640912710       0.24003278919501339     
  0.88125311199533674       0.23873515197784725     
  0.89705446654832488       0.19781218074028556     
  0.92234897611301891       0.21198917409632792     
           4
  -4.3018135137345613E-002  0.96269938891452811     
  -6.0162285034983269E-002  0.97152693527543998     
  -8.7782103619756219E-002  0.96584766586831339     
  -8.2368782838149593E-002  0.93121891743173368     
           7
  -5.3072844839978532E-002  0.89923861832420726     
  -8.2236463977615956E-002  0.91007580716630532     
 -0.10046600368472206       0.91486894654303630     
 -0.10742727877433403       0.89620199057611194     
 -0.10169868874837655       0.87473590650352684     
  -5.3942207791133193E-002  0.86672856294525780     
  -5.1611780868692191E-002  0.88616426437676188     
           8
  -6.0219163513890277E-002  0.97443178473260395     
  -8.8806830144693066E-002  0.96541509936611702     
 -0.10668381350448745       0.97114048674746289     
 -0.10813245734895816       0.96062727360441114     
 -0.10881121853441721       0.93698731515907518     
 -0.10228361893133024       0.92726532162872577     
  -8.1154526315378422E-002  0.92348699984952276     
  -6.9894605721722569E-002  0.93403837471692552     
           5
  -3.5087719298245612E-002  0.94736842105263153     
  -5.0705052736030279E-002  0.94464368178420444     
  -6.0250797249474936E-002  0.93500251539280455     
  -4.4416692389398160E-002  0.92176551881310309     
  -2.3829768260884079E-002  0.92481748904374717     
           4
  -5.0845450065811246E-002  0.93228620671361151     
  -8.9426940402071137E-002  0.93357212543223556     
  -7.5564079447559648E-002  0.89703979154726909     
  -4.5300403491653332E-002  0.90441278811765757     
           4
  -7.1446822926515607E-002  0.89840475900499828     
  -8.8398127692593101E-002  0.89572349276495489     
  -9.6120541364034584E-002  0.86289550844010454     
  -8.4377954341867498E-002  0.85397920046327347     
           5
  -3.8100209416731159E-002  0.97749117990729517     
  -8.1609058581805935E-002  0.99124288118119763     
  -8.3552017517772248E-002  0.97866775096436054     
  -7.4025916486314652E-002  0.94857671370012731     
  -4.0514003334065123E-002  0.95090222619538056     
           6
  -1.5652313939123631E-002  0.88590503446201530     
  -1.0722764296918486E-002  0.91026025255704479     
  -5.8446754896548367E-002  0.88350144032269651     
  -4.2681244511909328E-002  0.87906028746541920     
  -6.0728671179030150E-002  0.86621983000265257     
  -1.4502492199658958E-002  0.86926685610841636     
           7
  -8.7374144604343396E-002  0.90817711537963308     
 -0.10528582376761121       0.91160172998536459     
 -0.12344291733296284       0.91425082180472306     
 -0.12963653000417527       0.90322469618805890     
 -0.10356403455677465       0.86621634602100972     
  -8.2580170284287019E-002  0.86107795968889644     
  -8.8146032723113665E-002  0.88759809851872729     
           3
 -0.10415202256759609       0.98406110217771336     
 -0.12280701754385964       0.98245614035087714     
 -0.10876687674218199       0.96322508291833742     
           7
  -6.8213892044093144E-002  0.92706178972949826     
  -8.3408805486941934E-002  0.93780440591782421     
 -0.11147712003216598       0.94506427983880592     
 -0.11183750994379602       0.92863963557654183     
  -8.5740010391560192E-002  0.90529315803316646     
  -6.9722638230359318E-002  0.89382223157387530     
  -6.0336093824016362E-002  0.89961254043734529     
           4
  0.15932455240854068       -6.3092154449348563E-003
  0.11492611757008261       -1.6451904325225242E-002
  0.10940255751996165       -3.4036593581833800E-002
  0.15342307807638675       -4.4434844224984324E-002
           6
  0.28243813871277673       -6.4290500734876577E-002
  0.27399036460593518       -3.2704642959792224E-002
  0.24092228214463987       -6.8295323597118124E-002
  0.23860917208741256       -8.7102269483361000E-002
  0.27737768223652204       -8.1636813131140767E-002
  0.29063119046285152       -7.8841196791156365E-002
           4
  0.27890131236952503        8.6238101454899796E-002
  0.26263149770393140        9.4978508862343533E-002
  0.27149293391945994        4.5832557362312072E-002
  0.29362570165603680        6.6705698061290730E-002
           5
  0.14605026204524987        3.3968399149677461E-002
  0.11925981508762894        2.7579758431261606E-002
  0.10622460104918972        3.4415501888047734E-002
  0.13157894736842105        8.7719298245614030E-003
  0.14619971265410578       -9.8742410993735916E-003
           3
  0.14473882447546524        8.7338507890393935E-002
  0.12454006698652074        4.4806211819596320E-002
  0.17176861087192125        5.0483923693637904E-002
           7
  0.19518239156867984       -5.0537011209622590E-002
  0.17582916254993441       -5.4563255980429611E-002
  0.14311966176780980       -4.6037095679414386E-002
  0.14884894587590580       -5.5837741249676005E-002
  0.14090475638134370       -9.8729769068485906E-002
  0.15131464689717797       -8.6176645572154126E-002
  0.18202012382305011       -8.8099178175481893E-002
           3
  0.19438442403435882       -5.3539418094266378E-002
  0.14681302888858888       -7.1285460594786021E-002
  0.16998665044405939       -9.7896391059042409E-002
           6
  0.14440590486842136       -2.4792196410235844E-002
  0.14828505228851857        2.7333992665420880E-003
   9.9535500234306545E-002  -9.9383729219790391E-003
   9.4795508502834247E-002  -4.2967564442629343E-002
  0.10718814228734272       -4.6181946350522779E-002
  0.13762762571659093       -4.6253885954583761E-002
           3
  0.18421052631578946       -6.1403508771929821E-002
  0.16917327114625366       -7.2723609780307327E-002
  0.20535931527571111       -8.2644309408977532E-002
           6
  0.22623340284582424       -8.6667590340829062E-002
  0.23270037325706600       -6.9887538049537234E-002
  0.18245529094960566       -6.7928161022788827E-002
  0.19688146866482323      -0.10435071581824124     
  0.21134408677419692      -0.10915116223380573     
  0.22930057272339338      -0.11458920079987041     
           8
  0.24373293089914747        9.8770950609809435E-002
  0.25450201963231578       0.10771991233565767     
  0.22324702074033789       0.10904914021640501     
  0.20412224078934699       0.11107784226019203     
  0.20281817826811921        9.1050224811326227E-002
  0.22135718854223829        6.0044539401278185E-002
  0.24673053917887891        6.3390757697228489E-002
  0.24934770062334527        8.1071322330164064E-002
           6
  0.18429387948125212       -3.0945286877694239E-002
  0.16963031620817867       -3.4606948790513015E-002
  0.15363708940705817       -2.3907072801958834E-002
  0.15437188670351912       -4.5881910291787946E-002
  0.14870690405031073       -5.8946745209146792E-002
  0.19023156841854760       -8.1158704926471689E-002
           4
  0.22072083733176814        3.5083942165305318E-002
  0.19168212430916304        5.4224460027138363E-002
  0.17326370119137749        2.0944735607006361E-002
  0.22591353165587166        9.7085381685293633E-003
           4
  0.25167928864315259       -2.6322805433544202E-002
  0.26462210342289105       -1.7867580126938665E-002
  0.22664522275791743       -1.9459849640213790E-002
  0.23684210526315788       -4.3859649122807015E-002
           4
  0.21929824561403508        2.6315789473684209E-002
  0.19087421706817048        3.7655921275152632E-002
  0.21437200857480784       -4.4764422894958203E-004
  0.24204674468454096       -1.1000867403980277E-003
           8
  0.26474162922480182       -1.5592224647387170E-002
  0.25740603143476293        5.5635919160053719E-003
  0.23241293873658841        4.0649871942523251E-003
  0.22098641976720018       -1.8513626835691931E-002
  0.21340327934862779       -3.3902434999044384E-002
  0.22273392233842176       -3.8316680151027016E-002
  0.23647483867075716       -3.3378532621101131E-002
  0.24577750692094702       -4.3298949337326122E-002
           6
  0.12352644178651284       -1.1234824435933717E-002
  0.12228158661923999       -2.3578157508261453E-002
  0.13236027253620539       -5.9680563279483415E-002
  0.15761633289314694       -5.2804648797902462E-002
  0.17340630168075746       -5.2755540255217247E-002
  0.17147517968249171       -4.0636737399383303E-002
           3
  0.27959245673548994       -7.2225200660617647E-002
  0.27192982456140352       -8.7719298245614030E-002
  0.26760483434900267      -0.11579708739763052     
           5
  0.21124029156673688        2.3651623010626309E-002
  0.20897413540074899        3.8917652122371776E-002
  0.17797032868080079        2.1963063029504404E-002
  0.16839641777215100        3.5945693873426169E-003
  0.17817254170337071       -6.3490842316769186E-003
           3
  0.22003461487866136       -8.0837084110547928E-003
  0.24561403508771928       -2.6315789473684209E-002
  0.26037702029733006       -3.6081243401431554E-002
           8
  -1.7158865681007468E-002  0.12361119391609691     
  -2.4502041629798677E-002  0.13356721556925816     
  -4.5955829018436194E-002  0.14001749712141101     
  -6.9994871710830686E-002  0.14228528436149152     
  -6.3277794932541376E-002  0.12253239534451912     
  -6.7542958506012510E-002  0.11254718737785481     
  -2.6698826933949232E-002   9.5002967556462495E-002
  -1.9566291579992880E-002   8.7883205347795479E-002
           3
   2.9774663530675885E-002  0.17947914913803248     
  -9.4255747152783877E-003  0.17835452164436763     
   8.7719298245614030E-003  0.15789473684210525     
           4
   1.1953771883994099E-002   8.4033631261758793E-003
  -2.2509564122508915E-003  -8.6790727212821984E-003
  -4.9551082135340235E-003  -3.6327573867713854E-002
   2.4713355740929619E-002  -4.2379230864960996E-002
           4
  -6.3385378800304412E-002   8.9611110031408370E-002
 -0.10227716564022543       0.10322805753818340     
 -0.10045028803362588        8.1568552555822682E-002
  -5.6862200069309463E-002   6.3670678870751354E-002
           8
   6.9161571411262474E-002  -1.2491371162858086E-002
   4.1355731889310486E-002  -8.1339122455633371E-003
   1.5114612645674669E-002  -1.7194043632392721E-002
   1.4902029664869164E-002  -4.7003465196563461E-002
   2.6281886824422909E-002  -5.3588813991488113E-002
   4.3802769966346647E-002  -6.1725122241259679E-002
   6.0277589616275884E-002  -5.1853175513234331E-002
   6.3364472081118672E-002  -3.8881129765265504E-002
           8
   1.8873476991537429E-003   3.0785027880758382E-002
  -1.1297262069618293E-002   2.4302595303643822E-002
  -2.7774629013437597E-002   2.9701439785403259E-002
  -3.0453682667192224E-002   1.7295386809079018E-002
  -3.2915555255588418E-002  -4.1875567626156844E-003
  -2.4359654419376535E-002  -1.9065422237017342E-002
  -2.6138619739009793E-004  -1.3343447169238690E-002
   1.9299449464209601E-002  -5.0619331603138206E-003
           8
  -9.5450134250560148E-002  0.18129947301435634     
 -0.11131263329634049       0.18198066743617378     
 -0.12020387631240896       0.19482899922320662     
 -0.11363964211713942       0.16190984068299993     
 -0.12203787235856095       0.15493205026835724     
 -0.11940204934925959       0.13775857736127980     
  -9.2169410510241592E-002  0.14142173733065719     
  -8.0560546436931196E-002  0.15026705310850683     
           8
  -8.8197746656814416E-002   3.0040286306669543E-002
  -7.6551271402443874E-002   3.2101966339855389E-002
  -8.0127543712763066E-002   4.1763453742568610E-002
 -0.12092373541937299        5.1868757555378391E-002
 -0.12129093075471142        3.7231676266577904E-002
 -0.12665504427179486        2.7639525240676439E-002
 -0.12733029071639895        4.9886567245787418E-003
  -8.6720534172981298E-002  -2.0418153682474627E-003
           5
  -3.3126014225069791E-003  -1.3244619820940332E-002
  -3.9398293965221980E-002  -1.1264307985618463E-003
  -4.7531151765045097E-002  -2.0392886026451208E-002
  -2.1858767623429833E-002  -4.4425436581452114E-002
  -1.1474385667499181E-002  -5.4012562043718765E-002
           7
 -0.16743557267739947        4.9863572723628062E-002
 -0.18174928090311848        5.9816570053568795E-002
 -0.17838087461714017        4.1540388767843231E-002
 -0.16515299563478036        2.0167419051677685E-002
 -0.13539503992850277        8.0414846655051421E-003
 -0.14389245938140427        1.8402245893544694E-002
 -0.13858343367768966        3.1464071552905988E-002
           8
 -0.16257974034255920        1.4895744653692618E-002
 -0.16955290094642544        2.8801589096450461E-002
 -0.18461351439098936        3.1481051269284674E-002
 -0.20766861521400076        1.7159345465760929E-002
 -0.20827136626411971       -6.8077799634597477E-003
 -0.19631470740059534       -1.8974546702553108E-002
 -0.18474421720892278       -1.6164303789151190E-002
 -0.15940902664676135       -1.5259701442331519E-002
