   134.00000000000000     
   2021.0000000000000     
         150
           8
   1066.0000000000000     
   841.00000000000000     
   74.000000000000000     
   687.00000000000000     
   175.00000000000000     
   183.00000000000000     
   124.00000000000000     
   4.0000000000000000     
   81.000000000000000     
   56.000000000000000     
   29.000000000000000     
   23.000000000000000     
   4.0000000000000000     
   9.0000000000000000     
   7.0000000000000000     
   181.00000000000000     
   54.000000000000000     
   884.00000000000000     
   822.00000000000000     
   637.00000000000000     
   59.000000000000000     
   140.00000000000000     
   531.00000000000000     
   58.000000000000000     
   15.000000000000000     
   11.000000000000000     
   185.00000000000000     
   159.00000000000000     
   285.00000000000000     
   4.0000000000000000     
   10.000000000000000     
   3.0000000000000000     
   4.0000000000000000     
   11.000000000000000     
   45.000000000000000     
   4.0000000000000000     
   225.00000000000000     
   286.00000000000000     
   262.00000000000000     
   4.0000000000000000     
   391.00000000000000     
   54.000000000000000     
   518.00000000000000     
   815.00000000000000     
   25.000000000000000     
   29.000000000000000     
   18.000000000000000     
   588.00000000000000     
   68.000000000000000     
   480.00000000000000     
   5.0000000000000000     
   16.000000000000000     
   34.000000000000000     
   5.0000000000000000     
   9.0000000000000000     
   22.000000000000000     
   120.00000000000000     
   152.00000000000000     
   21.000000000000000     
   44.000000000000000     
   676.00000000000000     
   17.000000000000000     
   764.00000000000000     
   13.000000000000000     
   6.0000000000000000     
   718.00000000000000     
   52.000000000000000     
   11.000000000000000     
   93.000000000000000     
   398.00000000000000     
   48.000000000000000     
   37.000000000000000     
   3.0000000000000000     
   8.0000000000000000     
   406.00000000000000     
   1086.0000000000000     
   3.0000000000000000     
   52.000000000000000     
   88.000000000000000     
   28.000000000000000     
   686.00000000000000     
   25.000000000000000     
   101.00000000000000     
   4.0000000000000000     
   15.000000000000000     
   445.00000000000000     
   4.0000000000000000     
   593.00000000000000     
   327.00000000000000     
   92.000000000000000     
   21.000000000000000     
   12.000000000000000     
   44.000000000000000     
   773.00000000000000     
   4.0000000000000000     
   14.000000000000000     
   783.00000000000000     
   3.0000000000000000     
   500.00000000000000     
   390.00000000000000     
   64.000000000000000     
   90.000000000000000     
   8.0000000000000000     
   931.00000000000000     
   496.00000000000000     
   19.000000000000000     
   325.00000000000000     
   56.000000000000000     
   20.000000000000000     
   338.00000000000000     
   5.0000000000000000     
   17.000000000000000     
   222.00000000000000     
   6.0000000000000000     
   4.0000000000000000     
   8.0000000000000000     
   164.00000000000000     
   96.000000000000000     
   6.0000000000000000     
   630.00000000000000     
   4.0000000000000000     
   115.00000000000000     
   645.00000000000000     
   187.00000000000000     
   260.00000000000000     
   5.0000000000000000     
   9.0000000000000000     
   9.0000000000000000     
   4.0000000000000000     
   17.000000000000000     
   167.00000000000000     
   1026.0000000000000     
   25.000000000000000     
   104.00000000000000     
   7.0000000000000000     
   48.000000000000000     
   153.00000000000000     
   30.000000000000000     
   161.00000000000000     
   3.0000000000000000     
   12.000000000000000     
   4.0000000000000000     
   55.000000000000000     
   11.000000000000000     
   3.0000000000000000     
   14.000000000000000     
   408.00000000000000     
   49.000000000000000     
   4.0000000000000000     
   5.0000000000000000     
           1
   0.0000000000000000        0.0000000000000000     
           8
   1.3815031455605351E-002  -2.8255577913384292E-002
   1.3017713925600263E-002  -1.6838115813608945E-002
  -2.8164448961381421E-002  -5.6391079932414379E-003
  -2.5675600809655159E-002  -3.0049380378824320E-002
  -3.4289827464726592E-002  -5.2974423053875383E-002
   1.0497575690910445E-002  -5.5839813006960573E-002
   2.0544919184363630E-002  -5.3313773552105592E-002
   9.9138036224644399E-003  -3.9587303102238819E-002
           7
   3.0255696735344798E-002   1.9775640650897448E-002
  -5.3723646810785869E-003   1.5516253516150200E-002
   5.6027375520966219E-003   2.1680823336731863E-003
  -5.4460550150460668E-003  -8.9859956529298977E-003
   2.4498720207691487E-002  -2.1503751766142928E-002
   4.1012052715817073E-002  -2.8007218242539551E-002
   4.1563681878693151E-002  -6.3849735740437166E-003
           7
   8.7729386732814524E-003   5.3461235414710422E-002
   1.1153802711940445E-002   6.4083793865487321E-002
  -4.3213505035083963E-003   6.0629464056616435E-002
  -2.9011227133686601E-002   5.8461000522095623E-002
  -2.6639118336654399E-002   3.7554326648757484E-002
  -3.5283619548174147E-002   2.6095325384995566E-002
  -9.1489760597888471E-003   3.0236498358025714E-002
           8
   4.1792119324297439E-002   1.7499422683943135E-002
   4.8479262119581715E-002   2.5557869180549579E-002
   2.2853514032359273E-002   1.8533289946156238E-002
   7.6060217578404581E-003   2.5912642334922194E-002
  -2.3841117408749044E-003   2.1440180109853092E-003
   1.1503903652500709E-003  -2.2217524796171253E-002
   2.4849133279569138E-002  -2.8737051284392995E-002
   4.1233379241462566E-002  -8.0159400346410843E-003
           8
   6.0846341179520508E-002  -1.8756232891508694E-002
   6.6574025538837067E-002  -7.3098589209016438E-003
   5.3872023804574780E-002   2.6869355315520121E-003
   2.4678440657394825E-002  -1.9912544320950472E-002
   2.7522214760877347E-002  -3.3518200953825614E-002
   2.4807439794693815E-002  -4.8606203986913753E-002
   4.0905174537237222E-002  -4.5044437911972504E-002
   5.2042718937037553E-002  -4.5299786514111540E-002
           5
  -3.6465737382721353E-002   1.8480834541485368E-002
  -6.4279355698941984E-002   7.1174722990052465E-003
  -5.6637863731155126E-002  -1.6273342888261398E-002
  -8.6485495408706904E-003  -2.5782899649607914E-002
  -1.3927310906785412E-002  -7.4879138447555204E-003
           4
   9.3838628277732854E-003   2.1657091017510212E-002
  -3.1606443292516273E-002   2.0029593105977322E-002
  -3.2213408905466812E-002  -6.6714583849664380E-003
   3.6854644721351307E-003  -1.7869930768413471E-002
           6
   2.8355854005364545E-002  -2.4195739901040611E-002
  -2.1221381635856594E-002   5.3642550601371904E-003
  -1.8302097735833384E-002  -1.0969501784466359E-002
  -2.1853213784679033E-002  -3.4598266888986005E-002
  -8.9344661351321037E-003  -4.3780044619643410E-002
   3.1731961756183858E-003  -4.1699695212138767E-002
           5
   5.0994682644475126E-002   1.5181931713751123E-002
   4.3353027622820624E-002   3.5832300547627580E-002
   1.2446921711607450E-002   2.0271036234571417E-002
   1.1904853664649332E-002  -1.4087703746825140E-002
   4.3670084401307666E-002  -1.1729710348404164E-002
           7
   3.7898789845271230E-002  -6.5555248652964040E-003
   2.2633507551200076E-002  -9.1227468492298368E-003
  -4.3674749473467042E-003  -5.6893377372417807E-003
   5.4129779268029775E-003  -3.7419559567510627E-002
  -2.3408245328244252E-003  -5.1709361586214940E-002
   1.9741807320790908E-002  -4.9480766439611953E-002
   4.3327399896057522E-002  -4.9986165375768332E-002
           8
   1.4040037313175414E-002  -4.2358248978553795E-003
  -4.6961234786363649E-003  -1.1510598083961928E-002
  -1.4471299809028105E-002  -6.7176190113831837E-003
  -3.3476715837722958E-002  -3.0180724293732517E-002
  -3.3646627255169044E-002  -5.3189131724551295E-002
  -2.2601559864550012E-002  -4.6834038722204624E-002
  -7.8152379559615209E-003  -5.8556113578028826E-002
   1.2359062444040763E-002  -4.5072708285099218E-002
           8
   5.4100342660708990E-002  -2.7784942643278278E-002
   3.3215797003534969E-002  -1.1678617543529293E-002
   2.8376773963062700E-002  -2.3888726593450892E-003
   7.6828699080463553E-003  -1.9532323622028627E-002
   4.9884462289044376E-003  -3.9436586438854081E-002
   5.9681375850892705E-003  -4.9630164915983883E-002
   2.3149256521668285E-002  -4.7798157020735005E-002
   4.0594898175742765E-002  -5.1507213528087965E-002
           6
   2.1956201208387441E-003   1.6893188569228019E-002
  -7.7442242485647270E-003   2.8993164708558995E-002
  -3.1928075301026232E-002   3.3518229101708957E-002
  -4.5588699446670905E-002   3.1439593851704129E-003
  -5.0597784413780947E-002  -1.3104311145912654E-002
  -2.6819473796365505E-002  -1.1960759213281678E-002
           4
  -7.4626865671641790E-003   2.2388059701492536E-002
  -2.4217585642993113E-002   1.5586227837291413E-002
   2.2532033673527173E-003   3.9396172295277920E-003
   2.1312790806451619E-002   1.2900707593856085E-002
           8
   6.8958400121613111E-002   4.1817790492501693E-002
   2.7912193310029736E-002   2.5628283584662799E-002
   1.6020990190650376E-002   1.9543982084366508E-002
   2.6793628702886658E-002   1.4181407154019516E-002
   2.7728206066233510E-002  -2.7123099181358811E-003
   6.1845848681945439E-002  -5.4467497676104811E-003
   6.9716271779483627E-002   3.3441807623837295E-003
   6.0020154042935363E-002   7.2436390424562291E-003
           4
 -0.12511503790524950       0.82392473774156560     
 -0.16909053490725137       0.82932343555091170     
 -0.16518117798948570       0.80385051548218267     
 -0.14379726256663131       0.79819359911265175     
           7
  -9.9014548867237151E-002  0.87353977409367534     
 -0.11396653902392638       0.87575833185739227     
 -0.12665858206218630       0.87970075947527104     
 -0.13088016791566603       0.86044707337974957     
 -0.12766156785868152       0.84524502074816565     
 -0.10322005694175412       0.83545503478171967     
  -8.8958723772996628E-002  0.84518590743534894     
           4
 -0.13277523652265744       0.84979815233169953     
 -0.15139432183783505       0.84466898208100061     
 -0.18047394368380923       0.82968521558709463     
 -0.17823299278513821       0.80118990420767655     
           7
 -0.12281658907653137       0.82191085395034269     
 -0.14337173587846228       0.82445828164699930     
 -0.17067200516435346       0.82725360169728834     
 -0.15875114484271871       0.81149598986582372     
 -0.16325567448967104       0.77723062846816371     
 -0.14611932389434334       0.77817186398557869     
 -0.13023182567241429       0.77470189586520244     
           7
 -0.18422351957387073       0.86219183539205135     
 -0.21421316640261712       0.87208324834790185     
 -0.23518426989323027       0.87866348805276417     
 -0.22340964503983046       0.83314874924182725     
 -0.18119890602498237       0.82402172471457158     
 -0.18219555307208826       0.83829129012503178     
 -0.19412016088684833       0.84887484184809259     
           7
 -0.19162730933408870       0.83406400902064481     
 -0.19742030211099548       0.82337014073622417     
 -0.21625896146597026       0.82770372193021080     
 -0.21345057635102305       0.79741590347120550     
 -0.21307306266031573       0.78318224983384555     
 -0.19577470460099697       0.78991026076063187     
 -0.17140051527987302       0.80484735109958339     
           3
 -0.18137756621963477       0.79761421067433169     
 -0.20149253731343283       0.79850746268656714     
 -0.22533324532560270       0.78923194603425229     
           6
 -0.12632767589160382       0.83715856646389486     
 -0.14404892671477740       0.83350886581770711     
 -0.14316965134402596       0.81211546877341578     
 -0.15297343284676601       0.79862177097765552     
 -0.12660183994633567       0.79627778963232854     
 -0.11571595278355203       0.78655340844471244     
           8
  -6.8138787500583442E-002  0.85656827353919729     
  -8.9285031088808670E-002  0.86788179196144244     
 -0.12171753922542727       0.86574356607617942     
 -0.11333215362610334       0.85800073681611322     
 -0.11900508470125837       0.84183190016927623     
 -0.10264374868266500       0.82436593546714110     
  -7.7138716343218422E-002  0.82587293153646724     
  -8.1873807954717437E-002  0.84763649771364724     
           4
 -0.16980529753486504       0.87395733351641469     
 -0.19337325872958247       0.88174306109957645     
 -0.21296120256177101       0.83763476992659724     
 -0.17162969202319900       0.85068929789147940     
           7
  -8.1360865818759689E-002  0.83256844659987306     
 -0.12145571234802870       0.85031551431234254     
 -0.11890073665982753       0.83891966733533241     
 -0.12526848756326162       0.82254546023691988     
 -0.11322047359844971       0.80488702588260397     
  -8.6456159495054405E-002  0.81266182201897796     
  -7.5084158520298511E-002  0.82183426298420992     
           6
 -0.15146564016217845       0.82810441384799638     
 -0.16138947701357251       0.82019246092767883     
 -0.19863862396619791       0.79888524257687754     
 -0.19974022860215498       0.78343431762634108     
 -0.16641386155901700       0.77804440472435754     
 -0.16529863057837202       0.79127307745026565     
           4
  -8.1383597283086251E-002  0.89996724300713249     
 -0.11386905218976770       0.87510350540557214     
 -0.11519160235394765       0.84606472592875048     
  -7.7533743828327728E-002  0.85719058660500380     
           6
 -0.19122249041363629       0.88141730509614291     
 -0.21498329197455313       0.88549818149190995     
 -0.22392034894716498       0.87090933569184825     
 -0.23722620984496226       0.84860511713170073     
 -0.22094016559859489       0.83753158729807242     
 -0.18839055845734470       0.84221085117122152     
           7
 -0.17312420558190839       0.81059469580871746     
 -0.18567236412112090       0.80478151127212905     
 -0.22982035009460097       0.80166090788175037     
 -0.21309935544334430       0.75892161323959206     
 -0.20045164426698783       0.76142432164306517     
 -0.18341805569993827       0.76954585334994585     
 -0.17551652194060674       0.78092316500289982     
           5
  -8.4597471934824559E-002  0.87695329698690927     
 -0.10728525761099028       0.87847441160447559     
 -0.14059808698360907       0.88015172552798115     
 -0.12726983666580455       0.87408452820880467     
 -0.11194029850746269       0.85820895522388063     
           8
 -0.15347871578363181       0.78337495429378934     
 -0.15646350028245065       0.79723122730553486     
 -0.18050294025559313       0.80085091416839882     
 -0.19575825704292585       0.79234379339139749     
 -0.19450381090160282       0.77514934083718301     
 -0.18581304815551325       0.75478515773407917     
 -0.16030482222691703       0.75215674979304459     
 -0.15675058562262534       0.77042263343025319     
           3
 -0.17441994898130397       0.78460429802702847     
 -0.22202509035769635       0.77617997081923984     
 -0.19402985074626866       0.77611940298507465     
           8
  -7.5599099297720518E-002  0.86112120385717050     
  -7.0662589642091975E-002  0.87160740814098658     
 -0.11643084028309554       0.86523531341468041     
 -0.11172057488144997       0.83088803617132667     
 -0.10183837488637953       0.83273002704433263     
  -8.1565699056700969E-002  0.82311763029466156     
  -7.7547392866495993E-002  0.83664336980406695     
  -6.9511911175957022E-002  0.84469134416131331     
           3
 -0.11194029850746269       0.87313432835820892     
 -0.11061713940308603       0.85459753451410081     
  -8.8291011997084334E-002  0.84474184236154082     
           4
  -8.4471382162669736E-002   5.8726699124340240E-002
 -0.12591573125394867        5.6926491821142886E-002
 -0.12020762358831275        2.8397659344672678E-002
 -0.10679367149006409        1.7468864732945504E-002
           5
 -0.20367589299251357       0.13851495934205479     
 -0.23081013217293425       0.15689553329843020     
 -0.24266505689702036       0.12463159615640293     
 -0.22915182679850368       0.10577650343743360     
 -0.21362181539202157       0.10627154036356337     
           6
 -0.13692106405138568       0.19772718907360023     
 -0.16795039224969610       0.19233099206963561     
 -0.17473435628083231       0.17567962637312293     
 -0.16344017569194633       0.14874609269385297     
 -0.12732012955519911       0.15495454494878738     
 -0.13370658389749920       0.17109198192172548     
           3
 -0.11955270855401323       0.12963968233024947     
 -0.13538167420624705       0.13409558289078274     
 -0.14179104477611940       0.11194029850746269     
           6
  -6.8991878283049701E-002  0.10183424781953515     
  -8.6615390413071869E-002  0.12219717120566097     
 -0.10128896483899377       0.12113431123213993     
 -0.11558236860645500        9.2683397802993311E-002
  -9.1829347894265320E-002   7.3449910547088645E-002
  -7.7873562006076258E-002   9.2942698220340417E-002
           4
  -7.0379327513450440E-002  0.15517914340556846     
 -0.10995757117649181       0.12615199965410229     
 -0.11009285600404636       0.10701212004341010     
  -9.2571697527335864E-002  0.10069305090865015     
           6
 -0.17935822544781371       0.13052940144714695     
 -0.18869609612386370       0.14324129325857246     
 -0.20237142553708901       0.15476587555780763     
 -0.22456392877758677        9.8040643387300438E-002
 -0.20235386124094432       0.10310865976942565     
 -0.18013639487595370       0.11690867050170663     
           6
 -0.21842835338585445        7.2004834825876177E-002
 -0.22796260628007103        7.9294026286450783E-002
 -0.23524361042826525        9.1347656255029039E-002
 -0.26347773715847039        6.5326315714640495E-002
 -0.25610395635562672        5.1698385525031407E-002
 -0.24221803954773874        5.3102677551555851E-002
           5
 -0.19712711597740570       0.11859880684618937     
 -0.22285908950026884       0.11835509310796889     
 -0.24179218961769161        9.6294314752882013E-002
 -0.20581145469184531        7.3501519344008143E-002
 -0.18760864116284390        7.7367658022521241E-002
           6
  -7.7848686209756865E-002  0.19591204782551136     
  -8.6254115724641353E-002  0.21363712935123813     
 -0.11798538008209065       0.20405150283239654     
 -0.11806342678360612       0.16414184113275992     
  -9.2624079040509288E-002  0.16007890647713263     
  -7.0027984312284144E-002  0.17837956473679323     
           6
  -9.6566114123255525E-002  0.16011373168714785     
 -0.12741638548538270       0.15800282428350984     
 -0.14708439342372512       0.15569846535105775     
 -0.14657963606967661       0.14107695808728635     
  -9.9234339511880348E-002  0.11804368280152031     
  -9.2725860495239065E-002  0.12942295777702253     
           7
 -0.11818916542708621       0.20065622722387300     
 -0.12743100816997957       0.20862799983532765     
 -0.14352112988248672       0.21739831588236413     
 -0.15969772511528901       0.21805959754637103     
 -0.14984442713836485       0.19662582422417102     
 -0.15058539145346458       0.17240080281042836     
 -0.10896557892958861       0.17490202248928730     
           8
 -0.17272270936717651        8.0424953610631095E-002
 -0.20354831113946045        8.8265444761358322E-002
 -0.20165117505538868        6.2280229280481283E-002
 -0.20796436294455337        3.7985693429272625E-002
 -0.19581864606314447        4.3738586557219752E-002
 -0.18548670605554013        3.1243520909317202E-002
 -0.17119142465158990        3.3441813960408538E-002
 -0.15947149393931920        5.1453611619806050E-002
           8
 -0.22829831771126896       0.16409483677902167     
 -0.24809283437261237       0.17453047377014222     
 -0.25124107072295210       0.15832415015885440     
 -0.24727950157166512       0.14323138615203854     
 -0.25559755224983238       0.12647109831835132     
 -0.24152929085078204       0.12860792103045976     
 -0.22993413462735995       0.13069693116380296     
 -0.20710445894794557       0.14370877035013405     
           6
 -0.17352757468429642        7.8528932821887540E-002
 -0.18668785165633170        7.5031366898946822E-002
 -0.18697227321801696        9.2992898095592885E-002
 -0.22301897790277200        4.7612978801643835E-002
 -0.19850461122278756        4.8298608712581931E-002
 -0.18137835150019824        5.3072716662203305E-002
           7
 -0.12838124466120510       0.11693634544579072     
 -0.13010375024147602       0.12962353902459353     
 -0.16666374836695563       0.12882928877554148     
 -0.17511592289791281       0.11244162420100830     
 -0.17098282070099208        8.9801915726278894E-002
 -0.12641562352993393        8.5778181271728565E-002
 -0.13356952162934393        9.5131069755462067E-002
           6
 -0.10819555093866688       0.11513309345472739     
 -0.14444447248882736       0.13969772821265761     
 -0.15356474752277546       0.10969593851445592     
 -0.14632496450680418        9.8559421459009325E-002
 -0.13321675580063555        9.4096495691496390E-002
 -0.11569483064501630       0.10066299897617717     
           3
 -0.23880597014925373        2.9850746268656716E-002
 -0.25881828926639877        2.1714115710191217E-002
 -0.22341505996647534        4.8738159949668035E-003
           8
 -0.20253493791913013       0.18681857973021426     
 -0.21291593172850265       0.18420719494138393     
 -0.23774012786534396       0.17912300001908965     
 -0.25879540376272980       0.15845896346463051     
 -0.25990082472601050       0.13667708203362183     
 -0.24713934897911771       0.14348905143469179     
 -0.22642964275113114       0.13716933926414906     
 -0.21010436174645516       0.14963738098803273     
           5
  -1.3948742141093864E-002 -0.77779831291165624     
  -1.0214144834995843E-002 -0.79214312699557365     
   1.4925373134328358E-002 -0.80597014925373134     
   4.3618066656817320E-002 -0.81936432288167338     
   2.9502323766919532E-002 -0.81018176638506967     
           3
  -1.2699199060402965E-002 -0.88870623107424318     
  -9.9050828931065982E-006 -0.93885212271857166     
   2.8309808991237879E-002 -0.91961571403376197     
           3
  -5.8513887412992883E-002 -0.90431648138875509     
 -0.10301524972078878      -0.95000733705915541     
  -5.9506265232284888E-002 -0.93391411780772149     
           8
   1.9852353198252987E-002 -0.97086269927607327     
   1.1890139818322907E-002 -0.96150137105200539     
  -1.8750561317771058E-002 -0.96777895728538132     
  -2.8688587462916977E-002 -0.98293014289804193     
  -2.0269711266793885E-002  -1.0058970802413516     
   1.0160323653154089E-002  -1.0138731210038239     
   1.9213966294719467E-002  -1.0053708699569686     
   1.1647615966845621E-002 -0.99089576342273200     
           7
  -9.5699909432493013E-002 -0.81032698515324297     
 -0.10177720833853025      -0.80111924729247241     
 -0.11332811117157342      -0.81097226436018266     
 -0.12128146098417696      -0.82607113062501802     
 -0.11360494032387004      -0.83883527911472877     
  -8.9520983387553835E-002 -0.84578910494992521     
  -7.6715773535259282E-002 -0.85546876509456393     
           7
  -9.8271602392941679E-002 -0.91232897221840126     
 -0.12855496060048360      -0.92498987054118742     
 -0.13450975245439295      -0.93796815411914747     
 -0.14680640224678748      -0.93680798084082184     
 -0.13132972716832078      -0.96558575613947706     
 -0.10265351870797917      -0.96699411067586105     
 -0.10063291455807291      -0.94120353338015261     
           8
   4.3121430176822413E-002 -0.92566644387271957     
   2.1733297427731967E-002 -0.93308007270416615     
   1.4407508140265394E-002 -0.92219953945294886     
  -1.0258354615127847E-002 -0.92543720741739999     
  -5.4297494973259159E-003 -0.93639080807597141     
  -3.2545618549684966E-003 -0.97177808819332068     
   2.4245097383211345E-002 -0.97640977735198964     
   3.6908050125505895E-002 -0.94898229762192066     
           7
  -8.5946923722249519E-002 -0.88794709867643817     
 -0.10915733376294583      -0.88304503772396559     
 -0.12923455724183372      -0.88363822161053363     
 -0.12941807992882065      -0.90417100881971257     
 -0.11445418000213788      -0.93746228969633227     
  -9.5133340371783087E-002 -0.93119994139470730     
  -8.8128885139669197E-002 -0.90859659918184266     
           4
  -6.6142757232970001E-002 -0.83292344387279682     
  -9.3707139703834222E-002 -0.81770404631537807     
 -0.10469059854867552      -0.82918533370746983     
  -9.6251991703932199E-002 -0.86739960078290901     
           5
 -0.61178802923388020      -0.29243871477982891     
 -0.64897765673307450      -0.29617344574325777     
 -0.64294928626280556      -0.31838060767989967     
 -0.62686567164179108      -0.32089552238805968     
 -0.60380204832322038      -0.30700955197070562     
           7
 -0.69545167616752468      -0.19673968380174853     
 -0.69970559166995883      -0.18125721138703199     
 -0.73210325026602852      -0.17577977775350936     
 -0.74918624741228090      -0.20497050424107693     
 -0.72198294292609766      -0.21877162121995469     
 -0.70216404105679275      -0.22403546594319076     
 -0.70072558850470079      -0.21256718568412056     
           8
 -0.76056317649775373      -0.40932389481817266     
 -0.77608622652435211      -0.40843913373599749     
 -0.78420488270076671      -0.42695932783610935     
 -0.78653150544494699      -0.45090935956161837     
 -0.75961691207279158      -0.46103339471622362     
 -0.74655657799577035      -0.46078441668280218     
 -0.73455225221100140      -0.46117935398622806     
 -0.73388406467595590      -0.44610248112267009     
           3
 -0.63751467451441957      -0.29293156906694034     
 -0.65671641791044777      -0.32089552238805968     
 -0.63331758825157980      -0.33858216176531430     
           3
   1.0643673386440515E-003  -7.8963291952319770E-002
  -2.8837312588049363E-002  -9.3673634258176708E-002
   0.0000000000000000      -0.10447761194029850     
           6
   7.6936000745662633E-002 -0.10031791583328155     
   6.2796003882342688E-002  -9.4101492702007045E-002
   5.0805610306228002E-002  -9.0788151940987397E-002
   4.7433972766965427E-002 -0.10404456261448801     
   7.1660859891678960E-002 -0.13679309970068160     
   9.7507681915073557E-002 -0.11402251353688743     
           5
   1.6942220235547572E-002  -8.6099607984804288E-002
  -1.6628111062451493E-002  -7.6502890276455696E-002
  -2.9092663535863341E-002 -0.12240034811870787     
  -1.0525643552282691E-002 -0.12518235328761565     
   1.4966303855615443E-002 -0.11235357435813478     
           4
   5.2509297881575989E-002  -2.4182245898720679E-003
   9.1964470866710731E-003  -1.7265695898330026E-002
   3.1950888952415997E-002  -5.4697369232239668E-002
   5.3039258970232726E-002  -5.5921019082425819E-002
           4
   9.3156614465748397E-002  -3.0601668517710401E-002
   5.0174684954422462E-002  -3.3420584188212581E-002
   6.0749758953162328E-002  -6.4076697077887226E-002
   8.4497114532758114E-002  -6.2903954141924373E-002
           6
   5.0545820378736936E-002  -9.7581933765697362E-002
   3.0964788313046263E-002  -8.3334222257564247E-002
  -1.5311931381242552E-003 -0.11168742254054981     
   1.7413333025510090E-002 -0.12882931290247146     
   3.7869445936876092E-002 -0.11934769071170723     
   4.9209760675339040E-002 -0.12243531148390360     
           8
   4.9429268441972034E-002  -5.8322882707863441E-002
   5.7775249706575577E-002  -3.4613683429248969E-002
   1.6472060389188595E-002  -3.4153901726644065E-002
   4.3915725924083965E-003  -4.1992649625050560E-002
   5.7525923245100065E-003  -6.0116524273028264E-002
   1.0958770949049301E-002  -8.4298450552246232E-002
   2.8493939890579377E-002  -8.6383864859211748E-002
   5.6200941274973576E-002  -7.4819513514376407E-002
           4
   9.2476013311767594E-002  -2.8458755453467061E-002
   6.9590933074917816E-002  -4.7694081877315754E-002
   8.9271410690368383E-002  -6.7052087183049211E-002
  0.11310768215252595       -7.4531584096921455E-002
           8
  0.10048246494216018       -2.5528426032443818E-002
   9.6714022854066273E-002  -1.9122944664971137E-003
   6.8556846646824487E-002  -6.4474462327977419E-003
   5.3886638151287289E-002  -8.7491710794161855E-003
   4.7917145929220133E-002  -3.7556314891260170E-002
   7.5798108561644442E-002  -5.0538167187253139E-002
   8.0810221856604247E-002  -4.1202847333769103E-002
   9.5452628819732183E-002  -4.3681022900518951E-002
           6
   8.6784577990474621E-002  -1.8370908582301875E-002
   9.3774895103577047E-002  -2.1467052004967638E-003
   3.8826438396759130E-002  -5.2004189249558255E-003
   4.0538435791916530E-002  -2.1068509160252040E-002
   8.1148151007100600E-002  -5.6926100001326585E-002
   9.2461532622385906E-002  -5.0198267230474852E-002
           8
 -0.63904949817462353       0.38860237914540346     
 -0.68037258776295528       0.40145864817090687     
 -0.68155684423482255       0.38431968144532247     
 -0.66279192908054618       0.35457851293579162     
 -0.65920154582697876       0.34445050561452978     
 -0.64485790337810855       0.35011208475397310     
 -0.63440799942930881       0.35469504592249007     
 -0.63004936046044169       0.36499816838661159     
           4
 -0.79486586211304544       0.42395350476379406     
 -0.79905271996934968       0.41027269871115324     
 -0.78066635408762541       0.37736015977284942     
 -0.76463471212795897       0.36849160416089971     
           4
 -0.73134328358208955       0.38059701492537312     
 -0.75830274596400860       0.38813836765628940     
 -0.74706621125697037       0.37512146418965525     
 -0.71256695076867793       0.36932229859765670     
           5
 -0.73983988586629201       0.46948893631607952     
 -0.75880919532945046       0.47476830951760651     
 -0.78529141924265677       0.46765867829544810     
 -0.78687804571153919       0.45166382303273062     
 -0.74429188188297124       0.45100544618804705     
           5
 -0.67716442583678604       0.43239819796782220     
 -0.68667095938506484       0.44308598181520076     
 -0.70257968379096436       0.43666781703561269     
 -0.71951242395813841       0.38920363657577028     
 -0.69437154897136344       0.39818403225421184     
           7
 -0.69817521208235500       0.39644677204395767     
 -0.70170707961808798       0.40727748258014584     
 -0.71997520433742990       0.40411724797408316     
 -0.73575274704777183       0.40568768018157175     
 -0.74712757630855964       0.40679029272571077     
 -0.74943432160987500       0.37006010213897161     
 -0.71704348384486238       0.36556507462642424     
           4
 -0.78970372510727482       0.45385517934799902     
 -0.82182792675377048       0.43051901657600794     
 -0.82585755591386889       0.40011829261449078     
 -0.77520804430841928       0.41337274849905326     
           6
 -0.19986396085488123        4.0175109677147977E-002
 -0.23133290621213942        4.5820598869831253E-002
 -0.24913424905740886        2.5695590378161375E-002
 -0.24827162854763446        1.3434229136134693E-002
 -0.19530202235584909       -1.2699752966678045E-003
 -0.20578121680395148        2.2152153393880183E-002
           3
 -0.20831525711299179        6.3014575083604196E-002
 -0.20686278184752324        2.1112314819354317E-002
 -0.20149253731343283        3.7313432835820892E-002
           6
 -0.16552594046045754        8.2666349591010851E-003
 -0.19433246602975174        1.6217499579868302E-002
 -0.20634722222802721        1.4738647625668878E-002
 -0.20417072154035890        1.4197200480190906E-003
 -0.20410343278684018       -2.3859336536582003E-002
 -0.18452217685521535       -3.4344533289094710E-002
           3
 -0.23134328358208955        1.4925373134328358E-002
 -0.24459417361711480       -8.4444387538511519E-003
 -0.21791607594891707       -4.4578477657574462E-003
           5
 -0.16680909369289112        4.2774894843859233E-002
 -0.18676578391404255        4.4632184029964106E-002
 -0.21102543326367204        4.7036518592035378E-002
 -0.18049715183347523        1.3797926969662512E-002
 -0.16278561562352081        2.7604293787751946E-002
           8
 -0.20238264137668799        3.3135879476266575E-002
 -0.20076466947751628        5.5662869972545825E-002
 -0.22365540275992238        5.7036920581025621E-002
 -0.23340066213789051        4.4353607398921593E-002
 -0.24500038136605526        2.3384233404557420E-002
 -0.23676349003039729        5.7307592043500215E-003
 -0.20149322907323985        8.6837397192092193E-003
 -0.20618407265142116        2.2593262834512830E-002
           3
 -0.14796777730175051        3.4890856374025045E-002
 -0.15671641791044777        7.4626865671641790E-003
 -0.13114984719348288        2.6641959519866582E-003
           6
 -0.13762016377504757        4.7055544635405760E-002
 -0.16141254709610409        4.0632290001604399E-002
 -0.18299952168128722        4.4267219184163840E-002
 -0.19148751333495684        4.0017416683746192E-003
 -0.14607059642659917        2.1335903811585816E-003
 -0.13606403319807650        1.2986399333175469E-002
           3
 -0.17068718467849164        4.3530911285878854E-002
 -0.21480467187963045        3.2712662996904916E-002
 -0.20454269519891638        5.4509927810150044E-004
           3
 -0.20632054606263392        6.5752912777519518E-002
 -0.20149253731343283        4.4776119402985072E-002
 -0.18179019773466928        4.5991816048223326E-002
           7
 -0.13691894099340454        5.4180611711746617E-002
 -0.15703727760185451        5.6319741459756753E-002
 -0.17802249711023674        5.6892297914892517E-002
 -0.19308262347745933        3.3777327553577749E-002
 -0.18352418218671041        2.8352118671332457E-002
 -0.18178815056531950        1.1756870802071401E-002
 -0.14201887323861667        1.4123616184810606E-002
           5
 -0.21536294523971639        8.5636833336401208E-002
 -0.25179622972787430        7.5546582151725342E-002
 -0.25268111967563711        6.0385840214889949E-002
 -0.21814084541915374        5.0184394422296497E-002
 -0.20329594902657716        4.0152705526891541E-002
           8
 -0.19302759975450937        1.2565276057619746E-002
 -0.20099975584001792        2.8249722170235296E-002
 -0.23034719946482701        2.1169752995915257E-002
 -0.23230211982598070        9.3553313960608364E-004
 -0.24393976029051190       -2.1465435130204429E-002
 -0.23177331812381421       -1.4243013245850998E-002
 -0.22142389420290304       -2.1936232188942525E-002
 -0.19342132550066810       -1.4436858882081667E-002
           3
 -0.19648836487447063        4.4030946473502201E-003
 -0.21815055634070266        1.5689154712141381E-002
 -0.21728941594117268       -2.1448419407894107E-002
           7
  0.14417961658789633        3.2009699755325020E-002
  0.13271860739530278        2.9937619658232911E-002
  0.11473922951270329        2.3700694892244554E-002
  0.11361946088586664       -7.9821405282830896E-003
  0.13352777714054345       -1.3519888371606930E-002
  0.14708008269329498       -1.1544447101087044E-002
  0.15738579409856859       -2.3831773313212857E-003
           3
   4.1816517175910450E-002   6.4290859113553672E-002
   4.9570682300504799E-002   2.6865914383104848E-002
   8.3933534028268031E-002   4.0846984523339527E-002
           8
  0.13837558308173270        2.7540983243295937E-002
  0.10812050679231379        2.7733828024359874E-002
  0.10005406470689397        1.9625008542935894E-002
   9.1555191650540962E-002   2.7716023521898371E-002
   8.5274526668332296E-002  -2.8066583606431456E-002
  0.10170956998043362       -2.0745260142848665E-002
  0.12717624700003749       -2.7965499334343925E-002
  0.12693353613597666       -2.6929553478818890E-003
           5
  0.15037381354147059        2.1965513993707365E-002
  0.11431943458389426        2.1034261938607805E-002
  0.12646038839182280        4.5442359309102523E-003
  0.14996915718304119       -1.5317250833030430E-002
  0.16361195426734354        4.4878831467233954E-003
           3
   9.8929981938911532E-002   1.4051204901374233E-002
   7.1620587639571548E-002  -2.0897462384861818E-002
  0.11410329810976805       -2.5994727917314803E-002
           7
  0.11283186486199423        4.6986516732321459E-002
  0.11838457441191855        6.5944168530401359E-002
   7.0377690972226820E-002   6.9217634746711193E-002
   7.1129637693495409E-002   4.6783729245679043E-002
   6.7833624898770026E-002   3.2731149337662524E-002
   8.6427985303698579E-002   2.6979150973534538E-002
  0.10644353412152080        3.1587329605811593E-002
           6
  0.10845545095600820        2.7114645592973587E-002
   8.4277463785802920E-002   1.4573865369141259E-002
   8.5758168017940353E-002  -1.5364606880761389E-002
  0.12074260903200118       -1.7952691549181294E-002
  0.13286696486071303       -2.4354670008747636E-002
  0.12855134610827360       -5.3376971569402834E-003
           6
  0.10952127038533123        5.4459665420997644E-002
   9.5126835485675937E-002   6.2280218666752173E-002
   8.0349976785309085E-002   5.9620263557656476E-002
   5.8605328706321527E-002   7.2499397408698291E-002
   9.8137473565621872E-002   2.0464628868826090E-002
  0.10562611659814883        2.9594316959211872E-002
           3
   7.5309815491632431E-002   7.4644575040161948E-002
   5.2238805970149252E-002   5.2238805970149252E-002
   6.9061195022739080E-002   3.7143591563949196E-002
           5
  0.11733638692481957        8.5133169632189819E-003
   8.1687387286654867E-002  -7.9442188572166443E-004
   8.1903299438626245E-002  -1.3992465170067216E-002
  0.12081474011120207       -3.4582210376748600E-002
  0.12177206264110738       -1.6058254192922655E-002
           7
  0.10811392259957331        5.2941367867505869E-002
   7.4324085880616189E-002   7.3154113849794006E-002
   6.1298326841867479E-002   7.5907235575290305E-002
   6.2713414208137419E-002   4.1537178815578620E-002
   5.4959798168855642E-002   3.0380543545632278E-002
   9.6795789620966535E-002   2.4167428601545162E-002
   8.6384775675172595E-002   3.7298122616424421E-002
           7
  0.13289306901232056        3.9558154387027020E-002
  0.13092635808251488        5.2400074591418558E-002
   8.8306058252413333E-002   5.7435242147291822E-002
   7.8364486944151879E-002   4.0510556900402894E-002
   8.6818205977767418E-002   2.5046620805778998E-002
   8.0443943337631232E-002   1.4849768652780659E-002
  0.12219040061079073        6.8971861382437008E-003
           4
  0.15937165934873757        6.2427399969510147E-002
  0.14343950851423096        6.6951647531967404E-002
  0.12287756933558308        7.0959713443958461E-002
  0.12285490797069044        3.6950494785649837E-002
           8
  0.24686128971504442       0.26124377375258312     
  0.23798064865379787       0.26987624068954635     
  0.22513742256479033       0.27652763573471467     
  0.19766132365482753       0.27246736329622234     
  0.20287384110951584       0.23920204163443895     
  0.19611105574871693       0.23164024720445270     
  0.22287149177052532       0.23204618295831109     
  0.24342351842080878       0.23486842337174255     
           3
  0.20705680838975374       0.23588770271530399     
  0.18964730716645681       0.21109835396541918     
  0.23098783996519831       0.20235983805279581     
           6
  0.28622456465241863       0.19844460020518742     
  0.27924283824648055       0.21098429843725783     
  0.24123838389158345       0.21343807681668825     
  0.23309882389706676       0.19044775296699132     
  0.23714585866046689       0.16652411052872892     
  0.24815303119622686       0.17189100325039933     
           6
  0.17355095894235045       0.20435803408570777     
  0.16721449747580219       0.19357488108910009     
  0.16141464932959956       0.18328293474678745     
  0.15831768110477523       0.16158914394171744     
  0.17231696056901036       0.16054772518837207     
  0.20271736307993590       0.17483029762417412     
           8
  0.81215689647442091       0.17042876949368338     
  0.79410175399837513       0.16263757334707768     
  0.78228978334850885       0.15858207943409142     
  0.75772002890911005       0.15195528662516278     
  0.76443324740166174       0.13578752230584165     
  0.75570554997990269       0.11349117991780669     
  0.78527688419751673       0.12584664720017633     
  0.80890119252324078       0.14012624086767467     
           3
  0.84021717339265745       0.25864294337398719     
  0.78529733397214530       0.27407950580117990     
  0.82264991856191727       0.24175132936560947     
           7
  0.94082365328845730       0.18072615552531082     
  0.91359514867493319       0.17565913022642662     
  0.91493930618202557       0.16318212409325042     
  0.90525973697282769       0.15616239730642370     
  0.92376436609125667       0.14535814481092085     
  0.94867070673146914       0.14360364352312333     
  0.96037279482269211       0.15078479347739213     
           5
  0.87647687619839199        6.6900099985119255E-002
  0.88001107865904882        9.5312472643194174E-002
  0.83279983493933174        5.8969523578055058E-002
  0.84803322301392003        4.5781110351505463E-002
  0.88640210623565563        4.0417270966277043E-002
           3
  0.96268656716417911       0.10447761194029850     
  0.97814909840162867       0.12703461055173559     
  0.94628497354255481        8.1244693478626950E-002
           3
  0.88595015717061520       0.10944346222109842     
  0.87978824480207352        8.3994100138554559E-002
  0.90298507462686572        8.2089552238805971E-002
           5
  0.87652625357742431       0.12475834633638364     
  0.84038092084659977        9.8228505363685770E-002
  0.83038468482066585        8.7514819775469169E-002
  0.85973803922220660        7.8317099780653321E-002
  0.87847827442247617        9.6260399067498198E-002
           7
  0.96338709352887153       0.14070477013535157     
  0.93389160566045681       0.13127764317453469     
  0.91736382198173860       0.12614051289621750     
  0.91719405695473866       0.10559248969352086     
  0.91148707734082302        9.5270430583391977E-002
  0.92322995700333677        9.4314837038257465E-002
  0.93491074926879381        9.0437384434939233E-002
           3
   1.0231696130165988       0.13747142107686947     
  0.98687244827686471       0.16055356455165526     
  0.98706568697690589       0.11314315576854012     
           5
  0.92224247904262591       0.20261473923517589     
  0.88953188279049000       0.20926416059363237     
  0.88014452231788221       0.19954183754047167     
  0.87452638280699435       0.17929391195267322     
  0.92320118197144563       0.18652900312523413     
           6
  0.13037906288982543       0.47864463089629888     
  0.11372114927625766       0.48319584585097347     
   8.6684936428178705E-002  0.47261333886252538     
   8.2555537818017430E-002  0.44187911630567628     
  0.10390550637859425       0.44377785412412551     
  0.13080106226277627       0.46055109969280766     
           4
  0.18149631262774252       0.59620849206421278     
  0.16179661541115783       0.58159294535207828     
  0.16757312841415295       0.54655148089822470     
  0.20120261453546298       0.54839891214953362     
           7
  0.17156516871067182       0.53431490968347317     
  0.14331562963464806       0.53830855721331650     
  0.14046010612304907       0.52787208217861770     
  0.14964506662105412       0.48884132930829921     
  0.17258748830254028       0.48904334930843568     
  0.18568247470488269       0.49359339052831042     
  0.18277337963913398       0.50774071447843028     
           5
  0.21158665966957096       0.58192162299248984     
  0.18368466168838626       0.58822270976497260     
  0.16604961855144096       0.58821417034022827     
  0.19484005344713765       0.54106758196119387     
  0.21647947726869013       0.55179611570784948     
           8
  0.22624314577748372       0.44505613258146126     
  0.23505658150999872       0.46310484262684659     
  0.21905199903554629       0.46428171144212649     
  0.19401146113196166       0.46517502433220254     
  0.18136822215950660       0.42221653320192171     
  0.21268270239113815       0.42192823579300165     
  0.23297662699058791       0.42258357149596043     
  0.23435344676898720       0.43877084757815010     
           3
   8.9552238805970144E-002  0.50000000000000000     
   7.3986994262219899E-002  0.48544221913674640     
  0.10881317094439029       0.48216812342536625     
           7
  0.19971492719907810       0.44972679336793270     
  0.20769917500622151       0.46383774222645879     
  0.19523043406471230       0.46316481476905175     
  0.17280766718606067       0.46748248185710095     
  0.16145171809331843       0.43904373765199717     
  0.15192304548015359       0.42450059905181109     
  0.19339508411703490       0.42919854450486289     
           3
  0.17349189364371573       0.58040028930437570     
  0.15671641791044777       0.57462686567164178     
  0.13823714617046190       0.54913214851352043     
           3
  0.14925373134328357       0.49253731343283580     
  0.14922170455520031       0.47455362339710738     
  0.16637535961574476       0.47728072156919321     
           8
   9.3865518411708496E-002  0.55716479264300733     
   9.8781432885951551E-002  0.56836812447319640     
   6.5110564947502614E-002  0.56473717475258800     
   4.7912777151595698E-002  0.57180193237666466     
   5.4646848314429022E-002  0.55924465638849674     
   5.9233267398647829E-002  0.52457436870651486     
   7.2658105799002684E-002  0.52318148304775103     
  0.10103593418825708       0.53637421958420473     
           6
   8.9171724219801463E-002  0.49714168786003771     
   7.7601475531267367E-002  0.50900321864817477     
   4.2320261725997337E-002  0.49539589045068733     
   4.5132591253178617E-002  0.47359175156104816     
   5.4656019303433251E-002  0.45779957817818379     
   7.2793522907329725E-002  0.46239288574318221     
           3
   4.9085548869998427E-002  0.43086258286603962     
   2.6161614218257911E-002  0.45232178755756880     
   2.8759387952906636E-002  0.40870196819184457     
           4
   2.9261407730075208E-002  0.48400024115889051     
   6.3738661524253976E-003  0.48120721675738309     
  -1.9567240497965276E-002  0.43466643958499152     
   8.3143059733696099E-003  0.43149716785897158     
           6
   3.5835083100383268E-002  0.50215984196215901     
   2.2456347703274711E-002  0.52687516414845670     
  -1.5976426288465996E-004  0.51900512902059659     
  -4.4275133663591922E-003  0.47541643929519911     
   2.9563606474161057E-002  0.48518582020065432     
   4.0371252439111945E-002  0.49009293455778807     
           5
   2.3459521151144844E-002  0.52704699145922063     
   2.8943285942371754E-003  0.53418558580771081     
  -1.5229014224087392E-002  0.53635237395499269     
  -1.7866415055674552E-002  0.49206014356332861     
   1.9891639438991100E-002  0.51068800737893139     
           4
  -5.6456323248499661E-002  0.49682590815458150     
  -8.7650346728766204E-002  0.49827883605134116     
  -7.7288878088375174E-002  0.46178099001145134     
  -3.1910085257871937E-002  0.45507208756042916     
           3
  -3.7341230702475151E-002  0.43356447210797544     
  -5.2238805970149252E-002  0.42537313432835822     
  -6.1180061520808710E-002  0.39802886977207630     
           6
   5.0885406564383000E-002  0.46133649365889806     
   3.4929013708892273E-002  0.46309549248222803     
   6.5002841393544501E-003  0.46155747165252697     
   9.6974599626236807E-003  0.43313866406024043     
   5.3005288280121680E-003  0.41516973726563483     
   4.8977085071134990E-002  0.41494865081170662     
           8
 -0.20802389089597045      -0.26929685432569278     
 -0.22161709206544755      -0.26488424371904035     
 -0.23702665953443969      -0.26443001295479018     
 -0.23964222301944169      -0.28856230038193359     
 -0.24250805085170979      -0.29875332235639740     
 -0.24495804574610125      -0.31505703612882008     
 -0.22633881837458231      -0.30754032494913974     
 -0.20007441989179126      -0.31938912124905822     
           4
 -0.15658822787318072      -0.29246804159408407     
 -0.19109191544761298      -0.30326485590433694     
 -0.18738157984095000      -0.32070565445205196     
 -0.17624851569410277      -0.33845055758875969     
           7
 -0.12721037895428952      -0.35032675710181843     
 -0.12456421873541011      -0.33224567503554747     
 -0.15134860930053173      -0.33058522231409465     
 -0.16260981723160045      -0.32758079718681959     
 -0.15635593335586304      -0.37504790542866473     
 -0.14388725150354639      -0.37536809003097227     
 -0.12258566407013907      -0.37727016066832247     
           4
 -0.16744728839194251      -0.32627739393638577     
 -0.18394659474094360      -0.31527649844959166     
 -0.21286968102443893      -0.35862968140068008     
 -0.17617188832861461      -0.35432436131572959     
           6
 -0.14823633561284316      -0.35770611307457495     
 -0.19242394959853845      -0.33313403558193067     
 -0.19087356722898965      -0.34819318933296745     
 -0.17698309597688899      -0.38586246712098271     
 -0.16531908350769048      -0.38270767119726884     
 -0.14389646999383662      -0.37387639747392992     
           6
 -0.13353186921879703      -0.25319267691563846     
 -0.15258448690592161      -0.26063325954475014     
 -0.17539959059820753      -0.25997393845746114     
 -0.18048062275464394      -0.27142742617461707     
 -0.18067459580278736      -0.29416926279460970     
 -0.13126023974973589      -0.28636376738643821     
           6
 -0.19365147489074303      -0.35256743109869826     
 -0.19368737506136394      -0.32003097338909009     
 -0.24146269570826218      -0.35596551440316920     
 -0.22566801390168301      -0.35852944039463247     
 -0.21576600144839952      -0.37055980542711681     
 -0.20580775325867831      -0.36239705772971509     
