   110.00000000000000     
   1409.0000000000000     
         100
           8
   13.000000000000000     
   122.00000000000000     
   30.000000000000000     
   3.0000000000000000     
   5.0000000000000000     
   422.00000000000000     
   13.000000000000000     
   22.000000000000000     
   173.00000000000000     
   41.000000000000000     
   8.0000000000000000     
   8.0000000000000000     
   110.00000000000000     
   198.00000000000000     
   384.00000000000000     
   193.00000000000000     
   238.00000000000000     
   265.00000000000000     
   3.0000000000000000     
   469.00000000000000     
   7.0000000000000000     
   6.0000000000000000     
   108.00000000000000     
   10.000000000000000     
   40.000000000000000     
   635.00000000000000     
   49.000000000000000     
   149.00000000000000     
   403.00000000000000     
   42.000000000000000     
   70.000000000000000     
   201.00000000000000     
   66.000000000000000     
   526.00000000000000     
   6.0000000000000000     
   279.00000000000000     
   160.00000000000000     
   3.0000000000000000     
   4.0000000000000000     
   105.00000000000000     
   46.000000000000000     
   474.00000000000000     
   7.0000000000000000     
   7.0000000000000000     
   99.000000000000000     
   126.00000000000000     
   119.00000000000000     
   46.000000000000000     
   273.00000000000000     
   91.000000000000000     
   294.00000000000000     
   4.0000000000000000     
   81.000000000000000     
   285.00000000000000     
   90.000000000000000     
   462.00000000000000     
   65.000000000000000     
   6.0000000000000000     
   4.0000000000000000     
   529.00000000000000     
   165.00000000000000     
   4.0000000000000000     
   394.00000000000000     
   3.0000000000000000     
   60.000000000000000     
   899.00000000000000     
   169.00000000000000     
   10.000000000000000     
   47.000000000000000     
   37.000000000000000     
   23.000000000000000     
   25.000000000000000     
   444.00000000000000     
   3.0000000000000000     
   99.000000000000000     
   58.000000000000000     
   7.0000000000000000     
   11.000000000000000     
   15.000000000000000     
   381.00000000000000     
   7.0000000000000000     
   39.000000000000000     
   502.00000000000000     
   115.00000000000000     
   85.000000000000000     
   3.0000000000000000     
   136.00000000000000     
   111.00000000000000     
   66.000000000000000     
   50.000000000000000     
   252.00000000000000     
   4.0000000000000000     
   119.00000000000000     
   746.00000000000000     
   6.0000000000000000     
   51.000000000000000     
   322.00000000000000     
   1023.0000000000000     
   5.0000000000000000     
   10.000000000000000     
           1
   0.0000000000000000        0.0000000000000000     
           8
  -3.3186531964587762E-002  0.64948527916337306     
  -4.7150119952280994E-002  0.65044087504147108     
  -5.6755112876037538E-002  0.65853831139721375     
  -6.5393483770803285E-002  0.64064212948490051     
  -6.8467855536798988E-002  0.63212179079592523     
  -3.5438346957988448E-002  0.61311994873588271     
  -2.3438927665588142E-002  0.61880383574440900     
  -3.1550267979005869E-002  0.63482179760903945     
           4
 -0.16149911523443775       0.64990450673360789     
 -0.17418751573380950       0.63993753981772528     
 -0.17725436150598775       0.61558579152583803     
 -0.13542467848929021       0.62981731445887557     
           8
 -0.15699977608497406       0.76762035322730104     
 -0.16631026605485483       0.79164162869773824     
 -0.18101090730307190       0.78685160420465627     
 -0.18528830909242042       0.76855751536895134     
 -0.19497316975886708       0.76264515212909045     
 -0.17299067795032419       0.75762012841278570     
 -0.16655538622431296       0.75176952113476736     
 -0.15040140518772427       0.75110614823294175     
           5
  0.10385023520415751       0.92147196564776379     
   7.9380403565597710E-002  0.91664778531936153     
   5.9567716768131544E-002  0.90802371834152307     
   6.3785898852019310E-002  0.87981746878205014     
   9.5656975879539863E-002  0.88900445807261230     
           6
  0.15030510253866552       0.75221976568725046     
  0.15466699871892292       0.76740320560227115     
  0.11793815295951374       0.75838901242726064     
  0.11334742883561819       0.73995559148454160     
  0.13201306110552910       0.73078081490169955     
  0.14587243367365099       0.73356637716304629     
           4
 -0.16727393131932927       0.94608152349220265     
 -0.19432639470897842       0.94280574883717316     
 -0.20452893638734909       0.91779666743685484     
 -0.17397579759904083       0.93099828776222404     
           3
 -0.13176351233492928       0.63810204430088746     
 -0.14545454545454545       0.61818181818181817     
 -0.14516200850985519       0.60106296195717901     
           3
  0.15711149914648981       0.67794542022318427     
  0.12319310011679552       0.65360789943513109     
  0.12263012359252770       0.63227370633922975     
           3
  0.12947119381297498       0.72184054045661872     
   8.8372681507811982E-002  0.70936716216021278     
  0.10293053462994492       0.68633027976658401     
           5
   3.0369393760038669E-002  0.95006537352598985     
   4.9763028992222064E-003  0.94098930321948737     
  -1.4324562018749862E-002  0.94786804078090503     
   1.8232488159871114E-002  0.91078171495429727     
   3.1347067941139575E-002  0.92006422551566713     
           3
  0.11889809172573132       0.84420876624063690     
  0.13636363636363635       0.82727272727272727     
  0.15413742861171112       0.82006569501522319     
           3
  0.10447287208493305       0.75637744870208279     
   8.1818181818181818E-002  0.75454545454545452     
   9.6362418728929228E-002  0.73986224125807143     
           5
   2.5936698162718194E-002  0.76332114165844167     
   1.3449240902992602E-002  0.76234856141846552     
   5.2022067973363662E-003  0.72745329764743627     
   2.3148909119121843E-002  0.73248983678817814     
   3.6999186054942360E-002  0.72472589465277726     
           3
  -4.7044559932032694E-002  0.69549061834372472     
  -5.7450890381743891E-002  0.70854282420898518     
  -8.5160130537719189E-002  0.67296085280217066     
           7
 -0.13382317223296880       0.73861318146693089     
 -0.15157795926029827       0.73315914188392806     
 -0.16792073345706385       0.73927346349337508     
 -0.16698049464460532       0.69681948804515437     
 -0.15985861362479800       0.70249133850034218     
 -0.14090456178013383       0.70187757324817746     
 -0.13731059405784382       0.71423883756489848     
           4
  0.10909090909090909       0.63636363636363635     
   9.6271168168390306E-002  0.64865053917466808     
   8.8067827020864256E-002  0.63649888423485002     
  0.11103722604941253       0.61433160968328893     
           6
 -0.14725634289583150       0.90316494718207352     
 -0.17375427525262527       0.92160077914676397     
 -0.18481814335220451       0.88955861857155238     
 -0.17356439348753078       0.88700575072543564     
 -0.15175441357052730       0.87642938232159140     
 -0.14301505467662215       0.88378141345908878     
           7
  -7.0523448745416578E-002  0.96754280114557822     
  -9.0372637363994493E-002  0.96215604007694366     
  -9.4483164997291993E-002  0.94954040070376822     
  -9.8207151486565863E-002  0.93420579764183997     
  -8.3831634430454369E-002  0.93026372029785898     
  -7.8076672619372817E-002  0.92321151076596775     
  -6.8648506066128698E-002  0.93192980675190296     
           8
  0.10477589093453703      -0.19962011309918498     
   7.8759434783310947E-002 -0.20129859263472952     
   5.8956038770868316E-002 -0.19609322341458751     
   6.1227460736614489E-002 -0.20971560929005562     
   6.5669549244002381E-002 -0.22250734165361324     
   6.7650528289628004E-002 -0.23125684188383333     
   9.7979576370532104E-002 -0.23656699832941722     
  0.10473763057399871      -0.22593857933231024     
           3
  0.23047077767576019      -0.29018824361679857     
  0.18560612953836864      -0.31479629355151689     
  0.19546494292167102      -0.32655689709706559     
           4
   9.1918667910919113E-002 -0.38238967298711812     
   7.4093355817902301E-002 -0.38715192747316685     
   7.5356185879748586E-002 -0.41600470677885848     
   9.8281965005413696E-002 -0.41224748806080275     
           5
  0.12901633147704938      -0.26696664842888429     
  0.12264351758355115      -0.25473688651700310     
   8.7218049889739468E-002 -0.27527723584986147     
   9.0081939967813468E-002 -0.29374319631093565     
  0.11750122404719218      -0.29254622271557101     
           3
  0.14545454545454545      -0.32727272727272727     
  0.12408726351085414      -0.32439272294698213     
  0.13951468347398482      -0.34422057846142251     
           6
  0.37966053229075974      -0.19107707232724028     
  0.38678844369315574      -0.17893310683324223     
  0.34761628055052302      -0.16951517925894743     
  0.34465894370998174      -0.20352055353146933     
  0.34366474424202187      -0.21405858893925894     
  0.35496668761708139      -0.21310759132232418     
           6
  0.34526586744086019      -0.11480077118906079     
  0.34147409982065313      -0.13076654030424018     
  0.33125023946362914      -0.13455655331723532     
  0.34917018359465712      -0.15228256316038541     
  0.36996705590101475      -0.15910428314493122     
  0.36822366464670375      -0.14219882968165526     
           7
  0.38672251580200301       -3.1140241415589631E-002
  0.37915178508971042       -3.7627125764399194E-002
  0.36103831950916454       -4.6478263604461389E-002
  0.36952463336300545       -6.9870852614373924E-002
  0.38331038904014142       -7.0917550484157932E-002
  0.39373689583804833       -7.6947710173656925E-002
  0.39736459655003320       -6.6919238825125071E-002
           8
  0.26288685984519794      -0.36870944591461263     
  0.24155561264082981      -0.37691701216054635     
  0.24775937103740722      -0.38404675696908558     
  0.24283337670177926      -0.39197538136012489     
  0.25540473953640097      -0.40400968076644506     
  0.25531665350919763      -0.41382340048372723     
  0.28149954338633870      -0.41386878078168882     
  0.27491202341342608      -0.40474414070929188     
           7
  0.19351907447259381       -5.5712737542228233E-002
  0.17419802295615855       -5.6028322402414552E-002
  0.16620064938036702       -6.9622166385942791E-002
  0.15885227210977534       -8.6795498639002794E-002
  0.17122369229875103       -9.1007201360912629E-002
  0.18505166098537387       -9.4183787248023926E-002
  0.20239994239616410       -8.9471835596265162E-002
           5
  0.21818181818181817      -0.34545454545454546     
  0.19454161039908283      -0.35422775377050714     
  0.19722816819850653      -0.36438077996326007     
  0.21120572235239482      -0.36780833342188862     
  0.23134561218016139      -0.36295339363128298     
           7
  0.43932120267624436      -0.11267813236414630     
  0.41845274881973199      -0.12292096172481948     
  0.40527855319550976      -0.13792143096296874     
  0.40908817786416224      -0.15391408657397812     
  0.43420422241847428      -0.15200955839739072     
  0.44777507224643509      -0.15951890847552339     
  0.44084072157152177      -0.14442558153392157     
           5
  0.33094722272309157      -0.24543525192085311     
  0.29460044775397554      -0.23742111880424449     
  0.28853659357955808      -0.25093424036275669     
  0.29772875572063179      -0.27120030689657387     
  0.32667187913885626      -0.27657734998261402     
           3
  0.37272727272727274      -0.35454545454545455     
  0.35209355628013356      -0.35709841635729062     
  0.35985747499897502      -0.37707882286951200     
           8
  0.35018246619131588      -0.25882659545937203     
  0.34090446543836989      -0.25804220173604736     
  0.33484750364101906      -0.25059566706443126     
  0.33993518856800597      -0.27666850242619312     
  0.33771263844177019      -0.29558183605522881     
  0.34134308516507211      -0.28684141506571853     
  0.34680157568373399      -0.29545906705502617     
  0.36170560486039555      -0.28802703381680655     
           3
  0.20944489426850610      -0.28969482869934654     
  0.18952973002408688      -0.31280789430632178     
  0.22577294819750052      -0.30601137791808436     
           6
  0.34545454545454546       -7.2727272727272724E-002
  0.33186610299623365       -7.6255664530178180E-002
  0.32206572800058841       -7.8566593478973865E-002
  0.34442286792565247       -9.6435643861045237E-002
  0.34410174029958979       -8.5437722779340891E-002
  0.35699254642483152       -8.9338306488211755E-002
           8
  0.20468722916924845      -0.36456480826917076     
  0.19221211784862929      -0.34780024020398348     
  0.16203816875225890      -0.34495589173070856     
  0.16319088365867365      -0.37434384837129986     
  0.15963107084387798      -0.38194673320072620     
  0.18361481796425921      -0.38701988885953847     
  0.19716656149242323      -0.38356698167352837     
  0.19463247412456167      -0.37261759068211420     
           6
  0.19943721420002050       -6.6683216535012371E-002
  0.18162100111924240       -6.0839160017386998E-002
  0.17224712753782284       -5.8420467267086995E-002
  0.17593770082807489       -8.2818611958883848E-002
  0.19227698754805297      -0.10010669337192835     
  0.20396117764687630       -7.9170455623096117E-002
           8
  0.44026708812898457      -0.10366409732134974     
  0.42266235030516047      -0.10157508949155032     
  0.40105766075741278      -0.10382265219240690     
  0.40079173583650618      -0.11383811683512726     
  0.40704570229658144      -0.13104566459155176     
  0.42406895923446325      -0.13338983423001821     
  0.43224597349774607      -0.13675175968825667     
  0.43865419967961250      -0.12309034176616351     
           6
  0.81587100451414318       0.62482065758884886     
  0.79937851882042232       0.62906776577297885     
  0.79902196560715300       0.61395099344312876     
  0.79920741813004248       0.59979421641060526     
  0.80846790846589500       0.58935381798185360     
  0.83689284779171758       0.60386504570779920     
           4
  0.64518246070911689       0.36914599955550698     
  0.61924539681187918       0.37348578100454788     
  0.62614476559920373       0.33973502012929074     
  0.63824504661805159       0.33275249123102846     
           6
  0.71776628781308238       0.68679970849413430     
  0.70176451291021025       0.68381739230397720     
  0.69162427686427674       0.66229329886437149     
  0.68897599935155796       0.65165942780741903     
  0.69975517899584438       0.64296897669523378     
  0.72850218490757823       0.66226338151466169     
           3
  0.44545454545454544       0.42727272727272725     
  0.42386159750964603       0.43260525442882430     
  0.46691412740952354       0.41015039011026433     
           6
  0.42960977422634222       0.69911595500148582     
  0.38646574571128156       0.70184199599185115     
  0.38693735835394710       0.65827157048716489     
  0.41466424233513099       0.65831147422625813     
  0.41295145184060594       0.66768100920523032     
  0.42615809024628393       0.65866415559979985     
           7
  0.80531512881128720       0.57498800440698283     
  0.79216689481716407       0.56936228916870324     
  0.77070074024140378       0.57089913501454070     
  0.75844721286341699       0.56404428433187981     
  0.76660426444356289       0.55725138133966434     
  0.76511803408726531       0.53175589180873506     
  0.80089369644856001       0.55542545957058742     
           7
  0.79461165194324035       0.55694610836320169     
  0.78269160241609492       0.55690251419644277     
  0.76613662883841338       0.55460153306598081     
  0.76583406762790751       0.54556336246082016     
  0.79379902153852699       0.51442225226858929     
  0.80338752180397000       0.51377428302251993     
  0.79374373347338467       0.53400099270436074     
           5
  0.50127746171202536       0.60403279860754222     
  0.48179554457403595       0.60414367844618377     
  0.46817650956403167       0.60828913751101199     
  0.47723068439342309       0.59344318917765526     
  0.49090909090909091       0.59090909090909094     
           7
  0.43765379762898821       0.36808196731463799     
  0.42342429653912361       0.35922073603175209     
  0.41741537425514402       0.36758290834364482     
  0.39791841308231352       0.35205000742845532     
  0.40021762221987284       0.33104399257418782     
  0.43611632726793065       0.33532044393841010     
  0.44178206823232308       0.34682186615660249     
           4
  0.58782579053342110       0.62100615131658210     
  0.55200607864165196       0.61604032589946822     
  0.55359146299448614       0.60016758291024019     
  0.59524818443334004       0.60128988343942691     
           3
  0.49134716558994807       0.69638438582744866     
  0.49667663166175563       0.65406467094548648     
  0.51266794897221479       0.67104728170679651     
           7
  0.57949714852752054       0.63264906581730818     
  0.57603756061921307       0.64911699458730787     
  0.55731750934778768       0.64503660143708053     
  0.55142137084545539       0.60390502676155544     
  0.56004515658157927       0.61386976020158701     
  0.58062766232654228       0.60964919773607484     
  0.58197491295086212       0.62388519756180660     
           3
  0.50443876543606603       0.65769121292166111     
  0.51260314602374635       0.63175615186925571     
  0.52727272727272723       0.63636363636363635     
           8
  0.24893760547319205       0.17213821065582827     
  0.23680028701257347       0.17335586904800226     
  0.21664388274467497       0.17558430934465469     
  0.20758820501399378       0.16517099570139049     
  0.21328595789514954       0.14541355219041968     
  0.22241090686731035       0.13406205727707737     
  0.24650485454729154       0.13095946681184331     
  0.24559466452655057       0.15660059645115040     
           6
   8.3352864540169144E-002   1.4087609538531177E-002
   5.5852869633598569E-002   3.2151377691211215E-002
   4.5156343396832554E-002   6.7897720733920679E-003
   5.2240521083030365E-002  -4.4948921120522220E-003
   7.4177551254204471E-002  -1.4549454058488575E-002
   8.0552154482113947E-002   3.2941274795117723E-003
           7
   9.1509295181769479E-002   5.6489766207014271E-002
   8.8416496218289800E-002   7.0345357354255275E-002
   5.1103966958345320E-002   7.1496921469323474E-002
   5.4994516185521682E-002   3.9835706607091605E-002
   6.2138248301432691E-002   3.3236828763422523E-002
   7.2748935197320397E-002   3.9104509165333610E-002
   8.7624182683219504E-002   3.7205291400498566E-002
           4
  0.10909090909090909       -1.8181818181818181E-002
   9.4993484253928950E-002  -3.6929786709714203E-002
  0.11020783312158448       -3.2383588996733693E-002
  0.12548961187178265       -3.3109656930706020E-002
           4
  0.14295534342806032       -6.4005426540223842E-002
  0.12727272727272726       -6.3636363636363630E-002
  0.10620069681753222       -7.9692161393463634E-002
  0.14764024002894383       -7.5784112043643465E-002
           8
  0.12106201900784221        9.3765794650952222E-003
  0.10939610219785274        1.0917931761510232E-002
   9.5184173092959887E-002   1.2747476514143694E-002
  0.10354420429186453        1.7341213793381407E-003
  0.10102843845978554       -1.1468273680688746E-002
   9.8744292510045642E-002  -2.1936836530861425E-002
  0.11464672831510669       -2.8137547505238763E-002
  0.14121913684015980       -2.8299246204029131E-002
           4
   9.2141456394611632E-002  0.10914991061243040     
   8.3603910135347043E-002  0.12540418782137566     
   5.3834530282784628E-002   9.6446007732204464E-002
   9.3074841113869017E-002   9.3819978425090517E-002
           5
  0.24186341492747485       0.12515205827833592     
  0.21080945432098352       0.13900487617594132     
  0.20521922173120574       0.11568561687279598     
  0.23359151952700780        9.9375375699604085E-002
  0.24495917171167839       0.11356829747280010     
           8
  0.12140669150251329        2.2585544253434550E-002
   9.8846456223450327E-002   4.2729884597129390E-002
   7.6597453859105671E-002   2.7896677986914666E-002
   9.1376093126111488E-002   1.5272052464898487E-002
   8.3195856589621558E-002   1.1917494695699660E-002
  0.11110295757075045        4.6877124015116435E-003
  0.10556537077457423        1.2261580004933974E-002
  0.12065494879129406        7.1556388655286685E-003
           5
  0.15976737776274480       -4.4171567461782621E-002
  0.13677104343914046       -4.7743433840058982E-002
  0.11862975326446863       -4.9839899512651636E-002
  0.11452645971327581       -8.3193108645122388E-002
  0.14842774653993246       -6.1818808925522863E-002
           8
   5.2850874106920395E-002  -5.2114319551176971E-002
   5.3800292939658420E-002  -3.5160219290362615E-002
   2.1932732858444440E-002  -3.2678154570530242E-002
   2.4325822936827498E-002  -4.1355861617917558E-002
   1.2783681265905341E-002  -4.6897299841650746E-002
   1.7016776185628472E-002  -6.1664830337073186E-002
   1.3989999703199932E-002  -7.6735701703973147E-002
   2.5356914553434549E-002  -7.4935159796041650E-002
           8
  0.18716707304450070       -1.7759327833525466E-002
  0.17882559041154908       -2.7082062675758779E-002
  0.16946360166183622       -1.4676053688116471E-002
  0.14246049169754110       -4.2393534573156269E-002
  0.15382390029355852       -5.2082344729525054E-002
  0.17412709915039407       -5.4027782099246413E-002
  0.18330113148428787       -4.6919679957341372E-002
  0.18311534565097592       -3.8364851194797454E-002
           6
   9.5417963210596118E-002   9.4265683407608707E-003
   7.0285361271065910E-002   1.3883642186953812E-002
   8.1562370340249810E-002  -2.4714138534616795E-002
  0.10220449784857978       -2.3117237939975069E-002
  0.11212571525805098       -2.9739150078728883E-002
  0.10602988495444206       -1.1391924187679729E-002
           4
  0.16454938552837040       -9.7308195823193722E-002
  0.12345526983686694       -8.3327950907813850E-002
  0.13712932055091887      -0.11162972332865323     
  0.15275297461733295      -0.10672912188791599     
           7
  0.87940416512366215        6.7764108308897092E-002
  0.86972511196275926        6.4577965615811361E-002
  0.85158664653206262        6.2516709369073040E-002
  0.85423258475259134        3.3834096587679989E-002
  0.86171487951475556        2.4626106619758992E-002
  0.88598681641833288        2.4251855590647912E-002
  0.89037113342400165        3.6740007681545103E-002
           5
  0.56340797125468822       0.27770299035130469     
  0.55159772124542694       0.27288965325953896     
  0.54213594945528298       0.26865129146960925     
  0.52250760682635089       0.27468259837169756     
  0.56234687920376780       0.23402735210252890     
           8
  0.68872341679478866      -0.15532523185686947     
  0.67755734500109011      -0.14981516462099675     
  0.66466854969556555      -0.15955899649019062     
  0.66366584405195861      -0.17073953830375041     
  0.66365103391761815      -0.18245215334426329     
  0.67376669291484392      -0.19447241701953419     
  0.70514135282318136      -0.17908173854379131     
  0.69995654042614264      -0.17246136516017238     
           7
  0.99494486945262439        5.4296086756549067E-002
  0.96870335436344635        6.5273042197369263E-002
  0.95904434964330643        6.6959205457140555E-002
  0.96209230249356237        5.8419190385603267E-002
  0.96014378381390308        4.3446910642266419E-002
  0.95418748083630367        3.4816776566441582E-002
  0.98531369272863878        4.9284755740789908E-002
           7
  0.65054756205679287       -3.4443875484473752E-002
  0.65312817686893210       -2.2450711528269690E-002
  0.63926955336561697       -1.2646741582665853E-002
  0.62789413081544998       -1.5115408562236345E-002
  0.62128703981240141       -5.0279496599770844E-002
  0.63299511014056220       -5.4950607452421890E-002
  0.65615509696556118       -5.2406378858700836E-002
           6
   1.0072014224205630       -3.9849759807859160E-003
  0.98180619592534979       -1.5143910303652905E-003
  0.98793035195954626       -1.8193688578247148E-002
  0.97672328530345209       -3.7520597724917948E-002
  0.99025531851713411       -3.3257108089040283E-002
   1.0032702809853569       -3.7833588140781443E-002
           4
  0.80155769197953286        4.8730169572729520E-002
  0.79829956996405849        3.5536454567348462E-002
  0.83230796413327768        6.8936207324600332E-003
  0.81818181818181823        2.7272727272727271E-002
           8
  0.74292754103548364      -0.14778670384419082     
  0.75049004387572826      -0.13726487731252446     
  0.72369205778011536      -0.13316440187797865     
  0.70469564977567689      -0.13282667549007915     
  0.72727272727272729      -0.15454545454545454     
  0.74886194014135643      -0.17521310392877815     
  0.74639263000168254      -0.16667887776208376     
  0.74651750987216592      -0.15519444737255916     
           7
  0.55824026335297794      -0.17247413246063592     
  0.54390953159330913      -0.17486977883202293     
  0.52586737378799309      -0.17125770248791186     
  0.51901925127929915      -0.17757572538796809     
  0.52236273957697033      -0.20027904499050014     
  0.52958553355247162      -0.20641260049790139     
  0.55758450562671524      -0.18765332286659042     
           8
  0.77442592975161717       0.13665029871421355     
  0.76683645441491466       0.14720434985569381     
  0.74253637524728333       0.14899419457120952     
  0.73898472107104773       0.13619276032946481     
  0.73131207554986877       0.12467313533720983     
  0.74026222750566195       0.11680446531304489     
  0.74896098283671519       0.10589609149603085     
  0.76963226177444366       0.12303844034947017     
           6
 -0.49308925324923869       0.56461763924990704     
 -0.49572490912600115       0.57635455345525932     
 -0.52600302356143336       0.58378176319152375     
 -0.52029771610058484       0.54867335288393426     
 -0.49250641197165246       0.54029664085477958     
 -0.48718203193235810       0.55481676521645407     
           7
 -0.33762853535290893       0.65862188843128122     
 -0.33419281344727458       0.66800041581087366     
 -0.35983688544353992       0.66286777022834198     
 -0.37542184209921703       0.64419087514565099     
 -0.36160057346459862       0.62328704034803251     
 -0.33449726629604692       0.62716948086252056     
 -0.33981468633743672       0.63474551615451669     
           6
 -0.34104630457567053       0.66124680746003206     
 -0.35104605529322297       0.67628676247378083     
 -0.36700567740692985       0.67016243532197217     
 -0.37601319931463112       0.66261957491027856     
 -0.38129335075304527       0.63240534451593167     
 -0.37107537159745385       0.63223053018014663     
           8
 -0.37529731890736828       0.72331306815136986     
 -0.37951201183554539       0.71528103261120923     
 -0.38977808252903390       0.71366583310206488     
 -0.39042296401456605       0.69152257039857790     
 -0.37423299822100581       0.67893159458283314     
 -0.35524504043547378       0.67889182672605763     
 -0.34938137851397061       0.69603239561170949     
 -0.35911934924044503       0.69886424220484722     
           4
 -0.32130083663077585       0.72832499781159599     
 -0.35253911173746239       0.72802107760118495     
 -0.34826660191036846       0.71153621938776623     
 -0.31544549520927667       0.70050344825812061     
           3
 -0.27356914951912054       0.65740229517065285     
 -0.30479674470862655       0.64683469275580907     
 -0.28181818181818180       0.63636363636363635     
           7
 -0.45095606967287694       0.73822823505270874     
 -0.47687006183062608       0.75081264157363281     
 -0.48874774764284312       0.75117206574544548     
 -0.48754361880848734       0.73197326985428524     
 -0.47500075335225161       0.71538615755696233     
 -0.45907204335020591       0.72381351222561097     
 -0.44939925531185387       0.71658226533608971     
           3
 -0.45454545454545453       0.73636363636363633     
 -0.44127530891877470       0.75102689076504636     
 -0.47599596358027974       0.71621353436321067     
           3
 -0.35455370635028960       0.72271973075450313     
 -0.37272727272727274       0.69999999999999996     
 -0.35526603033237886       0.70563672995577920     
           5
 -0.29829044839931707       0.77544893843167739     
 -0.31280356486959582       0.79133052751221189     
 -0.33583386789486536       0.78612984301777411     
 -0.33384043172565847       0.74954590599690207     
 -0.30053599480186527       0.74955928933377092     
           7
 -0.35895792058318460       0.65335526407648292     
 -0.38494540936800525       0.66412868607482400     
 -0.39179111959553548       0.65091361013052740     
 -0.39206618682722449       0.62956411585945371     
 -0.37169504159807459       0.63102705643716739     
 -0.35449922001512146       0.63512086009630875     
 -0.35970648023288815       0.64398281101866450     
           6
 -0.50076832986127329       0.66406392050865126     
 -0.51471467195062959       0.67022975435140641     
 -0.53434604671472485       0.67274022812943191     
 -0.53101722365591031       0.64075955188397427     
 -0.51960546514456341       0.63720330507980438     
 -0.50988972013496037       0.64034593554199781     
           3
 -0.41444297581776368       0.68636664310695905     
 -0.44845476110241950       0.65801499979898570     
 -0.40374149423939509       0.65269188734665051     
           5
 -0.50801697229628295       0.65871959029394400     
 -0.52931186659560236       0.64477188586892753     
 -0.52896582964869099       0.62546255721229949     
 -0.51820643023719826       0.61640757148512992     
 -0.49945268973853479       0.61741965605722438     
           5
 -0.27799790569589267       0.75198347612324201     
 -0.30623526260811329       0.75911254456876398     
 -0.30600781975396185       0.73908332659199139     
 -0.31240736941575747       0.72892739380776106     
 -0.29689994465679104       0.72541279010704152     
           3
 -0.44663509146008273       0.64912941930325452     
 -0.47102864509241293       0.64542260044357258     
 -0.45454545454545453       0.62727272727272732     
           4
 -0.52073257841734255       0.79718828242780260     
 -0.53179797305568188       0.78692984747668526     
 -0.52261692768316736       0.76958530202330500     
 -0.50513051324784053       0.77132613141765649     
           7
 -0.29374419574995142       0.73186202754914242     
 -0.31463438627070184       0.73581318285254982     
 -0.32192211080867256       0.74178481391227369     
 -0.31967379095766896       0.71940728607260918     
 -0.30411622853952047       0.70463159408887543     
 -0.28170426846077068       0.70675987798352147     
 -0.27791573837871653       0.71575260592756285     
           8
 -0.57253919228017736       0.66128868325105539     
 -0.58626314202541663       0.65742190209673368     
 -0.60310643254262986       0.64828489980409421     
 -0.59463595979238359       0.64329245806522684     
 -0.60002494733399248       0.63404008128001221     
 -0.57684273689077603       0.63057456074220586     
 -0.56088117621731959       0.62183999903976317     
 -0.56465698266883757       0.63693227926116114     
           6
 -0.51755024453601139       0.53059401505133241     
 -0.53734303012985452       0.52436763941742903     
 -0.54326709634753845       0.48825757847059670     
 -0.51648245554793082       0.49706402589546389     
 -0.50462194816785044       0.49262826818744848     
 -0.50617370899235925       0.50432850097109683     
           6
 -0.65903683471963093       0.63719090643759579     
 -0.67104364719419307       0.64957059452768129     
 -0.68297267829732289       0.64089444048418431     
 -0.69054655475927385       0.62897720419155423     
 -0.69497063754515531       0.61230925996366348     
 -0.64962469702218717       0.61371353580837351     
           5
 -0.56903869654630124       0.52674554730118828     
 -0.60158632926956712       0.53234999502378766     
 -0.61281880083810691       0.51300508547956403     
 -0.59081405393153796       0.50249939377467467     
 -0.57348887662368864       0.49842278781110383     
           6
   3.2742085077094196E-002  0.51244570461425221     
   2.4635812725674951E-002  0.51876037865913427     
  -1.2173712822939362E-002  0.52952858267485925     
  -9.4761531728260080E-003  0.51452261076616879     
  -1.3332897857254833E-002  0.49761336225180708     
   2.5610982439477858E-002  0.49410691133550788     
           3
  0.10379684637037026       0.39334772009017593     
   9.2308210256327211E-002  0.38570918761386863     
  0.10909090909090909       0.37272727272727274     
           5
  0.23081973022523272       0.49715041665838072     
  0.21154654977757895       0.49491942121746124     
  0.19888381475510364       0.48934976142264752     
  0.22035106427592552       0.45877539466171685     
  0.24036167454888713       0.47308093479845009     
