   86.000000000000000     
   1297.0000000000000     
         100
           8
   94.000000000000000     
   12.000000000000000     
   17.000000000000000     
   619.00000000000000     
   61.000000000000000     
   3.0000000000000000     
   4.0000000000000000     
   13.000000000000000     
   44.000000000000000     
   12.000000000000000     
   35.000000000000000     
   114.00000000000000     
   29.000000000000000     
   76.000000000000000     
   106.00000000000000     
   157.00000000000000     
   43.000000000000000     
   4.0000000000000000     
   38.000000000000000     
   212.00000000000000     
   42.000000000000000     
   10.000000000000000     
   19.000000000000000     
   856.00000000000000     
   13.000000000000000     
   67.000000000000000     
   144.00000000000000     
   310.00000000000000     
   85.000000000000000     
   1061.0000000000000     
   344.00000000000000     
   22.000000000000000     
   15.000000000000000     
   219.00000000000000     
   44.000000000000000     
   370.00000000000000     
   74.000000000000000     
   82.000000000000000     
   3.0000000000000000     
   39.000000000000000     
   54.000000000000000     
   22.000000000000000     
   171.00000000000000     
   65.000000000000000     
   405.00000000000000     
   19.000000000000000     
   7.0000000000000000     
   586.00000000000000     
   15.000000000000000     
   149.00000000000000     
   141.00000000000000     
   9.0000000000000000     
   261.00000000000000     
   4.0000000000000000     
   5.0000000000000000     
   21.000000000000000     
   25.000000000000000     
   86.000000000000000     
   86.000000000000000     
   124.00000000000000     
   123.00000000000000     
   11.000000000000000     
   41.000000000000000     
   279.00000000000000     
   149.00000000000000     
   9.0000000000000000     
   65.000000000000000     
   155.00000000000000     
   6.0000000000000000     
   83.000000000000000     
   11.000000000000000     
   735.00000000000000     
   4.0000000000000000     
   56.000000000000000     
   26.000000000000000     
   5.0000000000000000     
   34.000000000000000     
   13.000000000000000     
   1017.0000000000000     
   85.000000000000000     
   10.000000000000000     
   7.0000000000000000     
   6.0000000000000000     
   524.00000000000000     
   16.000000000000000     
   15.000000000000000     
   117.00000000000000     
   48.000000000000000     
   43.000000000000000     
   64.000000000000000     
   30.000000000000000     
   3.0000000000000000     
   21.000000000000000     
   514.00000000000000     
   625.00000000000000     
   7.0000000000000000     
   257.00000000000000     
   603.00000000000000     
   4.0000000000000000     
   4.0000000000000000     
           1
   0.0000000000000000        0.0000000000000000     
           8
  -5.6125376264339041E-002  0.12376914488208834     
  -7.5101945939723969E-002  0.12867372443621400     
 -0.10387432773272828       0.11350366233195251     
 -0.10356249182129802        9.5345014822230262E-002
 -0.10853302688864140        8.0464995252674615E-002
  -9.4222588211438141E-002   8.7265898544674841E-002
  -8.1470345989546472E-002   8.8282283383691373E-002
  -6.3738564916832136E-002   8.5854153795831278E-002
           7
  -8.2712709319768096E-002  0.11989238042290530     
  -9.1713761507095273E-002  0.11145954980194635     
 -0.10290231193110116        9.5487157438193637E-002
 -0.10330726833477655        7.5429798179795823E-002
  -8.9892071875747659E-002   7.8294307327220702E-002
  -6.5474720764458733E-002   7.4648060207965411E-002
  -5.3293806940375388E-002   8.6911695943848247E-002
           6
 -0.16716611716589103       0.21254706157958314     
 -0.17412824239194330       0.20283283667099963     
 -0.19925601678886903       0.19852390170247336     
 -0.19042414612393083       0.19104160107959603     
 -0.17956433196753638       0.16732985186003135     
 -0.16167085604067408       0.16808916901111903     
           6
   2.0745115870792717E-003  0.16672636328169901     
  -4.7552641100910668E-003  0.17594607216490749     
  -4.0701343529919255E-002  0.15783802697377830     
  -4.8322931616195074E-002  0.14840487523407073     
  -2.8502329313923928E-002  0.13501270370848126     
  -8.1631867823400532E-003  0.12796852235596187     
           3
   6.6838176731286014E-003   6.0763996742008927E-002
  -1.7702040788639132E-002   2.8203461254332540E-002
   6.2095527082523579E-003   6.8451355998037852E-003
           4
  -8.2602608546051726E-002   6.5215797063475231E-002
 -0.11981136308123652        8.8267828990277450E-002
 -0.11538908589528493        4.9738274381586664E-002
  -8.9490973089138504E-002   5.1089135914999084E-002
           7
   4.1056629864215183E-002   8.4972466635178157E-002
   1.5104655964778552E-002   8.3184199148382945E-002
  -1.3586841278074926E-003   8.4808766525037022E-002
   3.2593588571853578E-003   5.6593286367751225E-002
  -2.0713819539689461E-003   3.8625381839592146E-002
   3.4765246059390242E-002   3.8334446105001439E-002
   4.4492138822280029E-002   3.1088979041878965E-002
           8
 -0.12466777448255313       0.12874139100957263     
 -0.13487324792548561       0.12263452074977192     
 -0.14915627280011973       0.12417440274961236     
 -0.15988281884242680       0.12570837299808771     
 -0.16661623947297607       0.11440683156414681     
 -0.17542671236665788        8.5668853516535387E-002
 -0.15356317901645561        8.1741597824038392E-002
 -0.12717281769446231        9.9958615797453410E-002
           8
 -0.15055291251588385       0.11516182492707365     
 -0.15552514247470955       0.12834613852469320     
 -0.17188686081031890       0.14141634608060427     
 -0.19338153805272018       0.12416703137998167     
 -0.19672057128489120       0.10300681474231767     
 -0.18006206134263136       0.10168020079839743     
 -0.17694710188628843        8.9157171615753497E-002
 -0.14998213013946804        9.4737592486212580E-002
           6
 -0.13945031801371879        1.5070201369744530E-002
 -0.14478582847381161        3.0039555753446055E-002
 -0.17899199617723230        1.8084209462774135E-002
 -0.18100476022131001        6.6827585959967906E-003
 -0.16984124562206721       -2.2693356569116752E-003
 -0.15251609493585444        3.6609204482319080E-003
           4
   2.7603460482917237E-002  -4.9425049509995721E-005
   2.3684587555211335E-002   1.6639351252220085E-002
   1.1627906976744186E-002   0.0000000000000000     
   4.4431956874576772E-003  -1.8393460080817662E-002
           7
 -0.44275435634079402       0.28211742781800109     
 -0.46803930115880604       0.29411281826690056     
 -0.48127264479147475       0.29392854896342036     
 -0.49017145093780534       0.25088332573300226     
 -0.47215645195262523       0.25826720883729404     
 -0.44777234075931355       0.26146140338418716     
 -0.43866355695807735       0.27092749102369129     
           4
 -0.61089056953061538      -0.15490543155186032     
 -0.64163374097710568      -0.15461785357891705     
 -0.62790697674418605      -0.17441860465116280     
 -0.60562730087391736      -0.19648491506154522     
           4
 -0.50645921878754918       0.13290760953275696     
 -0.52637141506583185       0.13373993262752240     
 -0.51567692654909569       0.10236849890747642     
 -0.47517018505446423        8.9216469670647197E-002
           4
 -0.82861457031790553       -9.1119865232903979E-003
 -0.85223077350944287        4.3826185429078277E-004
 -0.87130316810904840       -2.1776179260390841E-002
 -0.86278159414664668       -4.1780722805640241E-002
           7
 -0.85915089725558846        6.4222678374773898E-002
 -0.88762912930594917        7.2944775829828154E-002
 -0.90453152271175752        4.6948968302066622E-002
 -0.89526606571518541        3.1753857338048586E-002
 -0.88488954529746722        2.8578142962210104E-002
 -0.87170340861776296        2.7060394144256809E-002
 -0.86005198001983030        1.8674600784347586E-002
           4
 -0.50276756930775968       0.37116372275941251     
 -0.53504765598958004       0.38403800064403126     
 -0.54196698256578779       0.35848581763053022     
 -0.53770808003647408       0.34508675014573648     
           5
 -0.30977553103013311       0.44279708168301757     
 -0.33338904566868705       0.44098346574228292     
 -0.36262047263654262       0.40149205620153000     
 -0.33222081950890853       0.39583027292958883     
 -0.31452877876057433       0.40409100321662433     
           6
 -0.89899115939952223       0.14759226905840250     
 -0.93010088139263780       0.15125560979407526     
 -0.93264000057910446       0.11526167330427566     
 -0.91806766602606316       0.11281736555153846     
 -0.88964324932801575       0.10442663074411028     
 -0.88428940368812881       0.11486477160488942     
           3
 -0.36046511627906974       0.29069767441860467     
 -0.37495625252820569       0.30063291752789129     
 -0.33882500483801536       0.26404312128293367     
           6
 -0.79123224532319292       0.21251182621294271     
 -0.80686104779412537       0.21571737160580332     
 -0.80019955815479360       0.20563260417726553     
 -0.79018433581333791       0.18101017332961181     
 -0.76748006882192632       0.16969964770418178     
 -0.76103611781837055       0.17921735900009952     
           8
 -0.34412532650377614        6.0740752384347910E-002
 -0.35535666562363155        6.0773614919514621E-002
 -0.35497585102850149        7.0932218133646849E-002
 -0.36635175731077119        7.2890877343223387E-002
 -0.38191477643573285        5.0709632248874356E-002
 -0.38442895291205631        3.8075204958828976E-002
 -0.35446677625843626        3.1294983356111347E-002
 -0.34004516536105145        4.0405038977708967E-002
           4
 -0.59302325581395354       0.11627906976744186     
 -0.60854782751621173       0.11822956571212459     
 -0.59602622804851668        8.8258633914233747E-002
 -0.57853584167726702       0.10033670719628565     
           6
 -0.33083883589979046       -9.3941550562547466E-002
 -0.36218048600279051       -8.6318125200527465E-002
 -0.37657504586542401       -9.3184434245021430E-002
 -0.37656655155268892      -0.12007164303921919     
 -0.34248951065376826      -0.12943627616466263     
 -0.32703452547556383      -0.11336959626858407     
           5
 -0.57245797530490383       0.28385151960733074     
 -0.58419648153011561       0.29903336337067676     
 -0.60047795652501434       0.30354441478705568     
 -0.61337712553280221       0.26479563476176915     
 -0.58390958988249442       0.25748909419864441     
           4
 -0.90715732704637320      -0.11333708640057517     
 -0.93421505922995285       -9.4531687176913903E-002
 -0.95829086178106326      -0.11861696885426495     
 -0.92079233918336811      -0.13486936491176391     
           8
 -0.37301320774746066        6.0051342087494020E-002
 -0.38097440589288828        5.4379731589153692E-002
 -0.37433829359514809        7.0180978517836848E-002
 -0.38531742520996781        6.7787304868010101E-002
 -0.41645637292240939        3.2656975378268595E-002
 -0.41641323233440319        2.2565971956195179E-002
 -0.37090536477578778        2.9483474028318975E-002
 -0.37605244963915396        4.4500871184565360E-002
           6
 -0.50692698673935732       0.29033015637113935     
 -0.53008471779542232       0.31457067934321192     
 -0.54752845363676128       0.29484282191470784     
 -0.54817885143586964       0.27782925431371897     
 -0.53614081272671676       0.26390655447283584     
 -0.50174025203289896       0.26310318033420205     
           8
  0.87228527520462384       0.36417809526716205     
  0.86682922423505315       0.38903658205162778     
  0.82912290846302228       0.36248193001578988     
  0.83154488569197149       0.35238371308100497     
  0.82306218136905362       0.34706579570141216     
  0.83843531855935305       0.34472232634204497     
  0.86382202272593944       0.34648507805298473     
  0.85576417115737380       0.35632023989284700     
           4
  0.92770120163617498       0.70824751989067392     
  0.90697674418604646       0.68604651162790697     
  0.89289086972809917       0.66462138762125789     
  0.91995293795616839       0.66214151382304465     
           4
  0.68889645908164909       0.60931784802294342     
  0.66731346230625876       0.63454224877235399     
  0.65495244666360275       0.59247718676613992     
  0.67351890250190183       0.59393501324517972     
           5
  0.66105593376510063       0.66335102934575274     
  0.64670237569821376       0.66699740968527443     
  0.64160661895240967       0.63988048973074574     
  0.67720086625555598       0.62598507818782811     
  0.68962027885322474       0.63162102549707455     
           5
  0.24366617031432525        1.0082598277391612     
  0.21645298282513151        1.0156451238104103     
  0.20805689084605977       0.99571113736806827     
  0.21835833825980469       0.97489168005464566     
  0.24107623922237076       0.96652581037939955     
           3
 -0.11262010748389964       0.95206059269623655     
 -0.16672553308909929       0.93219136615537912     
 -0.14931082264952023       0.91649229069172999     
           7
  -7.7209635004475627E-002  0.99276570851994050     
  -9.4472027068865552E-002   1.0237128717943418     
 -0.11029360195134225        1.0103638320877630     
 -0.11782512679117127       0.98776355698380480     
 -0.11925932077440995       0.97372473715522445     
  -8.3250209419229476E-002  0.97675340790422538     
  -7.2775689656049178E-002  0.98069183769344526     
           5
  0.16011408955298820       0.39634408895360224     
  0.11630627996879050       0.40436193589025371     
  0.11995911871306954       0.38391620929818465     
  0.15112128675218575       0.35690757472095358     
  0.16764323817934362       0.37900734420687737     
           3
  0.24814130815306781        1.0136704964028529     
  0.22093023255813954        1.0000000000000000     
  0.21636993694949314       0.98086892189786645     
           7
 -0.10717248748409436       0.53278242235694495     
 -0.12728621108119220       0.53956755678286250     
 -0.13449749599381053       0.52695417876891515     
 -0.14931931689825381       0.52100907751789183     
 -0.12101724551644462       0.49217408788765565     
 -0.10274968781873843       0.50303417909691106     
 -0.10548785680626413       0.51463269486441066     
           7
  -2.5593750506252982E-003  0.78276604630100288     
  -1.1787602078223562E-002  0.80163112838836459     
  -5.0997956672758055E-002  0.77471330352820555     
  -4.1917861470117598E-002  0.75441310905673298     
  -2.3550208505334930E-002  0.75106312469206038     
  -7.4030179326800005E-003  0.75164876106235146     
   1.1845508059198026E-003  0.76636130916899292     
           7
  0.31331503335465943       0.88205647539260534     
  0.30855176979858040       0.90121591267517431     
  0.26668398720431424       0.88570140197485703     
  0.26692119561888095       0.85738664951941490     
  0.27865094854315436       0.86473919981743852     
  0.30305479845588879       0.86037980583624729     
  0.31649714733295137       0.86719201038857319     
           7
 -0.31772742579789853       0.51685947243436769     
 -0.31584887146843543       0.53461322221105168     
 -0.32735286876039194       0.53266050543115817     
 -0.35548200088136556       0.52746618775550724     
 -0.35781573352195473       0.49383109486002214     
 -0.34612068449025679       0.48341906575079924     
 -0.32486553870892249       0.48993969037652463     
           4
   6.3954716829314737E-002  0.93908767300080986     
   3.5258398568119673E-002  0.95820915517376903     
   2.0728187215262098E-002  0.93346322237145773     
   3.3841940023309536E-002  0.90294760314804912     
           4
   4.3757908332963356E-003  0.98945202111204045     
  -2.3255813953488372E-002  0.97674418604651159     
  -4.9723604783930897E-002  0.95782805380145575     
  -4.6897304829948590E-003  0.97194365190081988     
           3
 -0.10761102299757200       0.65372695902256850     
  -9.3023255813953487E-002  0.62790697674418605     
  -7.3847163458406084E-002  0.63990802341758646     
           6
 -0.16903717103978821       0.40919398496013104     
 -0.16108909831643711       0.42046812386216381     
 -0.18875377929527376       0.41735249717215589     
 -0.20998148446671910       0.41962320846338752     
 -0.21420909853507578       0.39338369614365443     
 -0.17182106164935754       0.38750406508275914     
           5
 -0.15581770127848379       0.95300743741383354     
 -0.17487842026328487       0.95737393138479332     
 -0.18960010595300505       0.93789015465640535     
 -0.17021794526726336       0.90715839454351888     
 -0.16279069767441862       0.93023255813953487     
           5
 -0.17825598196811576       0.38554745010615316     
 -0.21406918935332434       0.39515509263958398     
 -0.22502094835088754       0.34385962842086376     
 -0.20215054136189323       0.35389570093218414     
 -0.18693206981993765       0.35340389816044676     
           4
  0.22093023255813954       0.45348837209302323     
  0.20116696488375541       0.46914729631250607     
  0.21502757133514835       0.43681776376617870     
  0.24512081911395889       0.42748534511289404     
           8
 -0.21313891582174349       0.98017119544051512     
 -0.23740527507251061       0.97677079835715430     
 -0.24998251094693791       0.97646663118254029     
 -0.25980752050189754       0.97462402894502598     
 -0.24759466317551937       0.95825836464039793     
 -0.25172414365114798       0.94138929028419371     
 -0.25125401646719420       0.92576446746259644     
 -0.21881439897713942       0.93625689096045417     
           7
  0.21753341550498559       0.49822383880979892     
  0.22302193738058623       0.51015050087320624     
  0.19214751184499734       0.50991520149268110     
  0.17939181561317324       0.50739764603005422     
  0.18074680097084847       0.49083570516530795     
  0.17680226303636204       0.47202533268347707     
  0.20872971954390113       0.47028501830427172     
           4
  -2.8950653347827964E-002   6.9035446740665266E-002
  -4.9902188324935634E-002   7.5767920767356473E-002
  -5.7716905296910009E-002   4.3788922816029169E-002
  -1.8579118327940031E-002   3.8620525343363882E-002
           7
 -0.21294137210226158       0.30102570675267570     
 -0.22626150919935217       0.31241341299568742     
 -0.25833371509588071       0.31301684200037833     
 -0.25127855638287294       0.30293440146300560     
 -0.25896781033150773       0.28724858727503144     
 -0.24915951390282326       0.29094554776049075     
 -0.23783838429705073       0.27316127563813164     
           6
 -0.11900685153517848       0.16359399759109716     
 -0.11681513101395305       0.18554712139931695     
 -0.15401261933846117       0.17174885892528841     
 -0.16301088440718775       0.15360875631392162     
 -0.14516530004694625       0.14115975362277638     
 -0.13445180993308392       0.14639629124722917     
           7
 -0.10754948722380650       0.14646878960849047     
 -0.13832309106135032       0.14423253994328936     
 -0.15507221748677918       0.14942802766101956     
 -0.14793321479920202       0.13475190993842015     
 -0.12658242105355821       0.10886701569530348     
 -0.10584929226345763       0.10715608685234397     
 -0.10291755212212209       0.12553661744266092     
           7
 -0.12186235463445855        6.6142128218703730E-002
 -0.13948678761173797        6.3157719830812406E-002
 -0.16490661469736026        7.0201810991710398E-002
 -0.16069920384185973        3.9637796392600573E-002
 -0.14592923066405089        2.2433770762905429E-002
 -0.12432064411617565        3.1444055991596782E-002
 -0.12383528940020080        4.5546866604381384E-002
           7
   1.4223418772901057E-002  0.25089211486591800     
   1.0112655204874886E-002  0.26584623502893512     
  -7.6330530605134162E-003  0.26040153458933218     
  -2.5892768827156951E-002  0.26824003012803421     
  -3.5101198122362121E-002  0.22399298036937468     
   5.8264356216101189E-003  0.21598019693518086     
   4.2738204344962179E-003  0.24744967876999785     
           3
   4.4259555297773562E-003   2.7059241632497483E-002
  -3.8900111348298613E-002  -1.1527150419322445E-002
   9.9847036068383653E-004  -1.0402946776774002E-002
           7
  -8.5825031885438080E-002  0.25562392653645538     
  -8.2923843346096232E-002  0.26947705121760479     
 -0.11731155498603216       0.26003297670638142     
 -0.12087955498824124       0.23605370918380175     
 -0.10630460795917833       0.22096691161573395     
  -9.4518213143010871E-002  0.21894337569006470     
  -7.8992569004616944E-002  0.23501733896115301     
           3
   8.9161302775677742E-002   5.4729801179052316E-002
  0.10842537134504564        1.8486942055234296E-002
  0.12361424381386264        2.9476885841625285E-002
           4
   7.6895180444370520E-002  0.17713925136882555     
   3.6831413926325732E-002  0.17072230305204533     
   5.0863554150259907E-002  0.13729179574817318     
   8.3485439980132900E-002  0.15744799377927837     
           7
  -7.7435917393529702E-002  0.34115547670691726     
 -0.10382178751511131       0.34187168974164706     
 -0.12969480624719054       0.30987393656773660     
 -0.13007590813884307       0.29488674070132642     
 -0.10565810227744912       0.29888347859693709     
  -8.1318131495641641E-002  0.29536464303504306     
  -8.8508020138002824E-002  0.30305613336722165     
           8
 -0.23336412300419987       0.15383266765815995     
 -0.25601524606396114       0.15352726355483368     
 -0.25796401010717257       0.14331671533878251     
 -0.25408269462960947       0.11745399190786744     
 -0.24306406100695668       0.10515341947719684     
 -0.22473980619638423       0.10756552334376995     
 -0.20780233125185663       0.10112263470534744     
 -0.21386127434238775       0.11569024616676012     
           7
   1.6406659844718809E-002  0.35594410439003121     
   2.1891714175060480E-002  0.36614210759671439     
   1.1263266965498963E-002  0.37646230478204523     
  -1.8561482410455309E-002  0.37441743536475397     
  -2.5636429823527349E-002  0.33466306547636421     
  -1.7336513370500177E-002  0.32158546639449764     
  -6.8129677858676740E-004  0.32145788748888710     
           7
 -0.11161775322217184       0.17917526442789836     
 -0.11477641906423688       0.19227993482117264     
 -0.12457726479599561       0.20070608894481715     
 -0.15386082662900813       0.18978998968668287     
 -0.15398708539261485       0.16012279925361980     
 -0.12659572792354518       0.15007051647710515     
 -0.11394055953624704       0.15952781832035387     
           3
  -8.1806979512160892E-003  0.21161112033117824     
  -3.4883720930232558E-002  0.19767441860465115     
  -3.2388174054881182E-002  0.17995303899438853     
           6
 -0.65723877095698024      -0.70242072709856895     
 -0.66377505263751102      -0.68032964560694975     
 -0.68997231546245719      -0.67651155943297314     
 -0.70015969309547543      -0.71778439832928798     
 -0.66381462698297444      -0.72340155239063697     
 -0.65304728409715107      -0.71786746539191415     
           5
 -0.82126972388901076      -0.64918584658960743     
 -0.84906539112074719      -0.64832282763892080     
 -0.84205507526055756      -0.67692422944910580     
 -0.84286390850711701      -0.69889476974658093     
 -0.80913151193982058      -0.67600813045140340     
           7
 -0.37209302325581395      -0.39534883720930231     
 -0.37990080465159642      -0.36731195533166988     
 -0.38717993652081617      -0.38922164672603005     
 -0.39669490965177534      -0.38291650739544492     
 -0.39048841393766226      -0.40578364399674793     
 -0.38127646827522266      -0.41553775875030313     
 -0.37063416605261756      -0.41919824895674046     
           7
 -0.65847542736773546      -0.41678647626567239     
 -0.67953451460250891      -0.40807281887671382     
 -0.69622640031634442      -0.40218905469589372     
 -0.70858839321484313      -0.40412848133879342     
 -0.70868830133101357      -0.44332333479811092     
 -0.66906293268985351      -0.45351084286006360     
 -0.66767228364275133      -0.43617689863559933     
           3
 -0.54369759588920186      -0.20946806918317118     
 -0.58068494410855254      -0.19756479155568943     
 -0.56217827849490010      -0.23964490742567843     
           5
 -0.80548745814913070      -0.56980028629296675     
 -0.84849671856993869      -0.54300536196076721     
 -0.84362309483427045      -0.57350361314822951     
 -0.84709982718297072      -0.59040753454493744     
 -0.80754473975052321      -0.59425345690793774     
           7
  0.27789125426491806       -2.0323305548534169E-002
  0.25682836502538692       -1.8959567811586767E-002
  0.23227276943450920       -2.0222942392592185E-002
  0.22794621318249705       -6.9422880391788747E-002
  0.25652979028429834       -6.0672301923701197E-002
  0.27138459480451421       -6.5875313492320425E-002
  0.28188996831820318       -5.2331267702985511E-002
           6
  0.17941318071210649      -0.10891678684696396     
  0.14261445382505086       -9.3675738749010501E-002
  0.12383570139334384      -0.10052882904614148     
  0.12691677934669832      -0.11699453584587256     
  0.15315646912667566      -0.14289765485317207     
  0.17351034873219351      -0.12845733184084912     
           8
  0.27835385069865293      -0.20057948937470294     
  0.27116107289607572      -0.18489574048269186     
  0.24873554135938050      -0.18255949524836421     
  0.23818345888214368      -0.18943585103381380     
  0.22955245412201933      -0.19902274686099466     
  0.23326257665920341      -0.21805612938418775     
  0.24912010136896337      -0.22255245994795789     
  0.28256848262452783      -0.22287972281364243     
           7
  0.16547366744133191       0.15369839499191179     
  0.17598565925569787       0.16537547163796684     
  0.13117094253672495       0.15886702338146116     
  0.13218977245084718       0.14757797381624821     
  0.12798329961454236       0.13735690272648052     
  0.12996389526977148       0.11705761101388792     
  0.17553632443997111       0.13460500707451351     
           5
   5.9365645225107427E-002  -5.0961372299131363E-002
   4.1678193452802451E-002  -3.8645556773447498E-002
   1.7305087743965018E-002  -8.3072071005333037E-002
   3.2022794205683151E-002  -7.3916804996768420E-002
   5.3250621616400456E-002  -7.4133040844198542E-002
           3
  0.31849722503306854       -2.2934861589297646E-002
  0.29848224459239270       -5.3084726506681279E-002
  0.33931675181378956       -4.2864494159492436E-002
           5
   4.4601862341188930E-002  -2.7423072420476390E-002
   4.9599341161337449E-002  -1.2102393942504557E-002
   2.3011342873575730E-002  -1.5531811239961300E-002
   5.3203519557143940E-003  -6.2698415080074885E-002
   5.0912302305779283E-002  -5.6360794889464785E-002
           5
  -1.2533487860348740E-003 -0.24327947830580091     
  -3.7464437786137693E-002 -0.24792396860784816     
  -4.7549431786561708E-002 -0.26494632382209155     
  -2.6907661078591119E-002 -0.27525243262849602     
  -4.2198177312667458E-003 -0.27984327287248040     
           4
  0.36241174463769282        3.4633343211282475E-002
  0.32696343654193860        1.3112543710330242E-002
  0.34883720930232559        1.1627906976744186E-002
  0.36929109252030679        1.0317740414906733E-002
           5
  0.24635742619874199       -4.2519385515104521E-002
  0.22778693759680110       -5.5205496211866843E-002
  0.24058221860208343       -6.5991144968499019E-002
  0.26688618980711898       -8.5973464929573321E-002
  0.28403324896041643       -7.6057764052148896E-002
           7
 -0.29244593607314867       0.72836915041713968     
 -0.28685647858156010       0.74020948106055984     
 -0.29443996187963462       0.74914938719958790     
 -0.31991742607231793       0.74884298327276355     
 -0.33318614235855970       0.71965426847612934     
 -0.33767614089117576       0.69444826160348327     
 -0.29790775746315534       0.71279455524365698     
           8
 -0.21569275588715225       0.77021299254376263     
 -0.23153383675516853       0.76832909973931329     
 -0.24434365904614980       0.76092085699725220     
 -0.25327331393965818       0.76490448305877945     
 -0.25500007329500268       0.75360201930030168     
 -0.21557414284504003       0.72792891612984678     
 -0.21028203188215674       0.71869907818772405     
 -0.20679094405566417       0.75067401759508912     
           7
 -0.28874435979300533       0.82460635807739824     
 -0.30589054820873995       0.82932514341814267     
 -0.31670828693359343       0.82504380450509396     
 -0.32355448616951765       0.78443459479524413     
 -0.30035538786388938       0.77684894350125822     
 -0.28089011026654653       0.78585413320617459     
 -0.27876635312153070       0.79655427927873690     
           3
 -0.23175613024055716       0.78782300928861670     
 -0.26078842113939704       0.75873942734952959     
 -0.23255813953488372       0.76744186046511631     
           8
 -0.32285239614970146       0.77514470572160277     
 -0.31183620025515807       0.77842361126763004     
 -0.31143478873770286       0.79545244213495536     
 -0.34178732241799514       0.80134553652709084     
 -0.36378471967365233       0.76088673136572438     
 -0.34642302400078845       0.75897446069585661     
 -0.33005762337169464       0.75124218542282239     
 -0.31507374352861955       0.76649390133308637     
           5
 -0.95992657478079413      -0.10145730789062808     
 -0.97161146544459243       -8.9964712425946877E-002
 -0.99780516626666038      -0.13938079249962063     
 -0.98339774431515148      -0.14254285296998126     
 -0.96730104951647644      -0.14238407521570201     
           4
 -0.77712392374851158      -0.25385744701604052     
 -0.80566909480892956      -0.23917180537422297     
 -0.79901927817740348      -0.27579369206140164     
 -0.78464845171985376      -0.27196210208187183     
           4
 -0.89972147093650834       -3.7602172738652101E-002
 -0.94479106941450763       -3.0079897319512373E-002
 -0.94484401242292537       -7.1637425133887683E-002
 -0.89192312154498254       -5.4511602144261102E-002
           8
 -0.95160332094948441      -0.22280737314530494     
 -0.97073714394324728      -0.20299172295554738     
 -0.98668217604007069      -0.19892231468175711     
 -0.99935134127167446      -0.21742308152637130     
 -0.98784550022597706      -0.24103276993351302     
 -0.96743183339781114      -0.23965533347177695     
 -0.95754680204298781      -0.24693307852302629     
 -0.95425872186290051      -0.23388519359090726     
           5
 -0.71231902031607164      -0.13115962841738910     
 -0.73482161302240845      -0.12333185219897165     
 -0.75049713446355049      -0.11362679876444989     
 -0.75481000642143337      -0.15903630257711940     
 -0.72301071668454298      -0.16596130743347612     
           5
 -0.87104794160186649      -0.13658041158900380     
 -0.89825565584214162      -0.15030696956470116     
 -0.91052108090079276      -0.16919156690693116     
 -0.85766618163904951      -0.18672972547586145     
 -0.86022185934886897      -0.16172051809040439     
           3
 -0.79014488790181558       -4.5812123141517010E-002
 -0.81395348837209303       -4.6511627906976744E-002
 -0.81283092989204442       -6.7496248503464945E-002
           7
  0.37002220995088664       0.46863763581040158     
  0.36131174479232525       0.48076880691446022     
  0.35122066676795594       0.47459300987393366     
  0.32504650724440987       0.47085566250208555     
  0.32785494638065360       0.45272967570896472     
  0.34500703867409066       0.43413661429035738     
  0.37296185719825209       0.45026177451274019     
           5
  0.28434679001832541       0.46555885975789130     
  0.29043426715719656       0.47816000425931432     
  0.24689301768549499       0.44222371704256958     
  0.26640468698254499       0.43922896337287248     
  0.28815345090203853       0.42908461233091771     
           3
  0.37209224285687686       0.58585164834574965     
  0.34883720930232559       0.55813953488372092     
  0.36915548974672496       0.53976852516963114     
           7
  0.43919398510576346       0.25738124244445770     
  0.44420460759697933       0.26740610330774067     
  0.42396612865818661       0.26979205937244233     
  0.39476044424873924       0.26710320882248767     
  0.41161824926060170       0.22230637103220457     
  0.43051432163673686       0.22169266645000626     
  0.44413272577007051       0.24684609898071597     
           3
  0.37209302325581395       0.18604651162790697     
  0.34593513115244101       0.17296384863392383     
  0.36724347442739874       0.16876875961290330     
           8
  0.50430847266109768       0.36899707094193213     
  0.48626348365830857       0.36652433068213730     
  0.47050339594595980       0.36868342171807900     
  0.46054740026976698       0.37082167804181493     
  0.46532382377090520       0.34663994012522692     
  0.46844208010625948       0.33297718217516292     
  0.51381143405875451       0.33046185293141822     
  0.50955650370011307       0.35407081859425615     
           8
  0.74056363732974151       0.19324642864224054     
  0.74857948195973167       0.21255551620800484     
  0.73332715661744041       0.20957023984754930     
  0.71429298888730819       0.20778067655073804     
  0.69737103938365208       0.19240777836165188     
  0.69798242968834578       0.17587650475484126     
  0.72701610527215699       0.17168211269780412     
  0.73801216183847884       0.17578157468950470     
