   126.00000000000000     
   1544.0000000000000     
         150
           8
   13.000000000000000     
   122.00000000000000     
   30.000000000000000     
   3.0000000000000000     
   5.0000000000000000     
   422.00000000000000     
   13.000000000000000     
   22.000000000000000     
   173.00000000000000     
   41.000000000000000     
   8.0000000000000000     
   8.0000000000000000     
   110.00000000000000     
   198.00000000000000     
   384.00000000000000     
   193.00000000000000     
   238.00000000000000     
   265.00000000000000     
   3.0000000000000000     
   469.00000000000000     
   7.0000000000000000     
   6.0000000000000000     
   108.00000000000000     
   10.000000000000000     
   40.000000000000000     
   635.00000000000000     
   49.000000000000000     
   149.00000000000000     
   403.00000000000000     
   42.000000000000000     
   70.000000000000000     
   201.00000000000000     
   66.000000000000000     
   526.00000000000000     
   6.0000000000000000     
   279.00000000000000     
   160.00000000000000     
   3.0000000000000000     
   4.0000000000000000     
   105.00000000000000     
   46.000000000000000     
   474.00000000000000     
   7.0000000000000000     
   7.0000000000000000     
   99.000000000000000     
   126.00000000000000     
   119.00000000000000     
   46.000000000000000     
   273.00000000000000     
   91.000000000000000     
   294.00000000000000     
   4.0000000000000000     
   81.000000000000000     
   285.00000000000000     
   90.000000000000000     
   462.00000000000000     
   65.000000000000000     
   6.0000000000000000     
   4.0000000000000000     
   529.00000000000000     
   165.00000000000000     
   4.0000000000000000     
   394.00000000000000     
   3.0000000000000000     
   60.000000000000000     
   899.00000000000000     
   169.00000000000000     
   10.000000000000000     
   47.000000000000000     
   37.000000000000000     
   23.000000000000000     
   25.000000000000000     
   444.00000000000000     
   3.0000000000000000     
   99.000000000000000     
   58.000000000000000     
   7.0000000000000000     
   11.000000000000000     
   15.000000000000000     
   381.00000000000000     
   7.0000000000000000     
   39.000000000000000     
   502.00000000000000     
   115.00000000000000     
   85.000000000000000     
   3.0000000000000000     
   136.00000000000000     
   111.00000000000000     
   66.000000000000000     
   50.000000000000000     
   252.00000000000000     
   4.0000000000000000     
   119.00000000000000     
   746.00000000000000     
   6.0000000000000000     
   51.000000000000000     
   322.00000000000000     
   1023.0000000000000     
   5.0000000000000000     
   10.000000000000000     
   153.00000000000000     
   29.000000000000000     
   13.000000000000000     
   3.0000000000000000     
   4.0000000000000000     
   70.000000000000000     
   9.0000000000000000     
   147.00000000000000     
   3.0000000000000000     
   10.000000000000000     
   4.0000000000000000     
   439.00000000000000     
   14.000000000000000     
   729.00000000000000     
   29.000000000000000     
   3.0000000000000000     
   98.000000000000000     
   113.00000000000000     
   122.00000000000000     
   11.000000000000000     
   90.000000000000000     
   789.00000000000000     
   6.0000000000000000     
   179.00000000000000     
   3.0000000000000000     
   3.0000000000000000     
   21.000000000000000     
   869.00000000000000     
   246.00000000000000     
   10.000000000000000     
   36.000000000000000     
   14.000000000000000     
   134.00000000000000     
   175.00000000000000     
   32.000000000000000     
   20.000000000000000     
   212.00000000000000     
   45.000000000000000     
   173.00000000000000     
   240.00000000000000     
   16.000000000000000     
   27.000000000000000     
   61.000000000000000     
   203.00000000000000     
   5.0000000000000000     
   369.00000000000000     
   81.000000000000000     
   128.00000000000000     
   406.00000000000000     
   32.000000000000000     
           1
   0.0000000000000000        0.0000000000000000     
           8
  -1.8864309376942064E-002  0.84477374836832464     
  -1.0690596251365231E-002  0.86076880130584521     
  -2.3802482656055640E-002  0.85409955772047974     
  -3.3504363732691084E-002  0.85777631436303181     
  -5.1308516361463247E-002  0.83830104649328441     
  -3.7588609723397046E-002  0.82118214310108573     
  -3.2339012328529620E-002  0.82793930285093809     
  -1.4133594453473425E-002  0.82737678527357017     
           4
  -7.2709215960142057E-002  0.84821421284175291     
 -0.10233652717010594       0.83658933575231642     
  -9.5705474474568134E-002  0.82194118346759559     
  -7.1135006448077506E-002  0.82932260140333813     
           5
 -0.10406492737368660       0.93555670688613668     
 -0.10925247035186945       0.90881769153705727     
 -0.11692555011610704       0.90015408780506179     
 -0.10455353502938472       0.88876619311421656     
  -8.0959907805352130E-002  0.90549099494161667     
           6
   4.8063033351886025E-002  0.97998378850199053     
   4.2253870579209547E-002  0.99004019569994695     
   3.1574904862084564E-002  0.99896215043851000     
   1.0119863795613426E-002  0.97908012639958741     
   2.7286425711294970E-002  0.96018766737765526     
   5.2384959372635653E-002  0.95280455686219800     
           7
   7.7530246862471841E-002  0.90545043964578897     
   7.7444610149359744E-002  0.91560479802990358     
   4.0869590612161048E-002  0.91124905537742529     
   3.3894518609141770E-002  0.89345206960241774     
   3.3563230648196447E-002  0.88172259335445002     
   7.3636761901863870E-002  0.88618559079065684     
   7.1590693401075337E-002  0.89820643501506847     
           3
  -8.0788701210995725E-002   1.0028582025835069     
 -0.10671506852157875        1.0115668886107629     
 -0.12680572726928485       0.97322406478609957     
           3
 -0.10947034414369426       0.84847023358396301     
 -0.10831361157475519       0.81872151805492510     
  -8.7301587301587297E-002  0.83333333333333337     
           3
   7.9404060521850603E-002  0.85850555115506622     
   4.6371380123706625E-002  0.86613925685931203     
   7.0194584656644535E-002  0.82785328117863355     
           6
   6.1182458622490124E-002  0.89093745991148521     
   5.0515091680715975E-002  0.90153995255030828     
   3.2421363165789766E-002  0.89497977147537311     
   2.8674695090816386E-002  0.87920030686023987     
   6.3520689811919245E-002  0.86116289842854576     
   6.1934793645619296E-002  0.87689699155354339     
           3
   1.4179020541187320E-004   1.0076955229408917     
  -2.2949133014102882E-003  0.97684150122419555     
   1.4838997131460887E-002  0.98895580887206491     
           4
   7.7017594714028595E-002  0.93794278629540362     
   6.9817555083820079E-002  0.95600145891984012     
   5.2340161008690933E-002  0.92044493862362331     
   8.7354159728534747E-002  0.92377958542331573     
           7
   4.4266066179685142E-002  0.91706918275110283     
   5.2123170132831909E-002  0.92646605874028953     
   3.0721143994595853E-002  0.92793557615279054     
   1.7514535446540913E-002  0.92366692426473818     
   1.2574839473390352E-002  0.90740081493730718     
   7.6147319081655701E-003  0.88628221660556494     
   4.8838268811392804E-002  0.89288222407151452     
           6
   1.9994732408115341E-002  0.91732990780344392     
  -4.1152627048037585E-003  0.91871357141543974     
  -1.9365681383305345E-002  0.91610717423245991     
  -2.3040374536953859E-002  0.90213471594175398     
   3.9891779888842011E-003  0.88169231826876815     
   1.3874872624086423E-002  0.87520876971853911     
           8
  -1.8381076811214436E-002  0.86446873706243754     
  -5.2497076014600463E-002  0.87952576851359610     
  -6.1193276378223360E-002  0.87542131940130863     
  -5.9897668735985565E-002  0.86062500774937534     
  -5.5925941600185734E-002  0.84208553910563533     
  -3.6817612350483891E-002  0.84583826063185408     
  -2.5071836144316816E-002  0.84192782890555740     
  -1.7433252824500246E-002  0.85058992951715384     
           8
  -6.4578640320163347E-002  0.91154189078023362     
  -7.7187672430567400E-002  0.90121629658727709     
  -8.1507847195685448E-002  0.90951386177159177     
 -0.10695571118991774       0.89181946986966165     
 -0.10328237388191705       0.88300423035737441     
  -9.1295640028792951E-002  0.87040730319209725     
  -6.6032254579351607E-002  0.87973206353225231     
  -6.5333095303266253E-002  0.88995219185949104     
           5
   7.0967416562875460E-002  0.84271543682701910     
   4.6783270007593789E-002  0.85402632488919172     
   2.6015582051289302E-002  0.83919827800318714     
   2.3781141629146685E-002  0.82572853062424545     
   3.5808386298156678E-002  0.81758660807888839     
           8
  -7.3209199701687794E-002  0.98672155842616482     
  -6.4668097919883122E-002  0.99309521510617804     
  -8.7248835145091380E-002  0.99312563445182100     
 -0.10669303227202596       0.99729882334556408     
 -0.10425321599431894       0.98383914561338393     
 -0.10276207634899122       0.96992785973324058     
  -9.6501727813958063E-002  0.95749244318107374     
  -8.3939037146191428E-002  0.96199772865199118     
           5
  -3.9726898092218507E-002   1.0186276160346108     
  -5.6049432503074696E-002   1.0184745111965496     
  -6.4031537869976674E-002  0.98572472800182376     
  -4.9080114699625435E-002  0.98787568465353282     
  -3.2647732605478499E-002  0.99826804805757530     
           8
  0.22284722282088609      -0.25964085054850239     
  0.21656378137536947      -0.24880782165000656     
  0.20832825467884780      -0.24077312464041342     
  0.18678221552235835      -0.24397941224751576     
  0.18523709943320663      -0.26757986032189102     
  0.18603846547430788      -0.27891134716311172     
  0.19881932546235231      -0.27957580478655630     
  0.22151273027961621      -0.27028777881008736     
           3
  0.26588681116374707      -0.28270695238268256     
  0.24620361100883514      -0.28531100671369952     
  0.28696444286132344      -0.32499161016838685     
           4
  0.21849189791933690      -0.34963297740017196     
  0.19256842316496331      -0.34062411901666156     
  0.21104236120392381      -0.36978010825303104     
  0.22755775777366216      -0.36529902938759595     
           3
  0.22975190401788037      -0.27138932570140767     
  0.22222222222222221      -0.28571428571428570     
  0.22486566151244730      -0.30724838035200952     
           5
  0.21808569903745476      -0.28899351947970631     
  0.22266428863719862      -0.30246474608570983     
  0.22122568402850121      -0.32358247681032815     
  0.23389697362645831      -0.32982572613028149     
  0.25357469145288092      -0.32273312700837709     
           5
  0.36681654617230997      -0.24926295129737439     
  0.35990729896359780      -0.22367305596948492     
  0.32807908534260888      -0.26487456584805452     
  0.33911523069139932      -0.26174091324384252     
  0.36288886946357740      -0.26340827261868532     
           8
  0.36072635245232570      -0.20475662954435028     
  0.36264156117203794      -0.19364690097365531     
  0.35205978167180468      -0.19402687401664612     
  0.33508753243406492      -0.19474258698827351     
  0.31858621185229019      -0.20422363542496938     
  0.31942976549509122      -0.23123339832795090     
  0.35710537442318618      -0.23392436746313866     
  0.36243857597760942      -0.22316767386253270     
           7
  0.37287421811295796      -0.15740797691775776     
  0.35775082626976418      -0.15093522671608059     
  0.33341648583635003      -0.15155181595064671     
  0.34318353191820677      -0.17124578651105501     
  0.33638160293880792      -0.17792916561524141     
  0.35282135183030555      -0.18866809870428669     
  0.37024252339791242      -0.18005788508441753     
           6
  0.30813716559864884      -0.33613805105591354     
  0.29405458156650199      -0.32684560820931091     
  0.27064951311332075      -0.36325445878756979     
  0.28457749627401419      -0.36191267596612442     
  0.29803368317161860      -0.36638743061165668     
  0.31640031774023869      -0.36302209135782665     
           5
  0.24583083042229012      -0.16839598775520748     
  0.22987027955379918      -0.17238419782897332     
  0.23897353077109049      -0.18770887056519656     
  0.23962531552142979      -0.20067207876627996     
  0.27393014223946555      -0.18258136209426210     
           6
  0.29730669353418793      -0.30683956306885835     
  0.26887041899846881      -0.30312927622214547     
  0.26850187711749296      -0.31289012830503743     
  0.25533849341645670      -0.31540407417912725     
  0.26226562019844418      -0.33038210060068030     
  0.29623257935590352      -0.33797415146615178     
           6
  0.40107625129139468      -0.19753589218697942     
  0.36359171895643788      -0.22052695248314522     
  0.36629293360864862      -0.23733095676391214     
  0.37830625512155952      -0.23790426459039557     
  0.39171687326275595      -0.23521279050034719     
  0.39990442679519034      -0.22817711878441171     
           5
  0.34197016077712472      -0.26581948549045392     
  0.31387013602956154      -0.26361633217856723     
  0.31197411314222312      -0.29047491502954331     
  0.31793272181008359      -0.30117519434597256     
  0.33986693005420787      -0.29653873132609204     
           6
  0.37946530942687523      -0.31807044291873621     
  0.35539331666690388      -0.30607649143288118     
  0.33355430616054788      -0.30512023100575192     
  0.34261116220894050      -0.32716818973657408     
  0.34874736307830684      -0.34860756937291115     
  0.38002976987904008      -0.34924253487868778     
           3
  0.34906388547373851      -0.27323215711529669     
  0.34126984126984128      -0.28571428571428570     
  0.36111697521921104      -0.28183105825239213     
           6
  0.25623351019146240      -0.28389971945651027     
  0.25674149572617000      -0.29794535201507960     
  0.24665927191227047      -0.30910635966980560     
  0.25852525444087915      -0.32193996404241199     
  0.27887534857469171      -0.31993341275915305     
  0.28912404010424086      -0.31322065978906966     
           5
  0.35784867978968171      -0.17472016369604434     
  0.34244934352423156      -0.16780341224704606     
  0.32543710984397600      -0.16412737260709842     
  0.32818144879770234      -0.18086653914487014     
  0.32724077947060132      -0.19168442704701538     
           5
  0.27346213104547673      -0.31595440590699836     
  0.25419950519314760      -0.30395905560348591     
  0.23030783430222682      -0.30514170186911233     
  0.23705275607370999      -0.33859308895230505     
  0.25106351522659071      -0.34717078124280654     
           4
  0.27997317314397113      -0.17458826224897533     
  0.26190476190476192      -0.19047619047619047     
  0.25332304159454172      -0.20311515483115966     
  0.28215109149193807      -0.19309963829015628     
           4
  0.38467358767166371      -0.18366354669798798     
  0.37594826873187842      -0.19401370681892194     
  0.36401131171982520      -0.21448776917088891     
  0.40501248219734770      -0.22494374966537076     
           6
  0.82202331825332964       0.68014008221183719     
  0.81138222064099463       0.69741601603641823     
  0.79207529690131884       0.68962207153305766     
  0.78614578752846254       0.65792898357628571     
  0.79695222777724051       0.66561060869585909     
  0.81360176842700349       0.65384530733593127     
           4
  0.73581714245144525       0.54683353425474657     
  0.73177643752325283       0.56562372268360450     
  0.70216304240487970       0.54631149768283904     
  0.71048109671087334       0.52418275726604735     
           8
  0.76727547050755696       0.70257418570072128     
  0.76281450920215754       0.71210834128673461     
  0.74369821422428417       0.71942068594672914     
  0.73252999665379015       0.71904011651524047     
  0.73040184315522860       0.70427895911695193     
  0.73604318875616304       0.67599049805751543     
  0.75030198421590266       0.68106730758904710     
  0.77770145912664856       0.69358789158198242     
           3
  0.62698412698412698       0.58730158730158732     
  0.60527707167259304       0.58353791518988551     
  0.60618440891674619       0.56560870339387714     
           7
  0.62297354429669050       0.73049185482227996     
  0.60821767855265996       0.72965321218272627     
  0.59407386977859211       0.72455683452542430     
  0.59306049696336660       0.69968691809729988     
  0.59167120955272634       0.68608799757740990     
  0.62706727463738843       0.68491439712229307     
  0.63224850734469773       0.70222672961142119     
           5
  0.80267221569846525       0.64448428194835672     
  0.80668888941896955       0.65663676460215903     
  0.77216339783181909       0.65008812157930040     
  0.76382210489298263       0.61985029879433118     
  0.78673977507130588       0.62979469938173482     
           4
  0.76870032866393279       0.65794703462003568     
  0.77261715721257984       0.63471238894977422     
  0.77908402346621608       0.61453883937787190     
  0.78571428571428570       0.63492063492063489     
           4
  0.66261611484663041       0.68657744990173530     
  0.62072886366822955       0.68570120616881058     
  0.62198042009595489       0.65526143003510751     
  0.65551355524036781       0.65195719004942998     
           6
  0.63469364326471522       0.57112910160634733     
  0.62435612040186506       0.56919374535868483     
  0.59810717836898963       0.56767129761206192     
  0.61283202855886676       0.53038172015035712     
  0.63446724601951199       0.53464215018806127     
  0.63201327437936494       0.55176775066671524     
           4
  0.70462333731892113       0.67860654224211281     
  0.65914956585849471       0.69622869792590159     
  0.66881581758204733       0.67350964228365739     
  0.66324955485865766       0.65921049014480559     
           3
  0.65029192284845749       0.72893612759404869     
  0.62710521200495117       0.69052211381843509     
  0.67203084083516906       0.68843556458216737     
           8
  0.70081103930858057       0.67896671851926271     
  0.69497021417426152       0.68833903200023405     
  0.70022884705285715       0.70201050720360370     
  0.67043208962701506       0.69308925131140853     
  0.67001995484713284       0.67538784514009553     
  0.66651782153518790       0.66272745504365116     
  0.68978272339244640       0.66247728100305536     
  0.70114091423285796       0.66694728748900811     
           6
  0.68962437054655257       0.69685675668285019     
  0.67501553083360244       0.70301860578987696     
  0.64817198449624780       0.70919072270987504     
  0.64549884465033458       0.66638277802427248     
  0.66860923652981441       0.67829447964382750     
  0.68266940676671872       0.67881353899791719     
           5
  0.20380123384092086       0.11611700261774412     
  0.18777253955697373       0.12640288549917791     
  0.16217924878787018       0.12858670095676986     
  0.16611803088128824        8.7805123410457209E-002
  0.20010868786463548        9.1982273401050807E-002
           4
   9.9082300504529625E-002   5.3003351204260529E-002
   8.5370929075005320E-002   2.0313425139126540E-002
  0.10844593847672242        1.7332061264768016E-002
  0.12187911440314124        1.2632072745574367E-002
           6
  0.11357940646793881        7.7027671728758934E-002
  0.10277035637827751        7.3797470738269116E-002
   8.4527590202258640E-002   7.4742352154754332E-002
   8.7927098705778917E-002   5.3613281994237968E-002
   9.4428775009512619E-002   3.8712006146676095E-002
  0.12033630172619696        5.1554597451389357E-002
           8
  0.14114005394237519        3.1379657058680274E-002
  0.11421227778650388        2.3036789971887441E-002
  0.10511990366228469        2.7912686549785050E-002
  0.10673776819143277        1.8005649404790394E-002
  0.10871987881799676       -6.0247500946214901E-003
  0.12041118431223555       -7.4390599489707089E-003
  0.13718276189204973        2.6394881382196030E-003
  0.15091849194897730        9.8896862729393603E-003
           6
  0.15303436561110106       -3.4048801187578186E-003
  0.15646165032169812        7.4655833621964669E-003
  0.12229832165693010        9.6675050919526467E-005
  0.11184509967298578       -1.3793015212044920E-002
  0.12621817095786547       -2.0683206764324426E-002
  0.14816055355814312       -2.3605399441357540E-002
           5
  0.14913764315926886        4.2412895868752860E-002
  0.12790493810061920        3.9075626426567880E-002
  0.10330038154882079        3.8548601906767489E-002
  0.14732994815776607        2.3154747425618745E-003
  0.14537291088886789        1.2918617833620574E-002
           8
  0.12225202561505902        9.5132297732393623E-002
  0.10937330749438096        9.3805795262601271E-002
   8.3412455956026754E-002  0.10271830340354519     
   8.9589734601824678E-002   9.5262834278463548E-002
   8.3693186177743267E-002   8.6079193972882301E-002
   8.8734203850000748E-002   6.5918385399344456E-002
  0.11951009264390236        5.5678773607943856E-002
  0.12063247606567010        7.6719199689628204E-002
           8
  0.18496412859446540       0.10540471344501509     
  0.17386459561676756        9.9845618610318043E-002
  0.16559645415488042        9.1189172530227500E-002
  0.16719385473809753        7.5549735110717733E-002
  0.17464755550873748        6.9052102450590208E-002
  0.18565197543277390        7.0441759622999145E-002
  0.19927779735311765        6.6436660694514704E-002
  0.20541017987819940        7.7452408377761753E-002
           6
  0.12578375359307276        5.1804345573587360E-002
  0.10393059834353773        5.6605006667059983E-002
  0.10580052149463517        3.1325481358278069E-002
  0.10442836112963792        1.5690697829907875E-002
  0.11373110398447146        1.9485607250306004E-002
  0.13053375529939015        2.0355202830870150E-002
           6
  0.15360390139507782        2.4091098279996077E-003
  0.14338172217805881        6.4536148542463593E-003
  0.13502841685265435        1.5898710297881216E-002
  0.12472500490105402        7.4852011645098609E-003
  0.11315999265817253        5.6493129474495599E-003
  0.14253461484005650       -2.6263577490949794E-002
           5
  0.10618255062347041       -6.9983732392578629E-004
  0.10360245127544601        2.2458250493933171E-002
   6.6629897924795983E-002   4.2244451968341578E-003
   6.5685530350052951E-002  -2.0434870969288053E-002
  0.10990137927076650       -1.7982454983384293E-002
           3
  0.16288872901715470        2.8627700528536207E-002
  0.13615464795720217       -9.7030396120205940E-003
  0.15079365079365079        7.9365079365079361E-003
           5
  0.13377787167250146        2.0122741447128084E-002
  0.10233835142016312        3.7478017867823607E-002
   9.5880170057152533E-002   1.0358444763942978E-002
   8.7215422257271788E-002   3.4120160576604150E-003
  0.11401657594219593        9.4718875687235370E-003
           8
  0.15484284476205415       -5.4353633021527979E-003
  0.13905470056592573       -1.0685822297062192E-002
  0.12582516296348467       -1.3802932409952465E-002
  0.12178556464328433       -2.4729003313732276E-002
  0.12206336615380742       -4.2275941916815350E-002
  0.13450786797873771       -4.3254723929186181E-002
  0.14253714747783089       -3.9004638536606781E-002
  0.15175890134612091       -4.3571070004924918E-002
           4
  0.93993879514980139        8.6114591366569876E-002
  0.91412768351617135        5.1009625874528355E-002
  0.93377875012473011        4.5010385056725527E-002
  0.95178571484497687        4.2782064613698642E-002
           4
  0.80468274605482382       0.18707862621779087     
  0.77177869071326866       0.18233776452292763     
  0.77318863636631907       0.15661960638574077     
  0.78571428571428570       0.16666666666666666     
           7
  0.86174985633503864       -2.8270766673392123E-002
  0.83867805064287804       -1.9759676138129671E-002
  0.82790929979382599       -2.2090818183386464E-002
  0.81741158450113416       -5.9054250736245262E-002
  0.82831000188179971       -5.1593605351375249E-002
  0.85584098797079167       -5.1255561920537478E-002
  0.86053014466376310       -4.2396407151776602E-002
           3
  0.98412698412698407        6.3492063492063489E-002
  0.98414329545686696        4.7746487131149470E-002
   1.0022994133226699        3.9954051575282520E-002
           5
  0.83377734594082009        3.6935449944675777E-002
  0.81793784164379857        3.8146132634270649E-002
  0.80518419267966146        1.2996070516252574E-002
  0.83642590001513684        4.7354703945698025E-003
  0.84479204247471573        1.7784009600039310E-002
           6
   1.0197955297404639        3.7987677522549133E-002
   1.0006165294886986        5.4342920697229555E-002
  0.98575929034415899        4.0747230637534597E-002
  0.97713380719438381        1.7311498280729032E-002
   1.0109369927562120        1.1132757394187245E-002
   1.0197053723719405        2.0478400263644329E-002
           3
  0.91269841269841268        5.5555555555555552E-002
  0.89407200295980616        3.4500742747506336E-002
  0.91190990240766512        4.1378560745851209E-002
           3
  0.89019899187684526       -6.0044811777114453E-003
  0.85112239077263485       -2.0374346480692751E-002
  0.87526858550645226       -4.1446239772600021E-002
           4
  0.79674928134654011       -2.4374571157927988E-002
  0.77244313124888386       -3.4346385862605945E-002
  0.76176316336149907       -4.2267906680536475E-002
  0.77777777777777779       -4.7619047619047616E-002
           6
  0.90308563868229119       0.11949942521373998     
  0.86048279091666391       0.12203128393628952     
  0.85816226115790695       0.11110865173821304     
  0.85865571324398515        9.4374447342629939E-002
  0.86714386127079779        8.0424701266399778E-002
  0.90206952031562637        9.6800045599757231E-002
           6
 -0.50785652825430871       0.72735592352065914     
 -0.51783969168673805       0.73839207215422098     
 -0.52840173205060148       0.73156262509228276     
 -0.54594582091199573       0.73462730856599934     
 -0.54913468066938764       0.72081838561250478     
 -0.50886413220098503       0.70281334108863314     
           6
 -0.42202918944849016       0.78288568852443929     
 -0.43840043659196765       0.78537302406032050     
 -0.45718447325142214       0.77240862317223513     
 -0.46298433699371044       0.74549375468313006     
 -0.43379444304424186       0.74932975263421131     
 -0.42719061511915479       0.76026508193620690     
           8
 -0.42431445732109263       0.79276584659894478     
 -0.43444775114107276       0.79294160414312298     
 -0.45175069467357060       0.79047416253283986     
 -0.46653817402513631       0.78977083645671875     
 -0.46689871312301928       0.76956770025122567     
 -0.45662536900152356       0.75578138736931499     
 -0.44427863045582772       0.75440584634457508     
 -0.43281991031116718       0.75744617440816453     
           3
 -0.45932230518298817       0.81110722182739703     
 -0.47032835077639557       0.78239493953632888     
 -0.43099312818943986       0.79506427836253857     
           4
 -0.40568767913761400       0.82120600891019102     
 -0.43671725993979899       0.81936578474986543     
 -0.44879409073065185       0.81546909502227460     
 -0.44696794379570381       0.77916800272020659     
           5
 -0.37787195144498009       0.77153538597258831     
 -0.38639793000419731       0.77776263204369445     
 -0.41974726232179660       0.77807971154589461     
 -0.40548516427188142       0.74203311444621645     
 -0.39024318270874797       0.74778197320289941     
           3
 -0.50793650793650791       0.81746031746031744     
 -0.53125877525677656       0.81986957322468001     
 -0.51887314130527973       0.79579883952209196     
           7
 -0.48723252164326414       0.83346590313984803     
 -0.49673924738559760       0.83169701323543066     
 -0.51651116417679233       0.83579806841389914     
 -0.51754137383035625       0.81784152916458563     
 -0.51215201703872937       0.80609889733960360     
 -0.49893135871338684       0.80492705682451404     
 -0.47983240971342117       0.79597098060043692     
           4
 -0.43001814906492919       0.80274669306466562     
 -0.42849372548330300       0.81677330614428467     
 -0.47040889854614304       0.78144912933947674     
 -0.44970289663965746       0.77413515388046816     
           6
 -0.39719919112544216       0.86153386805798382     
 -0.42321815485981679       0.86005509478959019     
 -0.43553374720295107       0.85343964385833859     
 -0.44099660523218770       0.83772247155833468     
 -0.41571163093759617       0.82337079349471853     
 -0.40024184183740047       0.84099435908789277     
           3
 -0.47175253433864167       0.77864562535192183     
 -0.47536461182966222       0.75412417203203841     
 -0.45238095238095238       0.76190476190476186     
           6
 -0.52151935366461022       0.79309418040296742     
 -0.55054224862040035       0.79373911759732252     
 -0.55356913933658369       0.74818773848504827     
 -0.54027380942757475       0.74583068841270961     
 -0.52337883149008924       0.75235319410444346     
 -0.51082443473515604       0.76240774614899853     
           3
 -0.47404714655455327       0.79714826635400415     
 -0.48412698412698413       0.77777777777777779     
 -0.46138357052231554       0.75789315769948618     
           8
 -0.51206566059025882       0.76622129266441952     
 -0.50560275923570852       0.77603972386542830     
 -0.53133738960160659       0.77016490890643308     
 -0.54074372849977737       0.76457201390886143     
 -0.54120533146470962       0.73681415914247272     
 -0.51971429002347469       0.73365922371681458     
 -0.51295541845774617       0.74140194909447166     
 -0.50680976901089847       0.73381975162081081     
           3
 -0.40476190476190477       0.82539682539682535     
 -0.40662947458929327       0.84191366385619859     
 -0.41506877880760606       0.80711094199377331     
           3
 -0.47948654277799602       0.75654304977032250     
 -0.49206349206349204       0.75396825396825395     
 -0.47548345516454582       0.73361391058761771     
           6
 -0.50829372341026002       0.85028408243624298     
 -0.51720496401191096       0.85562484193471522     
 -0.55125238411765953       0.86373029085074182     
 -0.55245899317323532       0.82824521316289301     
 -0.51876800131893996       0.82071260412841374     
 -0.51052538181100127       0.83525674889593149     
           4
 -0.38392040768944075       0.80867117689528234     
 -0.39876136491952524       0.82715052380534404     
 -0.42027670631224662       0.80841633343962727     
 -0.42393460359720569       0.78684192108010553     
           8
 -0.66644323067845435       0.70774647371646571     
 -0.67620565519942166       0.70848497843453440     
 -0.68919614556446185       0.71288813932721662     
 -0.70243983870933047       0.71343392691131091     
 -0.69752853247556146       0.68738886515057629     
 -0.69550024777221320       0.66636585647932878     
 -0.68088508410934145       0.66986059399344111     
 -0.66881011387151423       0.69080198887412469     
           5
 -0.64897579294689722       0.63669192231265082     
 -0.66543193248778310       0.61352831040920830     
 -0.66058052583815174       0.59536635500963453     
 -0.64899540678948620       0.59693218905204104     
 -0.64266474776730154       0.60664465352718655     
           8
 -0.70846313375233094       0.68697365833295609     
 -0.74124220045924161       0.70537092532989087     
 -0.75289186915845041       0.68184955142280990     
 -0.74252639210340921       0.67046081727038209     
 -0.74777024337564457       0.66364870088741634     
 -0.72486453021524233       0.66589158069726895     
 -0.71205530665349548       0.65878350773717598     
 -0.71008816806004016       0.67300826691297244     
           7
 -0.67363017903217393       0.63282655958503986     
 -0.67377621515464114       0.64246346189849368     
 -0.70662060777557556       0.62585852871453407     
 -0.69722699567925717       0.61081214439995013     
 -0.68216680880018232       0.60498399906825429     
 -0.66986292648715673       0.60804905338366433     
 -0.66548130564052055       0.61786036331273664     
           4
   4.5458281997411455E-002  0.54865318152646358     
   3.1894843083385992E-002  0.53819903082964760     
   6.7942216064071304E-002  0.51604773168269935     
   6.5453659718145263E-002  0.53168842039763253     
           4
  0.11566355273642703       0.48958302381264124     
   8.1111811213487942E-002  0.47668688868649817     
  0.11774565286230464       0.45505044434123088     
  0.12731509852501077       0.44802259913315517     
           5
  0.18502539176317512       0.53918544627929532     
  0.14334537508099743       0.54261795098663712     
  0.15786018013524156       0.50209622837723478     
  0.17215634997162932       0.50722892811441334     
  0.19035964237459535       0.51925862097305586     
           5
   8.1074197328414213E-002  0.47651594218502352     
   4.1874933590194861E-002  0.47810104087181943     
   4.7031118183081769E-002  0.46094987310487184     
   4.0858231591644437E-002  0.44559256015755383     
   8.2677174531059008E-002  0.45797270777584004     
           6
  0.18074759454252029       0.55786220356530680     
  0.16353181957403432       0.57098622164326407     
  0.14422496611946739       0.56437355896548014     
  0.13963333320989665       0.55188595673237162     
  0.14690853299977194       0.54085357138942547     
  0.18206311413160220       0.53952084353535246     
           8
   2.3576241895356547E-002  0.51536414700269795     
   1.6779954780845027E-002  0.50687355134871370     
   4.8102019585250667E-003  0.51498054410730554     
  -1.5594911241556257E-002  0.50625392329561647     
  -6.8965301271899995E-003  0.49869523029629864     
   9.3787343081446223E-003  0.47742217422814226     
   1.2799091030854606E-002  0.46848398500182381     
   2.7259068930474983E-002  0.47278267173727606     
           3
  0.17445874360692701       0.46235243767352863     
  0.14516879086296702       0.46785397564106035     
  0.15242571321725393       0.43952284949565196     
           4
  0.13041832748691598       0.57714878851784202     
  0.11360968762873505       0.57225978603947314     
  0.11144015455974352       0.53844246639872384     
  0.13536673906105509       0.54663792423860402     
           8
  0.17434900118282992       0.44689018611076481     
  0.17768429879473296       0.45781411721095178     
  0.13633435947774494       0.45262961530114348     
  0.13547698203193093       0.44056280038579415     
  0.14276682798759169       0.43411342412254394     
  0.14078208821648769       0.41395579133800559     
  0.16057205833636620       0.42338691221661884     
  0.17737717905694100       0.41744478880406310     
           6
   8.2117388826082341E-002  0.40759117252548038     
   6.6474012088206483E-002  0.41969639161581501     
   5.0116946270362284E-002  0.41895416779405570     
   3.9752226557618259E-002  0.39475653407983424     
   7.0884490281683782E-002  0.38304791149567741     
   8.3573609551388775E-002  0.38657783611114854     
           8
   4.3024136618015629E-002  0.43097620946469373     
   3.9713628073561956E-002  0.45016197614308906     
   3.9749881034022647E-003  0.44316683882139868     
   9.0687447338735211E-004  0.42950724477122942     
   3.6455145511937424E-003  0.41361711035751575     
   1.3428018924820760E-002  0.41215555030376877     
   3.1124546985597430E-002  0.41044043851947659     
   4.3236016905941976E-002  0.41673673935011929     
           3
  0.14957645840551664       0.55901758078302644     
  0.14285714285714285       0.53968253968253965     
  0.16379971286352515       0.54653701248293229     
           4
  0.10968936906589953       0.42358935335337078     
   8.8558412794136093E-002  0.43931825017247506     
   7.5592530001675290E-002  0.42246570470964873     
  0.10664361471742075       0.39920204523843367     
           4
   1.0673365473871738E-002  0.53610062874267295     
   3.1304781871475257E-003  0.49309108123394374     
   2.4366419645578827E-002  0.50250750195052907     
   4.4819343638546699E-002  0.49343478126614332     
           3
   4.8606745297922249E-002  0.50248472875324124     
   1.5317933296264314E-002  0.50535134132054815     
   3.9524122310129556E-002  0.47798789583004481     
           3
  0.17482419267312932       0.42876483202957982     
  0.12897705013278699       0.40377680890040274     
  0.14513805388442791       0.39472523620434602     
           3
  0.74737619380217735      -0.20696465879594292     
  0.71157014294308563      -0.23568914972742186     
  0.73015873015873012      -0.22222222222222221     
           5
  0.74330503674812320      -0.20096013530022017     
  0.71571731475983547      -0.18855804108917917     
  0.71361364320259590      -0.22668638938651664     
  0.73279108930751302      -0.22084715878373554     
  0.75330833787668694      -0.21174716398983243     
           7
  0.65298091243586320      -0.19809273337588110     
  0.62064854663090707      -0.20913650465898903     
  0.61385603448369863      -0.20249624470417676     
  0.62256766155128995      -0.22900530112590739     
  0.61131509264823536      -0.24594314110065929     
  0.63195285538592816      -0.24059234993278267     
  0.65516038063347737      -0.23887080625108090     
           4
  0.74371675588041142      -0.13563338635739686     
  0.73550161744508757      -0.12313832238354462     
  0.70140991421096510      -0.13457411421626739     
  0.73951240771251636      -0.16155401571227945     
           5
  0.76054980703536756      -0.18515608207815054     
  0.72205535321251024      -0.17501060045130978     
  0.72219552883030524      -0.18651496508210835     
  0.73634327957755441      -0.21179588387641876     
  0.76095930756356511      -0.21172854397004703     
           5
  0.62150188594415712      -0.10065766729414777     
  0.58302141613566383       -9.7057955527606654E-002
  0.58230724747906881      -0.11796564280397448     
  0.62170645525334833      -0.14114271729806638     
  0.61989680576785644      -0.11745911111809475     
           5
  0.72166703168539070      -0.24652103589803206     
  0.68806509396639193      -0.24002119044939066     
  0.68364608004690874      -0.25020261759981222     
  0.71005961252607130      -0.28467969071136418     
  0.71902446921412322      -0.25856524346410809     
           8
  0.67304645059124624      -0.21710377091353256     
  0.68110462397463800      -0.21038437066852750     
  0.66388254939953639      -0.20650780126827969     
  0.65519846667015735      -0.20021125106499066     
  0.63642276554563992      -0.21802537583230996     
  0.64549460874608910      -0.22975936922593318     
  0.64901538768050060      -0.24192714132075607     
  0.67761599921764393      -0.23758157698247737     
           3
  0.70313765673870154      -0.16950456145798215     
  0.66287531693656454      -0.15848152257212383     
  0.67999772884710841      -0.19467782011427234     
           8
  0.74850584952787158      -0.14515161669717203     
  0.75287592339055276      -0.13615038667781010     
  0.72365717571649091      -0.14178073531401417     
  0.71625129350069738      -0.15295198889073494     
  0.71053499738050752      -0.17648140857541700     
  0.72543721676740924      -0.17994310281898315     
  0.75095615574559227      -0.17556695203918957     
  0.74332482180379755      -0.15901879594915908     
           6
  0.66830949931524164      -0.22470858472485980     
  0.64852947507823744      -0.21192431170182563     
  0.62990659681890337      -0.22194059366206412     
  0.66002293638278942      -0.25308456746123525     
  0.66771310125558847      -0.24716166326872990     
  0.66476711076962514      -0.23752840916640020     
           4
  0.71193920410935063      -0.21234588430493753     
  0.67858410350816134      -0.21234630738799554     
  0.68376509858700707      -0.24734281634243763     
  0.71266492528451542      -0.23885011670236803     
           8
  0.67161828400715684      -0.20867910529001354     
  0.67245251891094115      -0.19904883542501323     
  0.65545493096900076      -0.19079697119790678     
  0.64366806393731024      -0.20108976607084081     
  0.63098454149062699      -0.20718392587081033     
  0.64773953101978987      -0.23432564580351148     
  0.66741145090968601      -0.22804892617022948     
  0.66915418375185165      -0.21684008020703174     
           7
  0.71119069739731244      -0.10360890416698222     
  0.70644550036664167       -8.8037617542415111E-002
  0.69081888248753065       -8.4156378322136224E-002
  0.67826734213382289       -9.4518414826602490E-002
  0.67883568199102318      -0.10880436621158382     
  0.70015342933165092      -0.12561205922315502     
  0.71691317203754423      -0.12118215770383087     
           5
  0.67488351878369301      -0.22273285593668896     
  0.67398724572959212      -0.21210788135486561     
  0.66367017180621712      -0.20856305082918442     
  0.65248229251646594      -0.24950801668543998     
  0.68077273910773084      -0.24008255335312276     
           7
  0.72060819900671658      -0.11764856942188552     
  0.70563995265457657      -0.11265662326478196     
  0.69791203990862072      -0.12491277348444436     
  0.69020739889070470      -0.13256114938280350     
  0.70352786884273888      -0.14722467502770498     
  0.72751404062742075      -0.15216116254412937     
  0.72925128252419669      -0.13660859603434500     
           4
  0.39271324573254002       -1.4756946627412188E-002
  0.37168706325215523       -2.5750672753121172E-002
  0.37183001290440743       -3.8946860116377727E-002
  0.39369122745310248       -5.3239939792807160E-002
           5
  0.47780748149135488       -4.1413956218741478E-002
  0.43837543902951398       -3.8624257159087322E-002
  0.43716077908919271       -6.4475495200353949E-002
  0.46894057522451432       -6.3986349247115493E-002
  0.48314989640212830       -6.9068461862109964E-002
           8
  0.53174268269450853       -4.1855798190343380E-002
  0.52063457410108072       -4.6600207033363497E-002
  0.51919229257325705       -3.2885877802170164E-002
  0.49380858063723615       -3.5307064161317778E-002
  0.50021661782723825       -7.7920289127304310E-002
  0.50751025778387759       -6.8918910798263122E-002
  0.51471386325844193       -7.5361457189298459E-002
  0.53088989189201374       -7.3464938548959080E-002
           3
  0.42857142857142855      -0.11904761904761904     
  0.41088295379020562      -0.12692607593985772     
  0.44681588553726154      -0.13989039448367327     
           7
  0.53423965550277708       -1.1478168918317405E-002
  0.52442028418219033       -1.5441282974722574E-003
  0.50545602248694677        2.9554519117413330E-004
  0.50042469135811085       -1.0001990371859204E-002
  0.50522776723104090       -1.9103972249982761E-002
  0.51040960732858254       -3.9898251983287523E-002
  0.53626275323708228       -2.3048526586715162E-002
           7
  0.53560228360709794       -9.9353041986404711E-002
  0.53542778847256978       -8.4876556828010791E-002
  0.51725994793253793       -8.0847027614609629E-002
  0.51050687119855187       -8.7826055607334863E-002
  0.49596434283105018      -0.12672990007603638     
  0.51371035502826679      -0.11812046825426256     
  0.52603660546471320      -0.12563452244745785     
           7
  0.47169073556911634      -0.15119246191225932     
  0.46232278217223038      -0.13973549493559728     
  0.43921309390878654      -0.13982152183905636     
  0.43004416514944099      -0.16540886159228615     
  0.45106294546493625      -0.18219328105344446     
  0.46152120021365467      -0.18034795294329847     
  0.46457805085745141      -0.16272528883989024     
           7
  0.32261315650045624       -1.0384690753538206E-002
  0.30125197966705092        1.2288149747218223E-003
  0.28671163391766258       -9.9176686182828391E-004
  0.28388166313298441       -2.2331207327849410E-002
  0.28516000804152153       -3.7372165155058069E-002
  0.31049470230114190       -3.7435728519236225E-002
  0.32385985693360619       -2.5809128004731521E-002
           3
 -0.33872103531067965       0.72020595206321081     
 -0.34920634920634919       0.69841269841269837     
 -0.35163934149645709       0.68161809758752756     
           3
 -0.27727309492478308       0.81184611907564985     
 -0.30283532455790535       0.80460922856236372     
 -0.28415439394838632       0.77569594312143819     
           8
 -0.27091188969980201       0.77872944806180611     
 -0.30518016528140107       0.79517344321780969     
 -0.30675897761315918       0.78502048392133383     
 -0.31478255891128548       0.77991002246911134     
 -0.31741632723953001       0.77072391712257027     
 -0.31285763678502115       0.76101289553951512     
 -0.28783075456251622       0.75725954889429792     
 -0.27888686605530599       0.76916691972272910     
           8
 -0.30235582104071346       0.89605383056597254     
 -0.30528857365038964       0.88660097215005651     
 -0.32009293967432584       0.89197346267539279     
 -0.32977632292070996       0.86833811336476563     
 -0.32774768073973826       0.85332323111047947     
 -0.31289096578622072       0.85810884266373710     
 -0.29028994682990128       0.86074833911586623     
 -0.28658104023963749       0.86996578833621319     
           4
 -0.24999966553459679       0.88852894332065890     
 -0.26372025518013309       0.89416854016328795     
 -0.28894986334760747       0.87275831957779670     
 -0.28138441726323132       0.86007840052535611     
           3
 -0.36047788865634012       0.90505394406705053     
 -0.37301587301587302       0.88095238095238093     
 -0.36062267157101702       0.88743848985691187     
           6
 -0.19998952429227301       0.82992390249027526     
 -0.23821865421380076       0.85438636707513582     
 -0.24352634132875270       0.83761567897092382     
 -0.23444840226750943       0.83170477823310807     
 -0.24202737220577183       0.81034936444115746     
 -0.19873151232128361       0.81135240228558503     
           4
 -0.29644895880534305       0.79896445415450001     
 -0.32293365394485513       0.79697117130040218     
 -0.32145964622733075       0.78501369396134146     
 -0.28945173842111127       0.75417410427033249     
           4
 -0.23818314779323740       0.72472770167545797     
 -0.25423451482940651       0.74047279680483535     
 -0.26799087052851273       0.72477256956063907     
 -0.27507237582992700       0.70580687230779482     
           4
 -0.18354055915257078       0.79228812474321286     
 -0.21457859250404987       0.79333096416288185     
 -0.20211952341534339       0.74729406530502429     
 -0.17872237429856214       0.74723266872006178     
           7
 -0.34966789013366090       0.88479037054234055     
 -0.37757424768336389       0.90485178798492483     
 -0.38888646679790972       0.89998826043877656     
 -0.37882042469043864       0.88075842742692079     
 -0.38774991575205520       0.86925382541514140     
 -0.37111429762843512       0.86506772644729968     
 -0.34224009228295815       0.87777754119432361     
           3
 -0.27046669492151909       0.85259951212642815     
 -0.29762627325646884       0.86187402954794623     
 -0.30430326539261909       0.82914330128970304     
           8
 -0.25853378280146666       0.74323940703774027     
 -0.25487657986318857       0.75314393472986574     
 -0.28001318020050081       0.74883568031022074     
 -0.29737323180139552       0.75285333026029000     
 -0.29455654971696771       0.74410966503970710     
 -0.28700940032683969       0.71380732488944776     
 -0.27720656956270939       0.71576627103800861     
 -0.26132984327093561       0.71205039603017117     
