   113.00000000000000     
   1679.0000000000000     
          75
           8
   1066.0000000000000     
   841.00000000000000     
   74.000000000000000     
   687.00000000000000     
   175.00000000000000     
   183.00000000000000     
   124.00000000000000     
   4.0000000000000000     
   81.000000000000000     
   56.000000000000000     
   29.000000000000000     
   23.000000000000000     
   4.0000000000000000     
   9.0000000000000000     
   7.0000000000000000     
   181.00000000000000     
   54.000000000000000     
   884.00000000000000     
   822.00000000000000     
   637.00000000000000     
   59.000000000000000     
   140.00000000000000     
   531.00000000000000     
   58.000000000000000     
   15.000000000000000     
   11.000000000000000     
   185.00000000000000     
   159.00000000000000     
   285.00000000000000     
   4.0000000000000000     
   10.000000000000000     
   3.0000000000000000     
   4.0000000000000000     
   11.000000000000000     
   45.000000000000000     
   4.0000000000000000     
   225.00000000000000     
   286.00000000000000     
   262.00000000000000     
   4.0000000000000000     
   391.00000000000000     
   54.000000000000000     
   518.00000000000000     
   815.00000000000000     
   25.000000000000000     
   29.000000000000000     
   18.000000000000000     
   588.00000000000000     
   68.000000000000000     
   480.00000000000000     
   5.0000000000000000     
   16.000000000000000     
   34.000000000000000     
   5.0000000000000000     
   9.0000000000000000     
   22.000000000000000     
   120.00000000000000     
   152.00000000000000     
   21.000000000000000     
   44.000000000000000     
   676.00000000000000     
   17.000000000000000     
   764.00000000000000     
   13.000000000000000     
   6.0000000000000000     
   718.00000000000000     
   52.000000000000000     
   11.000000000000000     
   93.000000000000000     
   398.00000000000000     
   48.000000000000000     
   37.000000000000000     
   3.0000000000000000     
   8.0000000000000000     
   406.00000000000000     
           1
   0.0000000000000000        0.0000000000000000     
           8
  -1.4900127412924574E-002  -3.0327738954386500E-002
  -2.7358730560624663E-002  -3.3499326371546012E-002
  -3.6096143208173601E-002  -2.4581167193078218E-002
  -3.2146105839478911E-002  -4.1585576122883126E-002
  -3.1058913718897914E-002  -5.5830253819312017E-002
  -2.2508788425894141E-002  -6.3786657289810547E-002
  -2.6286065546468305E-003  -6.3115819176112919E-002
  -1.6023982902058850E-003  -5.2749392502184786E-002
           8
   3.7712438557124056E-002  -9.6794542424368107E-003
   4.5786203810695814E-002   9.4035798886272712E-003
   3.2976816835361272E-002   4.3293198563959245E-003
   2.4983415473673363E-002   3.7797720389154289E-003
   1.2250031208279444E-002  -1.5691433733590734E-002
   2.5947131509475866E-002  -2.6961866363224243E-002
   3.2994453394610802E-002  -2.2196651764831668E-002
   4.4890530371449813E-002  -2.7301447364209273E-002
           3
  -2.2375262931127668E-003   7.6356462399236255E-002
  -1.7699115044247787E-002   6.1946902654867256E-002
  -2.3755236541135923E-003   5.8008129420758142E-002
           3
   4.0256761332520707E-002   1.1940904269894130E-002
   7.8651047953443159E-003   7.5818349166199778E-003
   1.2820936119372657E-002  -1.9215817577508572E-002
           3
   6.1946902654867256E-002  -2.6548672566371681E-002
   5.2511563737240190E-002  -4.0970985543884217E-002
   6.4456163212536971E-002  -3.7917206883717663E-002
           6
  -2.6610557609910816E-002  -1.8028127960888563E-003
  -4.1259016973371469E-002   5.6851952974276559E-003
  -4.9182868099118406E-002   3.3958298256860971E-003
  -6.1550837293567043E-002  -1.0473114202528619E-002
  -6.1611533787846937E-002  -2.1400271914488657E-002
  -5.2746190523736705E-002  -1.9690060445694768E-002
           8
  -7.9990953337267905E-003   1.0445827957778820E-003
  -1.9937694365549943E-002   1.8104351864816851E-002
  -3.2708472535236399E-002   1.6041042503688378E-002
  -3.8760928505550407E-002   1.9654771773918746E-002
  -4.0335566645132118E-002  -4.2793129413301609E-003
  -3.0447922745376929E-002  -1.7510239106743337E-002
  -1.5357190339048728E-002  -1.9418543070625079E-002
  -7.7451418886062655E-003  -9.7628688603555794E-003
           3
   1.2089290041079896E-004  -1.3099320757299632E-002
   0.0000000000000000       -2.6548672566371681E-002
   1.0890101856710832E-002  -2.4905043398056669E-002
           8
   4.7506793207964436E-002   2.2619526799134603E-002
   4.0779089368512704E-002   2.0737074819509753E-002
   3.2771248839361874E-002   1.9716156648746298E-002
   1.9847201398985916E-002   2.5205198233686603E-002
   1.8892669720426129E-002   8.4685644841593372E-003
   1.6101019533930498E-002  -3.2348896477871533E-003
   4.3590225516315168E-002  -3.3704951588207875E-003
   5.0552764618398804E-002  -1.0671164993368943E-002
           4
   4.1048541217928627E-002  -2.4893758172626016E-002
   1.9674423064502112E-002  -2.5285008215825609E-002
   1.7463660150246869E-002  -4.3060671377232330E-002
   4.5492066723804542E-002  -6.3641335895141982E-002
           5
  -2.6354556649632946E-004  -2.6751853959397477E-002
  -2.0508393003090163E-002  -2.0428013219016376E-002
  -2.8754614058615041E-002  -3.1483104423600028E-002
  -2.6714385623899960E-002  -5.4123738273198975E-002
  -3.4088097951241736E-003  -4.7557442904393871E-002
           3
   4.4083127957236436E-002  -2.6293816359656195E-002
   4.4247787610619468E-002  -4.4247787610619468E-002
   5.5029617375814709E-002  -4.5775321574480284E-002
           7
  -1.8572788470177445E-002   1.6537028121006558E-002
  -5.2860917245626693E-002   2.8851814261404370E-002
  -5.2349918832768690E-002   1.8828178706353671E-002
  -5.3556127092581007E-002   1.0798294776171108E-002
  -4.9896980850865545E-002  -1.0690988506642986E-002
  -3.7642508425290676E-002  -7.0684542374285370E-003
  -1.9690799835397444E-002  -2.7819044382606326E-003
           5
  -1.9492469180328403E-002   4.0506516271797813E-002
  -2.9601682119934344E-002   4.3678253338186653E-002
  -3.0281181109937834E-002   7.1014365634521938E-003
  -1.3554150478972335E-003   1.1195275957608218E-002
  -6.3940444088106552E-003   1.8916719968457105E-002
           8
   8.0670404849767646E-002   3.5407932115747776E-002
   6.1118960190700462E-002   2.9413876470512371E-002
   5.6133203814243880E-002   3.7676607195197623E-002
   4.3025562127706099E-002   2.5461571354879250E-002
   5.8816195595781905E-002  -6.5182469103032201E-004
   6.6039019878761873E-002   6.9216312702483056E-003
   7.7963780445392220E-002  -5.1350509826349547E-004
   7.7436084272658010E-002   1.1446550279518922E-002
           4
 -0.10397115362766240       0.71719545363232018     
 -0.12557881811665683       0.70728236970193969     
 -0.10770264392728955       0.69346878870781914     
  -9.6865758235876342E-002  0.68880327286595788     
           5
  -4.0875914932867512E-002  0.79219426692181294     
  -7.0331932295238694E-002  0.79748440625914041     
  -6.6079752192642768E-002  0.77223086489044312     
  -6.5950761906899760E-002  0.76030114260877957     
  -4.0111220661045180E-002  0.76703392918345525     
           8
 -0.12769275136003078       0.74531033800202984     
 -0.14167853630327509       0.74881233565373595     
 -0.15881351237168095       0.74624530005030665     
 -0.15245141300973583       0.73934213420946682     
 -0.15888647730189454       0.73096230393091932     
 -0.15220988981195033       0.72145927992362557     
 -0.12802072184783386       0.72315193927285570     
 -0.12395629165707314       0.73145390610433614     
           8
 -0.10512029782767411       0.69183659738717740     
 -0.11186440732809808       0.69679987150932909     
 -0.12405620187803176       0.69703761862527336     
 -0.14027111061133710       0.69711633637563464     
 -0.14165308278388936       0.68188293024376867     
 -0.13462776516278133       0.68013405513616476     
 -0.13844725979241027       0.67093287191382478     
 -0.10652339552382828       0.68485809187214841     
           8
 -0.22703012624132216       0.79237047626705359     
 -0.23892166920930996       0.79294245289671383     
 -0.24796699904716743       0.79379436140850435     
 -0.24272245610625837       0.77521850990751839     
 -0.24614584535436457       0.76264825104678180     
 -0.22265079474707428       0.76464887249424762     
 -0.21500594403522355       0.76046081406937260     
 -0.21396989121625520       0.77481285722096749     
           8
 -0.19428628262932579       0.70462074405038133     
 -0.19560192368797230       0.71427964195054972     
 -0.20282893399506119       0.71708758452251753     
 -0.21516524417227051       0.71052835597717978     
 -0.22877970743967810       0.69780106518553664     
 -0.22425016827127139       0.69180676330801194     
 -0.19306004872357230       0.68591008351964500     
 -0.20009440359039579       0.69724178135198500     
           6
 -0.20613306074543367       0.70068984021660063     
 -0.21604523644165213       0.70529439188361098     
 -0.23289213686010690       0.70026046108742790     
 -0.23147315809298713       0.69157645625913955     
 -0.22867623585869520       0.67078335910545217     
 -0.20675669743196340       0.67452784200718696     
           7
  -8.3803215507818204E-002  0.71244933892616380     
  -8.4328757077529487E-002  0.72025385444418888     
 -0.10199195947282289       0.72073657336340968     
 -0.11469023361538004       0.72620986198434301     
 -0.11511161264826311       0.70848420786965494     
  -8.9335730541637223E-002  0.69486461594401538     
  -7.9896726064857718E-002  0.69015809376960535     
           7
  -3.5189755982974941E-002  0.78954838796117022     
  -4.4746246834599060E-002  0.79769109855650500     
  -5.5480354014282376E-002  0.79393308780430738     
  -5.7529756505049656E-002  0.78348922018250555     
  -6.4274973721814010E-002  0.76983510577183323     
  -5.1853011551609381E-002  0.76270107741271220     
  -2.6959009120188206E-002  0.78273643901193768     
           7
 -0.17067992653336214       0.80119521950485395     
 -0.16745818972516219       0.81550096160596541     
 -0.17514416305270858       0.81479641675625603     
 -0.19914131607375732       0.81086267626570607     
 -0.20480076134319475       0.79946298514342040     
 -0.20450399056735913       0.78166325922807889     
 -0.16921626114540506       0.77656814663499651     
           7
  -2.4107778746344420E-002  0.73350793512131984     
  -3.0455540580492869E-002  0.73917421344487211     
  -5.4627458336397428E-002  0.74483013345141902     
  -5.0547218017541543E-002  0.73627725311629133     
  -6.0338054129729882E-002  0.72147059741144026     
  -5.6680841241014829E-002  0.70785540311666439     
  -2.5374078437078566E-002  0.72472019333823468     
           5
 -0.16368680851105036       0.71594853636464961     
 -0.16686388582362816       0.72561178559671768     
 -0.19549909500224522       0.72038518911547200     
 -0.18795899583726558       0.69145985566583734     
 -0.16412226195902280       0.70388190503900327     
           6
  -3.7145664516862680E-002  0.82163088037255994     
  -4.5465758060042646E-002  0.82040742799502053     
  -6.1181270227889425E-002  0.81731002527805852     
  -6.7835410972559504E-002  0.80039596844739824     
  -3.9367127266424745E-002  0.78549489667336303     
  -4.1184495459692133E-002  0.79952799199578295     
           5
 -0.22805423924200097       0.80709378919915042     
 -0.23312022642196761       0.79905984990831735     
 -0.23243891500516548       0.78536221815591989     
 -0.23394559861585043       0.77323722036002007     
 -0.20602356813202247       0.78135149472572041     
           6
 -0.20402421455809250       0.66560686441654737     
 -0.21087224273157731       0.65983097364365417     
 -0.22579410027790545       0.67426234900786475     
 -0.24032499491732065       0.63926303083285863     
 -0.21914083885639193       0.63602966868001809     
 -0.21021035898412618       0.64255612603669920     
           3
  -6.6914227435259072E-002  0.79283493867581478     
  -8.7354054245659743E-002  0.79194462599114990     
  -7.0796460176991149E-002  0.77876106194690264     
           4
 -0.18851523672706857       0.67396185649460716     
 -0.20572251544184833       0.66724282926521405     
 -0.20165263733114092       0.64600412804336271     
 -0.18584070796460178       0.65486725663716816     
           3
 -0.20353982300884957       0.65486725663716816     
 -0.21634419188623646       0.65339628098386127     
 -0.22104045623664206       0.64262919676089125     
           8
  -2.4400160707481255E-002  0.78858235155803547     
  -5.5609771310689039E-002  0.78983648433971543     
  -6.3313178143725973E-002  0.77870268277230315     
  -5.6590929574158011E-002  0.76963431954765049     
  -6.4094509045001968E-002  0.76645890647886983     
  -6.2250305366952849E-002  0.75940232235723615     
  -6.3785581398133562E-002  0.75113994768154635     
  -2.9015983925871940E-002  0.75727897566523383     
           3
  -5.4462669418373369E-002  0.82525154365985087     
  -8.3922762217437816E-002  0.80241377135954739     
  -5.9498010556564861E-002  0.80750224122616820     
           5
  -1.0809209877878163E-002  -6.8842167705195301E-002
  -3.3678758813211106E-002  -5.3703933727339864E-002
  -3.9309379922961844E-002  -6.5071407387554597E-002
  -4.0268714118046708E-002  -8.1788030642161780E-002
  -1.5906752048098181E-002  -8.2437440926151989E-002
           8
 -0.26832963458466774       0.14762933966696090     
 -0.28040373897288395       0.14785594433476656     
 -0.27853568822677593       0.13791750441869277     
 -0.27744590370257521       0.12687540149272436     
 -0.27803747165517145       0.11490922724537302     
 -0.27092525448794635       0.12043472055162981     
 -0.25056961004029371       0.11935041283958353     
 -0.24533310024219424       0.12723334160252267     
           5
 -0.11965129767833621       0.22641039797901985     
 -0.14068021853899990       0.21476483469557081     
 -0.14296530591504286       0.19922448111393679     
 -0.12960863095529546       0.19867464172389054     
 -0.11550734673309687       0.19870728788842651     
           3
  -8.9964521212397439E-002  0.11153891031083170     
 -0.12597653401251319        9.4357098808285828E-002
 -0.10619469026548672        9.7345132743362831E-002
           3
   9.8157249004987741E-003   6.9986875838780965E-002
  -8.8495575221238937E-003   6.1946902654867256E-002
   7.4415198951691304E-003   5.0260782878387235E-002
           6
   3.0275013852719163E-002  0.12042389078060697     
   3.0537533282886956E-002  0.13248109121595655     
   1.2629573679920864E-002  0.13686061311304878     
   4.2603596804907783E-003  0.11742870985994011     
   6.1644611533970065E-003  0.10787554225132610     
   2.4620183497833618E-002  0.10585116279974413     
           7
 -0.21272278585786875       0.13792737904968880     
 -0.23958689501636188       0.14839755854375095     
 -0.24924516563418098       0.14138175907229428     
 -0.24181927135093392       0.13067671591213512     
 -0.24778379269346223       0.11859347833426852     
 -0.23479915513551644       0.12224372109536287     
 -0.21637018943791811       0.11456785975854354     
           3
 -0.33079159625225624        3.6123215298643860E-002
 -0.31858407079646017        1.7699115044247787E-002
 -0.30069547984823969        1.0734253671161997E-002
           7
 -0.24391920666743785        6.4414991177443773E-002
 -0.23659333912461269        6.8014542118385590E-002
 -0.25245234830493313        7.5240022717481148E-002
 -0.26701530301249926        6.6558479253398181E-002
 -0.27578737123345470        5.8171756312934607E-002
 -0.24511845214956648        5.2304653178702191E-002
 -0.23869857483866810        4.7644606611080380E-002
           7
   1.0861206316433048E-002  0.26717424469767392     
  -1.1135002649427964E-002  0.26660250236370453     
  -2.5484157238175830E-002  0.25851175080413547     
  -2.4696936349257324E-002  0.24864469080717516     
  -2.7806121635599802E-002  0.22869859186220864     
  -1.2725939595466243E-003  0.23292293250870150     
   7.8936499367029678E-003  0.24587596009284968     
           5
  -4.6497543202661092E-002  0.16115397485324179     
  -5.3399915833033627E-002  0.17047371308615533     
  -6.1946902654867256E-002  0.15044247787610621     
  -5.0749904459587256E-002  0.14299490252761918     
  -4.6396041606205536E-002  0.13126933324346543     
           5
  -7.1297734193223383E-002  0.28390793833812261     
  -8.9476797764826144E-002  0.29342173321758258     
 -0.10406975098659524       0.26497059593704514     
  -7.1083174963134155E-002  0.25688916050724703     
  -7.0525248480612701E-002  0.26859448733171626     
           6
 -0.16501275412501443       -1.1773132308075349E-002
 -0.16673900612645115       -3.3240979578297997E-004
 -0.19464707768882938       -1.6046808551558121E-002
 -0.19544319568591720       -3.4609586958287211E-002
 -0.16847726200368418       -2.9169016328256525E-002
 -0.15856463288590300       -2.6152911791081361E-002
           8
 -0.27556985595912992       0.19104321987063724     
 -0.28144690363335018       0.19588362236983911     
 -0.29763776006429371       0.19652985725546041     
 -0.31179672025741900       0.19596803650937372     
 -0.30984927947668423       0.18819546398684531     
 -0.30416259686324831       0.17295776129984816     
 -0.30146377309178196       0.15850986694277192     
 -0.28727554550581103       0.16655332485320110     
           4
 -0.24070589597259165        2.0071159917594030E-002
 -0.24454097713056913       -8.8850880626918771E-003
 -0.24908584388772709       -1.8293853131552362E-002
 -0.21218107929532781       -1.3511134874306104E-002
           4
 -0.11243513147424326        9.1467101885770827E-002
 -0.12434342957297122        9.3011266227753769E-002
 -0.13296990838032682        6.9100692833184651E-002
 -0.10711176972603831        6.5456500028950426E-002
           3
  -6.7771850588879815E-002  0.11755539725492689     
  -8.3925697361215579E-002   9.4335718504770294E-002
  -5.1452646380754842E-002   9.4180798693874662E-002
           5
 -0.29336077985628134       -6.5793572592816027E-002
 -0.30220620443389207       -5.5674042992113870E-002
 -0.32796307870107372       -8.5901269321001547E-002
 -0.31264868803059553       -8.3004744255315524E-002
 -0.29840519170025964       -7.4522415721332627E-002
           4
 -0.29687399998638542       0.22258514783578742     
 -0.30762904488092174       0.18987058647763597     
 -0.28598392686103563       0.18337791824769292     
 -0.27475928854978204       0.19643027263644416     
           4
  0.10076499242684603      -0.60687727356887722     
   8.7917361849384007E-002 -0.60882450870175753     
   6.8911048071600325E-002 -0.61632914319872845     
   9.9600659765919808E-002 -0.63772711860861753     
           4
   8.1867625044262218E-002 -0.82353478189816165     
   5.2745454472543363E-002 -0.85879503330797469     
   7.4196543929785586E-002 -0.85652157174651711     
   8.5113367122746142E-002 -0.84981994366024893     
           3
 -0.10619469026548672      -0.89380530973451322     
 -0.11808643609092208      -0.89664274032068847     
 -0.12331843180583084      -0.90939337862904412     
           8
   7.1763211696780599E-002 -0.98214236206151284     
   5.8310061557614007E-002 -0.98833274852907826     
   4.8100175195914585E-002 -0.98172519621554943     
   3.7971210851368190E-002 -0.98757169905531150     
   4.0652391052008248E-002  -1.0159794182276727     
   4.8758850272903359E-002  -1.0125602154172268     
   5.5005628089026128E-002  -1.0200108643259742     
   6.5142670183544638E-002 -0.99950547630287190     
           3
 -0.14703562073339163      -0.65527552017038304     
 -0.16591644337818845      -0.65278423158931509     
 -0.15044247787610621      -0.67256637168141598     
           4
 -0.18360646330100436      -0.89631907458922577     
 -0.21808234540948712      -0.89087423319463577     
 -0.21905580808211375      -0.90284046129766382     
 -0.20353982300884957      -0.90265486725663713     
           8
  0.11423798745774862      -0.90995728634101136     
  0.11086875322237327      -0.90043920928673171     
   9.4516454823116172E-002 -0.90849529382503846     
   8.1746191299403900E-002 -0.90190894829797019     
   8.3412125582087784E-002 -0.91791074823888696     
   8.8584791815812386E-002 -0.93347983140851154     
   9.6806501113321217E-002 -0.93071432851959934     
  0.11206132409698351      -0.91977309411801700     
           7
 -0.15437075723427043      -0.83259590903059322     
 -0.16618800722677363      -0.83478843227721133     
 -0.18195370192616972      -0.83357663255750558     
 -0.18643129294273281      -0.84258470569616095     
 -0.18740784969447624      -0.86618516864913642     
 -0.16659069489985381      -0.86131202511293781     
 -0.14930429176326107      -0.85689128505096857     
           3
  -9.6688593755980337E-002 -0.68753351875797408     
 -0.12347132903597456      -0.68192296077696357     
 -0.11824435520783411      -0.71320722051743812     
           5
 -0.45528001902145332      -0.27105622870349549     
 -0.48909289207141038      -0.26397313168600417     
 -0.48094498599168983      -0.29057972418374239     
 -0.47978783192590763      -0.29964462199767716     
 -0.45018267622062486      -0.30117970971256852     
           3
 -0.67783782428560690       -9.7645958243327436E-003
 -0.70707790072371679       -8.2711003691949871E-003
 -0.68312576273974523       -3.4281936446514998E-002
           4
 -0.76181388331624533      -0.52347413113273544     
 -0.78141588685747365      -0.53148430907344524     
 -0.77891670017694048      -0.55069270286573258     
 -0.75643226760257731      -0.53924120423668975     
           8
 -0.51637442565831060      -0.27377892144244947     
 -0.52737461121669715      -0.26867347493189692     
 -0.53847143564568334      -0.27305941195177424     
 -0.54823456296522710      -0.26621187120505951     
 -0.54287239943323207      -0.28596813875858235     
 -0.53380620989136218      -0.29954257772773818     
 -0.52342802600627625      -0.30333035510456541     
 -0.51760741434416924      -0.28785994440717061     
           3
  -6.5519237366824870E-002  -9.7885227580177911E-002
  -3.9354977876913534E-002 -0.12365450292051999     
  -4.2032328666373894E-002 -0.11162177578290215     
           3
   7.6688847170064009E-002 -0.12841496925550572     
   7.1362329441610223E-002 -0.15544692744084443     
  0.10319415862585088      -0.15437316109871080     
           6
  -4.2857029596443462E-002  -9.8338000933206951E-002
  -4.1977342928152576E-002  -8.8114915926791867E-002
  -7.9415431113357249E-002  -9.4781722210770775E-002
  -7.7118017798932098E-002 -0.11428703943576998     
  -4.9033147223347527E-002 -0.11434013780576376     
  -5.1311771504637865E-002 -0.10199116361186682     
           3
   1.6388589031821870E-002   3.9022143535939829E-002
  -1.7251356259995614E-002   4.6009465253437506E-002
   0.0000000000000000        2.6548672566371681E-002
           7
  0.10706735512861486        2.8592476250270643E-002
   9.8516963959628209E-002   3.2080302076724534E-002
   8.4033727007410325E-002   3.1072628172920121E-002
   7.4409577504149810E-002   3.2379060963531325E-002
   6.9804286313168679E-002   1.6615658279024292E-002
   8.1462174407132326E-002   4.6976419281394947E-003
  0.10455113541077120        3.7343291613882116E-003
           5
   9.9675567870166799E-004 -0.11399617641417908     
  -2.7926564395728170E-002 -0.11734825490025187     
  -2.1848404210607318E-002 -0.13299872743775670     
  -1.5294444423452160E-002 -0.14473995605411094     
   3.2404631348596988E-003 -0.14804089048272945     
           7
   2.3052212554068488E-002  -1.8230829467827166E-002
   9.4198318319919736E-003  -9.1531579520832025E-003
  -5.0610585917374162E-003  -1.1090680415751217E-002
  -3.4697239705294199E-003  -2.9482451935606620E-002
  -9.9098339098666575E-003  -4.1928568611773104E-002
   1.6683564849379898E-002  -4.0649754384400549E-002
   2.7707894950898000E-002  -4.3637393141810782E-002
           7
  0.15277778220004795       -8.3076313420063688E-003
  0.14939895063871753        1.3799998493177930E-003
  0.13671425822109767       -7.0863777047076894E-003
  0.13123836958343846       -1.4141763469930103E-003
  0.11733599059770182       -8.9866011741395520E-003
  0.11503613150244163       -3.0587522443671453E-002
  0.15133035329292696       -3.3737647988320588E-002
