   87.000000000000000     
   1699.0000000000000     
          75
           8
   643.00000000000000     
   622.00000000000000     
   727.00000000000000     
   50.000000000000000     
   235.00000000000000     
   30.000000000000000     
   5.0000000000000000     
   43.000000000000000     
   398.00000000000000     
   81.000000000000000     
   14.000000000000000     
   171.00000000000000     
   209.00000000000000     
   20.000000000000000     
   13.000000000000000     
   93.000000000000000     
   16.000000000000000     
   3.0000000000000000     
   391.00000000000000     
   52.000000000000000     
   905.00000000000000     
   56.000000000000000     
   203.00000000000000     
   87.000000000000000     
   1004.0000000000000     
   114.00000000000000     
   527.00000000000000     
   4.0000000000000000     
   28.000000000000000     
   94.000000000000000     
   8.0000000000000000     
   139.00000000000000     
   41.000000000000000     
   7.0000000000000000     
   490.00000000000000     
   3.0000000000000000     
   75.000000000000000     
   45.000000000000000     
   3.0000000000000000     
   410.00000000000000     
   44.000000000000000     
   678.00000000000000     
   24.000000000000000     
   10.000000000000000     
   12.000000000000000     
   268.00000000000000     
   7.0000000000000000     
   51.000000000000000     
   448.00000000000000     
   459.00000000000000     
   4.0000000000000000     
   20.000000000000000     
   413.00000000000000     
   671.00000000000000     
   195.00000000000000     
   16.000000000000000     
   683.00000000000000     
   4.0000000000000000     
   43.000000000000000     
   45.000000000000000     
   62.000000000000000     
   14.000000000000000     
   76.000000000000000     
   101.00000000000000     
   846.00000000000000     
   157.00000000000000     
   3.0000000000000000     
   13.000000000000000     
   397.00000000000000     
   23.000000000000000     
   87.000000000000000     
   6.0000000000000000     
   3.0000000000000000     
   3.0000000000000000     
   230.00000000000000     
           1
   0.0000000000000000        0.0000000000000000     
           8
   1.0213725181499944      -0.20463420776692090     
  0.97723389357206047      -0.18475314507443547     
  0.98386477303912823      -0.19956319240658071     
  0.98156274012933931      -0.22107643623657791     
  0.99144963111768325      -0.22046992848092661     
  0.99454302253982296      -0.23088579284030256     
   1.0092323996392294      -0.22378704759207588     
   1.0253198094660554      -0.21747772242938704     
           5
  0.83728539380927869      -0.21208547002615444     
  0.83258458783244615      -0.19533173609173093     
  0.79557762091677287      -0.20214181699495568     
  0.79778608817265928      -0.22073920505546124     
  0.84017710998991846      -0.24067302912733457     
           7
  0.95373925317018626      -0.10674145086543282     
  0.92822406426900361      -0.11068148875638903     
  0.91698523539709242      -0.10200619242762207     
  0.90879702168294130      -0.10754535636935172     
  0.91613520619603850      -0.13668696132151148     
  0.94223008350051130      -0.14650515702020050     
  0.95442366685891344      -0.14823701090744829     
           7
  0.94403507247308005      -0.17701281519026840     
  0.93236097372804105      -0.17925275003145655     
  0.89777119821670082      -0.17018069941791508     
  0.89627526532539559      -0.18018886629628336     
  0.89732618830306843      -0.19155206002455125     
  0.89696904890958684      -0.21744932459644470     
  0.93006718010746237      -0.21553299142959376     
           4
  0.84303799976281790      -0.17113018332159835     
  0.82575671247655302      -0.16787816570836245     
  0.86116222148240751      -0.20786161615782633     
  0.87011970355945978      -0.19686808533712238     
           4
  0.86319445190584265       -8.7582050057769728E-002
  0.84384346072177996       -8.3289431972605979E-002
  0.84852571299113966      -0.10538586475372014     
  0.87989357563861303      -0.11867568356487114     
           8
  0.88298935911827769       -4.7788900821914032E-002
  0.85252611227709207       -5.2931204009541953E-002
  0.85586490507992030       -7.6493808912248495E-002
  0.85259105066951468       -8.5306338946953345E-002
  0.86964769328898517       -8.4124565356406625E-002
  0.87463162604025479       -9.2953272401585019E-002
  0.88522355372610650       -9.3720878763064730E-002
  0.89825037938376850       -8.7501536666078641E-002
           8
   1.0124231610013275      -0.10739202897779582     
   1.0037521684976842      -0.10502354769504532     
  0.98979591939504885      -0.10110013431399367     
  0.96327641748510140      -0.12760846477041032     
  0.96496549898520390      -0.14057256477083668     
  0.97438727172424333      -0.14172717550510036     
  0.99426999323073073      -0.14850425855241819     
   1.0110174368402709      -0.13370937981683706     
           8
  0.99154875668925646      -0.21380432271455008     
   1.0022992650622222      -0.20554833037930162     
  0.99110004720436984      -0.19519122317333043     
  0.96803433860044719      -0.20246705431503648     
  0.96093996037864049      -0.21328085741855901     
  0.95825187737141826      -0.23577779605345639     
  0.97991267058631171      -0.24122628428418852     
   1.0011586277135565      -0.22064883379060291     
           8
  0.96910149970804127      -0.20955703932125228     
  0.97727179546219689      -0.19867556637327072     
  0.95640094074046367      -0.19794087175979697     
  0.94599116908595982      -0.20057147303337691     
  0.92897135857401913      -0.19569494066885776     
  0.93586027230716384      -0.21565713225130551     
  0.97919343308982576      -0.23635026837678125     
  0.97651631666117555      -0.22777665227739100     
           5
  0.80459770114942530      -0.11494252873563218     
  0.78269421893948132      -0.10184178899673219     
  0.79093543349385964      -0.12498589130406673     
  0.80682715881041922      -0.13832519525548209     
  0.82713317867041314      -0.13106606897519699     
           6
  0.57292154322402977       0.26325133900093417     
  0.55766722251003242       0.26231860546834485     
  0.53251712033342657       0.26460189454346417     
  0.53630002893113360       0.24738319635491587     
  0.56747868285822511       0.22112019480107323     
  0.57188091235268279       0.24326765531457428     
           3
  0.28363087584863922       0.37851998560559225     
  0.25568849753571671       0.39498761414580785     
  0.25298113278109796       0.35491180966623970     
           7
  0.42152925260169960       0.42602162937963522     
  0.42552356710944628       0.43727324075535962     
  0.37979128509362303       0.43930014959727470     
  0.38619938976740265       0.40926928037900068     
  0.39146591157067590       0.39932809928679996     
  0.38860831493217962       0.38838387789391171     
  0.42778343167187893       0.41412357297564578     
           8
  0.45286883442409409       0.48596542766927847     
  0.46165058323909980       0.50614149555462762     
  0.44152119166380122       0.50474247786699777     
  0.41572304199565135       0.49566750063143994     
  0.41632684591563990       0.47856613932460906     
  0.41598577516036761       0.46732659159444528     
  0.43354345310939829       0.46094892623015271     
  0.45186194215068243       0.47112901129103529     
           8
  0.27554068256968589       0.29872346078884143     
  0.26973325678890564       0.31021221720097075     
  0.24246809899134952       0.31753335234968305     
  0.22891812727917116       0.30482953462621593     
  0.22972835412584722       0.28353105879162904     
  0.23408312734393619       0.27430453900052265     
  0.25586284679734728       0.27546783431126332     
  0.26498740624674511       0.28504402118541389     
           7
  0.60803220425011983       0.24252060514499837     
  0.58600710044730686       0.25479029520950763     
  0.56689916822358655       0.25764869110534627     
  0.56127563295369010       0.24380906033540314     
  0.56720784009617109       0.23517598858578195     
  0.56162976090173689       0.21909296148460661     
  0.60074656073251498       0.23525033338627307     
           5
  0.36761304621540947       0.44491866678134401     
  0.32771152557832017       0.47008717426012048     
  0.32612553191012089       0.42779326626558994     
  0.34024006205864721       0.42785738154259706     
  0.35527866330871566       0.42998505951142213     
           4
  0.36180833449857852       0.30151583152491557     
  0.34720529600743461       0.31522591631183083     
  0.32310525632416021       0.29168385133091645     
  0.34406655357574378       0.27856944266310313     
           5
  0.33283936763949201       0.28858349101361902     
  0.30876167550168815       0.28306558299752849     
  0.30804650033623365       0.26728719765752013     
  0.30880195197282878       0.24485015394208201     
  0.35396991722530780       0.25952474572023038     
           3
  0.33018247359139807       0.23174770341904388     
  0.33327436725936932       0.24724066185704496     
  0.28516333616449036       0.21542509771043356     
           8
  0.43429038254900132       0.26798166618011127     
  0.40700411611313275       0.27810095696970411     
  0.39686534745469493       0.28395734793699001     
  0.38904490598501451       0.27869546670733580     
  0.39782359385443578       0.24742622215431898     
  0.41577637598017586       0.24095943066444492     
  0.43094248236087324       0.24063960056374203     
  0.43548428938503081       0.25891405576091886     
           6
  0.34371733590644987       0.25253234683900239     
  0.31429677006582823       0.25074867198006379     
  0.30415427997614708       0.24514054514815833     
  0.31296020351297971       0.21188696880388494     
  0.34600047265145939       0.21186563476268044     
  0.34238498205182755       0.23339188564306118     
           3
  0.53320515064242635       0.34450090855191295     
  0.50350288544422617       0.30770122483318835     
  0.53379859387899553       0.30651227234130862     
           7
 -0.67912038439241496       0.43960107208040705     
 -0.67873985718914487       0.44992463890312201     
 -0.72056718367093608       0.44271262403944106     
 -0.71814025087025568       0.41799209553180933     
 -0.71019586304764659       0.41207566899423037     
 -0.70218973747756463       0.42215402206584884     
 -0.68852199320623408       0.42207973423453526     
           4
 -0.60295387477039331       0.59897145608922853     
 -0.63483632751066310       0.59633211657634710     
 -0.64000861841703227       0.55540151446852382     
 -0.61049731266507490       0.54980356589973600     
           7
 -0.62704297847721313       0.43183292050127231     
 -0.66871464349623866       0.43566267781512547     
 -0.65747896565019393       0.42510966685675450     
 -0.66477062604062997       0.41887696764033017     
 -0.65865116461303796       0.39036888503752282     
 -0.62290850621047711       0.39788186311857088     
 -0.62975217316744703       0.41208296524680060     
           5
 -0.64238773312836639       0.32186521204125323     
 -0.67198461697979939       0.31943620175663595     
 -0.67786790020572163       0.28194672826661360     
 -0.63786467334037833       0.28046275447826541     
 -0.63854759955079698       0.29587678534386880     
           6
 -0.68185836143349743       0.46991042294485458     
 -0.68716725914698440       0.48278176059246192     
 -0.72566133156206136       0.46108075717621011     
 -0.72225188977169552       0.45003941232697442     
 -0.70071580025488489       0.44304053185861753     
 -0.68113404087157570       0.43506917827642899     
           7
 -0.45376667262030629       0.45539962773857040     
 -0.49276016588937427       0.46839255416662440     
 -0.49288327552088773       0.44255206165179189     
 -0.48843436595807882       0.43194619721188049     
 -0.47945909284693139       0.43546417541862115     
 -0.46262779522265818       0.42930932074176653     
 -0.44575354959393781       0.42983949729231363     
           6
 -0.68773326671745960       0.35612333702649235     
 -0.69510597514682060       0.36691882952274851     
 -0.72368748928306148       0.36856186829568688     
 -0.72560699343283108       0.33993077846316533     
 -0.71477496542556906       0.33908468249024704     
 -0.67811732175600403       0.34920033350838209     
           8
 -0.51099746740747098       0.54860362596731471     
 -0.52794482133198251       0.54530017265577790     
 -0.53427394084573221       0.52363204457007451     
 -0.54131112957745220       0.50345203629678914     
 -0.52126368018361890       0.50685139202133678     
 -0.51160488624180223       0.50494912191599139     
 -0.49380354947910154       0.50721896923854781     
 -0.50043475570424523       0.51653719358734762     
           8
 -0.59691818135047148       0.73740623975141617     
 -0.60469305368644288       0.73180113214320064     
 -0.63211428959482885       0.72107789109776110     
 -0.63433487679942557       0.68922003251042796     
 -0.61938439123915845       0.69175304812804095     
 -0.61036658931680643       0.69491067673409168     
 -0.58588201670022511       0.69393745904857085     
 -0.58651042267033904       0.70620478076521698     
           8
 -0.36547054025568193       0.44984566716448943     
 -0.38336310041844618       0.44683144822274401     
 -0.39370263461933336       0.44980545639224995     
 -0.41390232114073378       0.44183555306216415     
 -0.40444931516308880       0.40372063538080605     
 -0.38781227039818866       0.40197890815231413     
 -0.37841727778722067       0.41046487889657846     
 -0.36895306027543356       0.40753748421641417     
           6
 -0.52719994480464183       0.38679513345215155     
 -0.51843987707898276       0.40014817244630080     
 -0.53741758818140106       0.39512513840644459     
 -0.55731186710462388       0.36090144970824117     
 -0.53920352280185813       0.36380773496513147     
 -0.52546899117311963       0.36243386670746569     
           6
 -0.57867204973550135       0.70147365903277570     
 -0.58649717692598202       0.71962202252959462     
 -0.61403331809556583       0.71878598664740401     
 -0.62128277526732445       0.70672070422789968     
 -0.60561686280681959       0.67818143458028335     
 -0.59231975957647687       0.68069557808148362     
           4
 -0.39893386788814555       0.41199592991331080     
 -0.39622119838730829       0.38798387276181862     
 -0.35786955070011300       0.36570502165327273     
 -0.35734543153116927       0.38854463146106410     
           5
 -0.38353107273638920       0.71394718568898063     
 -0.38404662885517249       0.73286360571082221     
 -0.42578018742464085       0.71808000290001517     
 -0.41893038470884836       0.70483944508693230     
 -0.38515836832092504       0.69263404934201867     
           8
 -0.81320344742055739       0.53687361613098161     
 -0.83198313470842278       0.53973432124091492     
 -0.83196908289803240       0.52049521293072731     
 -0.83727935660150421       0.51024028690230783     
 -0.83309506073336514       0.49636926456939762     
 -0.81743941373806761       0.49962462961538895     
 -0.80685387009674847       0.49372354101198374     
 -0.79149837569142700       0.50939046005482114     
           3
 -0.23422315325587179       -9.4059402628428768E-002
 -0.25287356321839083      -0.11494252873563218     
 -0.25168936801098551      -0.13398872745915608     
           8
 -0.32017299351128126       -2.0385972855660177E-002
 -0.34338917700414101       -2.6144069482386990E-003
 -0.35778007502776216        8.3011791265265311E-004
 -0.35674773189915970       -1.6315136492304934E-002
 -0.35724137629262748       -3.7780965958121644E-002
 -0.34915957474623671       -3.2855906772430041E-002
 -0.33617629071423061       -4.3298587558401373E-002
 -0.31286147226213473       -3.7922861051052442E-002
           7
 -0.32381941373591439        4.9593106078549873E-002
 -0.31497760965521732        5.7486482272376835E-002
 -0.33382774186440989        5.1255668129168264E-002
 -0.35132496895092585        5.1999437611505300E-002
 -0.34810710563222108        3.9238077379344261E-002
 -0.34832721422042640        1.7746587211954983E-002
 -0.31192104180117747        4.1155834157179459E-002
           4
 -0.33370849395248176        5.6657239019087285E-002
 -0.35900874623424589        3.8364989005728052E-002
 -0.34995305300582236        1.4301296347546014E-002
 -0.33147991001178700        1.8589932774826550E-002
           5
 -0.35879778347738206      -0.12138205007491149     
 -0.37310015658459195      -0.11146499123104889     
 -0.38847877027149946      -0.10704505902256137     
 -0.37627827221078530      -0.14580624247551563     
 -0.36309075964772280      -0.14624566805390540     
           8
 -0.34167225319270428        1.3882628969208759E-002
 -0.33473887607498959        2.6074462339138002E-002
 -0.37192762963814507        2.8870823700686145E-002
 -0.36959230655753356       -3.0869567546279193E-003
 -0.38064080842432629       -1.3725043223016199E-002
 -0.35017164925291294       -1.1377360114400530E-002
 -0.33902338574543778       -9.7374232715530945E-003
 -0.34210446685380347        3.2515762556309530E-003
           4
 -0.34257780046288505      -0.10977714429082713     
 -0.33587226739621856       -9.5841993764724701E-002
 -0.38000455895211915      -0.12276656108453002     
 -0.37085402755200964      -0.13641399257339043     
           3
 -0.25755871793192137       -7.9051622494068163E-002
 -0.27648065347404499      -0.11720477971897562     
 -0.24431916955557656      -0.12439352218599925     
           6
 -0.27056963442421123       -3.5671976341969350E-002
 -0.31053888306427280       -2.5013318434394225E-002
 -0.30454728097525241       -5.7027065861682213E-002
 -0.31128593527950599       -6.5733508322111903E-002
 -0.27300568674141507       -6.2060007828663159E-002
 -0.26389032095172510       -5.3756928339257770E-002
           3
 -0.35080690740816611      -0.11707184772785735     
 -0.38219832777391882      -0.14214556027919198     
 -0.35120368072231101      -0.14503591448022080     
           6
 -0.32674593179865474       -4.3407819742843953E-002
 -0.33872955174465141       -3.7449714031660801E-002
 -0.35703547790484319       -4.0811765006691939E-002
 -0.36197805845466496       -5.2118687745007497E-002
 -0.36806105335271866       -7.4778145599591728E-002
 -0.35595596294138565       -8.2445224735034892E-002
           3
 -0.36941101567943641        2.1700301921462783E-002
 -0.40904571157552561        3.6213445857262938E-002
 -0.41384061426841445        3.9309862846612226E-003
           7
 -0.33287294562085562      -0.12674602689183309     
 -0.33720338560246244      -0.11720341841210608     
 -0.37256263106909632      -0.11697389801624837     
 -0.37908919956769349      -0.13686460239118034     
 -0.37685626822461693      -0.15294669391336135     
 -0.35467897279821864      -0.16141062179616150     
 -0.33852988031394721      -0.14003241511188014     
           5
 -0.33638011478842428      -0.10060973747856469     
 -0.35348168991401802       -9.0748484856069789E-002
 -0.37899837699753008      -0.11986847315708830     
 -0.36260486412039961      -0.12812446946471781     
 -0.34343321526119480      -0.13281049204701606     
           4
 -0.28509631089507559        2.8653264619949898E-002
 -0.32364939417263777        3.6788237581086652E-002
 -0.31333455038951458        2.7494994918351064E-002
 -0.31034482758620691        1.1494252873563218E-002
           3
 -0.32392254880253840       -8.0077696259572367E-002
 -0.35262823600286936       -7.1066684206862796E-002
 -0.34482758620689657       -9.1954022988505746E-002
           6
 -0.33112171412575797       -4.7821185932753661E-002
 -0.35807745488437248       -5.0448742340567093E-002
 -0.38153850227335451       -6.1578509894708415E-002
 -0.37182963190116258       -9.0233025524399171E-002
 -0.35622905357262385       -9.3048354743879624E-002
 -0.33748514423652981       -8.4250169976243017E-002
           7
 -0.24194720063549330       -1.7004581504676083E-002
 -0.24354519382027509       -5.5664791594596530E-003
 -0.27584894159708540        1.1427720246205010E-002
 -0.27927889274331719       -1.5742216294652778E-002
 -0.28836453396667139       -3.5280280461500405E-002
 -0.25999851146522268       -3.1899250496355294E-002
 -0.24784421426574038       -2.9853074940246221E-002
           7
 -0.23043072976458948       -1.7529668044067227E-002
 -0.24341426241531947       -1.1265522150861854E-002
 -0.26354396795144247       -1.7941279414612855E-002
 -0.25467396510311274       -4.6926986701947254E-002
 -0.24316453147228401       -5.3808462544028185E-002
 -0.21855522214166223       -5.2676388792617060E-002
 -0.22073629547713589       -3.3403574329570550E-002
           5
 -0.36260323146039963        1.2519273439631572E-002
 -0.35845070174838339        2.6651813341078676E-002
 -0.38783419935077551        3.4895093105450081E-002
 -0.39432895956698111       -1.2291157306452243E-002
 -0.38285230390768465       -8.1746524998614345E-003
           7
  0.69816842577288973      -0.70501425433871445     
  0.69209031592829096      -0.69665219588480598     
  0.68298250282434148      -0.68018044034989100     
  0.66318310032183914      -0.70334501635680879     
  0.66236139055841281      -0.72179519101973866     
  0.67922381385777553      -0.71563659554925629     
  0.70055935081836473      -0.72193819928326275     
           3
  0.83908045977011492      -0.59770114942528740     
  0.81667235024665941      -0.58632986789483887     
  0.86002920247650094      -0.61749346813897665     
           5
  0.84693142101218188      -0.70037405564582100     
  0.83711214965454583      -0.68829212647583560     
  0.80563016635060170      -0.70300982796050593     
  0.81821755969823418      -0.72658221693292280     
  0.84490873840313274      -0.72635188890679980     
           6
  0.89847360874114135      -0.71981327000045892     
  0.89281844556349788      -0.70332579808476681     
  0.86743386151087065      -0.70869796196096813     
  0.85844886275017995      -0.72243020071708386     
  0.85644168919691754      -0.74315521891133474     
  0.87170520376091654      -0.74094617972772170     
           5
  0.69550949164597620      -0.72032866134868145     
  0.69534043474337770      -0.70109970525516074     
  0.68223814331258936      -0.69863286857841167     
  0.66308211062073985      -0.73797538390622830     
  0.66685627969466288      -0.74883452700605380     
           4
  0.72756793702532430      -0.70266277614380990     
  0.70352410367971630      -0.70101331191367167     
  0.70314810101847935      -0.73745605500068834     
  0.71440508942824288      -0.74741346129524300     
           3
  0.65583248404001160      -0.59835806990972118     
  0.66298727568404681      -0.64488899868674765     
  0.69385549238386435      -0.62726803687768817     
           5
  0.80600639573438215      -0.60702419716855038     
  0.79062362650871965      -0.62136482770691770     
  0.77946270323687028      -0.63145111595462111     
  0.79046647678268389      -0.65741984066475101     
  0.82315517675740391      -0.64080116545059207     
           6
  0.73091872580051465      -0.68295837049313335     
  0.69101700844730907      -0.66109607077968169     
  0.69457532249682608      -0.67303863438336642     
  0.68861421228592823      -0.69044523954064285     
  0.69985000138242959      -0.69912846407598794     
  0.72181212567620612      -0.69718164324126253     
           4
  0.69070802807243958      -0.69152428010861056     
  0.67749893456209209      -0.69622479579239815     
  0.68097714133718179      -0.72640931587773772     
  0.70943418326763041      -0.72571205596059341     
           7
  0.65667394818610769       0.21376370130958841     
  0.62246148222558828       0.23016181113550635     
  0.62935716078096660       0.22173283261811819     
  0.62211357911760412       0.20625406559472592     
  0.63024315406482090       0.19680143872971212     
  0.64705043112895388       0.19558564664297859     
  0.66731418154806144       0.20756435946145074     
           3
  0.54022988505747127       0.17241379310344829     
  0.52682051457051715       0.17304224339875363     
  0.53113241266664746       0.15835562836488326     
           6
  0.58791625586596918       0.14605356146125573     
  0.58855530765083075       0.15946571688332228     
  0.56678173525493092       0.15945286294801012     
  0.54833134018431873       0.12883595862705274     
  0.54849174669194667       0.11746454559041347     
  0.58366928160479314       0.12812037418741498     
           3
  0.68258687239608551       0.10904509952017248     
  0.66666666666666663       0.10344827586206896     
  0.65129635412496834        9.4140846933199795E-002
           8
  0.60809018907274126       0.15456753089741887     
  0.59287298352815809       0.16445052440905680     
  0.57551270677646837       0.16824760144340783     
  0.56544470454057005       0.13751740543292656     
  0.56804884102653241       0.12832774317734619     
  0.58186564716090305       0.13053890915475205     
  0.59205957014205302       0.13219283206151525     
  0.60987283023249461       0.13053174029141196     
           6
  0.66244982347920045       0.24051982418708071     
  0.65264174952639908       0.23647022797877387     
  0.63173898478650292       0.21170901841180068     
  0.63169849409222534       0.19524242209599418     
  0.66691815456013137       0.19876037506503241     
  0.67073346268276735       0.21526472127490184     
