   91.000000000000000     
   1445.0000000000000     
          75
           8
   50.000000000000000     
   50.000000000000000     
   170.00000000000000     
   297.00000000000000     
   9.0000000000000000     
   630.00000000000000     
   179.00000000000000     
   179.00000000000000     
   216.00000000000000     
   4.0000000000000000     
   9.0000000000000000     
   154.00000000000000     
   117.00000000000000     
   63.000000000000000     
   436.00000000000000     
   905.00000000000000     
   14.000000000000000     
   3.0000000000000000     
   10.000000000000000     
   166.00000000000000     
   211.00000000000000     
   8.0000000000000000     
   25.000000000000000     
   139.00000000000000     
   213.00000000000000     
   758.00000000000000     
   429.00000000000000     
   5.0000000000000000     
   136.00000000000000     
   501.00000000000000     
   93.000000000000000     
   21.000000000000000     
   169.00000000000000     
   22.000000000000000     
   3.0000000000000000     
   271.00000000000000     
   433.00000000000000     
   3.0000000000000000     
   1079.0000000000000     
   233.00000000000000     
   11.000000000000000     
   10.000000000000000     
   78.000000000000000     
   63.000000000000000     
   4.0000000000000000     
   59.000000000000000     
   8.0000000000000000     
   34.000000000000000     
   234.00000000000000     
   30.000000000000000     
   40.000000000000000     
   123.00000000000000     
   7.0000000000000000     
   33.000000000000000     
   369.00000000000000     
   11.000000000000000     
   23.000000000000000     
   208.00000000000000     
   4.0000000000000000     
   8.0000000000000000     
   36.000000000000000     
   504.00000000000000     
   16.000000000000000     
   574.00000000000000     
   19.000000000000000     
   235.00000000000000     
   445.00000000000000     
   6.0000000000000000     
   43.000000000000000     
   210.00000000000000     
   268.00000000000000     
   410.00000000000000     
   124.00000000000000     
   11.000000000000000     
   1085.0000000000000     
           1
   0.0000000000000000        0.0000000000000000     
           8
  0.40002632512006531      -0.60294870964702885     
  0.40258389585675347      -0.59107329862470992     
  0.37838906734831756      -0.58983380190160450     
  0.36073321435008637      -0.60667013059936226     
  0.36311147363702778      -0.62576546643903441     
  0.36413257145506184      -0.64241372372077332     
  0.40795159157971195      -0.63101189912094535     
  0.40787988010725129      -0.62108570271761154     
           5
  0.80117792857817960      -0.61533049617187885     
  0.78454172774736619      -0.61787663596742426     
  0.76508445215248955      -0.64217068742160210     
  0.80570469253986765      -0.64852220848618813     
  0.81204167463666077      -0.63690057534011746     
           5
  0.77093114496323822      -0.70381124534416906     
  0.74324919131722977      -0.70582258093721228     
  0.74462405868174419      -0.74209964858664357     
  0.76291300201678369      -0.74536477513496346     
  0.78391398922613531      -0.73659278299432673     
           6
  0.52007557448202180      -0.41538585452180549     
  0.48444700188141560      -0.41679240672568518     
  0.47085966472269297      -0.43562718416203522     
  0.46758482982220079      -0.46122324792545283     
  0.48957497344292467      -0.45358377389933197     
  0.50119891888407153      -0.45788242612831670     
           4
  0.42854297970653055      -0.42058102256294111     
  0.41575568416948910      -0.41534181504758810     
  0.41236784597158660      -0.46217743121781563     
  0.45385053196322150      -0.44510565795255580     
           6
  0.67599046020438702      -0.53927061633893725     
  0.67058490165589035      -0.52810206763777912     
  0.65349188976268902      -0.53053777603336871     
  0.63390959402986635      -0.55709643440682943     
  0.64463549611247939      -0.57551938007580550     
  0.66781878815935436      -0.56511938955264551     
           4
  0.46469433230372742      -0.63370792148372723     
  0.44281491726376565      -0.65833900580871474     
  0.46085668255937928      -0.67326323399949839     
  0.48855491715580940      -0.67379544513613654     
           4
  0.33781804040447722      -0.48052374388226105     
  0.31463826704625303      -0.48702063034412230     
  0.32077797741668357      -0.53205063267550290     
  0.34495046615406727      -0.52210618882022841     
           8
  0.47515056833087277      -0.61372608418167673     
  0.45609153428157184      -0.62826950642016399     
  0.46316350840353754      -0.63638803107058328     
  0.45878211889292808      -0.64548524367225812     
  0.46831591864949168      -0.64908690142837522     
  0.47604199441372436      -0.65558284704059855     
  0.48937791825641236      -0.66435396911587818     
  0.50901860456482595      -0.65066383646292136     
           6
  0.50860886888705159      -0.71636421677883444     
  0.47036414430415430      -0.71998224517461251     
  0.47923265189179648      -0.74757917517072048     
  0.49173685814719414      -0.76044727525958300     
  0.51399310367099005      -0.75450829984962042     
  0.51978136553516741      -0.74089976871466834     
           6
  0.77870297859261017      -0.50996272037619927     
  0.77705451930899694      -0.48739886128671922     
  0.75210746663547401      -0.47986230184321177     
  0.74785215444867725      -0.52416228075837823     
  0.76509249394526035      -0.53118886651803343     
  0.78122895284167881      -0.53201001193800512     
           4
  0.25535027896934731        1.7740076735432122E-002
  0.24327082523609495       -1.1190675593544886E-002
  0.25999806964723876       -2.5068971795257879E-002
  0.28163378729501881       -8.8332469732527938E-003
           7
  0.15093113653602261       -1.7913906672391636E-002
  0.10821667041388200       -2.4203298403584154E-002
  0.11232087966418652       -3.3893048919631172E-002
  0.10665369765586521       -5.6225798130007318E-002
  0.11906264869195247       -6.8218982466605294E-002
  0.12953669603417581       -6.6431350690088389E-002
  0.15695665745792059       -4.8883607228512767E-002
           7
   3.7087623711636632E-002 -0.21645965305859113     
   1.6711628494933295E-002 -0.21573548246326049     
   1.1151588500919260E-002 -0.20486827219327486     
  -1.6190125504586476E-002 -0.23296356354737316     
   1.4294039692032998E-002 -0.25006086431981434     
   2.8149423495353328E-002 -0.25547681077015477     
   3.6037683716998080E-002 -0.24267788922366224     
           6
   5.1168247582615317E-002  0.33231802323171905     
   6.0492704938160148E-002  0.34537038151640953     
   3.6372868079703885E-002  0.33657812930450243     
   1.2151477847101789E-002  0.33327869671214394     
   1.5025975632359613E-002  0.31390389200616126     
   5.2987145434371830E-002  0.30206938208059131     
           8
  0.21868429886801291      -0.12853543798846018     
  0.19795721264168334      -0.11839978421109351     
  0.19343439384908151      -0.12937260725141531     
  0.19116175358268711      -0.15790976415347310     
  0.20593710455506029      -0.16737640642349508     
  0.22261902457210081      -0.16972484901536289     
  0.23425995723749324      -0.16469670381501172     
  0.22556482483968585      -0.15066425120446561     
           4
  0.16132383898449990      -0.15233686444621727     
  0.12964655414356435      -0.13751634386891270     
  0.11653600706478080      -0.15208718128113652     
  0.13080486142532241      -0.16797598025459021     
           3
  0.29042470119569713       0.12117499663742952     
  0.27472527472527475       0.12087912087912088     
  0.29512342818538750       0.10592009911353550     
           3
  0.28310098719795157       0.26811151680605000     
  0.24230495870498434       0.24747364017328979     
  0.27333445574831794       0.22667633565758347     
           7
   4.6081106333574581E-002   9.5524761091488608E-002
   6.4787984053993400E-003   8.7263335092960484E-002
   1.7122703792068549E-002   7.1609323025935923E-002
   6.4974690712042218E-003   6.9648238716440339E-002
   2.0220710248381148E-002   5.2731018401167444E-002
   4.9979428263398448E-002   5.0087573034227520E-002
   5.0815409549038085E-002   7.0609033111437680E-002
           8
  0.25557129722165756       0.22521557056897099     
  0.24162350345961184       0.22409123133116704     
  0.22539198755015741       0.22911854535636178     
  0.22555147783232776       0.20313240922725120     
  0.24520061380848063       0.19312961929377162     
  0.26274959144234566       0.18124757407133119     
  0.27899179256305540       0.19010011733445845     
  0.27860460738323001       0.20046733900534988     
           4
   3.2945973929221141E-002  -5.9405071567418692E-002
  -2.2362348492624244E-003  -7.0802334027760469E-002
   2.8493805873710934E-002  -9.8131870359115886E-002
   3.9090210198203496E-002  -8.3603793031245391E-002
           3
   2.7829769010606634E-002  0.27421484181847555     
   5.5792011329385820E-002  0.23678523665495654     
   7.4982393044887088E-002  0.24946904099528414     
           6
  0.37131810095983425        5.9977639838460647E-002
  0.36402332256300240        7.9438451149311431E-002
  0.32834080241219121        5.5103360142068111E-002
  0.33297354381701028        3.5538659550087649E-002
  0.36648570354040716        3.8053468504834369E-002
  0.36693664706948115        4.9798396884987842E-002
           7
  0.17745259317695558       0.27158269468319229     
  0.17686859590561360       0.28825885982504007     
  0.13726679568489350       0.28853047302512963     
  0.12934271108095671       0.28122161532107171     
  0.13349491654902929       0.24967185543508477     
  0.15288539184533881       0.25596321073559858     
  0.16238624465720675       0.25097721441071191     
           4
 -0.15869065962118689       -2.3590329578845552E-002
 -0.19544274059309305       -1.7262414351681056E-002
 -0.19952381148573678       -6.0570255376303575E-002
 -0.17582417582417584       -4.3956043956043959E-002
           3
  0.27807829151269853       0.18556909920588388     
  0.26373626373626374       0.18681318681318682     
  0.25004040173478093       0.16677277268075291     
           7
   2.0668744763591901E-002  -7.3364740755765004E-002
   1.6982114542428452E-002  -6.0332251299723701E-002
  -1.6151879878445758E-002  -5.9104871471969481E-002
  -1.6280775970180336E-002  -7.1277137620938485E-002
  -2.5937370686749971E-002  -8.7777017238154925E-002
  -1.5086280404966271E-002 -0.10111075098639080     
   2.7029544922043396E-002 -0.10331691406182494     
           5
 -0.79190575106078698      -0.22078426848884217     
 -0.82370571473126797      -0.22411348063510372     
 -0.83588007626984850      -0.24633033041128277     
 -0.83690955497758157      -0.26006869411503186     
 -0.79554284931279007      -0.25903591084624122     
           5
 -0.68118124026242066      -0.24880223306864815     
 -0.70481726177824233      -0.24572794731988701     
 -0.72804125939057951      -0.27744042344562736     
 -0.69709020550254019      -0.29097993275645884     
 -0.68537928873776943      -0.26967444726140444     
           6
 -0.76579177204820914      -0.20108569376571050     
 -0.76138694324386180      -0.18469274396428545     
 -0.79921426092276571      -0.18786094077693380     
 -0.80007985727630726      -0.20900338224340012     
 -0.78170989791111967      -0.23151949242283695     
 -0.75650842703625110      -0.21618254102514450     
           3
 -0.97422075072500081      -0.16022393034297164     
  -1.0000000000000000      -0.16483516483516483     
  -1.0222144287726178      -0.18602142790730281     
           6
 -0.68674085589064404      -0.13610384035831713     
 -0.69743539660159304      -0.14294528206407348     
 -0.71003214715666740      -0.13887533603228888     
 -0.73478583957836174      -0.14042729360392792     
 -0.70444096300510650      -0.17865765134417988     
 -0.69312863558570914      -0.17294826626617918     
           3
 -0.99824999962549155      -0.25874188842467183     
  -1.0000000000000000      -0.28571428571428570     
 -0.98148084634183497      -0.28631921351564238     
           5
 -0.83115116339642814       -6.1682370581496393E-002
 -0.86143231626666528       -5.7157658077896800E-002
 -0.83192856431098006       -9.1882463464341368E-002
 -0.82559619353228686      -0.10252775752954055     
 -0.81160871180597716       -9.7193756024427091E-002
           6
 -0.70090421896680477       -2.0060033180498468E-002
 -0.72270022635787878       -2.3746164979499409E-002
 -0.74506418238223626       -1.7204152252646102E-002
 -0.72527472527472525       -4.3956043956043959E-002
 -0.70760696623076236       -4.7956764518893039E-002
 -0.70912110251633031       -3.2481617101564414E-002
           4
 -0.94076372282893639       -8.4831777757074817E-002
 -0.97055652007993010      -0.10260309051417817     
 -0.97131348213631663      -0.12070027077060635     
 -0.93460081607419632      -0.12664862165114221     
           7
 -0.78772337327312913       -7.3309920805109077E-002
 -0.80812536581738847       -6.7638865698033873E-002
 -0.82826523709696542       -7.5335402528620005E-002
 -0.82786580721397973      -0.10084788255696332     
 -0.81714513419149759       -9.6684649659301639E-002
 -0.81369850473576411      -0.11121878889432654     
 -0.77570568695262576       -8.8265144871688739E-002
           4
 -0.86922825225966449       -1.9643813825723742E-002
 -0.89010989010989006       -1.0989010989010990E-002
 -0.91631992889342428       -2.0029478223797588E-002
 -0.89088654623482999       -2.8671400364788865E-002
           4
 -0.87859163914891614      -0.23686189194973639     
 -0.91136098348653594      -0.23810062920792321     
 -0.91865131178469794      -0.25431800173906033     
 -0.90109890109890112      -0.26373626373626374     
           5
 -0.93559570305438589      -0.27619394629710575     
 -0.98352407997952029      -0.25394990406560825     
 -0.98172152722643979      -0.28273313819835466     
 -0.96921432182152123      -0.30043002838331639     
 -0.93530134451400793      -0.30010460655231697     
           3
 -0.82732883806303414      -0.25654464640081454     
 -0.83516483516483520      -0.27472527472527475     
 -0.81145672851571482      -0.28144561467517387     
           4
 -0.80325604730761624       -4.1176850568347634E-002
 -0.83024760554594856       -3.9166748916104541E-002
 -0.83899435776626530       -6.4176211822413995E-002
 -0.81864921798852208       -8.6368280181393531E-002
           5
 -0.74606681949161091       -1.6240207180006943E-002
 -0.79244274227485811       -2.8289054325286028E-002
 -0.77717530034633631       -5.2507410582089631E-002
 -0.74690745931916558       -5.9822285130053471E-002
 -0.75397582056206047       -4.6217598029088834E-002
           3
 -0.68800478126147180      -0.24118789269822294     
 -0.69316330632274370      -0.22078973119882980     
 -0.72841634727448024      -0.26271791156453506     
           8
 -0.73223714586988342       -2.8331751815687103E-002
 -0.75263312401373483       -3.2047661239513664E-002
 -0.74697849739292210       -5.5026821606404812E-002
 -0.74833973369063911       -6.5829894759221255E-002
 -0.73404458410154627       -8.1658756217042716E-002
 -0.71274430523788268       -6.9122074534912162E-002
 -0.70234946614877825       -7.2935646692386683E-002
 -0.70287136886156232       -6.2110661637889177E-002
           3
 -0.79120879120879117      -0.10989010989010989     
 -0.80254854629094396      -0.13469222965411184     
 -0.77814662504585197      -0.13516035526997153     
           8
 -0.95096391395377378       -2.1923549327061490E-002
 -0.95612289402010575       -9.1726578729364426E-003
 -0.97095146167955315       -1.0350937767708675E-002
 -0.99999405175736511       -1.3083400103407635E-002
 -0.99727389073681838       -3.0327892929390799E-002
 -0.99628589393246303       -5.0949926177929629E-002
 -0.96145928961317795       -5.0763231402997745E-002
 -0.96260166865702934       -2.8775180985597573E-002
           8
 -0.91900251519159437       -2.1555825786224093E-002
 -0.92454610293311212       -1.0353088277492213E-002
 -0.94809683913897247       -1.0011496430883175E-002
 -0.95755908066898543       -1.8911639087693298E-002
 -0.96574680382129574       -3.8353891850718691E-002
 -0.94793514062902229       -5.4119444357166632E-002
 -0.92854131424230801       -4.6741808715815708E-002
 -0.92918138156343433       -3.3431536715778830E-002
           3
 -0.62179082694553955       -7.4072640442916782E-002
 -0.64666149869896916      -0.10845386322629993     
 -0.61009647264788813      -0.11019055545016784     
           5
 -0.21517029720031558      -0.38718357988153040     
 -0.23208794721115286      -0.36979342432313950     
 -0.25635020903848005      -0.39719579634183216     
 -0.25422795038795004      -0.41052513307960870     
 -0.24544070011945926      -0.42292642372355166     
           4
 -0.46839714104239688       0.23629816662798664     
 -0.50288242343158507       0.22821755729973228     
 -0.49517839622487775       0.18256448191903377     
 -0.46096316011049571       0.18128803021994372     
           8
 -0.21154666590940413        6.7165040518966018E-002
 -0.20689558286222440        7.9690842616000720E-002
 -0.24028199443957901        9.1676272652965768E-002
 -0.25200615429509704        6.8736145341416061E-002
 -0.25209877442037676        5.8663590374589632E-002
 -0.24642066290243603        4.3746623385530120E-002
 -0.23641015905134410        4.2963748855272918E-002
 -0.22247183021762174        5.0717526042609790E-002
           5
 -0.51460169685872204       -4.1299837421934896E-002
 -0.53784211369775003       -1.7557279982209312E-002
 -0.56466759534635247       -4.1308235493283475E-002
 -0.56117552225381029       -6.5368116188359165E-002
 -0.52587913848201429       -6.8274104387699680E-002
           4
 -0.74378734433856142       -5.2109155915146872E-002
 -0.76477990572357069       -8.4974806613501111E-002
 -0.73650437138110147      -0.10427749847031517     
 -0.72759389470801006       -8.9325962439662523E-002
           8
 -0.43654118964411542       0.12884458891200579     
 -0.44427048663326124       0.13643690350270007     
 -0.43541953812557416       0.14513749326052039     
 -0.44867372441171804       0.14678432584317144     
 -0.47698356492683108       0.14185813500785854     
 -0.48252218068993508       0.12615392153036786     
 -0.46093512108780338        9.7890818445705657E-002
 -0.45179897450820322        9.4427242739330938E-002
           8
 -0.74709965949547852        4.9888930303324766E-002
 -0.75948258647985722        5.7384382958988456E-002
 -0.78045036402988999        5.4412174058821053E-002
 -0.78291949099102232        3.7652904287566236E-002
 -0.78546790666066246        1.3940216862614031E-002
 -0.76882174289089966        1.8226983299722149E-002
 -0.75925817523206052        1.7814994248236175E-002
 -0.74136741207221379        5.8306905095513624E-003
           3
 -0.53092125220910569       0.11826413027896059     
 -0.56002913209214611       0.12291583333162215     
 -0.53846153846153844        9.8901098901098897E-002
           4
 -0.72084152521978995      -0.18782908118887554     
 -0.73563682840839884      -0.18228636063195933     
 -0.75979865148251169      -0.23391498626746982     
 -0.72721313389612530      -0.22906467576952111     
           5
 -0.60606325547849393       -7.5885273797628855E-002
 -0.60728493655434779       -6.1074569009248222E-002
 -0.64285724138759492       -5.5792188792742947E-002
 -0.64377667451085563       -9.8001281437645221E-002
 -0.60541992649899179       -8.9612349569174438E-002
           4
 -0.67032967032967028      -0.37362637362637363     
 -0.69718563591696170      -0.35736590125036577     
 -0.68700303588008349      -0.39320947421033409     
 -0.65517994118243594      -0.38776556112732619     
           6
 -0.36942670691191976       0.19351167257096555     
 -0.38133048234266959       0.18972485746317594     
 -0.41440820536951917       0.19770212307911522     
 -0.41264880296601397       0.16175241284552153     
 -0.39928652131550330       0.15409299810046645     
 -0.38055560767074004       0.17746639059270858     
           5
 -0.59798597804723430        2.4159458536342139E-002
 -0.59045229959082568        4.2936229823648885E-002
 -0.63334822427732029        2.4825032119077189E-002
 -0.62509432096052997       -3.3881086578344960E-003
 -0.59882560621514946       -2.4196558512123538E-003
           4
 -0.71103656008650884        5.4820238964205341E-003
 -0.73626373626373631        0.0000000000000000     
 -0.75052747909786155       -8.6727442340908747E-003
 -0.71773234250647577       -1.5827566675377425E-002
           7
 -0.17163884335829932      -0.14094114527353019     
 -0.16607745799997359      -0.12919681755664233     
 -0.20212724015341987      -0.13972882441567749     
 -0.21432699830484869      -0.14690257758812578     
 -0.20807102544785117      -0.17115133144951580     
 -0.19161941947545641      -0.17790319587954706     
 -0.16481071532180269      -0.15995411750673383     
           5
 -0.16164473213835095      -0.20699155690170237     
 -0.16907146164252024      -0.19581316288387526     
 -0.21277943674054875      -0.21888809222197456     
 -0.17224214925420850      -0.23854161870116564     
 -0.15955356684632915      -0.24578750524816623     
           7
 -0.28053525911233040      -0.26810299549899086     
 -0.29529755576061184      -0.26017431259179652     
 -0.32070850836733084      -0.26119898123501367     
 -0.31262774167780133      -0.27183812344660874     
 -0.32176119809464077      -0.27839647831421938     
 -0.33111870214104427      -0.29450960892887496     
 -0.29240415363397138      -0.29323682823838859     
           6
 -0.74311284384537435      -0.22328470645433732     
 -0.75985979056720465      -0.20913016940157944     
 -0.79332303434016316      -0.21804704073481918     
 -0.79353858675003985      -0.25052914747699645     
 -0.78310116698078203      -0.25675067750550595     
 -0.74914197594875509      -0.25300813307829240     
           6
 -0.49758254520789541      -0.12936868858051243     
 -0.50941385430533082      -0.13039475372145337     
 -0.52406539428548293      -0.13898561673271687     
 -0.52787862525346496      -0.15478302751545042     
 -0.51831270610069646      -0.17090895418931318     
 -0.49446957116850881      -0.17286430494635174     
           5
 -0.57426055416234723       0.41146824585673786     
 -0.58827033293707454       0.41803622424855646     
 -0.59139646238420962       0.40613539086663597     
 -0.58245880789106708       0.38074508365797111     
 -0.55152065701028685       0.37128671571541166     
           3
 -0.38710039341695957       0.70419331077897562     
 -0.38108167694269535       0.66933225102789673     
 -0.34779280751878966       0.67502073077109159     
           4
 -0.55892209724099551       0.54851935569983756     
 -0.59640726842495140       0.55131570578729827     
 -0.60856213378119761       0.52535821594341081     
 -0.55621178747867617       0.53141125412582224     
           7
 -0.41363070891789283       0.65646165022083658     
 -0.40533463717765345       0.67414724923274472     
 -0.42531623087028753       0.67531830367802770     
 -0.44814736268422661       0.67347726613912873     
 -0.44497434659893281       0.64486938565801599     
 -0.40401318120842716       0.62395279846641749     
 -0.40897805619327937       0.64013352485400388     
           7
  0.38906408228670503       0.80745088791903297     
  0.37282631657795579       0.81790881738217902     
  0.35601619920674216       0.81982867602121978     
  0.33913348262736159       0.81675455704763167     
  0.34629719739535203       0.80392717952583348     
  0.33676276945401828       0.79697093585088319     
  0.34961508552280185       0.77982188346136350     
           7
  0.44259324114273463       0.98181930066601497     
  0.43106461959605419       0.98639726049043808     
  0.41710422929284835       0.99450483834670433     
  0.39833192351110974       0.99351524892175458     
  0.39158944067325741       0.96060868025365409     
  0.41766662807328697       0.94623581315102812     
  0.43871654257605230       0.94879638429756774     
