   86.000000000000000     
   1122.0000000000000     
          75
           8
   94.000000000000000     
   12.000000000000000     
   17.000000000000000     
   619.00000000000000     
   61.000000000000000     
   3.0000000000000000     
   4.0000000000000000     
   13.000000000000000     
   44.000000000000000     
   12.000000000000000     
   35.000000000000000     
   114.00000000000000     
   29.000000000000000     
   76.000000000000000     
   106.00000000000000     
   157.00000000000000     
   43.000000000000000     
   4.0000000000000000     
   38.000000000000000     
   212.00000000000000     
   42.000000000000000     
   10.000000000000000     
   19.000000000000000     
   856.00000000000000     
   13.000000000000000     
   67.000000000000000     
   144.00000000000000     
   310.00000000000000     
   85.000000000000000     
   1061.0000000000000     
   344.00000000000000     
   22.000000000000000     
   15.000000000000000     
   219.00000000000000     
   44.000000000000000     
   370.00000000000000     
   74.000000000000000     
   82.000000000000000     
   3.0000000000000000     
   39.000000000000000     
   54.000000000000000     
   22.000000000000000     
   171.00000000000000     
   65.000000000000000     
   405.00000000000000     
   19.000000000000000     
   7.0000000000000000     
   586.00000000000000     
   15.000000000000000     
   149.00000000000000     
   141.00000000000000     
   9.0000000000000000     
   261.00000000000000     
   4.0000000000000000     
   5.0000000000000000     
   21.000000000000000     
   25.000000000000000     
   86.000000000000000     
   86.000000000000000     
   124.00000000000000     
   123.00000000000000     
   11.000000000000000     
   41.000000000000000     
   279.00000000000000     
   149.00000000000000     
   9.0000000000000000     
   65.000000000000000     
   155.00000000000000     
   6.0000000000000000     
   83.000000000000000     
   11.000000000000000     
   735.00000000000000     
   4.0000000000000000     
   56.000000000000000     
   26.000000000000000     
           1
   0.0000000000000000        0.0000000000000000     
           8
  -6.6919438739047168E-002  0.12800312349686149     
  -8.2141636105852386E-002  0.12756909466958094     
  -9.5343912141892195E-002  0.12045525884031144     
 -0.10373717209088981       0.12662439288565092     
 -0.10611434847873252       0.10463925264546398     
  -9.6016674916680242E-002   9.4598602092009001E-002
  -8.2390285145608019E-002   8.1266169310929906E-002
  -5.5756722838750515E-002   9.0966660649456133E-002
           8
  -5.6286749104474169E-002  0.10684457228075468     
  -8.1670110676218877E-002  0.11047325941328850     
  -9.5805114416222109E-002  0.12025297758146418     
 -0.10783731058744105       0.12022544322057352     
 -0.10539415421863627        7.8331107245757634E-002
 -0.10465720248287001        6.6054472826295799E-002
  -5.7770540881883797E-002   7.6900800075356657E-002
  -5.9640410475699589E-002   9.2346543751376270E-002
           3
 -0.17441860465116280       0.18604651162790697     
 -0.19887794904516665       0.19392742906068627     
 -0.20025216875348473       0.16258211083556290     
           3
  -1.7090345442448928E-002  0.17641564557067171     
  -4.2244103422289125E-002  0.12964184769367840     
   8.3086723575096638E-004  0.13489152696794579     
           7
   2.0327554390375022E-002   5.8743510062490498E-002
   7.9827746369342551E-003   5.4822353441757385E-002
  -1.5699610403246030E-002   5.2660353376375452E-002
  -2.1222926630501675E-002   4.1424378961959142E-002
  -9.6206649767550598E-003   1.9916149382252172E-002
   1.3323434990532351E-002   1.1945386779838207E-002
   2.1449147516901784E-002   3.2783211851657452E-002
           8
  -8.5384574633088600E-002   7.7434432229912808E-002
  -9.3006270954078860E-002   9.4570425588176923E-002
 -0.11301390647204873        8.6192789765288574E-002
 -0.12646129483665758        9.2217533490214026E-002
 -0.12499784897240732        5.9446832808004640E-002
 -0.11072970037665970        5.3518388479341220E-002
  -8.7539891680952941E-002   4.2432738606759626E-002
  -8.6432492912473263E-002   5.7147154280585928E-002
           7
   4.2764658336358619E-002   6.0513275319868526E-002
   4.3340796741591595E-002   8.1992032531740949E-002
   1.5517695181608733E-002   7.3238447989594391E-002
  -2.1773096883544278E-003   6.3135003394934941E-002
   2.6394681007643125E-003   3.9325326321070615E-002
   2.3424048966752944E-002   3.7424673855724434E-002
   5.0605222297768565E-002   3.5927092012426304E-002
           7
 -0.12325061365006856       0.10260432884044564     
 -0.12776483105692640       0.12939128018000953     
 -0.15367356607574839       0.12702999307734267     
 -0.17626443450693002        9.6042385953764131E-002
 -0.17471709513308711        7.7073453085293939E-002
 -0.13976357919072047        7.7198473738743154E-002
 -0.13350555675778508        9.4265047485948800E-002
           4
 -0.15018978943815675       0.14324431099576510     
 -0.16433872328735699       0.14229211555551163     
 -0.19801541604061201       0.10030913648344075     
 -0.14783621277937498       0.10367595240740152     
           5
 -0.14686931383257257        4.6866791117239008E-002
 -0.16427488424020001        4.2524716271507300E-002
 -0.18568583008952669        1.6506382059142365E-002
 -0.16715163918995371        1.3013734545861827E-003
 -0.15254445752512469       -2.9797862968378476E-003
           3
  -8.1250343521393625E-003   2.7830423274937399E-002
  -1.0277506609386484E-002  -1.5206732361015420E-002
   1.1627906976744186E-002   0.0000000000000000     
           6
 -0.45054837131048642       0.28488639691352441     
 -0.44934765795366421       0.30419907720035710     
 -0.48082308249783340       0.28764894757243903     
 -0.48848439726584525       0.25324413891897085     
 -0.43830870712818459       0.25341374481076462     
 -0.43877607775762256       0.27286354206008462     
           5
 -0.61306341447205170      -0.17104878471518853     
 -0.60048879345617778      -0.15768772661374028     
 -0.63921983637978719      -0.14769427005710822     
 -0.64162141744014201      -0.18891373579388793     
 -0.62600438613033593      -0.19840071900272352     
           4
 -0.47829429256978645       0.12589596415643692     
 -0.51492942918603724       0.12178838323574757     
 -0.51260460007669606       0.10169068244626668     
 -0.47231426434818835       0.10608603501980200     
           8
 -0.82478303014951015       -2.7310224696427875E-002
 -0.83307287658019236       -1.4353683733073259E-002
 -0.84540029483830048       -5.7194778804669985E-003
 -0.86889724896279530       -1.8824121339155245E-002
 -0.87381922946978041       -3.1872928035388069E-002
 -0.86614061073211801       -4.1727448964973823E-002
 -0.83889988235227375       -4.7544767641034720E-002
 -0.82391010205654303       -4.3994398213920372E-002
           4
 -0.86228817644281086        4.8121036125066581E-002
 -0.90265124182365142        5.0011290953394114E-002
 -0.90289797012457029        3.5990223224421136E-002
 -0.86972903136770674        3.3026188239609004E-002
           8
 -0.49721080484712571       0.36342284287699445     
 -0.50038023091103434       0.37373543901915629     
 -0.52103842356230712       0.37762421539043184     
 -0.54011120250997480       0.38813288212486552     
 -0.54528601468352944       0.37017945704112876     
 -0.54055240371316404       0.34478150508914535     
 -0.53316599539008180       0.33835804295532090     
 -0.49730510210519063       0.34230884823981955     
           6
 -0.31222623515204934       0.44481884592699700     
 -0.33898897808778244       0.44204598381556220     
 -0.36014586880954635       0.44149497690371153     
 -0.35694778720608117       0.41016531284184160     
 -0.34252019679400708       0.40327829552406114     
 -0.30952112477097710       0.39360481873479131     
           4
 -0.88880787706312325       0.11596964956254148     
 -0.90697674418604646       0.12790697674418605     
 -0.93212902557516153       0.10595026395483254     
 -0.91710273181491164       0.10885599447626067     
           5
 -0.34978739694891414       0.31195899569410646     
 -0.37042908282414438       0.31403786742988937     
 -0.38521045230655210       0.29483298878906322     
 -0.33603336333248146       0.26587021314610126     
 -0.33297171522294450       0.28711284912188467     
           6
 -0.77513448123295903       0.21416598335477349     
 -0.79898317525678231       0.20924179102171825     
 -0.79935664797913886       0.18724583301458719     
 -0.77263493604239475       0.17058499011414885     
 -0.77825982650050174       0.18347451318968117     
 -0.76550681280494670       0.17929701120666602     
           8
 -0.34594620040222845        6.6639557959841889E-002
 -0.35992186780699337        7.3687882491623002E-002
 -0.38264412346587756        6.8389456027114492E-002
 -0.37743768342781581        5.9433820718345756E-002
 -0.38642999609208434        4.9938394159307502E-002
 -0.36210439798734601        2.8097934468563901E-002
 -0.33293632774823551        2.3357652963649965E-002
 -0.34469129590235209        4.7329194980167508E-002
           5
 -0.57589575367175028       0.13834789737771874     
 -0.59121107637988668       0.13649627845672135     
 -0.61360367869860455       0.14274360644404385     
 -0.61367310722978463        9.2815441228773915E-002
 -0.56786200798917008       0.12139114262833525     
           4
 -0.34013985698716703       -8.2094944391302035E-002
 -0.37662610234048027       -9.6940675359722048E-002
 -0.34173408247060366      -0.12511870255074148     
 -0.32397316651006358      -0.12420471695848241     
           8
 -0.57193215092544836       0.29091545787327955     
 -0.59165619486878007       0.30179349410013989     
 -0.60197723451718166       0.29952681177868051     
 -0.62063212615673713       0.29663736848907757     
 -0.61371908374703699       0.26474882427275115     
 -0.60222237329404138       0.25637301699677223     
 -0.56745808584659274       0.25946262479836246     
 -0.57131805815698666       0.28011890287426444     
           8
 -0.90948680478292143      -0.10057935253373401     
 -0.94619803003642045       -9.9007927609280288E-002
 -0.95637550506079538       -8.9841864317416198E-002
 -0.95719773713800427      -0.11467548061538367     
 -0.94621364147151132      -0.13799788551434095     
 -0.92567811773433994      -0.13721235828116976     
 -0.90349114205874614      -0.13685948643661458     
 -0.90532478917125137      -0.12694893645483837     
           3
 -0.41197840615188175        7.1875306370732903E-002
 -0.41846674773691356        3.7336939571221570E-002
 -0.37245806345982518        3.5852874000691808E-002
           6
 -0.50550098231054219       0.30104827481538809     
 -0.52325581395348841       0.29069767441860467     
 -0.52981606151141925       0.27628852003696169     
 -0.52003713538762675       0.27045403462589079     
 -0.50242260057300725       0.26844584905440877     
 -0.49658021903388738       0.28081815999598558     
           5
  0.84404316594998929       0.38706539868942391     
  0.83328745959459105       0.39542475892556822     
  0.82475868536629515       0.35791971746141199     
  0.83910337541899160       0.35392280799529674     
  0.84883720930232553       0.37209302325581395     
           7
  0.91299572768246084       0.70663147401930659     
  0.90095988905890534       0.70123310115511706     
  0.88455207942498604       0.71189897509838862     
  0.88472406152794814       0.69831356792879429     
  0.88835092814948380       0.66920003136020623     
  0.90511148981746203       0.66736465470633943     
  0.92501691735984803       0.68921644029888418     
           7
  0.69301078675513927       0.62631867376550598     
  0.69750391517410171       0.63602410828173883     
  0.67244629990325633       0.64138079882202537     
  0.67331455751937719       0.60204777886561289     
  0.67970059558209983       0.59260658370720387     
  0.69366425941588372       0.60720567336539522     
  0.70147920044502543       0.59875773075643890     
           8
  0.68632419055297400       0.65241995436700406     
  0.67927015443872552       0.66023733872927859     
  0.66158264075449824       0.66434253696325951     
  0.64988259748195132       0.66202297894361695     
  0.63782933440208833       0.64301105850079743     
  0.64572378377783668       0.63051130731628580     
  0.64190475188688800       0.61323106209453893     
  0.67713153317985941       0.62660248121629680     
           7
  0.24160112640724996        1.0118310911056489     
  0.22206204524225998        1.0038984996020131     
  0.20783349010158977        1.0050998484199760     
  0.21413919981667315       0.98592870448275671     
  0.20705329845345705       0.96081757069283691     
  0.22017586594727478       0.96861852738988496     
  0.24989587729242871       0.96960800103254619     
           4
 -0.16558473819868408       0.96916234692264336     
 -0.15755405203979406       0.95663203542753628     
 -0.14423490186590729       0.91752662105981453     
 -0.11233052055881916       0.93917939385029969     
           5
  -6.9945123674352114E-002   1.0107936655933130     
 -0.11321187538642186        1.0214555703945465     
 -0.11337546737384281        1.0085100757144874     
  -8.2780079791444652E-002  0.97811347878931310     
  -7.7728116728850272E-002  0.99771263887173078     
           5
  0.16697582741437103       0.39205093696066440     
  0.12186518025428791       0.40792319060764748     
  0.11769971206144110       0.37626524269133554     
  0.13883938229340975       0.36663076719630111     
  0.16257476900573539       0.36602614434620540     
           7
  0.23492982933189471        1.0041975994446082     
  0.20829491379317874        1.0276011981770556     
  0.19971807597323177        1.0200092405792509     
  0.20043630018676367       0.97221842954948101     
  0.21006306739642644       0.97805053851532797     
  0.24001573454943700       0.97993612065628344     
  0.24728048024175653       0.99509956620130302     
           5
 -0.10016292456212036       0.53214721162982537     
 -0.14021012084329756       0.53730292244223010     
 -0.15226923781147447       0.53160041693982762     
 -0.15248340605616970       0.50633763499725981     
 -0.13972425729342394       0.49357649145606741     
           6
  -2.0679077233363326E-003  0.79826772735663354     
  -3.7293591399245762E-002  0.80334395819518001     
  -4.4973418020196249E-002  0.79289758470083804     
  -2.7480815494476018E-002  0.75209630458912358     
   3.7813153149951172E-003  0.75808154179764953     
   2.7785201858943273E-003  0.77015689775617768     
           4
  0.31553987445969289       0.88799126250225380     
  0.31605260390746703       0.90486497211582551     
  0.29069767441860467       0.88372093023255816     
  0.31524280569958302       0.86561596589560086     
           6
 -0.31241023156654685       0.51704654868328859     
 -0.36195391493900386       0.52792164145206422     
 -0.36078180823010969       0.51322525334399161     
 -0.35759957427591743       0.49478343753330656     
 -0.34494585016782436       0.49728157656942512     
 -0.31269759780896828       0.49019789311772660     
           4
   7.4298407419494228E-002  0.94284795278270983     
   5.4444668392926901E-002  0.95200718380755811     
   1.9132911915092560E-002  0.90665428060425712     
   6.6052700767206471E-002  0.91579173839246530     
           5
  -6.4341135524847853E-003  0.99720607762422020     
  -2.9644438657902561E-002  0.99855957698232123     
  -4.5590722474539158E-002   1.0032376116161721     
  -4.4978457576826045E-002  0.96172003294493147     
  -3.0989649532635055E-002  0.95213500358237757     
           6
  -6.6160656162343734E-002  0.63353594987285933     
  -8.1036492151071074E-002  0.64622037909398844     
 -0.10684530698444697       0.64778191129151352     
 -0.10985983394048640       0.63663449131926608     
 -0.10226236011867940       0.60332595960301338     
  -8.2069027485710086E-002  0.60523496390279574     
           3
 -0.18850742519063263       0.41803732930924303     
 -0.21195806375523574       0.40148829012067977     
 -0.18604651162790697       0.39534883720930231     
           7
 -0.17600827430809188       0.94520089223793635     
 -0.18352407378012073       0.95501377276559007     
 -0.18459939449101739       0.92095669172515093     
 -0.18895320150717893       0.90721604159390379     
 -0.15871780275206968       0.91390373731217889     
 -0.14880582362637976       0.91037673813554532     
 -0.13505819684177550       0.92415190679682790     
           8
 -0.17561561975965889       0.39624438669135659     
 -0.18794046912677095       0.39220608559847903     
 -0.21274576318045421       0.39388827133476001     
 -0.21888697664704329       0.38535496789521706     
 -0.21633904169525028       0.37319068079492418     
 -0.21860679099848518       0.34736724031692218     
 -0.20600304763202637       0.34755692345197375     
 -0.19842644936535106       0.35432794205212098     
           7
  0.24288268935428214       0.47748037383729669     
  0.22938806670926914       0.47150857763963855     
  0.21373050621582790       0.46999586648992120     
  0.19998380759198137       0.47182029568399714     
  0.20574726082645425       0.44214532250091315     
  0.21189710946486970       0.42826638507682235     
  0.23903686994807571       0.45676522301084688     
           6
 -0.22707429329981416       0.97152650760417836     
 -0.24953323770961988       0.97971946900530904     
 -0.24810190238467822       0.96574551332766867     
 -0.22950270210699553       0.92619596428504825     
 -0.21958674725970290       0.93364106016863191     
 -0.20778734904615015       0.93038337418260442     
           3
  0.22354760356962203       0.50757008690210703     
  0.17361478699205210       0.51248277755755378     
  0.20109581569795806       0.46849941110275561     
           5
  -1.8960139877196160E-002   8.1408891232909675E-002
  -3.3893310116547934E-002   7.9890154788110262E-002
  -5.6542521084169038E-002   7.3600980221817686E-002
  -6.3920790875547903E-002   4.9265170944410186E-002
  -4.6511627906976744E-002   5.8139534883720929E-002
           5
 -0.23984398093917159       0.31191362800766104     
 -0.25390032559055931       0.30336805854271393     
 -0.26009165115602528       0.29031857802621680     
 -0.20618874698176873       0.27247791477423838     
 -0.20840404464367995       0.29049134127697041     
           6
 -0.12044450333333404       0.16887016700704408     
 -0.12805971722251486       0.18326067595350307     
 -0.15286524332939064       0.18104274368296522     
 -0.16607723600447760       0.17816492913719265     
 -0.16347377254154499       0.14985474418120273     
 -0.14968112813975731       0.13837099401473729     
           6
 -0.11366058049058253       0.14732194818591277     
 -0.12674624567539658       0.14541166183320145     
 -0.13951573644793039       0.15189822061620395     
 -0.15172074710208824       0.15146628315434271     
 -0.15493212262543646       0.12690860949175686     
 -0.11360871679709889       0.12542931790269138     
           8
 -0.12398989801123267        5.4807142605350516E-002
 -0.12833517271003117        7.2773434561399480E-002
 -0.16233235437974669        6.1575454429706564E-002
 -0.15369766944119256        3.6142491962671872E-002
 -0.14563342383437930        2.9167242549390814E-002
 -0.13039130016421652        2.9415504409057873E-002
 -0.11307268273785961        2.4383128867243576E-002
 -0.12080124024317296        3.2634650632622796E-002
           4
  -1.1627906976744186E-002  0.24418604651162790     
  -3.1942468731842213E-002  0.27114995427279359     
  -1.9534108380118861E-002  0.22671306790087029     
  -3.5543967328634414E-003  0.22537800331337432     
           8
   6.6082983521871391E-003   1.4486649845953681E-002
   7.4761906074089605E-003   2.4860867176363648E-002
  -1.4088741220604301E-002   3.5649511249810258E-002
  -2.1153715926534360E-002   2.7165558968158695E-002
  -3.5270456952855328E-002   8.7995584957193292E-003
  -3.0698941157902743E-002  -4.3869687145521065E-003
   8.5639696594510054E-003  -1.0934001735006988E-002
   6.1057124870062193E-003   5.5255912796658459E-004
           8
  -9.0664210952468294E-002  0.25925164624010461     
  -7.9232826944995033E-002  0.26989142739735583     
 -0.10042616478949914       0.27110006567107425     
 -0.12677394335632441       0.26165111224340520     
 -0.13085191001943153       0.24858706883520734     
 -0.12838024811474766       0.23900241104903075     
 -0.10563259268267229       0.22441196220600795     
  -8.8851260550557573E-002  0.23657862879424846     
           5
  0.12494443184850193        4.0988504709754799E-002
  0.10937413310777075        5.4039765531687427E-002
   9.0129140966177274E-002   1.8402035692948775E-002
  0.10446419026587568        1.9916564336946777E-002
  0.12782397489538863        1.7375680208151795E-002
           4
   8.5506584211808484E-002  0.15783098007140697     
   7.6369336553578471E-002  0.16971885832343211     
   5.8139534883720929E-002  0.16279069767441862     
   7.6101692179891031E-002  0.13924850307126044     
           3
  -8.3935542046954331E-002  0.32584510234616476     
 -0.12851904104585454       0.32168709228519204     
 -0.12260883867793743       0.30111905657723392     
           4
 -0.25284015975016216       0.14331796508937489     
 -0.24244201347838998       0.10116707640496059     
 -0.22269386770457544       0.10443349968910466     
 -0.20887993414528308       0.11566947220506944     
           7
   2.1280599374687674E-002  0.36218882776813677     
   9.7742598974835393E-003  0.37627319892146810     
   6.3110653624199537E-003  0.36383059700558407     
  -2.4385151087549160E-002  0.37503215415805091     
  -2.3500700486019134E-002  0.32861535039207035     
   8.3322345999928930E-003  0.32227650180109441     
   2.5366016185770009E-002  0.33292393444620832     
           3
 -0.13953488372093023       0.17441860465116280     
 -0.13647277477025840       0.14755876443492180     
 -0.11543888641390543       0.14717975879259190     
           6
  -1.0861006557135528E-002  0.22327003429935455     
  -2.9978111669528653E-002  0.21481100340711329     
  -5.8185582179473547E-002  0.22431999515655471     
  -5.9569155506496468E-002  0.20331198110825829     
  -4.6651219997228877E-002  0.17858250637176709     
  -2.0904314214567527E-002  0.19762485922676223     
           6
 -0.65312865602680936      -0.69473353475667843     
 -0.65062547129660131      -0.67714478520493659     
 -0.68995148097365888      -0.66999098681479996     
 -0.70076351420408300      -0.71475168847634263     
 -0.69041965152735429      -0.71983337447636808     
 -0.66748478945124656      -0.71552180038706725     
           6
 -0.80532098414408593      -0.66207717796770416     
 -0.85081440402047592      -0.65696230690480084     
 -0.85068668465315311      -0.68844935904852822     
 -0.84407495263841148      -0.70230664093997408     
 -0.82637022540804039      -0.69634305871796309     
 -0.80873578421080128      -0.69887181910119445     
           6
 -0.38314380329527825      -0.37583350573951546     
 -0.39280073861625420      -0.38607034029821691     
 -0.39213752174990602      -0.40895605086591869     
 -0.37238652884491757      -0.41368575185831807     
 -0.34887755013644400      -0.42187535713521374     
 -0.35869622640258109      -0.41394721911281296     
           7
 -0.66079797359964654      -0.41007834126849996     
 -0.67281368463196922      -0.41227943578227344     
 -0.70797988344974450      -0.41270263677821606     
 -0.71395653414401694      -0.44782232171292963     
 -0.68467199770008402      -0.44979012584191591     
 -0.66959516479338643      -0.43519082972061846     
 -0.65864305543465418      -0.43762852999172153     
           7
 -0.53589181509295947      -0.20491243481479704     
 -0.55159204853791877      -0.19760728921559012     
 -0.56168088020497675      -0.20650448324243334     
 -0.57760686562175478      -0.19575838968338385     
 -0.55336284387548795      -0.24830411621067938     
 -0.54250003088938858      -0.24365378757854309     
 -0.53479656469790104      -0.22683215748378785     
           5
 -0.80177593943142444      -0.56552392628496717     
 -0.82252965243766873      -0.54745787634405063     
 -0.84613081706603743      -0.58074486300193406     
 -0.84699229104670926      -0.59494285580352624     
 -0.83123178696672317      -0.59454088100411340     
           3
  0.22801929386466793       -2.4024427973229418E-002
  0.23397967623361204       -3.8935055166846373E-002
  0.25581395348837210       -4.6511627906976744E-002
           7
  0.16522995929100137       -9.3359057107656726E-002
  0.15058602438462354       -9.2463190987010599E-002
  0.12497618282390546       -9.7629340214132804E-002
  0.12929168109054945      -0.11341740614354752     
  0.12829330891142210      -0.13870124581457588     
  0.14685809382560691      -0.14234337208553210     
  0.17898879104864457      -0.11465333824694766     
           6
  0.25330941839851506      -0.18211078008848999     
  0.22894985676174440      -0.17261682410121884     
  0.24146605384181841      -0.19177327040869077     
  0.22969957306148936      -0.19375086339590117     
  0.25061604822378397      -0.21281839450340004     
  0.27783126099888716      -0.20069361873065100     
           8
  0.17878607244318070       0.14078834611133553     
  0.16937638258212698       0.15326447065038426     
  0.14838632809340935       0.16433713672684402     
  0.12387584655520108       0.15047391549075889     
  0.12693164574360555       0.12926159190860539     
  0.13157650566504020       0.12011692432158765     
  0.15232151016201523       0.12323053284161184     
  0.16840085421026885       0.12098149433863406     
