 nroutes  = 7

 RouteID =           1
 Route number of clients =            7
 Route length =    330.08888590234886     
 Route demmand =         2209
 Sequence =          115         114         106         107         108         109         120
 Visit points =   -107.59829528859701        28.460264437680305       -116.75899877620658        23.683460157132807       -148.33631599383864        7.2176216702294518       -152.00000000000000        1.0000000000000000       -151.95232547949124       0.87409407265284245       -140.39938061212371       -29.636632025760331       -118.92877794752654       -20.833327374615656     

 RouteID =           2
 Route number of clients =           12
 Route length =    195.49083460163951     
 Route demmand =         2047
 Sequence =           19          65         130         119         117         131         116         132          17          18         118          46
 Visit points =   -28.634300695518213        29.102706882105231       -40.884527647351817        47.564918160209317       -48.725221730664167        38.946872704943786       -62.155716379892617        30.176566138296042       -79.819291459429522        15.789676107063229       -83.246634810875662        14.437366062691220       -83.793475450517960        11.925186825938063       -63.927878103201039       -7.1325207332175307       -20.921596067855674        11.491921996525779       -19.247096157241334        12.217086465766945       -14.270762937559748        14.372153787743468       -12.948798918971939        14.507497501858488     
 
 RouteID =           3
 Route number of clients =           32
 Route length =    62.859843667202931     
 Route demmand =         2203
 Sequence =           58          55          57          93          94          45          44          39          42           3          41          40          43          37          95          38          96          98          36          99         101          35          97         100          53          56         104         102         103         105          51          54
 Visit points =    9.4414600779138116        7.9064177024953928        12.341848720368700        6.5740213211823990        13.429041794382833        6.6482479009203406        14.605318039488914        6.7285564729169236        15.897112843040134        6.8167518965086176        16.552306262194570        6.8614842804584217        19.775577717710483        3.5988564145754740        20.203814582520440        3.1653907423199303        21.024963505042724        2.3342155237151605        21.461464366436672        1.8923849507956247        21.248945184630351        1.9403634138273371        20.351522835539864        2.1429660430756932        20.169137152860817        2.1841415485503237        18.445374931688114        2.5732991827038711        16.842792486563546        2.9350991950375920        16.038145603701835        3.1167567771665583        16.038145603701835        3.1167567771665583        15.839245347353518        3.0116048449435708        15.663206899246735        2.9185391882983223        15.233142017146363        2.6911782277628498        14.803077135045990        2.4638172672273768        14.416409275146520        2.2593988650421428        14.392579644116598        2.2941364218295917        14.392579644116598        2.2941364218295921        12.515885948955169        3.6327523903214178        12.386945373227441        3.7246181757681316        12.257973885988649        3.8164300781877771        12.128986942994324        3.9082150390938883        12.000000000000000        4.0000000000000000        11.913823407974121        4.0526839836079898        10.395953235028003        4.9804378311876425        8.9320696248107296        5.8750166720898074     

 RouteID =           4
 Route number of clients =           16
 Route length =    82.404573564813916     
 Route demmand =         1940
 Sequence =           66          71          33          80          67          79          63          64          77          32          76          34         134          74          73          72
 Visit points =   -13.292796930459106        10.972205466513591       -18.424723008341044        8.1378548051894803       -29.305256418575446       -8.3130600875065745       -27.930535801802048       -9.2505175404926394       -12.896689659277753       -8.6878624005700846       -4.7855567679138122       -4.9500437694165376       -3.0699069493850559       -2.1768881023876374       -2.2357662931925706      -0.82859691279891279       -1.3311055280038169       0.63368181707170257      -0.91723660957042075        1.0612640197913941      -0.60605585629970626        1.3827584066310139        4.1910488891488129E-002   2.0522006541042210      -0.87637638904246973        3.8536727774891228       -1.3450249621928965        4.7730557725876563       -3.3148362436048422        9.7456000258237054       -3.6412172018731090        10.569508272119881     

 RouteID =           5
 Route number of clients =           33
 Route length =    145.41442662489334     
 Route demmand =         1974
 Sequence =           91          21          22          25          26          27          28          29          92           2          10           4           6           5           7           9           8          11          12          15          14          13          88          16          90          89          87          86          85          84          83          20          82
 Visit points =   -1.5945035616577141        15.432286246897672        1.7836869964016839        15.763768825101311        1.9879972863985147        15.768539204289793        3.4114879299662784        15.801775856937924        4.9968894817686813        15.838792918429066        8.0622959309996212        15.910366166794772        11.242048415921120        14.153069683770362        13.231171904277641        13.053776664277223        15.701361065197570        12.403669307101866        23.516861095639015        10.346776600187871        26.188976063223045        10.044833978802686        28.067177212398061        9.8332281628735085        29.360597721129071        9.6875061233519304        30.057436315336073        9.6440127810681329        31.588268297991952        10.875494400678297        30.581095712344428        12.010737342737464        30.382906320530896        12.234247552311579        27.292520262251486        15.719463920619498        27.292516655681681        15.719469987162197        25.822496513061999        18.192163364688955        24.968697491727330        19.628323259532131        24.968697059562146        19.628324347835541        24.760831187288399        20.151784232442129        19.077065196268542        19.263059185588006        17.000650290043421        19.549200492540606        16.404044324022763        22.143832641216328        14.557743596848898        30.173372264524424        10.137969448730741        49.394916851547883        10.011799124826636        49.943630106472575        9.7911254497822036        50.903337324168682        2.0788940621568921        57.974738740870222       -5.4333883181508353        31.722630274038796       -6.3288599805589945        28.593352376800073     
 
 RouteID =          6
 Route number of clients =           19
 Route length =    210.15300312353881     
 Route demmand =         2149
 Sequence =           81         128         113         129         112         126         122         121         127         125         124         123         110         111          69          70          68         133          78
 Visit points =   -63.398836351982297       -8.4638443096321456       -78.334933757948264       -14.570731195846346       -79.244670387626300       -14.943560451601842       -79.305318544214870       -15.671238719160224       -79.365966700803440       -16.398916986718604       -80.462278774727011       -16.901742696275988       -80.866580584901399       -17.087176524299707       -89.110245185163578       -20.868149661943736       -80.468675007096394       -18.730145965923104       -79.919162977734359       -18.882616740904087       -78.392686176697438       -19.306184102803659       -77.985577116051331       -19.419174671417181       -76.703246091230426       -19.775113216845376       -76.571654732443960       -19.811674692841194       -26.648665843575426       -33.682328334023190       -25.463300924002368       -33.107907990410368       -23.254962443291948       -21.993919024672294       -14.337726985378298       -6.0510698355950252       -8.9786324981352319        1.0153419540924435     
 
 RouteID =          7
 Route number of clients =           15
 Route length =    41.435497559481348     
 Route demmand =         2098
 Sequence =           47           1          75          48          49          62          50          52          61          60          31          30          59          23          24
 Visit points =    4.6016684744401570E-002   8.4244289470035945        1.7163172956672701        6.6078311902193763        3.3703272697106570        4.8089509234596051        3.9326302055777140        4.1973973831870595        4.3240327306099342        3.7717129618777969        5.9297635283481984        4.1275347927324821        7.0406100278040746        4.3736927560639662        7.3957718191695587        4.4523948118912235        7.6897716487200380        6.7943113849586707        7.8570991014587070        8.1271928879752142        9.2056710907621309        10.144035950467636        9.5999532147799229        10.733700553319728        6.8550115278776413        11.139902477784197        2.1823357522101805        12.543011618888938        1.7928944635092534        12.659952887304213     
