 nroutes  = 4

 RouteID =            1
 Route number of clients =           24
 Route length =    56.515857834546637     
 Route demmand =        26772
 Sequence =           31          32          34          60          61          58          63          62          64          65          66          67          69          37          38          40          68          39          59          57          56          41          55          54
 Visit points =   -5.8871473369030349        1.4091136659281092       -6.4596371357475402        1.7423576246653492       -7.4377079323245532        2.0983859581752111       -10.420556963698052        3.1841752215578367       -11.317913401409861        3.8088461799515527       -12.361762496883122        4.5354941288428581       -14.093023955180868        4.5903543845358481       -14.367132029439256        4.4619066803572762       -14.600401989609367        4.3525958148574402       -15.019724337577472        5.2501081500589528       -16.012075580700490        7.3741212351316214       -16.082345487537012        7.5245258450335442       -19.572726729355427        9.6284910516674831       -19.695455216761729        11.617556107732639       -19.756213950247691        12.602275109667454       -19.526434504686573        14.660296065233458       -15.361092111827938        10.241547855403326       -12.575038617294226        9.9131408111181152       -11.900966035030985        6.5026279386237071       -9.4977702171842964        6.5468702665925385       -8.6781721957505145        6.4992074228626127       -6.3353009713950108        7.5343649480626942       -5.9634993154514708        6.3175052757742503       -5.4978005918037782        4.7933324078375570     

 RouteID =           2
 Route number of clients =           24
 Route length =    61.021521220419558     
 Route demmand =        28236
 Sequence =           23          26          24          25          51          70          49          50          47          48          52          45          53          46          43          44          42          27          28          22          21          30          29          20
 Visit points =    1.4957950861494946        8.5303716549402608        1.5322718787304328        8.8781101693894637        1.1540772862364932        9.4066481033206930       0.53822597822959917        10.267316618038931       -4.7973172306334710        17.723879445177719       -4.6246099118777479        18.505972024803786       -4.5416523994538345        18.552940372735620       -4.4999548268374445        18.576444164099637       -2.4508233615305333        19.731457973414983       -2.5363826910539014        20.508429319754192       -4.4376944798051641        25.650768063583506       -1.4622789398122003        24.045110867681810       0.72775641035458238        22.863277281328497        1.2484524469463552        22.582288180272048        1.7088402561155815        22.439430278543782        1.5826542697739554        21.176380273343629        1.8576485362930768        20.693262908693264        5.4619923711506129        14.361054180010235        5.1245663173045362        12.419702606061934        4.7596055053937221        10.319932175826345        4.5235494202102071        8.9618039292609453        4.1730410244962748        8.2683813793735901        3.4402747130968434        6.8174661181976086        2.8029923823321856        5.5545871157812234     

 RouteID =           3
 Route number of clients =           17
 Route length =    72.740446904481942     
 Route demmand =        29980
 Sequence =            9           7           4           8           3           5          10           6          71          12          16          17          13           2          15           1          33
 Visit points =    6.5479469886894304       -24.524557713628088        2.1921745926303879       -21.473724411309369        1.4909139900157184       -20.963596645294299        1.0035142369529315       -20.609040655325423      -0.91567995129779756       -17.921417210160030       -1.2742759630638691       -17.419242362786331       -6.8357510482489898       -16.437397521210912       -8.7336199038424862       -11.669245778483541       -9.0000000000000000       -11.000000000000000       -14.000000000000000       -9.0000000000000000       -14.678116113122037       -8.7316682732262887       -14.627549365057913       -8.3422101917170970       -14.507623030769704       -7.4185541951897740       -14.466820348713711       -5.5363781736903608       -14.101585496101803       -5.5159489746797092       -12.534783399009358       -5.4283108108437448       -8.5087260854841151       -2.3557482871472013     

 RouteID =           4
 Route number of clients =            6
 Route length =    29.582050009587679     
 Route demmand =        29852
 Sequence =           35          36          14          19          11          18
 Visit points =   -6.5251928701327131       -2.4203113468775435       -7.3988280275583742       -2.3195140737644264       -10.524904818400167       -2.4463080423431363       -13.454272719858604       -3.6970814904701870       -11.159914184784576       -4.6697362128539659       -9.0024887709017047       -5.5843404409748532     
 Demmand clients:         2894         450         551        1514       21611        2832
