 nroutes  = 7

 RouteID =           1
 Route number of clients =           16
 Route length =    202.10289475034426     
 Route demmand =          199
 Sequence =          110          52          54          57          59          65          61          62          64          66          63          60          58          56          55          53
 Visit points =    30.603771777087957        51.039572634707895        84.386003436323932        79.139192758094211        85.433593923136030        79.555379534968637        85.975713980495541        79.376960497032272        88.891275030593150        78.417409949987629        93.795373868893620        80.675526598579964        94.207072347307175        82.754305333965775        94.349711303563083        83.474528615443532        95.350182143353891        84.710721446357383        98.354768796435877        88.221175647320408        92.756891358591304        88.072983136420078        90.000000000000000        88.000000000000000        86.641947819737240        87.309407809142712        85.243619371795191        87.866939370169035        84.152389240889718        85.444369971433900        83.539410792125878        84.083536183947444     
 
 RouteID =           2
 Route number of clients =           18
 Route length =    56.303360049789859     
 Route demmand =          192
 Sequence =          120         105         102         106         107         104         103          99         100         116         115          97          94          96          93          92          87          95
 Visit points =    5.9524751998000127        48.795405551563590        12.997193199079991        49.049779294324459        15.258164957752275        49.131419446363033        15.621884100275910        50.078454857973718        16.658707681571904        52.778089087471315        16.885676944481247        52.886213140600908        18.674447786062558        53.738351227638091        21.372855182165850        50.871581142237389        22.000000000000000        51.000000000000000        25.227101698079366        50.925166290950060        29.149988187116350        45.434049653472492        23.637268898858224        44.767519219972421        22.494784281660582        44.629846184017843        21.159717883773329        44.468966429987617        19.786942821404864        43.276050323029637        18.688287279793396        42.321339003226257        16.167033696862891        42.944875561276824        15.051711528241469        44.260839097393621     
 
 RouteID =           3
 Route number of clients =           16
 Route length =    125.83564492484741     
 Route demmand =          199
 Sequence =           88           1           2           3           4           5           6           7          10           9          11          15          14          13          12           8
 Visit points =    10.626292532052251        43.228207793101994        25.200550238753696        1.9973852868191420        26.012780190096919        2.4179102853605956        31.000000000000000        5.0000000000000000        31.085055801826545        5.6002719131765151        31.167527939871452        6.1822980465656689        31.463781110499376        8.2730232266816444        33.720614858883742        7.7453740080189366        34.100262885333393        7.3811599682858322        35.408904400380258        6.1252994893022663        35.784209662488152        5.7647931727509096        37.341557495099536        4.2688543000298358        38.147169268596478        4.2273514448915588        38.814964420526692        4.4584139363559263        46.988201972588406        7.2864198400388798        46.000000000000000        9.0000000000000000     
 
 RouteID =           4
 Route number of clients =           16
 Route length =    185.57272070738637     
 Route demmand =          200
 Sequence =           37          38          39          42          41          44          49          46          47          50          51          48          45          43          40         101
 Visit points =    84.931181207388477        42.082831447583082        85.625953199343513        44.629136786523219        86.000000000000000        46.000000000000000        87.732114418025105        44.986146747284025        89.919885395049661        43.615287548778802        92.299846490206377        42.952465231537445        94.584081684992597        43.359712700737582        94.630221460744139        43.411195033652426        95.261034702803556        44.115050572316342        98.239252735236448        47.438118507023937        97.715608646692246        49.244417018521162        94.734576304413494        49.244341648733219        90.779359514069867        51.515090224611811        88.426276528197022        52.865887095715991        86.167271848231934        54.162677932174589        18.185790824593546        47.790238271469754     
 
 RouteID =           5
 Route number of clients =           15
 Route length =    133.31166748566187     
 Route demmand =          200
 Sequence =           69          67          70          71          72          75          74          78          80          79          77          68          73          76          98
 Visit points =    35.668024766247143        84.071291243571849        35.763224238158891        84.216201743198198        35.925283379610264        85.782291038108866        42.787467123858420        87.389494807611058        45.658637165309884        88.061648127967288        45.903021250647406        88.118553479329137        46.147732981271773        88.175240654838333        50.625252677648163        89.212347363328618        53.122818376300820        89.790846692558631        53.196542687270160        86.926495749846893        50.071539492263227        84.124248479198144        49.109959106128684        80.595381239561164        46.866261966348482        81.903916977556250        46.770478577970742        81.753455416761568        30.476944711786690        56.158719441259997     
 
 RouteID =          6
 Route number of clients =           18
 Route length =    54.390513181946268     
 Route demmand =          188
 Sequence =          111          86          85          89          91          90         114          18         118         108          83         113         117          84         112          81          82         119
 Visit points =    13.848497424745828        41.145266079609534        14.699391450737421        40.577792647988147        16.456308006784308        39.406079794591996        16.984100427412766        39.333856512907275        20.229508923718623        38.889753788333145        21.504765438481726        37.974419600112135        24.684987965216656        35.691767936566755        25.010735208379497        35.264126638667960        25.914292861131461        34.077935272633667        26.810644269311595        32.901204271487650        17.432038960480575        30.421017734706197        17.345869597873673        30.892244060315452        16.811554559752505        33.813914408916510        16.735960003088081        34.227270498422634        13.614920784839995        35.039771843423246        10.997151114135079        35.530902080651067        8.9641248497676465        39.425090788944431        6.1088190663664257        40.164080215404155     
 
 RouteID =          7
 Route number of clients =           21
 Route length =    191.83985055479573     
 Route demmand =          197
 Sequence =           17          16          19          25          22          24          27          33          30          28          31          34          36          35          29          32          23          26          20          21         109
 Visit points =    72.038859869754134        7.7158433248311695        73.793398174635698        6.6613996875830646        74.736690818750944        6.1344385211413357        77.653351092217051        4.5039518693705967        78.627483866270381        3.9582169662154989        80.069998883555456        3.1490177436311013        81.003789536467693        2.6243766900595649        84.082554275441254       0.89460313608741959        83.411191212792545        3.7575924626172239        82.983783722519931        5.5802472239645864        83.199541661040442        5.6373446367062439        86.185902603404045        6.4276445649079168        86.170091114958694        7.5806151167103613        86.145924834638009        9.3428154087742534        89.089555173054649        13.970131703779407        83.808367362590758        10.368147010533686        78.932636221138480        9.8805371379099842        77.961935955740699        10.272104953027199        76.219135194899181        10.975128028670101        75.150162799397904        12.476354425096844        32.746247444008397        36.584059381998422     
