   99.000000000000000     
   200.00000000000000     
         120
           8
   25.000000000000000     
   7.0000000000000000     
   13.000000000000000     
   6.0000000000000000     
   14.000000000000000     
   5.0000000000000000     
   11.000000000000000     
   19.000000000000000     
   5.0000000000000000     
   15.000000000000000     
   15.000000000000000     
   17.000000000000000     
   13.000000000000000     
   12.000000000000000     
   18.000000000000000     
   13.000000000000000     
   18.000000000000000     
   12.000000000000000     
   17.000000000000000     
   4.0000000000000000     
   7.0000000000000000     
   12.000000000000000     
   13.000000000000000     
   8.0000000000000000     
   16.000000000000000     
   15.000000000000000     
   6.0000000000000000     
   5.0000000000000000     
   9.0000000000000000     
   11.000000000000000     
   10.000000000000000     
   3.0000000000000000     
   7.0000000000000000     
   2.0000000000000000     
   4.0000000000000000     
   4.0000000000000000     
   18.000000000000000     
   14.000000000000000     
   12.000000000000000     
   17.000000000000000     
   20.000000000000000     
   14.000000000000000     
   16.000000000000000     
   10.000000000000000     
   9.0000000000000000     
   11.000000000000000     
   7.0000000000000000     
   13.000000000000000     
   5.0000000000000000     
   4.0000000000000000     
   21.000000000000000     
   13.000000000000000     
   11.000000000000000     
   12.000000000000000     
   14.000000000000000     
   10.000000000000000     
   8.0000000000000000     
   16.000000000000000     
   19.000000000000000     
   5.0000000000000000     
   17.000000000000000     
   7.0000000000000000     
   16.000000000000000     
   14.000000000000000     
   17.000000000000000     
   13.000000000000000     
   17.000000000000000     
   13.000000000000000     
   14.000000000000000     
   16.000000000000000     
   7.0000000000000000     
   13.000000000000000     
   9.0000000000000000     
   11.000000000000000     
   35.000000000000000     
   5.0000000000000000     
   28.000000000000000     
   7.0000000000000000     
   3.0000000000000000     
   10.000000000000000     
   7.0000000000000000     
   12.000000000000000     
   11.000000000000000     
   10.000000000000000     
   8.0000000000000000     
   11.000000000000000     
   21.000000000000000     
   4.0000000000000000     
   15.000000000000000     
   16.000000000000000     
   4.0000000000000000     
   16.000000000000000     
   7.0000000000000000     
   10.000000000000000     
   9.0000000000000000     
   11.000000000000000     
   17.000000000000000     
   12.000000000000000     
   11.000000000000000     
   7.0000000000000000     
   9.0000000000000000     
   11.000000000000000     
   12.000000000000000     
   7.0000000000000000     
   8.0000000000000000     
   6.0000000000000000     
   5.0000000000000000     
   12.000000000000000     
   13.000000000000000     
   7.0000000000000000     
   7.0000000000000000     
   8.0000000000000000     
   11.000000000000000     
   13.000000000000000     
   11.000000000000000     
   10.000000000000000     
   7.0000000000000000     
   4.0000000000000000     
   20.000000000000000     
   13.000000000000000     
           1
  0.10101010101010101       0.45454545454545453     
           8
  0.25455101251266360        2.0175608957769112E-002
  0.24553413102551219        1.7880180848563531E-002
  0.23921045144335693        2.4334675260374073E-002
  0.24206928067172948        1.2027778711749818E-002
  0.24285613312933049        1.7182304350572674E-003
  0.24904426397781512       -4.0401957951488911E-003
  0.26343249368149135       -3.5546784625422774E-003
  0.26417520923249654        3.9479957663346842E-003
           8
  0.26060499900208672        2.9702394719335785E-002
  0.26644836551625140        4.3513690828148308E-002
  0.25717760515007232        3.9841208383431748E-002
  0.25139240179275374        3.9443474585910548E-002
  0.24217664818938045        2.5351240265481394E-002
  0.25208988875650717        1.7194294087362744E-002
  0.25719036956376373        2.0643105706543458E-002
  0.26580012420403326        1.6948523224861557E-002
           3
  0.32432159760536305        6.0933931733279378E-002
  0.31313131313131315        5.0505050505050504E-002
  0.32422172237577812        4.7654373664663130E-002
           3
  0.33315351667225834        5.9147248781582937E-002
  0.30971013985820922        5.5992383722733817E-002
  0.31329690983469133        3.6597652723694821E-002
           3
  0.31313131313131315        7.0707070707070704E-002
  0.30630251123412328        6.0268959359664746E-002
  0.31494738390591426        6.2479123688704868E-002
           6
  0.33599722237812990        9.6009153998956376E-002
  0.32539543817457245       0.10142858029848764     
  0.31966057161885586        9.9771658017976536E-002
  0.31070928621864069        8.9734046002264034E-002
  0.31066535728944056        8.1825544149201568E-002
  0.31708162632118631        8.3063305232788889E-002
           8
  0.35685955150627702        9.1665104979158238E-002
  0.34821902163977736       0.10401206828395636     
  0.33897620429584258       0.10251875352305878     
  0.33459575509591777       0.10513418064358092     
  0.33345611485523974        8.7811949345068113E-002
  0.34061227130185601        7.8236101091100366E-002
  0.35153414946500272        7.6854971081596904E-002
  0.35704334964887441        8.3843240071336464E-002
           3
  0.46473396056737321       0.10064302415214432     
  0.46464646464646464        9.0909090909090912E-002
  0.47252814742107779        9.2098663226614932E-002
           8
  0.36229889446635255        8.0673050005114405E-002
  0.35742973638483932        7.9310630301693302E-002
  0.35163408271778357        7.8571743442169828E-002
  0.34228033713951583        8.2544422952279192E-002
  0.34158949733032790        7.0431327990970918E-002
  0.33956904779944597        6.1960983631574998E-002
  0.35946428882932119        6.1862839497156485E-002
  0.36450340831879097        5.6578998773239200E-002
           4
  0.34752374135605468        7.4613488860442556E-002
  0.33205427917020797        7.4330322663594475E-002
  0.33045424528537320        6.1465232879310307E-002
  0.35073973133475578        4.6570030689723714E-002
           5
  0.36615430140439303        5.6762842644757963E-002
  0.35150214595027812        6.1339705863180841E-002
  0.34553396499989231        5.3338612478985345E-002
  0.34701057500058397        3.6952512866083864E-002
  0.36387792463413293        4.1704851988554149E-002
           3
  0.47462830275341822        7.3600200404433130E-002
  0.47474747474747475        6.0606060606060608E-002
  0.48255079587865257        5.9500511889527791E-002
           7
  0.41621777346478978        5.6068837271858456E-002
  0.39140182982174299        6.4981631575614734E-002
  0.39177166358835697        5.7727051523678991E-002
  0.39089867351084912        5.1915444002702316E-002
  0.39354697104585762        3.6362631355264532E-002
  0.40241611345604600        3.8984431070803363E-002
  0.41540861565937898        4.2086810291784064E-002
           5
  0.39264145856752064        4.0404983227924851E-002
  0.38532494210703516        4.2700519645369278E-002
  0.38483315648782379        1.6228144040732147E-002
  0.40576810412315595        1.9191049609431549E-002
  0.40212140928374090        2.4779424544413887E-002
           8
  0.37718744944544985        4.3119740404341772E-002
  0.36303714244045049        3.8781558287155078E-002
  0.35942871428543560        4.4761688067473604E-002
  0.34994209285104355        3.5921087782859032E-002
  0.36137052257953761        1.7021585600988730E-002
  0.36659802278883452        2.2502854571628983E-002
  0.37522853710229603        1.7121694044972657E-002
  0.37484661837558497        2.5777752885817885E-002
           4
  0.74538786034985549        6.7286865531142062E-002
  0.72974936961364811        6.0112296928808262E-002
  0.74268720399189103        5.0114753764417055E-002
  0.75053037170586689        4.6738098859869709E-002
           5
  0.74621896555938005        9.0530327822084089E-002
  0.72490024993041280        9.4359052350002345E-002
  0.72797775417327071        7.6081867744884360E-002
  0.72807111055566365        6.7447762403127248E-002
  0.74677241104128367        7.2320599100983013E-002
           8
  0.25248445342734954       0.37145071026327570     
  0.24236227810456462       0.37398527191672604     
  0.22996088393041011       0.37212738660366074     
  0.23456543672626112       0.36713123835693739     
  0.22990807575274733       0.36106635808036691     
  0.23474023850981676       0.35418856927631942     
  0.25224708564343795       0.35541362705921731     
  0.25518870637799473       0.36142215386934690     
           8
  0.78126404468182564        6.8147991985914799E-002
  0.77638301304603419        7.1740148668098594E-002
  0.76755923358463096        7.1912217522284494E-002
  0.75582373574110417        7.1969189288503210E-002
  0.75482353699083371        6.0944051389152348E-002
  0.75990809226947442        5.9678307597963019E-002
  0.75714374300753218        5.3018975273638892E-002
  0.78024855638902668        6.3097316846778911E-002
           8
  0.76989025449393111       0.11085987907747577     
  0.76128378133072516       0.11127384566922953     
  0.75473724748634219       0.11189041222951267     
  0.75853297174144718        9.8446188224493802E-002
  0.75605530271478272        8.9348496206669126E-002
  0.77305978422438670        9.0796440753789814E-002
  0.77859272495927545        8.7765344407701062E-002
  0.77934256548090652        9.8152598152138920E-002
           8
  0.78077883749906463       0.13529786716475728     
  0.77982664571923133       0.14228846929164107     
  0.77459611588591915       0.14432071039395397     
  0.76566774361673973       0.13957348586651017     
  0.75581431138697552       0.13036214239884822     
  0.75909255352927174       0.12602378207168530     
  0.78166632108551681       0.12175607547656826     
  0.77657522512389432       0.12995736218512532     
           6
  0.79881162712471865        3.7847628914416592E-002
  0.79163771585448739        4.1180161156649756E-002
  0.77944481567955171        3.7536866891185988E-002
  0.78047179785598175        3.1251841078723107E-002
  0.78249606301768604        1.6202891323851498E-002
  0.79836027170173807        1.8912951043655632E-002
           7
  0.79767971510747637        9.4154907712109950E-002
  0.79729935576907551        9.9803405433434189E-002
  0.78451565917052624       0.10015277199039230     
  0.77532531642685087       0.10411405033394729     
  0.77502034445241419        9.1285154466605581E-002
  0.79367557180229065        8.1428010383841648E-002
  0.80050702663834294        7.8021677253217819E-002
           7
  0.80453552471136325        3.8110329330118382E-002
  0.79761903941838330        4.4003594855303668E-002
  0.78985025738382164        4.1283744389060864E-002
  0.78836700768402423        3.3725022476430652E-002
  0.78348517434142473        2.3842892835294588E-002
  0.79247553701681750        1.8679658443961803E-002
  0.81049250625517222        3.3180199070443651E-002
           7
  0.80895237394176123        5.3932025156744834E-002
  0.81128409754174557        6.4285768636830512E-002
  0.80572139442115653        6.3775856142075024E-002
  0.78835351760105110        6.0928821736693374E-002
  0.78425750886936940        5.2678325062131805E-002
  0.78447229594323598        3.9795819922537626E-002
  0.81001169794330397        3.6108245491370504E-002
           7
  0.81255607679102815       0.11678834362237114     
  0.80796190074347141       0.12088929775912099     
  0.79046753840298722       0.12498275509099345     
  0.79342060167645800       0.11879263028796762     
  0.78633450961323814       0.10807635189552664     
  0.78898140788906235        9.8222390586613972E-002
  0.81163959569734523       0.11042823845982772     
           5
  0.83791181100569212        3.6081382112495460E-002
  0.83561240959901673        4.3075133504476344E-002
  0.81488775174914818        3.9292397952677791E-002
  0.82034487882559270        1.8357763419444492E-002
  0.83759665271009587        2.7348189207752657E-002
           6
  0.83982781546390228        8.2519457393041742E-002
  0.83380616949352593        8.1633986930369329E-002
  0.82243210860986105        7.9392249804166454E-002
  0.81761619162605437        6.7150745351304775E-002
  0.83822003760121144        5.6366133575399865E-002
  0.83690472211817235        6.6522549661541711E-002
           5
  0.90415835265652822       0.16561604471865746     
  0.90049185766703010       0.15980150214100236     
  0.90098495502540310       0.14988787693745695     
  0.89989449669752164       0.14111244145231724     
  0.92010299332980927       0.14698512633057800     
           6
  0.86094395965070936        3.8075793382254676E-002
  0.85598771714671840        3.3895507521594315E-002
  0.84518806172240746        4.4340177747702665E-002
  0.83467136468080716        1.9009512634303297E-002
  0.85000334229837626        1.6669375221499864E-002
  0.85646675378014236        2.1392881686749486E-002
           3
  0.85129460429155779        6.0690982027622978E-002
  0.83650133302492258        6.0046620547530918E-002
  0.84848484848484851        5.0505050505050504E-002
           4
  0.84654916527869450       0.10472875768215845     
  0.83409544225307630        9.9865879274512417E-002
  0.83704100590546504        8.4494424739193705E-002
  0.84848484848484851        9.0909090909090912E-002
           3
  0.85858585858585856        1.0101010101010102E-002
  0.84931873005496217        9.0363953140143397E-003
  0.84591982099766883        1.2437462305076846E-003
           8
  0.89315254691841728        6.4018027350803447E-002
  0.87056467276165705        6.4925702675837541E-002
  0.86498935218700423        5.6867642872130766E-002
  0.86985456203118783        5.0304438674216384E-002
  0.86442386598798715        4.8006241759642354E-002
  0.86575860358304468        4.2899057432912183E-002
  0.86464745156551082        3.6919185342124135E-002
  0.88981185692031317        4.1362290810607966E-002
           3
  0.87040739698469372        9.5240913091310386E-002
  0.84908573176906443        7.8712135039623321E-002
  0.86676308198788510        8.2394901814864169E-002
           5
  0.89017927379830464        7.2121484779058248E-002
  0.87362749749001334        8.3077742080526998E-002
  0.86955235016861820        7.4850562709989549E-002
  0.86885803455063904        6.2751950292113667E-002
  0.88648994096703015        6.2281941295289814E-002
           8
  0.86662932078080901       0.42491510099469337     
  0.85789071926655025       0.42507910553114225     
  0.85924271611482861       0.41788618560039104     
  0.86003144481777816       0.40989449244891885     
  0.85960329905722066       0.40123400509220514     
  0.86475074765538806       0.40523306644040796     
  0.87948309215686271       0.40444830156595007     
  0.88327300244584128       0.41015355066847092     
           5
  0.87175737250396124       0.45459211920055498     
  0.85653774595712051       0.44616367319155226     
  0.85488391993719715       0.43491638287715695     
  0.86455077855261731       0.43451843805475288     
  0.87475654617686938       0.43454206563106629     
           3
  0.88043341114698026       0.47491917408776996     
  0.85436981094374509       0.46248388289048747     
  0.86868686868686873       0.46464646464646464     
           3
  0.87209480798682470       0.56137446514756772     
  0.85858585858585856       0.55555555555555558     
  0.87037648331547413       0.54709775689065243     
           6
  0.90809167290516557       0.43183209276615142     
  0.90828167065706722       0.44055846008867477     
  0.89532083166875343       0.44372812762269165     
  0.88926363489646520       0.42966433839802098     
  0.89064172336410175       0.42275025829348956     
  0.90399900420583701       0.42128511895294407     
           7
  0.91155828603981859       0.46839838284383306     
  0.89211545720352581       0.47597614790528692     
  0.88512530907060383       0.47089848136259571     
  0.89049978066218949       0.46315073433625153     
  0.88618297391944556       0.45440552269983864     
  0.89558057143704739       0.45704737636400289     
  0.90891848722551982       0.45149199177029070     
           3
  0.89015473432646586       0.53858691968918837     
  0.89898989898989901       0.52525252525252530     
  0.91193671996493020       0.52021172502548330     
           7
  0.93849752069142678       0.42602869686416511     
  0.94379959819089487       0.42863386245589746     
  0.93232168171925633       0.43386328516704492     
  0.92178178128707033       0.42758004076049677     
  0.91543301982418002       0.42151017193786766     
  0.93762956990608115       0.41726387136892834     
  0.94227593934157505       0.41389117483732646     
           7
  0.94355854313795384       0.53928355103009928     
  0.92763884435146515       0.53886975400923975     
  0.91725368119684303       0.53301409370047659     
  0.91782343025903212       0.52587283479974434     
  0.91557316552901535       0.51143689778613466     
  0.93477673688084784       0.51449425329535270     
  0.94141078195917305       0.52386897317698145     
           5
  0.96067638304584169       0.43199484220194823     
  0.95568080888312223       0.43873997840551759     
  0.94949494949494950       0.42424242424242425     
  0.95759874769301034       0.41885226103650058     
  0.96074984456116141       0.41036591089345792     
           5
  0.96194184201942268       0.45137190486041734     
  0.94878479224191259       0.45825748905506236     
  0.93822318046342634       0.43766605276064607     
  0.96209712870178610       0.43181713497647156     
  0.96250092653624619       0.44028883469218943     
           6
  0.95816428254298358       0.48913739937553891     
  0.95691491216579283       0.49741759241144667     
  0.93671651826644475       0.48604433735686048     
  0.93614032994545671       0.47260957496966399     
  0.95565685401484768       0.47654717375276023     
  0.96283109344775064       0.47873007153368752     
           8
  0.98161386290873587       0.43441257278803602     
  0.97736036500495471       0.43791580145404196     
  0.96564227495243948       0.43838351226459021     
  0.95539476449487470       0.43797689596704631     
  0.95680421967335294       0.43235151690528001     
  0.96091994136161152       0.42132326938537523     
  0.96287320801707210       0.41086664358132680     
  0.97314190067376449       0.41668807523505269     
           4
  0.99231568419430749       0.47917291421236302     
  0.98954005422318392       0.45821590536831747     
  0.98625071877856363       0.45140633622476339     
   1.0129604457596590       0.45486781607132110     
           4
   1.0018883411169710       0.51360598385475542     
  0.99326974147165503       0.51472356876401670     
  0.98702634996658833       0.49741835372243598     
   1.0057411102779874       0.49478087869874721     
           3
  0.84057289167316607       0.81630309009104651     
  0.82888158726440153       0.79949790824379108     
  0.85238387309418107       0.79938578543529504     
           5
  0.85023428517811372       0.84200466520569406     
  0.84383243224369575       0.84932864832270150     
  0.82519096176797002       0.82745177221856159     
  0.83627471201561554       0.82954812466933181     
  0.84658340528168385       0.83568718779055540     
           4
  0.85508393320282672       0.83196582228026350     
  0.84729999755182805       0.80828874394543837     
  0.86296559518319227       0.80358969227241051     
  0.87108939784299499       0.81303629966943614     
           4
  0.86746581724156058       0.86769910691621088     
  0.85816737816823130       0.86628980057483007     
  0.84441160821471728       0.86085834095922575     
  0.86662313451937034       0.84537161214632772     
           4
  0.86659858524144084       0.91141894511648813     
  0.84552149035522384       0.88589943025593665     
  0.86104666032116350       0.88754484212291962     
  0.86894768259309318       0.89239512794617415     
           3
  0.87878787878787878       0.80808080808080807     
  0.87018125880712494       0.80602722510523317     
  0.86639461557406516       0.79679898393333271     
           8
  0.89229725095966805       0.88161128750195250     
  0.88256056868512966       0.87713101146490680     
  0.87517119009835598       0.88191321019336066     
  0.86784037861013408       0.87768181903373765     
  0.86978087577729291       0.85712180648170899     
  0.87564790446491347       0.85959644558505155     
  0.88016899359318734       0.85420405789791731     
  0.88750565133185300       0.86904477892100407     
           3
  0.91155661304947710       0.79029198639639797     
  0.89789166697568834       0.79209504999987501     
  0.90909090909090906       0.77777777777777779     
           4
  0.92351762611492627       0.89347440228328223     
  0.89856579648749491       0.89741509202107339     
  0.89786125542079753       0.88875456568645439     
  0.90909090909090906       0.88888888888888884     
           8
  0.95162009887052590       0.83580740982834700     
  0.94918162439287623       0.84269609323583305     
  0.93734669113746905       0.83686552309316065     
  0.92810424626721388       0.84163237346530428     
  0.92930996185300296       0.83005111255364350     
  0.93305366552902014       0.81878302927497970     
  0.93900410615856478       0.82078455476753054     
  0.95004474444846398       0.82870324458793987     
           7
  0.94936054575328666       0.86076077165858245     
  0.94080784193703959       0.85917393868555936     
  0.92939746157723913       0.86005097556756060     
  0.92615681677415496       0.85353140616191325     
  0.92545003637577827       0.83645063274244924     
  0.94051639778543972       0.83997755764846427     
  0.95302738690467759       0.84317705672165189     
           3
  0.95267879605565253       0.90737199781302025     
  0.93329486135138051       0.91143262449739315     
  0.93707787000700860       0.88879072322251429     
           5
  0.95944396442497248       0.87746564369340840     
  0.93497198587191599       0.88259201665926579     
  0.94086901161535530       0.86333556483357898     
  0.94170649884806001       0.85677486871762021     
  0.96313315296317059       0.85566385299350889     
           3
  0.96859044782676906       0.81382339564181461     
  0.94742801887771333       0.81490430907656530     
  0.96476331618231037       0.79607903440408223     
           4
   1.0058606321268833       0.91082235653532839     
  0.99167373326297614       0.90502501117276202     
  0.99348251309531188       0.89112298633656972     
   1.0097555624432482       0.89941097855882923     
           8
  0.38430338043377166       0.84519207163204235     
  0.37634202486760171       0.84888712520898701     
  0.36831072717124907       0.84571281474661031     
  0.36124468927433223       0.85066870447674947     
  0.36512554112501905       0.83637015743687093     
  0.37168717212569691       0.82654569268842570     
  0.37919835560544035       0.82380429870535554     
  0.38341100809286133       0.83500096803996859     
           3
  0.49606019299119880       0.81409475999556724     
  0.51499650745781367       0.79544431427553230     
  0.51305878181699394       0.80415296911274492     
           3
  0.34499026494666024       0.86812336627349806     
  0.34113521165318211       0.84855905714243574     
  0.36417341488277372       0.84933619272795269     
           6
  0.36735159929997985       0.87806929302878112     
  0.36798827022847558       0.88546822410019388     
  0.34089255169009108       0.88064314046539394     
  0.34255529857572403       0.86652621807031971     
  0.36288165029909358       0.86648778826372597     
  0.36123250192711631       0.87542532608190538     
           3
  0.45630564295038178       0.87771451072126339     
  0.43195882041060374       0.88277156656390865     
  0.44444444444444442       0.86868686868686873     
           7
  0.47808774184624298       0.90687394071006355     
  0.47189941857071022       0.90939824554200344     
  0.46141721365574040       0.90866894418609845     
  0.45445176059035830       0.90961447150599262     
  0.45111869311958291       0.89820574998598146     
  0.45955605917800402       0.88958011678105042     
  0.47626663439764283       0.88888292168221950     
           5
  0.47177270810768346       0.85195206558729930     
  0.45083953074949590       0.84952600753839769     
  0.45523858330774952       0.83819901891731385     
  0.45998199458522032       0.82970133537349211     
  0.47339658551867153       0.82731229270258844     
           7
  0.47492559912949694       0.88480789600482834     
  0.46505919918871519       0.89137783705410745     
  0.45457869256760997       0.88997556023170032     
  0.45573041684325499       0.87666456363222067     
  0.45106940409577456       0.86765671919622800     
  0.47031630698768917       0.86858225765311592     
  0.47829513710388682       0.86641996190594284     
           7
  0.47914632333569529       0.90578696078950027     
  0.47670090281845312       0.91279835856080871     
  0.46752038981272664       0.90667083991966646     
  0.46355722971385738       0.91077608083692085     
  0.45349541923496817       0.90529555814691542     
  0.45183090222184402       0.88966194779818120     
  0.47809875044474914       0.88738205266314807     
           8
  0.49628008093580339       0.84348514147447284     
  0.49065364775638165       0.85286354677487097     
  0.47157869573736333       0.84951248468133245     
  0.47290122571096449       0.84374520967753541     
  0.47525107173770592       0.83730437472912433     
  0.47088194285069107       0.82566689778725300     
  0.48280524187449481       0.82663471449646375     
  0.49695037232796480       0.83161919640443283     
           3
  0.50541812112318829       0.87249091049438499     
  0.50505050505050508       0.85858585858585856     
  0.50577312618447701       0.84973988362826414     
           6
  0.51870715037383897       0.89365612759039770     
  0.50906518922536437       0.90347899308831192     
  0.49640104474651026       0.89722300441401814     
  0.49468472836921651       0.88748349392171599     
  0.51706679870967809       0.87514273098809392     
  0.51406519867916944       0.88362919281337915     
           3
  0.55864568423930272       0.87962743373457131     
  0.53733881502293090       0.87804541161461513     
  0.53676569220195691       0.85770010706504440     
           3
  0.53263672859685818       0.92030510224475581     
  0.53659412501313963       0.90697824941978411     
  0.54545454545454541       0.90909090909090906     
           6
  0.11108233448621292       0.35889800081465723     
   9.9044553558708365E-002  0.36210205820762065     
   8.7350537389726118E-002  0.35815272327926673     
   8.9760931980305103E-002  0.34678458505090298     
  0.10003595538348471       0.34214207112205702     
  0.10979871897850718       0.34672809380811048     
           6
  0.11133469921306841       0.41454795054518900     
   8.9412508620631645E-002  0.41379451967550496     
   9.0546715654218651E-002  0.39823324029236795     
   9.5299113046276543E-002  0.39468418237122260     
  0.10899003448595027       0.39120608646810390     
  0.11358149969841942       0.39997652791082411     
           4
  0.17009359003941157       0.31108831542712667     
  0.17447991943388969       0.29043651637035728     
  0.18596706939716684       0.29431338538657198     
  0.19328384362881193       0.29635020884843688     
           8
  0.18091869607830674       0.36220633010411196     
  0.17673121889614987       0.36510421006459287     
  0.16796494587170854       0.36765235013733022     
  0.15781446797761059       0.36196480290833449     
  0.16233891979031864       0.35465665160971188     
  0.16905010104129375       0.34573000503457207     
  0.17292463112469661       0.34204631704748989     
  0.18472813184898079       0.34548194467929672     
           6
  0.17576993693970924       0.38803620785779336     
  0.16950524260127872       0.39250487830175579     
  0.16622533340186169       0.39804121004638376     
  0.14856127588679940       0.38403931174923756     
  0.14832063583631011       0.37143764507047400     
  0.17077370201646411       0.38367594190702187     
           8
  0.14972006575089336       0.40670500178772567     
  0.14684877242236596       0.41404117017341513     
  0.13651629213110092       0.41714038085122135     
  0.13171980230671335       0.41003293982057937     
  0.12845467612752351       0.40108168848691744     
  0.13489308375238945       0.39459217831126930     
  0.15517915234799479       0.38948783048765873     
  0.15176010338661150       0.39379821874621507     
           4
  0.16330337067538273       0.43378662183107902     
  0.14165378821961699       0.42781467357431058     
  0.14358427696268086       0.41434027994951106     
  0.16390357465113076       0.41260948704213019     
           6
  0.11885750022945220       0.43041515057979463     
  0.10515638289080205       0.43782797507727278     
  0.10019429470777119       0.42304796293761748     
  0.10496526230312993       0.41023010695994500     
  0.10939488357954218       0.41599615680586816     
  0.11774924562396709       0.41469968189538381     
           7
  0.19129778914032580       0.41185963452402691     
  0.16889398756326804       0.40955790936755621     
  0.17165561464367476       0.39968173707409776     
  0.17134923142417785       0.39235024592820877     
  0.17660954149275818       0.39415901135300463     
  0.18967990314356858       0.39111610414380266     
  0.18515531560884183       0.39614317547430422     
           6
  0.22632062559252178       0.40555635573413701     
  0.21097976012822253       0.40459945539613040     
  0.19791672531685453       0.38470355087115399     
  0.20636326070642508       0.38410586405179892     
  0.22588123257711767       0.38316045886267480     
  0.22203297815953144       0.39021625550203354     
           7
  0.21207483350962336       0.40572846549661307     
  0.20081265884605184       0.41412160077494914     
  0.19147379841964668       0.40532322360218609     
  0.18943964651565726       0.40028669801408789     
  0.20433847397695579       0.39282579584174893     
  0.21194733154342871       0.39558555240445037     
  0.21530083619794826       0.39988761573069576     
           6
  0.19634248421167869       0.42273700726440622     
  0.18877057858377166       0.42748827275986118     
  0.16814475913760152       0.41955916260120701     
  0.17384059500115906       0.40798365163123201     
  0.17466069348964725       0.40133233595323820     
  0.19032520122259133       0.40753156198151674     
           5
  0.21102211229721884       0.45806456081771307     
  0.19159443438360213       0.45733807925816755     
  0.20214981051352726       0.43155937108186854     
  0.20878180259224702       0.43564552704258441     
  0.21565022457709143       0.44000585424240640     
           4
  0.23127734346219508       0.44667900131592803     
  0.22029868258587415       0.45784768580697716     
  0.22222222222222221       0.44444444444444442     
  0.22929305295180633       0.43239310496677030     
           7
  0.17228097522102204       0.45667797275715172     
  0.17282020440647664       0.46248075365323910     
  0.15768641486669943       0.46512106338420683     
  0.15140372904822699       0.45936893324892603     
  0.14723989103371876       0.45054349760067980     
  0.15203749018425727       0.44707918280195580     
  0.15956790796101628       0.44623041382610090     
           4
  0.21087933244785517       0.46419307944129429     
  0.20153753671988417       0.46449348974916110     
  0.19433271682783404       0.44502022270606956     
  0.21373452407851848       0.44918147909078404     
           8
  0.26311079463488896       0.46830717315917614     
  0.24992711979171428       0.46594828545562583     
  0.24466503747328566       0.46356951727893730     
  0.24337135804728749       0.45755253822227754     
  0.23840291437054081       0.45282054499498431     
  0.24274482518353588       0.44524685861419555     
  0.24847964791801933       0.44616727742865636     
  0.26000010562379922       0.45473956616620381     
           3
  0.30784792638168373       0.56725979233595958     
  0.28982360868577423       0.54611852738273747     
  0.30409359301593569       0.54595568255121218     
           6
  0.21197930693541675       0.50811445848435510     
  0.21588742608248332       0.51385435497209486     
  0.18854143996459849       0.50991492726133048     
  0.18972418696596882       0.49211127385437808     
  0.20062535938556292       0.49332311733828849     
  0.20942138478253239       0.49414769472141767     
           3
  0.22906674376423755       0.52684391896091898     
  0.22222222222222221       0.51515151515151514     
  0.23239338475117147       0.51789132790291170     
           5
  0.19326925280435039       0.50598721807904290     
  0.16995798502246193       0.50275762245774280     
  0.18369485681407621       0.48272967950979551     
  0.19060143956953612       0.48570166857662350     
  0.19614875520625624       0.49053994372228121     
           6
  0.17194602318322871       0.49616879043143097     
  0.16609478642456246       0.49616329722693597     
  0.15412287836113409       0.49627696410467709     
  0.16141909982219949       0.47426157736781216     
  0.17430055019110532       0.48075260407648185     
  0.16900762999609611       0.48597325228293381     
           6
  0.21408432536496591       0.55684551127115312     
  0.20023544480073777       0.56417884160276977     
  0.19201838542769895       0.56504147906699353     
  0.18957339758561323       0.55010864774365242     
  0.18863078571780362       0.54281162856200094     
  0.20188030601127460       0.54161938235259799     
           6
  0.19524375425530233       0.54223343511989563     
  0.18327381349450711       0.54619535690499776     
  0.17575721525585405       0.54557949923921201     
  0.17068598273409316       0.53703121432020196     
  0.17000362662585677       0.52142267900896144     
  0.17457219277470865       0.52513916406676475     
           6
  0.14773530032227802       0.51466345626294407     
  0.14069670155104094       0.51332952411602939     
  0.12993797401571211       0.51046041369985362     
  0.13012485236517013       0.49597518460134360     
  0.13636704680638559       0.49316134749426382     
  0.15028590700937752       0.49332778792531556     
           6
  0.14632186417168833       0.52957808668522877     
  0.14291086926998248       0.52317205370038222     
  0.13827771123564220       0.51485916583422753     
  0.14668352538035073       0.50183212693476387     
  0.16101466887378044       0.50700432345532698     
  0.15985562952689134       0.51423571944917401     
           5
  0.16156307272198270       0.55889172785190722     
  0.14792333525813944       0.54613289208243299     
  0.16292292812819342       0.53769658884877358     
  0.16826977456133235       0.53311201098455874     
  0.17376170309796174       0.54197770925805488     
           6
  0.29594597590656024       0.33695232841131628     
  0.28992819459889824       0.34258784329302588     
  0.27908283821321661       0.34455766742254823     
  0.27081458857890500       0.33233539668169343     
  0.27914923763954330       0.32110100820361487     
  0.29558336243978073       0.31947748553918232     
           5
  0.34273626946951091       0.38855781152016083     
  0.33025017456565864       0.39472858415372025     
  0.32255563033935841       0.38342695785021697     
  0.33077017620210503       0.36953595335351941     
  0.34328147755273114       0.37798312536860545     
           4
  0.31689035298122753       0.51014386719221427     
  0.30912900784937331       0.51555123873442321     
  0.29379443212653278       0.50344122129981950     
  0.30370051754746857       0.49189253488347628     
           4
  0.13988381237116998       0.41560874827888417     
  0.12816198392258574       0.41167763725588957     
  0.12119105257723289       0.40819831445347582     
  0.12666077554404823       0.39444940624388186     
           8
  0.16545818665095496       0.36108410650970074     
  0.13787690146236983       0.37587645853719831     
  0.13984247577577469       0.36776123666258181     
  0.13751802984729206       0.36285851631896626     
  0.13752445237212116       0.35393708932750756     
  0.15054966728247857       0.35173412698616913     
  0.15636282597443388       0.35451796284713538     
  0.16383225787294384       0.35124655383775233     
           4
  0.19476956103135976       0.32626842053963273     
  0.17967537194140212       0.32250088007186473     
  0.17335042679495810       0.30768503548262005     
  0.18080934713468033       0.30304306061888497     
           3
  0.26110540698291673       0.36922794279097343     
  0.25252525252525254       0.37373737373737376     
  0.24934331277996621       0.36052290845016921     
           3
  0.30303030303030304       0.46464646464646464     
  0.29444432512238738       0.45892979447952009     
  0.31503809531581978       0.45409872194738726     
           7
  0.26489156991022794       0.52189883676165150     
  0.26606378823790483       0.53165316772834248     
  0.26044706697840053       0.52896260838927911     
  0.25252525252525254       0.52525252525252530     
  0.25481920907150873       0.51439561910050569     
  0.26052078777501853       0.51169141786190864     
  0.26704473526334233       0.51127657084566436     
           3
  0.17500909551991908       0.34676521138877664     
  0.16161616161616163       0.33333333333333331     
  0.17561668947523468       0.33292666139796989     
           7
  0.26617278548095863       0.35123203176011997     
  0.25379298103931891       0.36163837544047273     
  0.24032773654246128       0.35996279094703643     
  0.24191407394509015       0.34714450743684216     
  0.24195705384052343       0.33910259877103716     
  0.24878364047905130       0.34152507119276992     
  0.26330413429661342       0.34454231651912171     
           5
   6.1705243094610361E-002  0.40569777995357731     
   5.5663220182781144E-002  0.41293145987581337     
   4.4955091573766974E-002  0.41320869102333874     
   3.8171429227636069E-002  0.40180978970427422     
   5.5774919064041584E-002  0.39120152806669889     
           4
   6.2707244773673773E-002  0.51881864263818900     
   3.6590483863811467E-002  0.51861356906240275     
   5.0353321266630710E-002  0.49674664690852438     
   6.0126012119192052E-002  0.49288288435922817     
