   95.000000000000000     
   200.00000000000000     
         100
           8
   10.000000000000000     
   30.000000000000000     
   10.000000000000000     
   10.000000000000000     
   10.000000000000000     
   20.000000000000000     
   20.000000000000000     
   20.000000000000000     
   10.000000000000000     
   10.000000000000000     
   10.000000000000000     
   20.000000000000000     
   30.000000000000000     
   10.000000000000000     
   40.000000000000000     
   40.000000000000000     
   20.000000000000000     
   20.000000000000000     
   10.000000000000000     
   10.000000000000000     
   20.000000000000000     
   20.000000000000000     
   10.000000000000000     
   10.000000000000000     
   40.000000000000000     
   10.000000000000000     
   10.000000000000000     
   20.000000000000000     
   10.000000000000000     
   10.000000000000000     
   20.000000000000000     
   30.000000000000000     
   40.000000000000000     
   20.000000000000000     
   10.000000000000000     
   10.000000000000000     
   20.000000000000000     
   30.000000000000000     
   20.000000000000000     
   10.000000000000000     
   10.000000000000000     
   20.000000000000000     
   10.000000000000000     
   10.000000000000000     
   10.000000000000000     
   30.000000000000000     
   10.000000000000000     
   10.000000000000000     
   10.000000000000000     
   10.000000000000000     
   10.000000000000000     
   10.000000000000000     
   20.000000000000000     
   40.000000000000000     
   10.000000000000000     
   30.000000000000000     
   40.000000000000000     
   30.000000000000000     
   10.000000000000000     
   20.000000000000000     
   10.000000000000000     
   20.000000000000000     
   50.000000000000000     
   10.000000000000000     
   10.000000000000000     
   10.000000000000000     
   10.000000000000000     
   10.000000000000000     
   10.000000000000000     
   30.000000000000000     
   20.000000000000000     
   10.000000000000000     
   10.000000000000000     
   50.000000000000000     
   20.000000000000000     
   10.000000000000000     
   10.000000000000000     
   20.000000000000000     
   10.000000000000000     
   10.000000000000000     
   30.000000000000000     
   20.000000000000000     
   10.000000000000000     
   20.000000000000000     
   30.000000000000000     
   10.000000000000000     
   20.000000000000000     
   30.000000000000000     
   10.000000000000000     
   10.000000000000000     
   10.000000000000000     
   20.000000000000000     
   40.000000000000000     
   10.000000000000000     
   30.000000000000000     
   10.000000000000000     
   30.000000000000000     
   20.000000000000000     
   10.000000000000000     
   20.000000000000000     
           1
  0.42105263157894735       0.52631578947368418     
           8
  0.48178065003945275       0.72232292039791768     
  0.48312431993188248       0.72856190023218825     
  0.47041309276896032       0.72921309411891477     
  0.46113724449677990       0.72036779899346248     
  0.46238670960615652       0.71033569020931742     
  0.46292316334940459       0.70158920208681752     
  0.48594434403960374       0.70757937401590043     
  0.48590666901263185       0.71279429576261033     
           5
  0.47892169215080799       0.74841712227407242     
  0.47018153812100222       0.74707945785051799     
  0.45995927719562207       0.73431610196915253     
  0.48129991628287333       0.73097920594387644     
  0.48462917397658345       0.73708485859904371     
           5
  0.44299858886136878       0.70601310178236709     
  0.42845533219041493       0.70495640722405983     
  0.42917764569568068       0.68589753902270689     
  0.43878610037931037       0.68418214082276052     
  0.44981938044453651       0.68879067874780198     
           6
  0.45553900562242183       0.72849006554367823     
  0.43682083699977314       0.72775110578730751     
  0.42968246323103504       0.71785588646500276     
  0.42796196455807656       0.70440849290897889     
  0.43951491732279008       0.70842204025515698     
  0.44562178478747638       0.70616365909085255     
           4
  0.44209031698937279       0.69418173486520796     
  0.43537226076036994       0.69693425517582386     
  0.43359239359124535       0.67232824665430790     
  0.45538613537304762       0.68129723719594193     
           6
  0.42979993065248567       0.73166401677109782     
  0.42696001456758931       0.73753163263665689     
  0.41797986589667574       0.73625198551255422     
  0.40769192319252956       0.72229887401974924     
  0.41332698598505224       0.71262001858471780     
  0.42550678265066810       0.71808385735447944     
           4
  0.42271063011281307       0.70243021090368363     
  0.41121585077730999       0.68948978820075579     
  0.42069444563540992       0.68164905253700880     
  0.43524625582263132       0.68136944498971463     
           4
  0.39850726724659180       0.72890835250468844     
  0.38632931919299401       0.72549508592006939     
  0.38955493632046734       0.70183769200295520     
  0.40225442684700408       0.70706220040603174     
           8
  0.39560480255882119       0.74926003154550058     
  0.38559176563144376       0.74161935974924253     
  0.38930716578496294       0.73735413377240699     
  0.38700531696883339       0.73257473490669611     
  0.39201408544963656       0.73068253344367928     
  0.39607313071556466       0.72726976115284991     
  0.40307941957323240       0.72266168033368938     
  0.41339803891020743       0.72985405972921180     
           6
  0.37583053666512778       0.70519144452236193     
  0.35573792134499432       0.70329064242307848     
  0.36039716555097473       0.68879205459231618     
  0.36696649527980391       0.68203154610895500     
  0.37865924989255512       0.68515170319230534     
  0.38170022666196618       0.69230121163167135     
           6
  0.37917075560300534       0.72396832524784127     
  0.37830470522304377       0.73582269067384731     
  0.36519828235801000       0.73978216982782796     
  0.36296267073395300       0.71650830801446541     
  0.37202022084762953       0.71281675352629903     
  0.38049782566165058       0.71238534869268288     
           4
  0.25875215334793689       0.90405693896782724     
  0.25240597567803347       0.88885760144329606     
  0.26119396123641980       0.88156636664108257     
  0.27256070937261290       0.89009612275385042     
           7
  0.24159407033806382       0.80315543122952637     
  0.21915318873263470       0.79985117606673739     
  0.22130941546871583       0.79476047579917519     
  0.21833205037367989       0.78302752847587909     
  0.22485133590687914       0.77672667412363006     
  0.23035408187739848       0.77766584149929641     
  0.24475969580164092       0.78688489230839798     
           7
  0.24529036486570799       0.90225465909751867     
  0.23458543658817027       0.90263511630715532     
  0.23166436064939258       0.90834441812431288     
  0.21729985553928377       0.89358400639062729     
  0.23331530894707175       0.88460160447298075     
  0.24059450627190793       0.88175623090033917     
  0.24473875831992756       0.88848039508117482     
           6
  0.22008868047162461       0.84926957305301776     
  0.22498746682078119       0.85612688518939861     
  0.21231563799035316       0.85150770323899583     
  0.19959045610526394       0.84977428168671687     
  0.20110062983164473       0.83959534845852180     
  0.22104427409245836       0.83337785681673038     
           8
  0.21572384447894805       0.90226103033758231     
  0.20483446366120478       0.90758599461926415     
  0.20245831220100946       0.90182120706412827     
  0.20126433611328184       0.88682865260814059     
  0.20902685621365180       0.88185516662858865     
  0.21779102971363618       0.88062136630411414     
  0.22390682174938017       0.88326300089257737     
  0.21933866359600962       0.89063522478428214     
           4
  0.19917552480599268       0.79026661896559169     
  0.18253324261840331       0.79805286980283963     
  0.17564535985905674       0.79039779490796269     
  0.18314178204151846       0.78205030308642920     
           3
  0.16614273810913438       0.78962912833671850     
  0.15789473684210525       0.78947368421052633     
  0.16861130638692495       0.78161466906060884     
           3
  0.16806837369110619       0.85017718028573874     
  0.14663538087868166       0.83933466747570118     
  0.16293733505585276       0.82840839610397243     
           7
  0.32267920904791503       0.53608854868109790     
  0.30187336072063670       0.53174824668142273     
  0.30746534494253058       0.52352410476094191     
  0.30188316972069823       0.52249381069892986     
  0.30909294332805581       0.51360601757745106     
  0.32472726884659953       0.51221723176563050     
  0.32516646799289689       0.52299858285746847     
           8
  0.31727314077529317       0.55599728128573300     
  0.30994539406821747       0.55540658763998429     
  0.30141784919011588       0.55804778555429535     
  0.30150164053446199       0.54439545983896442     
  0.31182469906992299       0.53914029818063247     
  0.32104439827561576       0.53289783293935600     
  0.32957755683878659       0.53754868997469196     
  0.32937414151913841       0.54299531298593273     
           4
  0.30049907053829783       0.55657184836518392     
  0.28201540789440960       0.55058407324545799     
  0.29816003682696718       0.53622596591503946     
  0.30372706543524319       0.54385857596187948     
           3
  0.28049129541828471       0.59022578691570882     
  0.29518180723467347       0.57056141055172316     
  0.30526385023174918       0.57722509565301439     
           6
  0.27349178289185883       0.52895975654187255     
  0.26965932814753291       0.53918387502490872     
  0.25091281712248620       0.52639895821032567     
  0.25334671858052704       0.51612025945813123     
  0.27095298823504033       0.51744146361066279     
  0.27118990025256962       0.52361189183255863     
           7
  0.27556000011803700       0.54571740506057165     
  0.27525318571032309       0.55447855512412858     
  0.25444760411710288       0.55462125244002736     
  0.25028453102800308       0.55078140085581961     
  0.25246597351739275       0.53420611640168092     
  0.26265313959722186       0.53751140316408152     
  0.26764459875515856       0.53489191231309108     
           4
  0.27215932314043112       0.58964689545814231     
  0.25285089738402933       0.59297138969426211     
  0.25070682683745377       0.57021876695888063     
  0.26315789473684209       0.57894736842105265     
           3
  0.24964012842795186       0.54671481525495091     
  0.24210526315789474       0.54736842105263162     
  0.23490987373687935       0.53683979687215500     
           7
  0.25296399314520879       0.58081681003866825     
  0.25102714973296625       0.58766368369666377     
  0.23361955662884987       0.58830851173503296     
  0.23355183854182646       0.58191357324422510     
  0.22847855732308200       0.57324503823468032     
  0.23417939018862755       0.56623989998603963     
  0.25630576412423589       0.56508084899295175     
           5
  0.22170673869918189       0.53733487723632067     
  0.20500000478506386       0.53558581041198117     
  0.19860396544027237       0.52391375312705091     
  0.19806310863242915       0.51669603460408997     
  0.21979591787732902       0.51723862752782512     
           5
  0.22214510756325956       0.58679325400804583     
  0.20972746060161351       0.58840839025514136     
  0.19752627846971083       0.57174761963663989     
  0.21378702099845157       0.56463437316479692     
  0.21993958055187729       0.57582762736990745     
           6
  0.11284319464983895       0.37246929591060313     
  0.11515735775813789       0.38108165324653714     
   9.5284035332524553E-002  0.37941717898219679     
   9.4829277330109790E-002  0.36830958315173512     
  0.10448029537238000       0.35648030355107935     
  0.11772038182385162       0.36453787143732380     
           3
  0.11880679154809622       0.42347523395909370     
  0.10526315789473684       0.42105263157894735     
   9.3592372531457815E-002  0.40992201320942767     
           6
   9.8681757310800811E-002  0.43037390356320782     
   9.3063170829289124E-002  0.42677961813095366     
   8.6445221139569789E-002  0.42891784401392735     
   7.3440383870995857E-002  0.42810249269893696     
   8.9382659271666512E-002  0.40801742528105112     
   9.5325812103651916E-002  0.41101696258555237     
           3
   8.5129923297165858E-002  0.48785468786436864     
   8.4210526315789472E-002  0.47368421052631576     
   9.3939926502772400E-002  0.47336639985460421     
           5
   5.4740240043595692E-002  0.37642805629203768     
   3.8831443138730222E-002  0.37880520265040579     
   5.4331817242909704E-002  0.36056184583961209     
   5.7658652290314749E-002  0.35496913204824654     
   6.5007249846951831E-002  0.35777145423851237     
           6
   6.5435101883990834E-002  0.48623844793906235     
   5.3984142390887856E-002  0.48430186638266759     
   4.2234799956487337E-002  0.48773884093467840     
   5.2631578947368418E-002  0.47368421052631576     
   6.1913682293927838E-002  0.47158235359965817     
   6.1118201132539733E-002  0.47971252547224602     
           4
   2.9080401456746768E-002  0.43421751728813529     
   1.3428171743929285E-002  0.42488100996963474     
   1.3030486897802483E-002  0.41537330177622461     
   3.2318205259162389E-002  0.41224821910573178     
           7
   7.6044248071830949E-003  0.42872416614275055     
  -3.1141616757053214E-003  0.43170356604609555     
  -1.3695037616919573E-002  0.42766003963766219     
  -1.3485189302577531E-002  0.41425655843436637     
  -7.8528736992382487E-003  0.41644379439993140     
  -6.0421193910201992E-003  0.40880799961140762     
   1.3918151756700352E-002  0.42086714618840732     
           4
   1.0970577541210693E-002  0.46913724029797127     
   0.0000000000000000       0.47368421052631576     
  -1.3769957361356864E-002  0.46893462395081015     
  -4.0803151087203938E-004  0.46439442084831140     
           4
  0.38024568364154460       0.32990845140377850     
  0.36302966660260305       0.32925765651682581     
  0.35919954980479618       0.32073754213960909     
  0.36842105263157893       0.31578947368421051     
           5
  0.37916394294570960       0.33607050987984027     
  0.35398383115309562       0.34775685325390526     
  0.35493083755611965       0.33263501730382417     
  0.36150174294690662       0.32333760934162659     
  0.37931858997173773       0.32350857607595024     
           3
  0.35148521564674351       0.34639365453395743     
  0.34736842105263160       0.33684210526315789     
  0.35982393935129114       0.33331144301087351     
           4
  0.35835903567412886       0.38142774074781455     
  0.34417849175628051       0.38248378703114810     
  0.33958321411785974       0.36934457572762791     
  0.35027193188604433       0.35768553784572138     
           5
  0.34901174006847552       0.32457723931021520     
  0.32464724047376026       0.31824714141092370     
  0.33266829019860117       0.30552355348445948     
  0.34857009346591655       0.30168054083342843     
  0.34485659140919794       0.30882802973422979     
           3
  0.32382338451270631       0.31608911773672077     
  0.32111325231000892       0.32680569150513389     
  0.30259237659621413       0.30477790052613907     
           8
  0.31213162962228608       0.35082392544903573     
  0.30141620292248134       0.34887169963405901     
  0.30438697179871438       0.33679914754570972     
  0.30367181964143980       0.33112354141958089     
  0.31118205653737635       0.32280753894613340     
  0.32237257533668151       0.32939393027662967     
  0.32783370769963915       0.32739039543119969     
  0.32755951588477134       0.33307751340415737     
           3
  0.31578947368421051       0.36842105263157893     
  0.30983191119225539       0.35539077310997341     
  0.32265193858157748       0.35514483414653331     
           8
  0.30895232616376450       0.32159138416969907     
  0.30624195491524464       0.32829031480054172     
  0.29845147638574082       0.32767128237389187     
  0.28319338270882222       0.32623572975358345     
  0.28462247259221773       0.31717599760693788     
  0.28514153606944070       0.30634180842919212     
  0.30343837494396664       0.30643989218677953     
  0.30283820373268922       0.31799174524611856     
           8
  0.30842399653265179       0.37441615388339627     
  0.30551156410704255       0.38030173150881441     
  0.29313872345382730       0.38048119347762877     
  0.28816754948925494       0.37580532916829168     
  0.28386596872376835       0.36559096078194009     
  0.29322367493389945       0.35730821890639569     
  0.30341260157472466       0.36118420432740356     
  0.30307632966787634       0.36817701648698387     
           3
  0.27609187398845647       0.34988622233375788     
  0.26302557933618859       0.33182337337468215     
  0.28223573212530223       0.33091096809096754     
           5
  0.27712639230040792       0.32021351419820404     
  0.26823837342994611       0.32934977311502950     
  0.25549171885184396       0.31495340012932893     
  0.25660668901151912       0.30795057193627579     
  0.26122324309295392       0.30143531094016585     
           4
  0.27110113751184767       0.38287237182577344     
  0.25298361880020842       0.37862706540624436     
  0.25703108042448264       0.35464232785591476     
  0.27500672503511864       0.35397171894856194     
           8
  0.47325684577929600        5.3278295561829767E-002
  0.47570038337848597        5.9858971089151690E-002
  0.45816017797605463        6.6155751568172411E-002
  0.45200066090545660        5.4103706260151603E-002
  0.45195200110810041        4.8811892174769299E-002
  0.45493510823513722        4.0974971325603751E-002
  0.46019432255121184        4.0563672853672211E-002
  0.46751709667276342        4.4637271604932548E-002
           5
  0.45464049838715020       0.10665864803573644     
  0.44243069009283287       0.11913226573217323     
  0.42833739776504076       0.10665423594442507     
  0.43017202677815219        9.4013906259042934E-002
  0.44871567349160357        9.2487188426688419E-002
           4
  0.44392588047030557       0.17093121637840908     
  0.43289702707696975       0.15366460290609732     
  0.44775213299577454       0.14352355557599114     
  0.45243342648302087       0.15137863794840706     
           8
  0.43418543809549592        5.6816393631617661E-002
  0.43012470049595203        6.0805164844483846E-002
  0.43477471969527431        6.5376190128853498E-002
  0.42781137326427482        6.6241385889595522E-002
  0.41293824392557210        6.3653315024214729E-002
  0.41002842362622965        5.5402798809238998E-002
  0.42136960830487130        4.0554223895266542E-002
  0.42616946189864907        3.8734566542276534E-002
           8
  0.42690635144252442       0.16678498712820483     
  0.42040073815473289       0.17072287002585998     
  0.40938490543464739       0.16916136185098227     
  0.40808770121242671       0.16035655114224601     
  0.40674884111382958       0.14789862624326020     
  0.41549422936879837       0.15015076297394514     
  0.42051863700025122       0.14993431645438213     
  0.42991789992801116       0.14363812769822848     
           3
  0.40396143710606230        6.2804326826981338E-002
  0.38866904215086051        6.5248190158197897E-002
  0.40000000000000002        5.2631578947368418E-002
           4
  0.41387565292286499       0.16890760125147750     
  0.40610265053480749       0.17181957808466708     
  0.39340876342342340       0.14469546813969997     
  0.41052820347721564       0.14724367378325873     
           5
  0.37909150388611934        5.3176809151143638E-002
  0.37844966979870653        6.0957903071377231E-002
  0.35976106254999374        6.3733105006349128E-002
  0.35927802034587947        4.1557731258066097E-002
  0.37942948936909526        4.5965020964510175E-002
           4
  0.52631578947368418       0.31578947368421051     
  0.51220648181148454       0.32433223140930828     
  0.51755611023033476       0.30550110813575110     
  0.53427499648273968       0.30836117452676481     
           6
  0.54006875108092600       0.37771352556700394     
  0.53381486944899315       0.37572404806182896     
  0.51643683962415243       0.37991506083746479     
  0.51736117614565946       0.36102817626785072     
  0.52438131259404819       0.35700415267431773     
  0.53422196503862529       0.36928382233320534     
           5
  0.53545650445927051       0.42219869201184701     
  0.53941447003023679       0.43206343666734109     
  0.51687825561303102       0.42254836413293001     
  0.52121460542447684       0.40772603789615647     
  0.53501538935192283       0.40823483355127971     
           4
  0.51851674913040069       0.31866956233768756     
  0.50526315789473686       0.31578947368421051     
  0.49776942115281891       0.31123307759125968     
  0.51499898865757798       0.30747415145008633     
           7
  0.51323529651254207       0.42783253065733440     
  0.51615707926481824       0.43400264330901589     
  0.49721761995157937       0.42846944717084229     
  0.49080823799867762       0.42470057539917710     
  0.49409493590119191       0.41196101749561748     
  0.50273810940569041       0.40841379324009291     
  0.51682258734781972       0.41784369320745052     
           5
  0.50795958284922016       0.37513982722021411     
  0.50405780500557240       0.38101261551576693     
  0.48109496399561558       0.36888974932216323     
  0.50239202215115875       0.35856438414991576     
  0.50905821750384650       0.35475761569674935     
           7
  0.50900432961625108       0.43030506792007323     
  0.50124866786079270       0.43447055681787572     
  0.48789852607749246       0.43393222707166096     
  0.49214391516985040       0.42834274527710858     
  0.48734547490578256       0.42489718506128860     
  0.48242932683015866       0.41643183621712088     
  0.50276877335327785       0.41710051648818430     
           6
  0.48740577430934701       0.31972161516394260     
  0.47860743775604936       0.32715797850914552     
  0.46102686705442164       0.32247332546191110     
  0.46091362237295991       0.30540821432106791     
  0.46639712533044331       0.30213961163327646     
  0.48423825164083056       0.30410583066909452     
           6
  0.47784091386777788       0.38128076855209564     
  0.47162510384375511       0.38074170512844258     
  0.46392763027375589       0.37622832694005653     
  0.46192427467891012       0.36792884769492329     
  0.46694991771376737       0.35945677619036082     
  0.47947637576630409       0.35842949436245936     
           5
  0.99851216238883667       0.32412385820633244     
  0.99115185064098721       0.32757447432913162     
  0.98950947729126992       0.32132213836018958     
  0.99420504917872665       0.30798284304122547     
   1.0104590128598183       0.30301370414171003     
           3
  0.98714786751951589       0.38043868736026037     
  0.99030991813322111       0.36212374664961794     
   1.0077988778543692       0.36511230092691810     
           4
  0.57023855028465698       0.32107354501518104     
  0.55054498122322915       0.32254266231751599     
  0.54415918457978074       0.30890538648934240     
  0.57166246461654469       0.31208546868482673     
           7
  0.97627045240837051       0.32005022205095474     
  0.98062895622720581       0.32934169797418078     
  0.97013123451714178       0.32995693436938611     
  0.95813645212914456       0.32898970923016879     
  0.95980345829278457       0.31395999875636399     
  0.98132320900956294       0.30297105989396306     
  0.97871481466835231       0.31147192150172304     
           7
  0.57177853174135518       0.37118086412954365     
  0.56324770340875285       0.37667514225652093     
  0.55441617891721207       0.37768377760489874     
  0.54554651300935442       0.37606872897640753     
  0.54931011090857307       0.36932961489145805     
  0.54430101239859408       0.36567501599557811     
  0.55105322843777860       0.35666542535202250     
           7
  0.48682413667607571       0.69197881637210856     
  0.48076734948685806       0.69438393725365088     
  0.47343298494010239       0.69864341211771719     
  0.46357058632544318       0.69812351192606359     
  0.46002829087316655       0.68083540139671306     
  0.47372845215747955       0.67328433408246158     
  0.48478743713484557       0.67462958029898834     
           7
  0.95801017174143166       0.37991972448768119     
  0.94786994076159259       0.38193831317959170     
  0.93697661610668370       0.37901730622492497     
  0.93867330032943064       0.36946288511306319     
  0.93927204500875006       0.36295435943907423     
  0.94296825657979144       0.35539617778872629     
  0.96055956589811764       0.36645046167121936     
           4
  0.93933004336993009       0.32977484913955329     
  0.91207786910517197       0.31014817662587130     
  0.91827250220978063       0.30299535548976836     
  0.93888841884769192       0.30724925461340474     
           4
  0.93970628168430537       0.37969087716541433     
  0.91409506639904980       0.37156427042681667     
  0.92401024238549134       0.35952290807524889     
  0.93951500590608739       0.35701437297102695     
           8
  0.92901593557029893       0.32701138407068869     
  0.91558275374110576       0.32373340313827276     
  0.90649595366168878       0.32914463347638040     
  0.90732342358639784       0.30728765668290825     
  0.91976885711823075       0.30837660552242024     
  0.92095466959518324       0.30223955369173749     
  0.92638827913562838       0.30196474092527942     
  0.92587097331409618       0.31332079929444318     
           5
  0.90825280633305028       0.26484526157021115     
  0.88311014619672168       0.26756249206901689     
  0.88100969175631871       0.25238951570429774     
  0.89520765952011683       0.25398554827139730     
  0.90269937060805006       0.25351584071620792     
           7
  0.90529243955807681       0.38289478740523664     
  0.89696293433338492       0.37679768984736356     
  0.88655675805200373       0.37800729596443333     
  0.88414262626453888       0.37232624805272130     
  0.88810102179367245       0.36039824962175249     
  0.88673319635466885       0.35444369856064734     
  0.90272224230694176       0.36593599184662323     
           3
  0.78947368421052633       0.57894736842105265     
  0.77966124204375276       0.57649305063150547     
  0.77519220074752959       0.56661739243290399     
           7
  0.76903839857175138       0.58152135293965468     
  0.76525229732582145       0.58729436888711861     
  0.75093352919479828       0.58674006456937200     
  0.74367201603127220       0.56759358724973397     
  0.75476197417179647       0.56716188661549294     
  0.75961739025766617       0.57057143376062458     
  0.77050714380581753       0.57151094944862102     
           4
  0.73705154323275623       0.61924523335385251     
  0.73134544810247260       0.62486463815853632     
  0.72948710816261186       0.61624307200457595     
  0.74683495114856835       0.59802570815005729     
           5
  0.72590805380748702       0.64292207533748702     
  0.70458274380048180       0.64272337303122029     
  0.70218383270510332       0.63168504699110528     
  0.71031364560356614       0.61874396794591413     
  0.72884379483586192       0.62251748435493681     
           5
  0.70542864297597363       0.59008699755983263     
  0.68493201795994418       0.58845293720763836     
  0.68168548313386002       0.57975612060441239     
  0.68204721083980491       0.56531317381709123     
  0.70826601885104579       0.57054512518008305     
           8
  0.69638720867571946       0.59010718440523224     
  0.67200238113235544       0.59035385360028336     
  0.67612314621888625       0.57958030607756472     
  0.67318928935535927       0.57361395565250450     
  0.68034417247451118       0.57079132735067573     
  0.68538759705921681       0.57098326411964584     
  0.69162048291414646       0.56832531756586369     
  0.69316262756662450       0.57313883920249120     
           6
  0.68507270459183589       0.64170329432014184     
  0.67166587281472900       0.64600488876083317     
  0.67003002565919900       0.63336209848450664     
  0.67640053993700899       0.62230105505099720     
  0.68684474748985136       0.62186392831982196     
  0.69407975552555001       0.63082447228745187     
           4
  0.66719182036025093       0.62021347459321530     
  0.65053360357272638       0.62135835434456499     
  0.64934635599654345       0.60337569340797104     
  0.66315789473684206       0.61052631578947369     
           4
  0.63157894736842102       0.57894736842105265     
  0.62246968508200229       0.58408394858768864     
  0.62418865153745295       0.57177936248950989     
  0.64599888071096567       0.56766144548058006     
           5
  0.64012062383345503       0.63429494387516994     
  0.63235984172729065       0.63945984846585924     
  0.61958972709217874       0.63703699735702557     
  0.62374343609832861       0.62858995681483776     
  0.64081543406958896       0.61729343142266258     
           6
  0.71746694007823186       0.89705859270151844     
  0.71056434714975925       0.90334115533229775     
  0.70233042597143591       0.90767737493201128     
  0.69758137087163785       0.89269582051615237     
  0.69630318817008030       0.88437615756064669     
  0.71602941324212244       0.88039466059728921     
           4
  0.69607592388140438       0.89756212055155382     
  0.67233397767317449       0.90762878828078486     
  0.67178079257364409       0.89634282138988897     
  0.69413944879431622       0.88158038507727188     
           6
  0.69773378017093424       0.87128582855735381     
  0.68104288003589886       0.87448363675054541     
  0.67098854467929570       0.86919746502492057     
  0.67158884145381681       0.85975595340336020     
  0.67531105300791816       0.85389373700051741     
  0.69772589702347410       0.85486996920795166     
           5
  0.65842834035341058       0.85132336774881368     
  0.64860748607842811       0.85258198443494448     
  0.64187695644111342       0.84882728126997320     
  0.64403657822244720       0.84275900655741331     
  0.65263157894736845       0.84210526315789469     
           4
  0.63138295301543634       0.85619988574316708     
  0.62417556606913660       0.84716219125656611     
  0.62044502539644586       0.82911311153955802     
  0.64083798244177670       0.82954258853415452     
           6
  0.62938179269634686       0.90840893507832521     
  0.62151152702244883       0.90168366694901791     
  0.62097738519958900       0.89124850103076969     
  0.62372388993356964       0.88244501047927604     
  0.63484845881469365       0.88333502704746725     
  0.64307950280831006       0.88868006408388278     
           8
  0.62227633297689999       0.79737729663400037     
  0.61258355356188610       0.80378038460093504     
  0.61218786148497550       0.79874609862045731     
  0.60078479434268306       0.78920285705605642     
  0.59732941685681595       0.78179250782856191     
  0.61148743272610107       0.77935519937973385     
  0.62488601571969005       0.78151155036829312     
  0.61874833974833765       0.78831426004709038     
           7
  0.58987193991136233       0.84784894551335366     
  0.57855429880036824       0.85212756183989879     
  0.56663736994767411       0.85378745441065995     
  0.56639702625101862       0.84797889511957558     
  0.56856314036284072       0.83495101891462564     
  0.58711718011029634       0.83398572357381984     
  0.59043775523812880       0.83925874153618285     
           8
  0.58692105652604132       0.89853992227250890     
  0.58916257825739249       0.90506875736875758     
  0.57908276766992950       0.90690613062520797     
  0.56886649261950473       0.90769022511113251     
  0.57008294012261063       0.89409315779025711     
  0.56954348976633584       0.88149462077383822     
  0.58554243941811202       0.88532409159388958     
  0.59071015227696244       0.88505745170815775     
