   77.000000000000000     
   200.00000000000000     
         150
           8
   10.000000000000000     
   7.0000000000000000     
   13.000000000000000     
   19.000000000000000     
   26.000000000000000     
   3.0000000000000000     
   5.0000000000000000     
   9.0000000000000000     
   16.000000000000000     
   16.000000000000000     
   12.000000000000000     
   19.000000000000000     
   23.000000000000000     
   20.000000000000000     
   8.0000000000000000     
   19.000000000000000     
   2.0000000000000000     
   12.000000000000000     
   17.000000000000000     
   9.0000000000000000     
   11.000000000000000     
   18.000000000000000     
   29.000000000000000     
   3.0000000000000000     
   6.0000000000000000     
   17.000000000000000     
   16.000000000000000     
   16.000000000000000     
   9.0000000000000000     
   21.000000000000000     
   27.000000000000000     
   23.000000000000000     
   11.000000000000000     
   14.000000000000000     
   8.0000000000000000     
   5.0000000000000000     
   8.0000000000000000     
   16.000000000000000     
   31.000000000000000     
   9.0000000000000000     
   5.0000000000000000     
   5.0000000000000000     
   7.0000000000000000     
   18.000000000000000     
   16.000000000000000     
   1.0000000000000000     
   27.000000000000000     
   36.000000000000000     
   30.000000000000000     
   13.000000000000000     
   10.000000000000000     
   9.0000000000000000     
   14.000000000000000     
   18.000000000000000     
   2.0000000000000000     
   6.0000000000000000     
   7.0000000000000000     
   18.000000000000000     
   28.000000000000000     
   3.0000000000000000     
   13.000000000000000     
   19.000000000000000     
   10.000000000000000     
   9.0000000000000000     
   20.000000000000000     
   25.000000000000000     
   25.000000000000000     
   36.000000000000000     
   6.0000000000000000     
   5.0000000000000000     
   15.000000000000000     
   25.000000000000000     
   9.0000000000000000     
   8.0000000000000000     
   18.000000000000000     
   13.000000000000000     
   14.000000000000000     
   3.0000000000000000     
   23.000000000000000     
   6.0000000000000000     
   26.000000000000000     
   16.000000000000000     
   11.000000000000000     
   7.0000000000000000     
   41.000000000000000     
   35.000000000000000     
   26.000000000000000     
   9.0000000000000000     
   15.000000000000000     
   3.0000000000000000     
   1.0000000000000000     
   2.0000000000000000     
   22.000000000000000     
   27.000000000000000     
   20.000000000000000     
   11.000000000000000     
   12.000000000000000     
   10.000000000000000     
   9.0000000000000000     
   17.000000000000000     
   7.0000000000000000     
   30.000000000000000     
   16.000000000000000     
   9.0000000000000000     
   21.000000000000000     
   15.000000000000000     
   19.000000000000000     
   23.000000000000000     
   11.000000000000000     
   5.0000000000000000     
   19.000000000000000     
   29.000000000000000     
   23.000000000000000     
   21.000000000000000     
   10.000000000000000     
   15.000000000000000     
   3.0000000000000000     
   41.000000000000000     
   9.0000000000000000     
   28.000000000000000     
   8.0000000000000000     
   8.0000000000000000     
   16.000000000000000     
   10.000000000000000     
   28.000000000000000     
   7.0000000000000000     
   15.000000000000000     
   14.000000000000000     
   6.0000000000000000     
   19.000000000000000     
   11.000000000000000     
   12.000000000000000     
   23.000000000000000     
   26.000000000000000     
   17.000000000000000     
   6.0000000000000000     
   9.0000000000000000     
   15.000000000000000     
   14.000000000000000     
   7.0000000000000000     
   27.000000000000000     
   13.000000000000000     
   11.000000000000000     
   16.000000000000000     
   10.000000000000000     
   5.0000000000000000     
   25.000000000000000     
   17.000000000000000     
   18.000000000000000     
   10.000000000000000     
           1
  0.45454545454545453       0.45454545454545453     
           8
  0.53985033360010748       0.64827327664049905     
  0.53208692147625081       0.64805191933060369     
  0.52535368136834093       0.64442382031222467     
  0.52107306836112666       0.64757011574429724     
  0.51986069411940461       0.63635756211800176     
  0.52501056831071768       0.63123677000371181     
  0.53196010897189894       0.62443714917374904     
  0.54554338578352690       0.62938445804448451     
           8
  0.46735099128112040       0.22782817522649479     
  0.45440532435657710       0.22967882746805801     
  0.44719638751509322       0.23466654249797100     
  0.44105989516899069       0.23465249980846895     
  0.44230591959746235       0.21328613672759977     
  0.44268176941088161       0.20702497940611844     
  0.46659424855886794       0.21255667147629878     
  0.46564060383039285       0.22043409356109467     
           3
  0.71428571428571430       0.58441558441558439     
  0.70181130167403183       0.58843489966097551     
  0.70111044136541012       0.57244859901914236     
           3
  0.71743014027326846       0.27261936746425625     
  0.70460157256023315       0.24876444949367923     
  0.72657006642371691       0.25144181746770650     
           7
  0.20517236968802283       0.40177902543598798     
  0.19887645783674213       0.39977921199805927     
  0.18679829916408494       0.39867657897373870     
  0.18398137469981030       0.39294616450792424     
  0.18989859785862145       0.38197683818412331     
  0.20160022670791305       0.37791170136235896     
  0.20574438892195418       0.38853911735882618     
           8
  0.33450140040433279       0.39352060076804163     
  0.33061428948355592       0.40226006034711526     
  0.32041027514797560       0.39798741573809859     
  0.31355202627967022       0.40106007123915077     
  0.31429839246395735       0.38434681697939882     
  0.32157523398190857       0.38132327474908184     
  0.33340217575910297       0.37566952670286974     
  0.33396695578513957       0.38317396711216034     
           7
  0.26968988759981460       0.65056127123636098     
  0.26998372164837048       0.66151556647547349     
  0.25579377266997272       0.65705118576064325     
  0.24676921386095721       0.65189836830802361     
  0.24922579947635026       0.63975528993331821     
  0.25982606060791130       0.63878594575539527     
  0.27368862233233232       0.63802217001667827     
           7
  0.14410550788245005       0.55739766082796161     
  0.14180322988002783       0.57105916696795023     
  0.12858961934062335       0.56985489635714304     
  0.11706814069723512       0.55405103052650395     
  0.11785729307551190       0.54437676078350083     
  0.13568379623399374       0.54444052206798121     
  0.13887542527785063       0.55314457722828803     
           4
  0.72664255562988955       0.79297321427533940     
  0.71942651434901228       0.79248758887928028     
  0.70225119868912289       0.77107601728617448     
  0.72784289386798506       0.77279311363783976     
           5
  0.39773039103777258       0.79126251944738335     
  0.38885344554369533       0.78904803518550171     
  0.37793373450694456       0.77577852839883321     
  0.38738628323354263       0.76802388264700694     
  0.39483603365389935       0.76584046544924744     
           3
  0.24966614097151399       0.85834952725286318     
  0.24856836718659264       0.83640031927786596     
  0.25974025974025972       0.84415584415584410     
           6
  0.65678036984318844       0.45751197052683124     
  0.65739274086998634       0.46736155351870068     
  0.64134008522366004       0.45892088796242791     
  0.63743276865684373       0.44137422881834393     
  0.66302267212157229       0.44146072884228271     
  0.66278431029223317       0.45138024230892593     
           5
  0.39718069556083041       0.32639395309116731     
  0.40359382783701681       0.33320817300652156     
  0.38384076321978478       0.33830489589885360     
  0.38261594244843933       0.31728272069452745     
  0.39058072225569551       0.31244430225285696     
           4
  0.20587523601935445       0.13477480379428902     
  0.18719109621270846       0.13267991284320060     
  0.18837677302785161       0.12242996467796757     
  0.20892508634502416       0.12467162090116306     
           8
  0.40187816551451855        6.2867291094116665E-002
  0.39765029402303387        6.9475204838389967E-002
  0.39136323663869421        7.3878701704234759E-002
  0.37937964884724956        6.7195254797426482E-002
  0.37686940921360507        6.0540284974981110E-002
  0.38078555090891880        5.5514420087275876E-002
  0.39467848606609540        5.2547552607515452E-002
  0.40232336408716179        5.4358262348721140E-002
           4
  0.14080096308753420       0.26056106760206027     
  0.12021555721065563       0.26152510892262659     
  0.12008972429465173       0.25437428013138424     
  0.13700608236540104       0.25286260447890546     
           8
   7.8218176077955753E-002  0.39111884794765012     
   7.6601749740988656E-002  0.39637833394624089     
   6.6065947358371291E-002  0.39836163326238055     
   5.6338715490989566E-002  0.40372111644117437     
   5.3699530188185511E-002  0.39456476177034489     
   5.6113700226283508E-002  0.38161165366420952     
   5.9880812854334220E-002  0.37833564937880892     
   7.8170083909731486E-002  0.38035058381341030     
           6
  0.27248177411643487       0.53284991632550938     
  0.25883261440786276       0.53143573998716809     
  0.24804247301272955       0.53115472315124679     
  0.24967351384705527       0.51517640622673522     
  0.25703167164938329       0.51166398601211749     
  0.27386139666518616       0.50673045472382727     
           4
  0.20407142621055246       0.77313267062940616     
  0.19480519480519481       0.77922077922077926     
  0.18197738016230183       0.76802272376522307     
  0.18964088026967429       0.76950466379103755     
           5
  0.58986128543399563       0.85499924576088349     
  0.57933390160634557       0.85605948283760902     
  0.57179531435236797       0.84626487933295891     
  0.59687592522329413       0.83149368972419468     
  0.59843738415591807       0.84232756171410195     
           6
  0.58642260402838053       0.26815105685695340     
  0.57425962677475184       0.26563968917872266     
  0.57406915344223586       0.25442161842628419     
  0.58769738709477737       0.24592448843577475     
  0.58482865916243165       0.25249822265456312     
  0.59133277277717733       0.25036767154154854     
           8
  0.59182031875369800       0.14013549514132972     
  0.58469264440060220       0.14373018300434687     
  0.57310415748160914       0.14102795367038562     
  0.57575947318535659       0.13646052585050011     
  0.57117333969378015       0.13161780124949202     
  0.58357954089428565       0.12047903557276582     
  0.59845543198065509       0.11806146352196628     
  0.59246032758907596       0.13028709399003519     
           5
  0.72302084329357508        7.6190299622964960E-002
  0.71520993668607002        7.5245962847291528E-002
  0.70378957495137517        7.8432137659625312E-002
  0.70375416598329277        5.2968473392638035E-002
  0.72711810186467551        6.7542252811425244E-002
           4
  0.84859154609702359       0.46604926146442760     
  0.82998334172913013       0.45847784946584991     
  0.84777848152112578       0.44410688628295458     
  0.85683665538238063       0.44457302442694213     
           8
  0.85491243438072295       0.26578163303839303     
  0.84485305345224659       0.27132949687778324     
  0.83958926121473842       0.27017347527385088     
  0.83007515438548551       0.26869984183413365     
  0.83360084755336128       0.25243649267266322     
  0.83946423896555589       0.24816478063355776     
  0.85719423445459775       0.24974049917713240     
  0.85522562538258484       0.26027532511480633     
           8
  0.59499604328405820       0.39761733973567692     
  0.57627309781521596       0.39841877588948993     
  0.57108252439860918       0.40309352324516884     
  0.57066318109862368       0.39042822971354857     
  0.57626513588951400       0.37853366307595543     
  0.58673837638884951       0.37893428668493051     
  0.59805386729998655       0.37911425344598182     
  0.59711869625463265       0.38416869348697025     
           3
  0.44606427446137137       0.53241614790171721     
  0.44275518126600888       0.51480137330063014     
  0.46621988670323755       0.51404449094224114     
           6
  0.54152260329025503       0.48579834891628737     
  0.53246753246753242       0.48051948051948051     
  0.52912176679392453       0.47317072520345038     
  0.53410907787644291       0.47019510258568381     
  0.54309259647370656       0.46917091587748910     
  0.54607224616422423       0.47548086880014795     
           5
  0.82872384025280343       0.55309054689134829     
  0.82323836538291173       0.55735387084131149     
  0.81888863927898026       0.53822607433516967     
  0.82620451739989598       0.53618762649091412     
  0.83116883116883122       0.54545454545454541     
           7
  0.52255023723041905       0.78971923373083697     
  0.51641188721173814       0.78696603113248287     
  0.50804380570757379       0.79240569093240698     
  0.50813151761348652       0.78547705164423487     
  0.50998124138350165       0.77062897305751255     
  0.51852922854464423       0.76969291993567179     
  0.52868111619853186       0.78083746189037140     
           7
  0.41207952718670271       0.68044493368942738     
  0.41437104967857918       0.68539476361049567     
  0.40159151532483139       0.68812670797319953     
  0.40203433192621918       0.66806663145209233     
  0.40529124971048491       0.66325156519126949     
  0.41241280217025372       0.67069718863961802     
  0.41639846905335215       0.66638868714724886     
           8
  0.46654767732102326       0.90267535955690692     
  0.46295007651662817       0.90666227255458454     
  0.45392933825735077       0.90875594832113460     
  0.44796224588540362       0.90757295979341057     
  0.44181500928930623       0.89787676612918665     
  0.44584122590692193       0.89150181791687111     
  0.44389349669482797       0.88268878902064396     
  0.46185936682410866       0.88950829311861312     
           7
  0.69292366595388455       0.68728890530657871     
  0.68295861715376260       0.68324323597455283     
  0.67570196853580911       0.68385593109035081     
  0.67891791838010374       0.67407853248724448     
  0.67530406610726390       0.66127170336718788     
  0.68199665437968982       0.66525023815688977     
  0.69715403874663229       0.66575487566017322     
           4
  0.83087026184442903       0.72820983805787343     
  0.83496596004006340       0.72181930390352411     
  0.84175880666054592       0.70187530760028038     
  0.85803023283346636       0.71291835183010599     
           5
  0.82995180424435933       0.84966067846516080     
  0.80788550089095090       0.85509831397879599     
  0.80780206799437848       0.84849603390537798     
  0.82340589950225596       0.83299358682717339     
  0.82598243102029745       0.84298927623618436     
           5
   3.9969072144185970E-002  0.78346913270526441     
   1.6962371032734562E-002  0.79156407743805490     
   1.4837957225014149E-002  0.77541833377519354     
   2.5619316066877701E-002  0.77050469338131344     
   3.7724505910804229E-002  0.77019633209472083     
           7
  0.26688013821532680       0.26188106067944794     
  0.25329617124731973       0.27381703665999663     
  0.24892193242284288       0.26994509266673777     
  0.24928823108739315       0.24557149187723970     
  0.25419794020941638       0.24854590249366254     
  0.26947398043634258       0.24950756071559202     
  0.27317904439166074       0.25724100905731145     
           5
   7.9084698255734859E-002   7.5400033604057559E-002
   5.8660387517671525E-002   7.8029477097899411E-002
   5.2510165403359316E-002   7.5121165026591497E-002
   5.2400938311675575E-002   6.2236994437464492E-002
   5.8908180847552685E-002   5.5728734552593404E-002
           6
  0.79002673871155571       0.16563523075694578     
  0.77206142837357183       0.16822413898654243     
  0.76814467065052328       0.16289642573450158     
  0.77706600304778439       0.14208752771174285     
  0.79300987760778030       0.14514003465204542     
  0.79249844606636677       0.15129853874901319     
           4
  0.53215019077270909       0.32685321979234283     
  0.53241168587195076       0.33545891308561887     
  0.51948051948051943       0.32467532467532467     
  0.53199868392003324       0.31544168407478723     
           6
  0.55810222055373349        9.3672630738837012E-002
  0.53283464433684635        9.9218993396917449E-002
  0.53343242580130990        9.1723747154484850E-002
  0.53505538423928145        8.2318310278280918E-002
  0.54150885956781247        8.3592376197461196E-002
  0.55795566204337899        7.9979655072822342E-002
           4
  0.32585973620425102       0.16227808291526541     
  0.31573421000401569       0.16694934577371273     
  0.29772500201985791       0.14381909262455772     
  0.32165437626497362       0.14847925100148807     
           5
  0.30728046698365324        4.9396726616609293E-002
  0.29544306171422768        5.0087019422116297E-002
  0.28731036115008318        5.2472845194646053E-002
  0.28762261992687993        3.1298630602450861E-002
  0.29475699608504224        2.6410208033246528E-002
           6
  0.15655723009082875       0.18468899193704821     
  0.14897046435100000       0.19115812705772775     
  0.13580781370657111       0.19195451786136394     
  0.13427038684537143       0.18626926669315952     
  0.13814514414601725       0.16928171537433884     
  0.14844386512605975       0.17025531903800856     
           3
   7.6666997218007571E-002  0.50507776080754774     
   6.4707030640407587E-002  0.49663765138189808     
   7.7922077922077920E-002  0.49350649350649350     
           7
   1.9232982469385099E-002  0.63101056370818642     
   1.5399879577889066E-002  0.63601519174069843     
   1.4851459553969649E-002  0.61864587576867680     
   1.2630991814672789E-002  0.61163806163724144     
   2.8051226857540353E-002  0.61504882663843252     
   3.3106395770512186E-002  0.61325003586539861     
   4.0117768037080913E-002  0.62027545465456624     
           8
  0.11514622385344817       0.73959006774500580     
  0.10886047661895237       0.73753050992238844     
   9.6209627602099071E-002  0.73838843475577032     
   9.3077571832957784E-002  0.73403639872688786     
   9.4377033968344584E-002  0.72783253921325264     
   9.3220468197295445E-002  0.71466242940218216     
   9.9648453047269867E-002  0.71475916894082214     
  0.10351256368936199       0.71821242911243655     
           7
  0.18002705370461414       0.68756074037683768     
  0.17314471506948237       0.68451508843284170     
  0.16515926513504145       0.68374359665694229     
  0.15814836623603629       0.68467406650850871     
  0.16108776201692140       0.66953965187484621     
  0.16422422177558096       0.66246131039312306     
  0.17806566269877852       0.67699588898263108     
           6
   8.0718872453171303E-002  0.89231644061470194     
   6.9264675853386790E-002  0.89649490015895472     
   6.9994665469681500E-002  0.88936809879697787     
   7.9480369369742357E-002  0.86919759114082962     
   8.4537565924620792E-002  0.87299463477737649     
   9.0555329913482654E-002  0.87133319534979459     
           3
  0.62358509018793851       0.62018070262428426     
  0.59811905369822915       0.62268620437782363     
  0.61213454346560825       0.60025442319964573     
           5
  0.65041506080956590       0.76511426480520761     
  0.64279905425740991       0.76433970009261154     
  0.63124782056987028       0.76113218327355625     
  0.62748485864189096       0.74872077431363282     
  0.63636363636363635       0.75324675324675328     
           5
  0.34693352775416919       0.56926182225390631     
  0.33976470752052418       0.56490353047836395     
  0.33660709427984326       0.55824821700353500     
  0.36409789929923286       0.54914937154446297     
  0.36296808418042903       0.55833632729951510     
           6
  0.49025568922698892       0.40569796848721573     
  0.48637188438538631       0.41303721451926578     
  0.47372091702001046       0.41190605573423156     
  0.46698272136780133       0.41043835302374232     
  0.46831050337752778       0.39599998858660557     
  0.47534483489936086       0.39014320699841692     
           6
  0.74752548795249307       0.38652512871888678     
  0.74085172007939681       0.38555087120051973     
  0.73433920305638500       0.38885905515613478     
  0.72811457428557991       0.38863876445516976     
  0.72647675347223362       0.37611420332567180     
  0.74755193874780701       0.37535975572651542     
           8
  0.82610985430011308       0.30293206104336540     
  0.82389373809394018       0.31209497789638824     
  0.80655497116090957       0.30638394074306186     
  0.81095871236346651       0.29341297706387998     
  0.81507152607919298       0.28985555795038992     
  0.82284510073749473       0.28998217299057022     
  0.83167769968864291       0.28741563122582364     
  0.82773608892175632       0.29162395690771942     
           4
  0.68831168831168832       0.15584415584415584     
  0.67795113975092147       0.16959591082245309     
  0.68427947808936784       0.14693283176144137     
  0.69242922704798837       0.14625194079971335     
           8
  0.42488498987945766       0.15730213188500045     
  0.42532762014459163       0.16259304505986569     
  0.41432937533344327       0.16809531836387742     
  0.41072619578156305       0.16376845172205967     
  0.40352657303379369       0.15440168112391850     
  0.40585807355843745       0.14767647301178161     
  0.42588239399735456       0.14433744683168964     
  0.42462866806828908       0.15019566189198633     
           8
  0.47466589701443590       0.34534588404968652     
  0.48049597154688201       0.35077223637195459     
  0.46968724190014866       0.35138864915398860     
  0.45624971651314783       0.34656962612922543     
  0.45416992901137176       0.33990688549212389     
  0.45543049143442521       0.33501865242910472     
  0.46703193239036733       0.32757743584841292     
  0.47559051261302460       0.33378250891519923     
           5
  0.28307696188447673       0.31480178809815101     
  0.27513601596825432       0.32145800953944959     
  0.26532095433717984       0.30328255318252945     
  0.27263191561613731       0.30405497189143299     
  0.28454554614092031       0.30275910571814202     
           4
  0.23473658037903586       0.43902895577906964     
  0.23007652916965704       0.44509184511920924     
  0.22077922077922077       0.44155844155844154     
  0.22994002893086113       0.42955178085103868     
           3
  0.16640924689900577       0.31775310626914216     
  0.14367139451727329       0.31563249615349176     
  0.14668563323799774       0.30514267435369785     
           4
  0.30134435950838762       0.76110644990398846     
  0.30664747658713126       0.73960924339965617     
  0.31671914959397640       0.74127513890177799     
  0.32376433871405863       0.74700555239937072     
           7
  0.36150258420081266       0.90291330174835471     
  0.35563428192841312       0.91009641566639599     
  0.35386803190596783       0.90375061392447775     
  0.33821277706977104       0.90946347537989225     
  0.33866385219101758       0.88579062655102969     
  0.35489884036188479       0.88255777568090577     
  0.36358617132282234       0.88798803030795992     
           3
  0.19480519480519481        1.0000000000000000     
  0.19636688876956659       0.98630132009493299     
  0.20709429821924649       0.98610802493998440     
           6
  0.81744653387221300        1.0130539178026399     
  0.80769669539447519        1.0087397612191684     
  0.79331071594200964        1.0135894041487923     
  0.79260508523164463        1.0028751907516942     
  0.79919330996236204       0.99026301004219031     
  0.81232438661892881       0.99997472441948543     
           6
  0.64722163808860544       0.94955181648552867     
  0.64849827734208987       0.95852218444378690     
  0.62844177610557683       0.96217066460833423     
  0.62292757419096634       0.93934243780388282     
  0.62820300631005987       0.93675074740915298     
  0.63989992377934135       0.93894967610198266     
           6
  0.88046280158458157        7.1229266700506860E-002
  0.85726088408781786        7.3837881676706033E-002
  0.85732602173258965        5.7779295884737403E-002
  0.86069804478852963        5.0711998854786389E-002
  0.86972756205977275        5.3753461621846313E-002
  0.87872123303178540        5.2463778631641700E-002
           6
  0.72163676305093005       0.51644644280636820     
  0.71671166801086361       0.51122559567057679     
  0.71704991259782336       0.49955374576592265     
  0.72712303765867492       0.49714156984008151     
  0.73911275806020171       0.49296482193935470     
  0.73410517416623788       0.49700821996919076     
           7
  0.49339638662672225       0.62066838209602848     
  0.48726830180051228       0.61954581066811842     
  0.46933332909760817       0.61932997561726733     
  0.46628520133116930       0.60141872527421625     
  0.48122049088181756       0.60041513334433738     
  0.48890976625755678       0.60786086209011059     
  0.49449540783929058       0.60661762030425126     
           7
  0.49186595129435084       0.73544190036920309     
  0.48385873789822348       0.73916756851978782     
  0.47871337312648649       0.73462994610484489     
  0.47059102486823839       0.74011051839083752     
  0.48295562163574934       0.71331188212637564     
  0.48849572153087839       0.71568357767155177     
  0.49242453557694577       0.72426271009729726     
           5
  0.75240066581929144       0.88528110155872486     
  0.74181614748167812       0.89449489558345363     
  0.72977941170708016       0.87751833237386068     
  0.72934005480053277       0.87027727073247929     
  0.73737800658267649       0.87048228029555674     
           3
  0.59621416696961604       0.21926081487898366     
  0.59925399779238464       0.21165630541560862     
  0.61038961038961037       0.20779220779220781     
           7
  0.57860291193764413       0.23246856495695095     
  0.57113441714325541       0.23292546206154002     
  0.55807324406346803       0.23029069491347021     
  0.56027417411032221       0.22223868642250480     
  0.55976499829997162       0.20934377626533171     
  0.56923315015785436       0.20748626998242028     
  0.58561999880779081       0.22160835362333062     
           6
  0.59612526945757804       0.17676871799284069     
  0.58370174665165675       0.18161069259341123     
  0.59008508236952883       0.17184078986979084     
  0.58408410646940456       0.17083220556339876     
  0.59475163448460500       0.16110765012603623     
  0.60863155653004608       0.16729135862520930     
           8
  0.65045167603597842       0.14349641620802525     
  0.64565267766611512       0.14985931468918751     
  0.63494762375231717       0.15550644092136073     
  0.62244713088981873       0.14843611478995553     
  0.62400560683752015       0.13761770230293993     
  0.62637451330737826       0.13295386688529465     
  0.63695459025293677       0.13454182593948555     
  0.64515515233473519       0.13339480278899657     
           7
  0.64694879268564387       0.54696336777684507     
  0.62330501036267749       0.55714580169769168     
  0.62404160578419499       0.54711179625486706     
  0.62699825741100068       0.53716895286321165     
  0.63365508384495950       0.53823587394564054     
  0.64549904782159095       0.53384680069158486     
  0.64373012216492509       0.53949710083404001     
           8
  0.69920238157782677       0.56821604013017346     
  0.67861844703980867       0.56542613056308577     
  0.67823173777127665       0.56006888449366654     
  0.67956315602377393       0.54977936607615774     
  0.68079149068384781       0.54441123979454431     
  0.68617410388303290       0.54879914627514625     
  0.69130038497872026       0.54590759958578772     
  0.69963509040897998       0.54917112796333145     
           6
  0.80044467413468767       0.68646769594371260     
  0.77878282630664986       0.68221374195252915     
  0.78498163291002099       0.67568201131281147     
  0.78417766046633108       0.66413738657389920     
  0.79247137259716927       0.66201236632781768     
  0.80459711456460403       0.66533062746847260     
           6
  0.75412276368589126       0.63037268124680090     
  0.74624079956703804       0.63143996205674613     
  0.73990121006812015       0.63590124576197071     
  0.72814478776280689       0.63050054689782276     
  0.73144822806877652       0.61007269570461942     
  0.75411656593968956       0.61165539017936876     
           3
  0.74131398370646440       0.49238966984754839     
  0.71882000554521208       0.48754807482967055     
  0.72727272727272729       0.48051948051948051     
           5
  0.72782658169336667       0.70553974805177633     
  0.70125248980628629       0.71267218319071501     
  0.70464226549871745       0.69066327340625688     
  0.72234492633867486       0.68854943462194840     
  0.72595181094338257       0.69818163790452414     
           4
  0.19103833568468395       0.61792632853065232     
  0.18374066099366795       0.61259964843747206     
  0.19741765630657465       0.59764019387723499     
  0.20614383287880067       0.60084554579237992     
           7
  0.18963810591786115       0.49060710532940532     
  0.17739382399851600       0.48877989045893533     
  0.16782198051825148       0.48533962936647357     
  0.16844804680212419       0.46902070998318268     
  0.17511847880664999       0.47089451066787597     
  0.18913844771346655       0.46677813978523786     
  0.19524135628221681       0.47200449880816464     
           3
  0.15262900574482424       0.40680016924697304     
  0.13822611618116140       0.41226900443131198     
  0.14143993490319831       0.39515657715762720     
           5
  0.21704870241539803       0.28687653792352058     
  0.20684732200092576       0.29838946226195523     
  0.19750979806423183       0.27405647701952279     
  0.20779137342972998       0.27169116818293765     
  0.21595514503698987       0.27882698798616740     
           4
   5.9249185358303195E-002  0.24025813445066621     
   3.9059309806617579E-002  0.22393846245406557     
   5.0576308342346672E-002  0.22141064508720981     
   6.1719350534910747E-002  0.22848479649009179     
           4
  0.37666925021818143       0.24519647512157031     
  0.36722814963874728       0.24598092845471609     
  0.35015885613737574       0.24055370196089448     
  0.35702297684580914       0.22223809103125167     
           3
  0.33592406553890541       0.68347954509432784     
  0.32925461208818940       0.66956955517628614     
  0.33766233766233766       0.67532467532467533     
           5
  0.35165721505686731       0.45595719601107332     
  0.33526497814711581       0.46520560211764311     
  0.32383145589224888       0.44658211620069937     
  0.33824468587788165       0.44400829437706074     
  0.34530808718164879       0.44252070480420791     
           7
  0.41277927264773245       0.87249918565937745     
  0.39318239380786485       0.88219790216448124     
  0.39503740487737293       0.87076523681233720     
  0.39244243815307506       0.86423921011249560     
  0.39247770525678477       0.85883581675369913     
  0.40428956984602221       0.85612445874710874     
  0.40254443245460086       0.86282572924912115     
           6
  0.20015255141109231       0.25672120789051434     
  0.19265688738763187       0.25626876182040709     
  0.18199243124806305       0.26065684476935952     
  0.18103568045114105       0.24481331758076261     
  0.18517029464645454       0.23738089839498530     
  0.20315647180652269       0.24370775156093813     
           5
  0.29558466493351587       0.29368193605273174     
  0.27754138318551380       0.29601153938013092     
  0.27215541138444349       0.29214109724461068     
  0.27566054916603649       0.27219628820546915     
  0.29557199347140406       0.28009187414244524     
           7
  0.24396536903964505       0.31940680040067798     
  0.24799389088699977       0.32329310529679234     
  0.22626916566804203       0.31612033735804823     
  0.22116269908335767       0.31024145309899859     
  0.22069262178910656       0.29937221138714570     
  0.23298944688463116       0.30132755175016007     
  0.24067655575159938       0.30084351069636966     
           4
  0.34809694724947704       0.35688333724888599     
  0.33122470073557875       0.35922662791516347     
  0.33069130621249399       0.33804621643888177     
  0.34479845341570187       0.34651557415736589     
           3
  0.31368067048703785       0.32057270982936148     
  0.32467532467532467       0.31168831168831168     
  0.33821548677989699       0.30407532957480449     
           3
  0.28571428571428570       0.35064935064935066     
  0.27396156496616575       0.35049524993664538     
  0.29408541494747259       0.33946739893548311     
           4
  0.33470451462702910       0.27244905098082917     
  0.31259259199664763       0.28019756250444933     
  0.31454891808892294       0.26260189792034716     
  0.33123125867474257       0.25857690288018559     
           7
  0.25934359202695634       0.28036170163941682     
  0.24384225415943653       0.28102743221243909     
  0.24129036136339341       0.28637633982402522     
  0.23905795087480841       0.27802594020985205     
  0.23591991949339525       0.25869001807164949     
  0.24261738552080225       0.25920075148543409     
  0.24573260715099074       0.26544884528133544     
           7
  0.26930689127578000       0.33895368541614446     
  0.27364763466981801       0.34952279231710459     
  0.25459409930838589       0.34823481107599613     
  0.25028064396942146       0.34057215596089341     
  0.24718415986939649       0.33593555736215192     
  0.24746664324285975       0.32701551500755544     
  0.25957171721850286       0.32475975548152741     
           6
  0.23606671645278182       0.24689635259216222     
  0.22746110516655668       0.24775700135147941     
  0.22306989682451336       0.24350580676558767     
  0.23644496647450894       0.22401001007127572     
  0.24256811749498619       0.22765833789343481     
  0.24800101129541940       0.22263001611003125     
           4
  0.49352609408740267       0.67242551885639745     
  0.49057777270844061       0.67996112218375748     
  0.48051948051948051       0.67532467532467533     
  0.48837020002414949       0.66181855261720557     
           5
  0.63669830561882845       0.65004942741942362     
  0.62583111917635870       0.63659574015764275     
  0.63129410368881378       0.62461263926233879     
  0.64719550213776389       0.62583772572432672     
  0.65023955199318129       0.63217701175869290     
           3
  0.67980283068337566       0.84411864849426965     
  0.67532467532467533       0.83116883116883122     
  0.68332034634369521       0.83282964540961046     
           7
  0.27289309836563880       0.34285181401006892     
  0.26510983154294726       0.35072545075921696     
  0.24747456112110641       0.34616032224037052     
  0.24824477725829677       0.33153482281952729     
  0.26332546832090586       0.32477853455238048     
  0.26768956084523010       0.32901807056868193     
  0.27323455206370728       0.32815000828177576     
           5
  0.52012157616312293       0.39737316941178236     
  0.51696812464432462       0.40369842938883815     
  0.50907444577249650       0.37877231563706798     
  0.51711585482229472       0.38011813643921677     
  0.52483159762553966       0.37667802943990025     
           5
  0.28119589496126124       0.61425616561166496     
  0.26214810116771808       0.62401848653607184     
  0.26030111473284551       0.59942472751955733     
  0.26650528683619040       0.59762272559286478     
  0.28401532196028678       0.60508119540660499     
           3
  0.22075603501901397       0.82725716262504823     
  0.20946113371350161       0.83133378022172122     
  0.22077922077922077       0.81818181818181823     
           4
  0.41600646241847428       0.81579970723102246     
  0.39010588439984784       0.80654796983172450     
  0.39539933939539068       0.79355658965965092     
  0.40364738224657398       0.79290205034998840     
           7
  0.68618483289471355       0.43782184196660279     
  0.67401028612136349       0.44024075813458524     
  0.66340794654941537       0.43476049784145326     
  0.66269351231648632       0.41849919628317223     
  0.66897902342425941       0.41659017227695827     
  0.67603405445151077       0.41683706087661776     
  0.68444340327509823       0.42139140387004609     
           8
  0.67144524061846833       0.27753395257601038     
  0.66752929365508418       0.28583267700485482     
  0.65435814408002446       0.28620125626917581     
  0.65498797429256128       0.27617719971538540     
  0.65439558269277331       0.26032892910261946     
  0.66312500242302708       0.26107655176013156     
  0.67105791686074556       0.26184898667680090     
  0.67114641947219678       0.26820973537422710     
           5
  0.54138782794380280       0.54172981728190917     
  0.53434408961771251       0.53190015529216539     
  0.54414409233767236       0.52484243746298576     
  0.55076839713347348       0.52049030520878325     
  0.55848431159048728       0.51993518310126785     
           3
  0.41167766800748051       0.41706756694102487     
  0.39332935691551629       0.41966274693936090     
  0.38914982076179666       0.41264313217501297     
           8
   7.7876118435028577E-002  0.33073508750087194     
   7.8998479268089269E-002  0.33867766683361306     
   6.5140840393906205E-002  0.33673155717787806     
   6.0949595468964848E-002  0.33230182629227145     
   5.7079508445328830E-002  0.31385175085635897     
   6.2177231245401095E-002  0.31518756271320209     
   6.7800230149051718E-002  0.31518848186064269     
   7.2410175673725707E-002  0.32148164312673327     
           8
  0.16781778041480716       0.55558261181016111     
  0.15724819515927863       0.55943202840155626     
  0.14574118531577954       0.55894333739014823     
  0.14758963583448148       0.55117846709789875     
  0.14193939366595804       0.54902388506736788     
  0.14317067763540814       0.53625931524301484     
  0.14791957648800616       0.54235612352437146     
  0.16730295383719365       0.53316348560779958     
           3
  0.48101592660910458       0.21558470107053582     
  0.46753246753246752       0.20779220779220781     
  0.46347305081117185       0.19734514526776245     
           3
  0.67302066616101341       0.54551616740062514     
  0.66661002541102998       0.52361154214833294     
  0.68351091049010049       0.51838998338286213     
           7
  0.36115668327483263       0.30243343679362994     
  0.36065717027716498       0.30952770382446071     
  0.33830550921841318       0.30405922889817055     
  0.34270066262615667       0.28916691336325656     
  0.35850515030712410       0.28512907987589986     
  0.36358790284805131       0.29120443431429799     
  0.36005478824765330       0.29666673953302564     
           3
  0.20865913565952526       0.43487959067447557     
  0.22572707375663636       0.41752653776303233     
  0.22928982648510080       0.42598561800721974     
           4
  0.18172783109084595       0.16935867714257666     
  0.16742338780192406       0.17741495124693843     
  0.15753405133840304       0.16414308300735636     
  0.16777463756915936       0.15645922131719903     
           4
  0.74025974025974028       0.75324675324675328     
  0.72811698491885002       0.74881216822073871     
  0.73404636578542792       0.74279823453014848     
  0.74752795178490294       0.74759265042611966     
           5
  0.81123176661175034       0.55313411819375924     
  0.80462751962912604       0.55280499913602399     
  0.79198205006524947       0.55862716080375496     
  0.79118477626995798       0.54573574723995288     
  0.81147461576398972       0.53318481136696527     
           5
  0.55843461871306876       0.74702149356062519     
  0.53178930957132453       0.75348074037907431     
  0.53194034878618712       0.72854994425415487     
  0.54798767419968331       0.73285361597820142     
  0.55466801465340854       0.73036226367055290     
           4
  0.21846418812104779       0.74839974656642660     
  0.20107152191788516       0.74825145597378406     
  0.20819649433561505       0.72772808353009388     
  0.21812289831771126       0.73737338793973572     
           4
  0.11247372019866816       0.68815898175986767     
   9.2436213641389098E-002  0.66925811843296801     
  0.10566470450142787       0.66421124991212721     
  0.11149478815903183       0.66979096876240940     
           7
  0.10367219279587107       0.49942152059849376     
   8.8654059518180797E-002  0.50372500475279847     
   8.2486638669764356E-002  0.49658499973836268     
   7.8219103194186304E-002  0.49166342446267136     
   7.7764309518061930E-002  0.48132126457458663     
   8.7076859674999313E-002  0.48467833705413482     
   9.9995968557097248E-002  0.49219055526784639     
           4
  0.35904905381559615       0.89645313448389041     
  0.33953295490507857       0.89664845407102434     
  0.33862892527796734       0.88392459133710821     
  0.35064935064935066       0.88311688311688308     
           5
  0.40096999051918697       0.62436201246606804     
  0.38019837639265630       0.62882574449889217     
  0.37571335471666184       0.61440471750356429     
  0.38643044285680267       0.61163763161417772     
  0.39956302966067742       0.61824764868080917     
           8
  0.57240589734142922       0.87097050792790409     
  0.56959156463419736       0.88031701096687098     
  0.56573578130875735       0.87440724619216603     
  0.56058608809532051       0.88256973347324819     
  0.55611090722564038       0.86264667951338070     
  0.56057285330060780       0.85951174053920432     
  0.56734633845825866       0.85595255580051322     
  0.57189032147959695       0.86444090497524673     
           7
  0.76608928442015167       0.62557074427105308     
  0.75986163424061270       0.63153512320834393     
  0.74663113405529957       0.63129400495795784     
  0.74051529114561676       0.63654212280041234     
  0.73938946988823362       0.62740567810989722     
  0.74336432355212090       0.61225586002409460     
  0.76421590649022786       0.61313901776253676     
           6
  0.75591473011290000       0.35949889010382113     
  0.74832614418260934       0.36385882724612534     
  0.73970601962461380       0.34865686227860759     
  0.74193734894115315       0.33883600332068542     
  0.75057183230640101       0.33902175374737425     
  0.76737874999816513       0.34952393094458289     
           7
  0.49167257238159440       0.90118639757622920     
  0.49266104545019362       0.90901402566412481     
  0.47802561011183414       0.90822183223415076     
  0.46657602126581221       0.90439457992169536     
  0.46905464584838430       0.89238476243432829     
  0.47042188099535187       0.88593218397087570     
  0.49241601405889657       0.89228644064902274     
           5
  0.50438643333116273       0.59734044700615063     
  0.48042589474880332       0.61007339175236841     
  0.48525183848957820       0.60085745234732268     
  0.47998756276460031       0.59157545683975687     
  0.49662911709128055       0.58564163919675627     
           4
  0.60389374351075009       0.13765665300067007     
  0.58729225307024802       0.13335837088929625     
  0.60189610119722448       0.11595367866978012     
  0.60678408915425952       0.12413612982000861     
           3
  0.79474554939745756       0.44199008523347505     
  0.79220779220779225       0.42857142857142855     
  0.79321034181974270       0.41663884536493367     
           8
  0.81345175005451553       0.82472963324446058     
  0.80457195305471607       0.83155537853923767     
  0.80135009143446467       0.82742178797972754     
  0.79135977293685811       0.82590945974582930     
  0.79388789502828017       0.81980472317452702     
  0.80108268933405802       0.80498535545128436     
  0.80563999901179983       0.80959287388291945     
  0.81729782703708653       0.80991860899258250     
           6
  0.82876931261331233       0.90842658145169985     
  0.82338334782853340       0.90467406212623702     
  0.80815342492916531       0.90977226407667633     
  0.81071501628251408       0.89653055041195784     
  0.81973023736259509       0.88715787323707762     
  0.82752928451440400       0.88815953993107277     
           8
  0.42460578956006106       0.29430510757922562     
  0.41339737671288046       0.29937334550878808     
  0.40716425760607000       0.29886969313791661     
  0.40713656860111003       0.28922447661097228     
  0.41352969269542866       0.27307135813612632     
  0.42004604333253975       0.27722924011784067     
  0.42814996642485770       0.27538707830512610     
  0.42490319894626444       0.27990187331537758     
           7
  0.59292202857200482       0.46746471155808778     
  0.58674963211189990       0.46214783023978961     
  0.57705103282793724       0.46452850999361339     
  0.57778882567441980       0.44613688282512848     
  0.58709415850792535       0.44212337284392489     
  0.59482045243409620       0.44511953017047262     
  0.59285848011061015       0.45326721614046317     
           5
  0.76623376623376627       0.19480519480519481     
  0.75619129100568461       0.19965974666446026     
  0.75406557196880863       0.19005975969862687     
  0.75362785398305387       0.18188129670659547     
  0.77655724272513893       0.18460354330779238     
           6
   7.8745250461006513E-002   7.9836583527905153E-002
   7.7469692724413897E-002   8.9043269969835873E-002
   6.7876206757121027E-002   9.2133389882371519E-002
   5.6531075118308655E-002   7.7988346031238456E-002
   5.8503159403235548E-002   6.8895937309965988E-002
   6.2060037997019271E-002   6.4076665319595244E-002
           6
  0.13939840194775685       0.23246625135806284     
  0.13141794245338589       0.23012085649404868     
  0.12455612160305064       0.23012469624906087     
  0.12109860693269435       0.22447158551819749     
  0.13661255502561986       0.20788396842124485     
  0.13713719845600827       0.22439848052302958     
           7
  0.27630549724633457       0.14201891928646265     
  0.26816597810693499       0.14373592320611481     
  0.26464561652474705       0.13567626056457530     
  0.25989829912301599       0.12767615388913078     
  0.26931171894726952       0.11738513807035582     
  0.27675159930244830       0.12021199411504405     
  0.28535372257666453       0.11769381375046831     
           8
   7.3907047627716854E-002  0.83563991008698735     
   7.2882118492435116E-002  0.84171551778830578     
   5.5755617930790161E-002  0.84322249517818892     
   5.2962347825373901E-002  0.83629248643991017     
   5.3114308124120505E-002  0.82684234715288429     
   5.5881175049508638E-002  0.81725525587869563     
   6.6161393326305870E-002  0.82056410036045335     
   7.9156710884622727E-002  0.82719209962495988     
           8
  0.40281367182984357       0.19331786332898740     
  0.39987873631470461       0.19796773501361997     
  0.39877592781678173       0.20533107808079071     
  0.38103853927870279       0.19343135682986615     
  0.37675716048771113       0.18370712431433242     
  0.38557473088746319       0.18490040726686444     
  0.39902021690036149       0.18109995417689861     
  0.39782432035937693       0.19048342881417668     
           6
  0.50499077238748424       0.13761116530900375     
  0.49296388247252193       0.14370024942276838     
  0.49234892089564253       0.11879403432444513     
  0.50090559242176469       0.12140238784099788     
  0.51376468035261658       0.11703848747552097     
  0.51742057956229015       0.12445960609499397     
           4
  0.42631761667686274       0.51819213461744562     
  0.41631881952822763       0.51659283411942647     
  0.40857561580917906       0.51422121904275708     
  0.41952581241997849       0.49868964968643414     
           5
  0.33668723773189302       0.41412397311004873     
  0.33703549975267733       0.42840141792176245     
  0.32467532467532467       0.41558441558441561     
  0.31869898844477373       0.40145362371044613     
  0.33114323547892466       0.40313083558873880     
           8
  0.33813325350999929       0.72023257762102166     
  0.33875722620678395       0.72569222627816965     
  0.33276810041172161       0.72446915594553440     
  0.32497593779361256       0.72524487468554255     
  0.31652637683982160       0.72843109411565399     
  0.31657848959503793       0.72132513448157731     
  0.31738445458591408       0.70939301354863815     
  0.32045499122000770       0.70517169896054921     
           5
  0.63338069145044251       0.36837588699199791     
  0.62088094590919285       0.37386578908872842     
  0.61024661459488139       0.37187243407411247     
  0.61431318239525134       0.36009397965875184     
  0.63734872210912896       0.35248279295396201     
           4
  0.73868393783283448       0.49442598573395768     
  0.71787952682791989       0.48884470194563051     
  0.71355232678625768       0.47803677350897783     
  0.72454033140627605       0.47132406657130499     
