   77.000000000000000     
   200.00000000000000     
         199
           8
   10.000000000000000     
   7.0000000000000000     
   13.000000000000000     
   19.000000000000000     
   26.000000000000000     
   3.0000000000000000     
   5.0000000000000000     
   9.0000000000000000     
   16.000000000000000     
   16.000000000000000     
   12.000000000000000     
   19.000000000000000     
   23.000000000000000     
   20.000000000000000     
   8.0000000000000000     
   19.000000000000000     
   2.0000000000000000     
   12.000000000000000     
   17.000000000000000     
   9.0000000000000000     
   11.000000000000000     
   18.000000000000000     
   29.000000000000000     
   3.0000000000000000     
   6.0000000000000000     
   17.000000000000000     
   16.000000000000000     
   16.000000000000000     
   9.0000000000000000     
   21.000000000000000     
   27.000000000000000     
   23.000000000000000     
   11.000000000000000     
   14.000000000000000     
   8.0000000000000000     
   5.0000000000000000     
   8.0000000000000000     
   16.000000000000000     
   31.000000000000000     
   9.0000000000000000     
   5.0000000000000000     
   5.0000000000000000     
   7.0000000000000000     
   18.000000000000000     
   16.000000000000000     
   1.0000000000000000     
   27.000000000000000     
   36.000000000000000     
   30.000000000000000     
   13.000000000000000     
   10.000000000000000     
   9.0000000000000000     
   14.000000000000000     
   18.000000000000000     
   2.0000000000000000     
   6.0000000000000000     
   7.0000000000000000     
   18.000000000000000     
   28.000000000000000     
   3.0000000000000000     
   13.000000000000000     
   19.000000000000000     
   10.000000000000000     
   9.0000000000000000     
   20.000000000000000     
   25.000000000000000     
   25.000000000000000     
   36.000000000000000     
   6.0000000000000000     
   5.0000000000000000     
   15.000000000000000     
   25.000000000000000     
   9.0000000000000000     
   8.0000000000000000     
   18.000000000000000     
   13.000000000000000     
   14.000000000000000     
   3.0000000000000000     
   23.000000000000000     
   6.0000000000000000     
   26.000000000000000     
   16.000000000000000     
   11.000000000000000     
   7.0000000000000000     
   41.000000000000000     
   35.000000000000000     
   26.000000000000000     
   9.0000000000000000     
   15.000000000000000     
   3.0000000000000000     
   1.0000000000000000     
   2.0000000000000000     
   22.000000000000000     
   27.000000000000000     
   20.000000000000000     
   11.000000000000000     
   12.000000000000000     
   10.000000000000000     
   9.0000000000000000     
   17.000000000000000     
   7.0000000000000000     
   30.000000000000000     
   16.000000000000000     
   9.0000000000000000     
   21.000000000000000     
   15.000000000000000     
   19.000000000000000     
   23.000000000000000     
   11.000000000000000     
   5.0000000000000000     
   19.000000000000000     
   29.000000000000000     
   23.000000000000000     
   21.000000000000000     
   10.000000000000000     
   15.000000000000000     
   3.0000000000000000     
   41.000000000000000     
   9.0000000000000000     
   28.000000000000000     
   8.0000000000000000     
   8.0000000000000000     
   16.000000000000000     
   10.000000000000000     
   28.000000000000000     
   7.0000000000000000     
   15.000000000000000     
   14.000000000000000     
   6.0000000000000000     
   19.000000000000000     
   11.000000000000000     
   12.000000000000000     
   23.000000000000000     
   26.000000000000000     
   17.000000000000000     
   6.0000000000000000     
   9.0000000000000000     
   15.000000000000000     
   14.000000000000000     
   7.0000000000000000     
   27.000000000000000     
   13.000000000000000     
   11.000000000000000     
   16.000000000000000     
   10.000000000000000     
   5.0000000000000000     
   25.000000000000000     
   17.000000000000000     
   18.000000000000000     
   10.000000000000000     
   18.000000000000000     
   26.000000000000000     
   11.000000000000000     
   30.000000000000000     
   21.000000000000000     
   19.000000000000000     
   15.000000000000000     
   16.000000000000000     
   29.000000000000000     
   26.000000000000000     
   37.000000000000000     
   16.000000000000000     
   12.000000000000000     
   31.000000000000000     
   8.0000000000000000     
   19.000000000000000     
   20.000000000000000     
   13.000000000000000     
   15.000000000000000     
   22.000000000000000     
   28.000000000000000     
   12.000000000000000     
   6.0000000000000000     
   27.000000000000000     
   14.000000000000000     
   18.000000000000000     
   17.000000000000000     
   29.000000000000000     
   13.000000000000000     
   22.000000000000000     
   25.000000000000000     
   28.000000000000000     
   27.000000000000000     
   19.000000000000000     
   10.000000000000000     
   12.000000000000000     
   14.000000000000000     
   24.000000000000000     
   16.000000000000000     
   33.000000000000000     
   15.000000000000000     
   11.000000000000000     
   18.000000000000000     
   17.000000000000000     
   21.000000000000000     
   27.000000000000000     
   19.000000000000000     
   20.000000000000000     
   5.0000000000000000     
           1
  0.45454545454545453       0.45454545454545453     
           8
  0.54438470454092680       0.63762510410637707     
  0.51977330496289764       0.64871065066881395     
  0.52347063866276422       0.64045266809354429     
  0.52218704062756593       0.62845702832944683     
  0.52769990440674663       0.62879521296624152     
  0.52942475861481353       0.62298739720056162     
  0.53761545628160434       0.62694560970666868     
  0.54658568757470782       0.63046364689363343     
           5
  0.46636277373020441       0.22429503283946059     
  0.46374163600013446       0.23363680196405220     
  0.44310680066845376       0.22983954675117091     
  0.44433822712565213       0.21946976851178301     
  0.46797517518286674       0.20835480255980190     
           7
  0.72694574124101308       0.59539756809521438     
  0.71271864387763395       0.59320062952238495     
  0.70645194864640148       0.59803791628532210     
  0.70188625586652242       0.59494931580441202     
  0.70597797809294238       0.57870015329241942     
  0.72052830580299732       0.57322559354375602     
  0.72732736570101852       0.57225992348861954     
           7
  0.72794387342183142       0.26999411188733591     
  0.72143447464298593       0.26874513931665933     
  0.70214744894691306       0.27380365359473213     
  0.70131332684904790       0.26822316719665212     
  0.70189931441836073       0.26188712695971267     
  0.70170017589961264       0.24744698677746860     
  0.72015547077991993       0.24851552123555357     
           4
  0.19060277449895671       0.39673523970648367     
  0.18096684518099587       0.39854854280959279     
  0.20070871837570842       0.37625404032045001     
  0.20570335001000681       0.38238395901159533     
           4
  0.32530288830002696       0.39845729018327386     
  0.31451290603809706       0.40085082509606440     
  0.31712369834592891       0.38853000310341590     
  0.33461420714424001       0.38111968970537763     
           8
  0.26499621227935521       0.66115858793944415     
  0.24801011115767749       0.65829127434024892     
  0.24987179952165367       0.64515292465434471     
  0.24804632036761887       0.64023911730190786     
  0.25755698933344107       0.64089806629104895     
  0.26033599664471202       0.63597523874660222     
  0.26624198413459876       0.63554722661297403     
  0.27350565432277957       0.63901508984897304     
           8
  0.14320631864757336       0.56906078415051775     
  0.13837143166851809       0.57038143335062885     
  0.13058952123157200       0.57256910220878177     
  0.11580242570340013       0.55778823580780501     
  0.11674424616374271       0.55055954102333882     
  0.12199776314192708       0.54991573785978820     
  0.13308423464787139       0.54613688202896082     
  0.14242249632970369       0.55438640669702011     
           8
  0.72239159384162954       0.78177817060673682     
  0.72838600485384497       0.78638165628892387     
  0.72214139645708042       0.79215670946187833     
  0.70928011279838377       0.78809975505509511     
  0.70532433531677552       0.78207005132771668     
  0.70382547834915876       0.76952590997033821     
  0.71590339065581721       0.76648786965474180     
  0.72774999315592559       0.77796171736153996     
           8
  0.39801806583025484       0.78414642720089078     
  0.40257376767640446       0.79021386317745668     
  0.39093631974948451       0.79062352394221613     
  0.38513190123497748       0.78915671840186152     
  0.37564176960407197       0.79187583998134026     
  0.37948298147159715       0.78074505649665493     
  0.40364525986606803       0.76920670326121587     
  0.40215251778875022       0.77398729381355957     
           5
  0.25974025974025972       0.84415584415584410     
  0.24752702568564253       0.85146072833755515     
  0.25212227137681603       0.83855573287819596     
  0.26098339030587436       0.83111782689946745     
  0.27230589012077683       0.83516546678811021     
           6
  0.66117017967521119       0.46674115031044344     
  0.65266447325654564       0.46622106437913285     
  0.63864094579016983       0.46749421097844951     
  0.64075027012810748       0.45789318091953585     
  0.65813527741916744       0.44324910826116032     
  0.66058993091501850       0.45559838297346972     
           3
  0.40035134190105620       0.32423462570002409     
  0.38477086008052408       0.33341686438510582     
  0.38326125174051462       0.31107086591122690     
           7
  0.20552793736588909       0.13668867351132513     
  0.20775514021442593       0.14296249618053197     
  0.18225512799000268       0.14409268688977195     
  0.18582824396659497       0.12734767661648003     
  0.18876482102866229       0.12180454104129458     
  0.18717144440273942       0.11570211695476235     
  0.20901522546334558       0.13005439745128439     
           8
  0.39858051797281757        6.6723158893583462E-002
  0.40347716192461031        7.7973198363277679E-002
  0.39225314885081014        7.7193115529790315E-002
  0.37786827447087634        7.2132969387006099E-002
  0.37820495146712890        6.2597365582507947E-002
  0.37801477271274647        5.6330269520758862E-002
  0.38780481560144070        5.2774126297980853E-002
  0.39801908162744143        5.8450473115932253E-002
           8
  0.14250916284798332       0.25966938187307326     
  0.13927098137365654       0.26607543501626330     
  0.12406811314814460       0.27015765063201203     
  0.11651274024587858       0.26307408749092120     
  0.11696451727479762       0.25119820091356576     
  0.11939270947079252       0.24605355566317805     
  0.13153693424650634       0.24670220128803966     
  0.13662472709755225       0.25204181854723767     
           7
   7.7104709408925373E-002  0.39024676789883711     
   6.4823659973832728E-002  0.39708826438323769     
   5.4169205750014854E-002  0.39868208666966776     
   5.1033560385166946E-002  0.39096520182904365     
   5.4341319105773438E-002  0.38615145920685184     
   5.1231019742237247E-002  0.37718367169203237     
   7.3042283687474771E-002  0.38619291336653472     
           5
  0.27244527867098250       0.51760857001505201     
  0.25019645969302712       0.53164236015386968     
  0.24931212031295974       0.50805956210967840     
  0.25718228719430802       0.50809531235601180     
  0.26556770989379824       0.50928169125125045     
           4
  0.20427354560535660       0.78070690845593627     
  0.19613098976462570       0.78835155932954137     
  0.18269297006729351       0.77522466256559308     
  0.19438084813929116       0.76791215668124613     
           5
  0.58414015247394102       0.85765834128274154     
  0.57071459361734467       0.85458159296270653     
  0.57031581676524301       0.84578367164068147     
  0.57073705150619636       0.83327292728671221     
  0.59592240450677536       0.84145538075802007     
           3
  0.59547692212580694       0.26077885856683297     
  0.59720094119624390       0.26941762777202627     
  0.57037455451769281       0.25167748363522574     
           8
  0.59584472909406483       0.13188518832256740     
  0.58063009083409844       0.13752763666459042     
  0.57497678176368494       0.14079312079689596     
  0.57061615630860185       0.13785913128740199     
  0.57551109349776686       0.12042361127389112     
  0.58552144381246107       0.11681777192418343     
  0.59397796251342760       0.11663943681563056     
  0.59651044349911120       0.12682914986693750     
           6
  0.72648488206715933        7.7563040847737644E-002
  0.71008017284390812        7.6568475768050731E-002
  0.70442478872851511        7.3441422044376398E-002
  0.70933491234226509        5.4899451998110825E-002
  0.72775794372823344        5.4887556280522914E-002
  0.72574197053765443        6.6890448688248949E-002
           3
  0.85305713545757988       0.46718153715286687     
  0.83649535257114738       0.44666228153475218     
  0.85338803540658703       0.44599932963861233     
           7
  0.85643908888697218       0.26131237324225054     
  0.85665126829082872       0.26706872452355768     
  0.83332863295346282       0.26304735364329074     
  0.83468187432601870       0.24926335355948329     
  0.83911161143211810       0.24596439399781161     
  0.84357577309010656       0.25158401574420519     
  0.85119681517758938       0.25154259335015178     
           4
  0.59430493603168633       0.40313693991063881     
  0.57652749526587932       0.40166526198694391     
  0.57364346071682593       0.37884263411673680     
  0.59009876590306676       0.37572125572397713     
           7
  0.46382112015706956       0.52953939988405152     
  0.44058528060221075       0.53167484675036014     
  0.44685021884265741       0.52579055896542470     
  0.44278443815346880       0.52231524788965145     
  0.44619660860139204       0.50641933316982768     
  0.46612647402738000       0.51060851911165894     
  0.46231049145729458       0.51852695794540982     
           5
  0.53959618423967326       0.49335228717927399     
  0.52309316128194616       0.49199788741567685     
  0.51981268220747423       0.47109400967014919     
  0.54211821189282172       0.47026655588749061     
  0.54173741684069587       0.47886131561027301     
           6
  0.84192539835533919       0.55110871285273599     
  0.83896519277134296       0.55828568397447242     
  0.81750115743602636       0.54618535073054619     
  0.81940223919929156       0.54002877125934978     
  0.83141061756438028       0.53612624268142695     
  0.84232927461887253       0.53168146964953067     
           7
  0.52923711639027748       0.78319294294521358     
  0.50749460735278484       0.79043771115143979     
  0.50742596225199033       0.77602922668557917     
  0.50990664423933862       0.77011546815555998     
  0.51491119603433999       0.77207706909307938     
  0.52429621414962602       0.76864516360791169     
  0.53370517978272980       0.76894078647919928     
           6
  0.41007816219340965       0.68162310985029273     
  0.40596718966396611       0.68764260370646968     
  0.39003033001601550       0.68855875105246556     
  0.38896002743922697       0.67259424833040038     
  0.39499989325009788       0.67212247091844035     
  0.41543994829412634       0.67776288974842991     
           8
  0.45802701773962040       0.90718215553071280     
  0.44857728741352071       0.90534017222889873     
  0.44504821302981479       0.89325817004771235     
  0.44112432402243174       0.88200593344426237     
  0.45230264668812281       0.88390139128520584     
  0.45768832509149426       0.88284069829543377     
  0.46761423049247303       0.88410634986411640     
  0.46391671459450562       0.88930212895780125     
           8
  0.69515738396617788       0.68913211277219255     
  0.69082216755292292       0.68600674254729876     
  0.67553227122475146       0.68002753561313489     
  0.67429408676583857       0.66226380838124510     
  0.68263037675057991       0.66367620081754286     
  0.68765864232407226       0.66543687324641099     
  0.70131107499333145       0.66489421362428192     
  0.70096068005974255       0.67173438953387632     
           8
  0.85828194384031087       0.72797926289284687     
  0.84830517288628637       0.72629855472623928     
  0.84253991830252783       0.72795684163725971     
  0.83127670924055697       0.72351287725616154     
  0.83654764166208118       0.70226025604492970     
  0.84582434569221121       0.70128908068126017     
  0.85106293025147639       0.70602080077430007     
  0.85634011414887445       0.70438850523076979     
           6
  0.82544722504727253       0.84832931184673266     
  0.83033177976977235       0.85577487639271776     
  0.81974993596552481       0.85297406646646678     
  0.80865702012190388       0.83389116831003773     
  0.81875411085804561       0.83551169338142439     
  0.82641239312588399       0.83474563370058219     
           6
   3.6584523708239676E-002  0.77940156977194619     
   3.2221285526819306E-002  0.78952097494096973     
   1.6867318799445315E-002  0.78905480696779606     
   1.2825070340548955E-002  0.78232728680857844     
   2.1560277543010424E-002  0.76641398240276448     
   2.8974652684094299E-002  0.76781585187414525     
           4
  0.24879831554081264       0.27155640375588003     
  0.25031088177156047       0.25816744252528268     
  0.27169550203852810       0.24574490530272594     
  0.27198774735465941       0.25848011779656621     
           5
   7.5399851366166740E-002   6.5661891947298531E-002
   7.5112380749091434E-002   7.6209560258107684E-002
   5.1842029767657477E-002   6.7966322969704646E-002
   5.5661433595508451E-002   6.0583477172178588E-002
   7.4492482315917791E-002   5.3777830767052011E-002
           8
  0.78083139103426447       0.16679095877749289     
  0.77035996397436568       0.16838606866613848     
  0.77036779916913256       0.15765847154061033     
  0.76740682634239477       0.15194039390357542     
  0.76973996151704516       0.14420600533901451     
  0.77846944476529445       0.14602117494806699     
  0.78437187255497720       0.14273076771511556     
  0.79293399274203202       0.15146653618110148     
           3
  0.52987986237511175       0.33631961504407576     
  0.51948051948051943       0.32467532467532467     
  0.52014081874689966       0.31405529263514326     
           8
  0.55279266224092793        9.2360245708754993E-002
  0.53984747479833450       0.10226955108148042     
  0.53182320705250452       0.10419019492841700     
  0.53239883462320081        9.4630116628235214E-002
  0.53212358183648023        8.2660914794040280E-002
  0.53662993990881569        8.5407094601942513E-002
  0.54386933157999373        7.9584326177530987E-002
  0.55686951721107480        8.2581795046570233E-002
           7
  0.31699320913367474       0.16426958374555384     
  0.32192333949685492       0.16867087711125373     
  0.31141263282361059       0.16519661713960057     
  0.30165629692842633       0.16561133799007519     
  0.30345055582709890       0.15849568953396309     
  0.30332782476180908       0.14651217946551995     
  0.32362766113153363       0.15956501778793800     
           4
  0.30490122960161903        5.1325379779057392E-002
  0.29079397944859248        4.1125744458181082E-002
  0.29584337295896940        2.7707991617067801E-002
  0.30614387298668361        3.0099306384258343E-002
           5
  0.15429480881493293       0.18463666605369014     
  0.14631990196585146       0.19016635122578199     
  0.13774489062320427       0.19263087563566289     
  0.14454780611263074       0.17101790098590763     
  0.15190107423626112       0.17077288024504919     
           8
   8.6090588277438082E-002  0.49483823592018739     
   8.9956592628524026E-002  0.50163632003643066     
   6.9220394287417511E-002  0.50319555228464241     
   7.0522554697496465E-002  0.48537610929262237     
   6.4361984521547275E-002  0.47944438397669537     
   8.1351382318711918E-002  0.48075343625508499     
   8.7567578913129551E-002  0.48166785398576861     
   8.5849588853053826E-002  0.48891043257853639     
           4
   3.3637609274763912E-002  0.62625680692925689     
   3.7376569318614515E-002  0.63402695294212896     
   1.2768700990987618E-002  0.61901399567149051     
   1.7870975626703974E-002  0.61140427985460855     
           3
  0.10128369320496441       0.74087613676153841     
   9.0732949477219646E-002  0.71960219343855136     
  0.10866597614736874       0.71559379908980869     
           6
  0.17819131259435628       0.68107069347145011     
  0.15590472893841853       0.68701388928321983     
  0.15924560588090383       0.66916323948483480     
  0.15548817765820605       0.66430858584880192     
  0.17683298624085089       0.66635690496519673     
  0.18191565276920738       0.67098664612718240     
           3
   8.7406284585912236E-002  0.89474782506413753     
   6.9902640162663482E-002  0.88076689193796021     
   8.7185046460127952E-002  0.87915524991594940     
           6
  0.62047181902045090       0.61823129232733232     
  0.61378983330607018       0.62155349191529541     
  0.60358257225789491       0.61967883495125486     
  0.60082662265544462       0.61337417103905612     
  0.59743478569861397       0.60073941006013143     
  0.60418450252577638       0.59646429840898374     
           3
  0.64829255350993420       0.75252845947583225     
  0.62619251420920830       0.76062089071837702     
  0.62351890878446092       0.74262040883883795     
           7
  0.36372429560097624       0.56467824328925931     
  0.36130967145364201       0.56999913746203923     
  0.34159359449659066       0.57012711648784209     
  0.33795442388970554       0.55903619378825631     
  0.33919949135703747       0.55006892794597839     
  0.35156540181569629       0.54534949880392591     
  0.36057002694286094       0.55726984276569891     
           5
  0.49163885158097792       0.41058927040183169     
  0.48210312855257870       0.41608783840101310     
  0.46787519581283027       0.39985072918800446     
  0.47701610810370232       0.39524724129084454     
  0.48770609029402739       0.39263434668192942     
           4
  0.75433814299611890       0.38619112592441718     
  0.73284120360160343       0.39072713201924897     
  0.73859269097482583       0.38554528254534132     
  0.74025974025974028       0.37662337662337664     
           3
  0.82983832614218445       0.30532345844098241     
  0.81383222843060210       0.31034793802892457     
  0.81818181818181823       0.29870129870129869     
           6
  0.70236310814198566       0.16763409247274250     
  0.68733276877197069       0.16616898472901737     
  0.67425104687123938       0.15996310135351915     
  0.67966464755468170       0.14398553656483828     
  0.68836342488549951       0.14241572796688359     
  0.69881490240062771       0.14732153649508786     
           7
  0.42808599965190269       0.15277163373810063     
  0.42719496942226354       0.15914944251497964     
  0.40918261738353662       0.16862529356564002     
  0.40727009974166989       0.15347552007108842     
  0.40220400743116386       0.14258122717479696     
  0.41802071039593036       0.14446646669580995     
  0.42479786459651969       0.14560740039503023     
           7
  0.47363732227248589       0.34711526670699044     
  0.46639779197318310       0.35060811223779159     
  0.45517360383694322       0.34688575498096297     
  0.46011945764290063       0.33072351995615396     
  0.46653704026387666       0.32688645540655592     
  0.48025902528418118       0.32751769210036324     
  0.47904287349237473       0.33826408354955190     
           5
  0.28204304653778750       0.31225985624749164     
  0.28435846911788215       0.32014006524568600     
  0.26797442889443429       0.32473646248403243     
  0.26435299437142845       0.29842572728144873     
  0.27075230021639585       0.30072106261707976     
           7
  0.23193527140745154       0.43940343892767758     
  0.22854615832350289       0.44406606636276230     
  0.22346770312181152       0.45325060623227320     
  0.21242768973093379       0.44033419477601554     
  0.21196950990502764       0.43004650173492320     
  0.22137188348696205       0.43348049306140546     
  0.23326843509839085       0.42996676129103290     
           3
  0.15584415584415584       0.31168831168831168     
  0.14334954500062466       0.31802886162923671     
  0.16752503358636672       0.30065224817033259     
           5
  0.32247507269581993       0.75367909413301726     
  0.31699991316697745       0.76041589640810703     
  0.29944577145977153       0.75220940525499447     
  0.30646441715357697       0.73906560003776267     
  0.32134723850554192       0.73919402939275825     
           6
  0.36453921641701470       0.89851529794900720     
  0.36138593554397358       0.90770860116651364     
  0.34723166256389515       0.90471311879659078     
  0.34222168781225765       0.89705611501907345     
  0.34110250136695802       0.88549998455696488     
  0.34961333421441937       0.88673172991720894     
           5
  0.20447864168501056        1.0021240231029900     
  0.20438437669553569        1.0128459594209287     
  0.19707862730088579        1.0142214509258354     
  0.18639735258022780       0.99228432954073220     
  0.18850180381860640       0.98622934453699884     
           4
  0.81351647135069705        1.0119744016282430     
  0.80010979192842679        1.0128941317658671     
  0.79990013537871341       0.99257390383827504     
  0.80617695624586017       0.98702172119961207     
           3
  0.62391345121847319       0.96050388948343801     
  0.62790291481714022       0.93455855720770753     
  0.64511482440256496       0.94438388675023166     
           5
  0.87091534873608634        7.8963950148257481E-002
  0.86233802029303697        7.0967711213411014E-002
  0.85611476469932890        6.5343664866314141E-002
  0.86225039466496123        5.0863678992618316E-002
  0.88047739345473197        6.0130140285062653E-002
           6
  0.73746277066593369       0.50381848017614961     
  0.71521384200039784       0.51600875114828559     
  0.71719793393199271       0.50934965817366540     
  0.71387405905523860       0.49964385245544912     
  0.72013905932819000       0.49480214497795871     
  0.73238499181351491       0.49588767915416893     
           4
  0.48110654573867839       0.62216564440252065     
  0.47374124422429365       0.61954466853789614     
  0.47568066887957700       0.60271398357670847     
  0.49154812366449879       0.60310277100709797     
           7
  0.48776584390998035       0.72469268566514433     
  0.46868920347644460       0.73383616118367767     
  0.47253418736325353       0.72913621957222619     
  0.46849521504823893       0.72050536340417115     
  0.47302821124689060       0.71523464237329493     
  0.48239983565973688       0.71455672489995870     
  0.49369876631928977       0.72123597443310483     
           3
  0.74025974025974028       0.88311688311688308     
  0.73278276565303158       0.88346730276590002     
  0.73518705096999315       0.87527814520823621     
           6
  0.62416097348853083       0.21232127409100346     
  0.62451730445667208       0.21979980155876089     
  0.61237650723879644       0.21979263429106408     
  0.60208869129986597       0.20272085479429025     
  0.60217813288740751       0.19638023152639955     
  0.62179288926436438       0.20232184973366246     
           3
  0.58030557084388712       0.22389997192936456     
  0.57142857142857140       0.22077922077922077     
  0.56285818874854454       0.21558946113893002     
           8
  0.60960457382274402       0.17169844917186045     
  0.60111956257239407       0.17720913974429825     
  0.59143958926088758       0.17932636430701582     
  0.58582573907072877       0.16219141412772967     
  0.58727778802387587       0.15706732039073792     
  0.59498194600153886       0.15830025163686662     
  0.60066600875056619       0.15922246790252603     
  0.61059856251873212       0.15829625432698508     
           6
  0.64042147095613278       0.15519613503445071     
  0.63495255502475756       0.15293810748227055     
  0.62329731428677793       0.13913142391395755     
  0.62327473694854896       0.12994976079024934     
  0.64291298225108817       0.13191134765539597     
  0.64504037234575906       0.14111405986560599     
           8
  0.65054858771912960       0.55137211999086699     
  0.63922650811244086       0.55438691955068997     
  0.63023612542023932       0.55397723509765739     
  0.62529098401323324       0.55363001618321672     
  0.62238346930564592       0.53493476743858137     
  0.63749335705354704       0.53468053592519971     
  0.64286373484849058       0.53280720511981927     
  0.64613511920440925       0.54326986371208452     
           5
  0.69080534956868278       0.57129119568573739     
  0.68594642539856521       0.56737717830860290     
  0.67475654940765528       0.57068418531780474     
  0.69600656835730201       0.54615401394250518     
  0.69992162990184503       0.55145679816520010     
           4
  0.79117277894337568       0.68281279597861366     
  0.77980981181216935       0.68221680572427779     
  0.79370684482838694       0.66267442580208824     
  0.80314142980637537       0.66631323142918586     
           3
  0.74025974025974028       0.62337662337662336     
  0.73892651230067663       0.63173315928069573     
  0.73726469856919974       0.61471802673457887     
           3
  0.73785273172690868       0.48088908963271426     
  0.72727272727272729       0.48051948051948051     
  0.72283882831799218       0.47083574892209684     
           4
  0.72624562198009412       0.70874917307662411     
  0.71481498235993990       0.71009138566137786     
  0.71428571428571430       0.70129870129870131     
  0.71630177873375178       0.69082958562859764     
           5
  0.20102895543186938       0.62450175843720390     
  0.19197387643156391       0.61908546203888848     
  0.18340070030670980       0.62391174878214473     
  0.18929341484333853       0.59978441304427399     
  0.19825983603819275       0.59623161518659695     
           6
  0.18918989411994672       0.47695560005736598     
  0.18597916775209336       0.48907573786481207     
  0.17029261260319020       0.48141361972811159     
  0.17072750936336137       0.47065848745202915     
  0.17746541141892191       0.46719171129024911     
  0.18305294383151108       0.46924492057608397     
           6
  0.15295255341621181       0.40446194735387930     
  0.15342416633659092       0.41265771428459647     
  0.13480955196973254       0.41128442214168176     
  0.13238906187118041       0.40346450353889307     
  0.13961454967993081       0.39182146421128944     
  0.15131682840492652       0.39867878834830039     
           3
  0.20425433404323404       0.29663782279766521     
  0.19991786355741337       0.27243525496115201     
  0.21789739914110950       0.28106810650147845     
           8
   6.5265368174827657E-002  0.24050467466294007     
   5.7537591556402347E-002  0.24107165172988923     
   6.1203531397431184E-002  0.24634920284857434     
   4.0846944265115745E-002  0.24789956355996398     
   4.4130996754055178E-002  0.24341358891508633     
   4.3218907264954851E-002  0.23764134130374534     
   4.2789499472917859E-002  0.22671858855213173     
   5.0671102219604240E-002  0.21957772573306794     
           8
  0.37441868963146963       0.24510755055114830     
  0.36870578525598119       0.24365075130343711     
  0.35487389540207276       0.24722727868315503     
  0.34983051322206371       0.24774648855952192     
  0.35646482576947258       0.24069817888745726     
  0.35288203611754582       0.23727144338779818     
  0.36498973506156207       0.22216804108057397     
  0.37563073406770453       0.22229432024067078     
           7
  0.35125774718627145       0.68480729074931934     
  0.32609519190709413       0.68951048038643348     
  0.32826878567347662       0.67774149584237320     
  0.32409578334499184       0.66660490934087979     
  0.33445524669428317       0.66309676084078140     
  0.34077310970962521       0.66375412816684254     
  0.35164625563618090       0.66343789200165704     
           4
  0.34858518124698373       0.46349822021272974     
  0.33766233766233766       0.45454545454545453     
  0.33832423149699919       0.44224258849520554     
  0.34898222044620680       0.44309140960424598     
           8
  0.40879726586810106       0.88135755989215570     
  0.40515007920794255       0.87795454539949203     
  0.39452572849524153       0.87280870296287871     
  0.38908411554016442       0.87370790821983491     
  0.38881884854100879       0.85867337930151122     
  0.39929223880965020       0.86159117563481158     
  0.40374067799308327       0.85930785555898903     
  0.41518482179905652       0.85706854911699359     
           7
  0.20265394149848417       0.25705556941775198     
  0.18970995022084133       0.25858607600062916     
  0.18438484657825974       0.25234802145669871     
  0.18401985810334331       0.24177649319244998     
  0.18341779281495757       0.23423899700494794     
  0.19473486895700512       0.23257919656447532     
  0.20120709594112574       0.23570216371618621     
           8
  0.29503918484181196       0.29724131771179879     
  0.28092241449648386       0.29793226906721521     
  0.27278265419030345       0.29559598290128403     
  0.27540196351992208       0.28400703050639731     
  0.27399833585079414       0.27694809442885460     
  0.28320903466972758       0.27745431595608733     
  0.28452381852873310       0.27241797727055839     
  0.29356749634725826       0.28559381329060390     
           6
  0.24759405795703654       0.32522842646939093     
  0.24008129333470868       0.32219364638170328     
  0.22146718622317302       0.30086305133326735     
  0.22720017861239714       0.29814618006015736     
  0.23676020141888640       0.30229557881500096     
  0.24137847574570323       0.30615720212209635     
           4
  0.35090967139563456       0.34898449134926740     
  0.33218749180341289       0.36265801586594260     
  0.32642583241247813       0.33929247922231243     
  0.34992782217036078       0.33855282557311023     
           3
  0.33521151626241497       0.31624638458262855     
  0.31362749360313025       0.30979385854904362     
  0.32380549028333833       0.30402891603772558     
           6
  0.29877528461289193       0.35035666731825910     
  0.29400525066122135       0.35931790941571007     
  0.27722058911008784       0.35259902730599058     
  0.27691660277962615       0.34191178876414402     
  0.28316801111669410       0.33649235981054992     
  0.29053519297065539       0.34223345982294545     
           7
  0.33774869137254121       0.28092097883715950     
  0.32727405605038551       0.28556031120321290     
  0.31301140033425412       0.28387174333123999     
  0.31100889940470500       0.26595823883545988     
  0.32630316588768876       0.25993840835645399     
  0.33822213807827584       0.26297169000833720     
  0.33263691515294841       0.27125129001624115     
           4
  0.25415410793933146       0.27486205807857023     
  0.26012148970345766       0.28090886095911516     
  0.23783433414682018       0.27724012171064910     
  0.24466120860030161       0.25954705232676234     
           4
  0.26738354709833811       0.34122153031184199     
  0.24801542510316194       0.35046621506497538     
  0.24926163799001724       0.33226727203723572     
  0.26533059176511570       0.32980315672091409     
           8
  0.24117549267062438       0.23462775511138714     
  0.21987549590785252       0.24518037161862125     
  0.22066115804588413       0.23381112030421661     
  0.22080998899907325       0.22873155646216281     
  0.23027784379858326       0.22188139010958138     
  0.23919541332824509       0.22327820568921322     
  0.24762296929545935       0.22052983735544401     
  0.24412199213489416       0.22495397466518391     
           6
  0.48815784901957748       0.68166085122463793     
  0.47565133803589593       0.68737493482782908     
  0.46844467416777913       0.67359902700827912     
  0.46643416823329442       0.66355912013488005     
  0.47298073022550280       0.66278987117157884     
  0.49251886348756724       0.66265023754191565     
           6
  0.64490011308572404       0.64135084848120916     
  0.62536912910630693       0.64771750310547216     
  0.62303685900457884       0.64150842916097373     
  0.62273304335966417       0.63368990260897329     
  0.62735221391492046       0.62413169418361569     
  0.63227050815256836       0.62898242752981304     
           7
  0.68286800372741241       0.83519970516413522     
  0.67432223299814276       0.84490458566031468     
  0.66177805720920935       0.84420663591893830     
  0.66259600903661886       0.83435807479885182     
  0.66515979245713852       0.82947569096201557     
  0.67407165443930361       0.82039398510920813     
  0.68245565337542946       0.82613391625254673     
           6
  0.26958379450911041       0.35017920030789335     
  0.26299803273542444       0.34722081361455459     
  0.25618876530054457       0.34752487037319679     
  0.24976261634479208       0.34980126190765420     
  0.24806139002201527       0.32548179902177665     
  0.27144169316054617       0.33031263818426271     
           5
  0.52478552028686376       0.39977300552459910     
  0.51111946200617486       0.39917195876564199     
  0.51155574349578670       0.38320723108456189     
  0.52061189305748923       0.37813370976818311     
  0.53118061903616220       0.38832517018111218     
           6
  0.27828156609510130       0.62344906931172261     
  0.25933955125074531       0.61662537299951925     
  0.26069480807622508       0.60823234709383178     
  0.27413505819822315       0.60188050498815815     
  0.28003283418668806       0.60585550403119548     
  0.28573744591581901       0.61035151152186495     
           3
  0.22349145614643920       0.83033266416733853     
  0.21046248243288285       0.82770052608600497     
  0.22822356722861908       0.81062210306315241     
           5
  0.41198608269216247       0.80634431512911175     
  0.39161829511827617       0.81902805616207774     
  0.39359488131574516       0.80015106219230503     
  0.41391712106211387       0.79097904816701625     
  0.41111104936824322       0.79675468719367348     
           4
  0.67586760027195425       0.43903323342351885     
  0.66862801320568099       0.44157199648353435     
  0.67532467532467533       0.42857142857142855     
  0.68419917993775037       0.41824478157694145     
           7
  0.67611057612983183       0.27483609734932807     
  0.67622974047862627       0.28383928950839060     
  0.66065711226233648       0.28260333912155411     
  0.65506253874266318       0.27614121553077559     
  0.65451625384652135       0.26617424900180381     
  0.66852790031758424       0.26459641598142658     
  0.67554724802516863       0.26325135634742308     
           7
  0.55344548676365968       0.54008434166808650     
  0.54816332433664472       0.54349071928542447     
  0.53813070298662191       0.54306292835729431     
  0.53123649131416373       0.53984633987131991     
  0.53191144540575075       0.51918525441821806     
  0.55368529059341576       0.52591778609290663     
  0.55794791612395722       0.53376614448362814     
           6
  0.41091532547560522       0.42161103531937622     
  0.40323864052314862       0.42639334888190339     
  0.39101401050661572       0.41306274720044750     
  0.39619591889615002       0.40516860541254468     
  0.40569655846464131       0.40815993214844459     
  0.41298171310750192       0.40244136469734071     
           5
   6.8797711393101091E-002  0.33200279916678271     
   6.8676096912896931E-002  0.33878573463235034     
   5.2813295520790310E-002  0.33115829090178850     
   7.1276052472404205E-002  0.31522814223711554     
   7.7432702928840191E-002  0.31224662792404467     
           8
  0.16359083013983960       0.54919066844229925     
  0.15679871049468708       0.55287019600147869     
  0.15350280784763243       0.55756976500673894     
  0.14338711075547120       0.55654238857839600     
  0.14347630898778557       0.54611169400817439     
  0.14441465578702151       0.53746666323372772     
  0.15571991132161037       0.53651711503796251     
  0.16566940935399890       0.53554571910543391     
           4
  0.48139753315037709       0.22062863943422123     
  0.47038700847636927       0.21912245946111189     
  0.45945181468614293       0.20197900304311064     
  0.48114273689848364       0.21067950106303249     
           4
  0.68129388227214827       0.54070746137482506     
  0.66314057399966531       0.54519957020811882     
  0.66266721642337956       0.53616411456798074     
  0.67532467532467533       0.53246753246753242     
           6
  0.35958287305642034       0.31187344947651974     
  0.34019211674383187       0.31097882197171706     
  0.33884412602424124       0.29907957398224955     
  0.35046719658853692       0.28489152450891247     
  0.35564815337530908       0.28948653821151621     
  0.36022587044731136       0.29528821460282551     
           4
  0.20807643983174762       0.43957444466557860     
  0.21001968417465391       0.42997576335332671     
  0.22650997024235681       0.41664045428411733     
  0.23421969195343711       0.42593482373120645     
           4
  0.15813998423475373       0.17971798003233355     
  0.16246533151126252       0.15938648453755472     
  0.17032527073530954       0.15842245720978129     
  0.17844122516256863       0.15941173995045346     
           6
  0.74251096497283198       0.76449766251698836     
  0.73008874900092691       0.76282085331281257     
  0.72992379663931906       0.75329259389426406     
  0.73144522236380272       0.74639142830772709     
  0.75314370832399080       0.73980212082663011     
  0.75218357377794631       0.75253615147989539     
           5
  0.81850575589449726       0.55913854511451855     
  0.80207702205380249       0.55312063826653579     
  0.79411840634372843       0.54762806558890609     
  0.79402645195563337       0.54021879306897524     
  0.79395645692832584       0.53160483681263138     
           3
  0.55682422821706801       0.73979438622204241     
  0.54307236502929768       0.74969016499395347     
  0.54836017391299963       0.72725281245595452     
           4
  0.21597653310718989       0.75104882100704962     
  0.19526531248504325       0.74516742909361100     
  0.21656312990015922       0.72646925964856091     
  0.21872967239976143       0.73860334990194210     
           3
   9.0019067952979537E-002  0.68916495798208133     
   9.3525770075768525E-002  0.66702928830882524     
  0.10389610389610390       0.67532467532467533     
           3
   9.0328464707478587E-002  0.50450282397681623     
   8.1715247098178206E-002  0.49145497326938298     
  0.10361039030345086       0.48608578262033869     
           7
  0.35743386124506588       0.89396578987129582     
  0.34688255600179374       0.89173719819495534     
  0.33844122779724856       0.89087751862555042     
  0.33838439917902308       0.87568945489432481     
  0.35528219279255191       0.87547512099825686     
  0.36034897662555804       0.86950908943917327     
  0.36088823289539118       0.87527690605689512     
           4
  0.40154517538709422       0.63584417150722861     
  0.38415073862477883       0.63442083634875279     
  0.38200652465695772       0.62728671924957757     
  0.38766094645283344       0.61424006884524796     
           7
  0.57232481210392705       0.87534259073488885     
  0.55571895886975031       0.88316706467483574     
  0.54767376509441645       0.87517684802585194     
  0.54902722609413634       0.86508412168824556     
  0.55682750707869855       0.85834007235338106     
  0.56175419045329023       0.86177331474049068     
  0.57037682144544999       0.86213543247788416     
           5
  0.75324675324675328       0.62337662337662336     
  0.74131617485600709       0.62465715008586564     
  0.74136780088750587       0.60937082493066208     
  0.75105811832144598       0.61021080742241796     
  0.75566464635513475       0.61603168392838259     
           4
  0.76574208899503449       0.35649230010897665     
  0.73900683213780738       0.36078567788569438     
  0.74074644303918824       0.34664891861682584     
  0.75504947485983476       0.34335284032374586     
           4
  0.48051948051948051       0.89610389610389607     
  0.46966220737319858       0.90684927493170930     
  0.46685317941997684       0.89142180615869437     
  0.48041550370200586       0.88601286743616603     
           4
  0.50369381682012482       0.60597667989494042     
  0.48178604540439696       0.59848273922650941     
  0.49187541457255568       0.58425784366557154     
  0.50391353778230974       0.59607028642905469     
           8
  0.60567277212306880       0.13091026982710510     
  0.59704377669141673       0.13751199000311964     
  0.58556206109579056       0.13490257627055227     
  0.58539709816332397       0.12519665242928971     
  0.58364609767229658       0.11880503719573783     
  0.58867924318921627       0.11713468946543623     
  0.60600913528286038       0.11610001662453884     
  0.60545716110280090       0.12444422775030128     
           3
  0.79989342005956310       0.43167872084322312     
  0.77911814456955086       0.43157140307145009     
  0.78537409430403737       0.41703101118606811     
           7
  0.81717206094164263       0.83237357646737964     
  0.81282662246820359       0.82834249941666671     
  0.80763092819339144       0.83239921225876967     
  0.79171686926435092       0.81776863871962846     
  0.79323661630463582       0.81113657092126124     
  0.80265027172507963       0.80480522027271206     
  0.81520508010019399       0.81330858726882327     
           4
  0.83026900738448428       0.90656894404769750     
  0.81888907175698644       0.90561086776854438     
  0.80785426233221980       0.89470928539641004     
  0.82025725347992140       0.88658464847429819     
           7
  0.42738128200111863       0.28727334258761816     
  0.41890006696233151       0.29962147466569949     
  0.40733871330231125       0.29722403905298350     
  0.40270474155533309       0.28588056312631538     
  0.40675257832456174       0.27259984258171199     
  0.41452963281140970       0.27424644976816143     
  0.42720769746565940       0.27507785282098973     
           3
  0.59430377583683469       0.44857260997432302     
  0.58441558441558439       0.45454545454545453     
  0.57755971670208905       0.44067270534418068     
           5
  0.77654832472693902       0.20561520625069343     
  0.76836131155484377       0.20661680986438222     
  0.75867781481828833       0.20648131585992582     
  0.75621903469527507       0.18174130466248373     
  0.76800395858228643       0.18196145417550494     
           7
   7.6530323934025188E-002   8.0511695439627828E-002
   7.1965413026319522E-002   9.0564020578534882E-002
   6.5722095017065649E-002   8.9543873529973270E-002
   5.7241767360089638E-002   8.8323488593355370E-002
   5.6801669127309884E-002   6.8622956966080048E-002
   6.7005215798550261E-002   6.5035567014371409E-002
   7.4790645190809468E-002   6.5025493874641335E-002
           3
  0.12699487376859966       0.23156500060678370     
  0.12987012987012986       0.22077922077922077     
  0.14283419290656924       0.21480185954674552     
           3
  0.27272727272727271       0.12987012987012986     
  0.26503064449620817       0.14125868987853230     
  0.27120128592849729       0.11707881869699234     
           8
   7.6182791103543798E-002  0.83173650529496101     
   7.7483199310892176E-002  0.84143327723953731     
   6.8023283955772215E-002  0.83930796988256617     
   6.4722263448020442E-002  0.84343988349537136     
   5.6824259503373414E-002  0.83127050022177107     
   5.6821993320821516E-002  0.82166551318670411     
   6.0968636331047099E-002  0.81702218442593755     
   6.3200879436649399E-002  0.82255937825008363     
           4
  0.38760974564307993       0.20810166730131033     
  0.37701192065013578       0.19304970698388380     
  0.39324845627800425       0.18734222281952617     
  0.40132919832597408       0.19465465225414949     
           7
  0.51871769573631044       0.13579266012317368     
  0.51991619999010075       0.14175427149823649     
  0.51106322086100586       0.14358407988976973     
  0.49820524227347196       0.13810997028461258     
  0.49767950090621299       0.13162517631347961     
  0.50724206197881250       0.12146972735452742     
  0.51449421522303618       0.13075151530454213     
           3
  0.41691552941001930       0.51957024102387250     
  0.40571320089446944       0.51296686821280180     
  0.41558441558441561       0.50649350649350644     
           6
  0.33564153899459537       0.41291779710527088     
  0.31629910109578729       0.42659394279701235     
  0.31614734810258899       0.41104552331944705     
  0.32348995321400342       0.40248371495282992     
  0.33789992645997818       0.40213935592652389     
  0.33146892294677521       0.40827342973442310     
           3
  0.32378121627586121       0.72589422168754425     
  0.31554453160680440       0.71806652619550293     
  0.32659631137146283       0.70087843686642848     
           5
  0.63087744073275409       0.36525265518418271     
  0.63540266435272919       0.37176191991074570     
  0.61143469090211366       0.37346800633503691     
  0.61514030279132881       0.36192783656980976     
  0.62372839021991133       0.35137114355746513     
           4
  0.73450958403929256       0.48905806913202521     
  0.71733879821121460       0.48681389456421231     
  0.72008516528380251       0.47447869465188047     
  0.74076386698677021       0.47498673110404066     
           7
  0.29456909340887150       0.28613444704811003     
  0.29266134745528927       0.29421695232062173     
  0.28364554349248705       0.29379311960213284     
  0.27654257501353230       0.28537828743405491     
  0.27878070641903130       0.27594916516284523     
  0.28713533852811368       0.27232746713764311     
  0.29713264595493954       0.27737175630263666     
           4
  0.46753246753246752       0.33766233766233766     
  0.45973680937466888       0.33665401970237030     
  0.45678563980581233       0.32480283858799330     
  0.47607476339954918       0.32652094723533115     
           6
  0.28406842454312714       0.58863724267520023     
  0.26346620556290673       0.59185088727649260     
  0.26157286787546297       0.58574843350667072     
  0.26715444560528473       0.57316951886517131     
  0.27562455605644842       0.57356578440221029     
  0.28648587110974288       0.57378726313771633     
           8
  0.59515018401805220       0.46126609747167324     
  0.58800367824381550       0.46167126448082674     
  0.57896958708004242       0.46720461930596940     
  0.57228720594657589       0.46388101031880757     
  0.57286544784847004       0.44129451023238986     
  0.57796838362044134       0.44479651145318433     
  0.59224950829795520       0.44358273901976109     
  0.59658774509866919       0.44050627503858364     
           5
  0.72848124948472115       0.27264403352193822     
  0.70615356867763823       0.27145324478806121     
  0.70051968888536453       0.25947368924205888     
  0.70769289339924801       0.25207034963980229     
  0.72756015770908067       0.25798407160287351     
           4
  0.42055435857826368       0.45052075462106883     
  0.41588327160458127       0.44200201199924366     
  0.44142149435318051       0.42797300947794675     
  0.43865953174918509       0.43453880105588716     
           4
  0.65407589252393783       0.65662487171543749     
  0.63944567526385210       0.65808469048849239     
  0.64232205265155995       0.63766163696639944     
  0.65927249877073935       0.63941292898499891     
           3
  0.71953309404406429       0.59455451258718206     
  0.70804875367901454       0.57631334226810782     
  0.72847205269172766       0.58516257392830728     
           4
  0.33766233766233766       0.76623376623376627     
  0.32479838114733239       0.77421961471005096     
  0.32476191882036715       0.75953489081304038     
  0.33188273712935479       0.75464164208313400     
           4
  0.51767481127339154       0.87120919282619846     
  0.51045294993235180       0.85835404562394413     
  0.51076400674813116       0.84546121532633245     
  0.52561651018755973       0.84872586474543410     
           7
  0.72741869193871256       0.85733487507460915     
  0.71987027787121360       0.85327747540521803     
  0.70174379538763187       0.85290672846495463     
  0.70396517573555706       0.84677001269838115     
  0.71059396380894868       0.83232009756216108     
  0.71643037002050924       0.83023200830213306     
  0.71873892240454307       0.83657580456513714     
           6
  0.46125700476914311       0.67169955037212048     
  0.45131958324653243       0.67626164433829195     
  0.45198858485706173       0.66948818220574879     
  0.44445943446200370       0.67588515098903124     
  0.45454545454545453       0.66233766233766234     
  0.46074055900654337       0.65054952522053255     
           8
  0.80708846969610781       0.46614068147372922     
  0.79986407283446315       0.46763652569355396     
  0.79199512157534246       0.45954899511172814     
  0.79684826619144888       0.45177427756719535     
  0.79117064308488605       0.44515215974545380     
  0.80532823292721056       0.44692865965450934     
  0.81864344065305683       0.44671225591267977     
  0.81926239513639865       0.45327902057994596     
           4
  0.81128947966733200       0.74950937226022019     
  0.79557128991723625       0.75133663105877568     
  0.79188614191072226       0.73653761689401476     
  0.81627948025749397       0.73477081838061331     
           6
  0.81277518457676889       0.31181464502164985     
  0.81307557835380573       0.31908732438002918     
  0.79227341764199655       0.32284397370153511     
  0.79237081646002794       0.30782680770384041     
  0.80856831750095515       0.30116811245612224     
  0.81726048691768394       0.30247006422105849     
           5
  0.28403122949781828       0.47323734780973281     
  0.27810690085181222       0.47871572330681583     
  0.25982754199913138       0.47239872123950644     
  0.25955741492498796       0.46112914134512756     
  0.28589785731769762       0.45766820414372789     
           5
  0.43983786222867194       0.57310283495832615     
  0.44001283410644410       0.58013264386358887     
  0.42892797407950245       0.58251288417739822     
  0.41699309761415831       0.56852114471566806     
  0.43340903957514221       0.55892513106638686     
           6
  0.12949557518633317       0.73628518261353393     
  0.11799215858595120       0.73922264244178026     
  0.11148946235491757       0.73669241848696421     
  0.10499408265688082       0.71471744903744339     
  0.12654713580369462       0.71335475503589141     
  0.12993058479075290       0.72742662362283583     
           8
  0.81845447393980808       0.62964710401570012     
  0.81820068137569846       0.63656694622727727     
  0.80075882630092887       0.63570084086230438     
  0.79589922316866657       0.62037550671834951     
  0.79316850156385155       0.61083665234163287     
  0.80074555753887711       0.61207195886104504     
  0.81389808340950687       0.61200495350336859     
  0.81890597005180366       0.61304984670674634     
           7
  0.86154444616689863       0.18964105269394502     
  0.85014082040939309       0.18928136498078207     
  0.85286160654764454       0.17424854839567658     
  0.84437088662241655       0.16926176963613845     
  0.86010434372981992       0.16768829707509333     
  0.86954566032879754       0.17053448420963141     
  0.86528208289043773       0.17517015423071830     
           6
  0.57142857142857140       0.16883116883116883     
  0.56799226075280407       0.17776069041357961     
  0.56214580028846806       0.18176341196470000     
  0.55759249498995245       0.15900926584435121     
  0.57432434839048274       0.16114659732102238     
  0.58068417730382949       0.15505623454451378     
           3
  0.32986223230315409       0.17852696653839120     
  0.32897630240011516       0.15669499202613424     
  0.34516105649742868       0.16366036037971579     
           4
  0.15412722889860631       0.36973076252381792     
  0.13872433068743537       0.37287269670075968     
  0.12893139322704869       0.35626251660321706     
  0.15303473133831341       0.35101083253500964     
           5
  0.10066933040148239       0.56666912225595611     
   7.8187226537571070E-002  0.56201964084424472     
   7.8994998760654384E-002  0.55197892850324226     
   8.7856310352565845E-002  0.54777910709709154     
  0.10050903465567423       0.54995637523826357     
           6
  0.23239620677902603       0.82864849139723573     
  0.23085619755120754       0.83652689069624697     
  0.21125198207116380       0.83684966822022788     
  0.20923981579563936       0.82738715260628282     
  0.20710752151220885       0.82120796925697237     
  0.22445263582811389       0.81966849792272467     
           5
  0.53943839748784839       0.60720857580702559     
  0.52194735474843312       0.60564494106804978     
  0.53620361476344869       0.58528918963042320     
  0.54039492678747947       0.59084665491315713     
  0.54647523577542856       0.58651751990034118     
           3
  0.71428571428571430       0.44155844155844154     
  0.70220987072984264       0.45088324586655865     
  0.70307811192554859       0.43176580426592220     
           3
  0.46820199530564738       0.21932875889443093     
  0.45445811659120733       0.22100586535592912     
  0.45107766279131745       0.20030862127915344     
           6
  0.68367103964872467       0.33749770479324109     
  0.68897048133140393       0.33967634597887686     
  0.66792280266373993       0.34701046287641557     
  0.66397719525013721       0.34101263343151977     
  0.66702031838476350       0.33177652313030909     
  0.67845414039045526       0.32695517804466551     
           5
  0.57241316647135321       0.34674426963394811     
  0.54740281979336458       0.34617053912786333     
  0.54869543922753394       0.33889237271126660     
  0.56121016862282225       0.32889141740974631     
  0.57226324735635348       0.33353509792677943     
           6
  0.41211886705526929       0.99821532473915453     
  0.40491476522111580       0.99901677862601412     
  0.39034019972568557       0.99588528317870217     
  0.39345894958224142       0.97598404818747697     
  0.41539383396407653       0.98344172038549371     
  0.41068965420754550       0.98838743871999435     
           6
  0.29751629547050595       0.69086662310700375     
  0.29896734769910743       0.69747332304612297     
  0.28939561588265683       0.69590979567364830     
  0.27447881770838639       0.69438777612421221     
  0.27558117623522599       0.67946176906080868     
  0.28760000203067637       0.68025274388431023     
           3
  0.32796934303498620       0.38775330333058883     
  0.32394658795581099       0.36685809876906972     
  0.33766233766233766       0.37662337662337664     
           3
  0.66257826454626034       0.52819911467057457     
  0.64091851802455746       0.53077907313634187     
  0.64935064935064934       0.51948051948051943     
           4
  0.71071051052398071       0.65948901050244568     
  0.70137422614979039       0.65598935225877286     
  0.71628671060463611       0.64197617566585596     
  0.72403187810274972       0.64887028237247213     
           8
  0.71549075767717363       0.14127085315688961     
  0.70270266335503850       0.14254912440771852     
  0.68983831433299592       0.14393809447372760     
  0.69322034898690366       0.13423926580080414     
  0.68929171666145805       0.12871431186389867     
  0.68865414281078885       0.12252201478737684     
  0.70069628741659695       0.11647383168691688     
  0.70475867073524279       0.11981502228017674     
           7
  0.79002122215573500       0.19732774538351608     
  0.78919977778026429       0.20544253746726718     
  0.77507804584256723       0.20819223522247091     
  0.76781630819835445       0.20872189534102142     
  0.77821854727688311       0.18359410715199886     
  0.78597690594668002       0.18433029142414381     
  0.79340660705564214       0.18697101499247473     
           5
  0.62161255747047239       0.86848955241252657     
  0.60713993770802932       0.86979540439990910     
  0.59630496325846249       0.85655656267967473     
  0.61765747128588788       0.84559573464986582     
  0.62221161966675642       0.85403682276195825     
           7
  0.39755003144398110       0.77912959674999127     
  0.40285000795640630       0.79029712147580533     
  0.39764034594306163       0.78745999771861708     
  0.38273897158011339       0.78882128702944565     
  0.38003115443982571       0.76547936435789232     
  0.38690160600504819       0.76811823413979508     
  0.39905438239326352       0.77008011550349542     
           3
  0.38961038961038963       0.64935064935064934     
  0.38028831404128621       0.65679644591761077     
  0.39440054732629848       0.63681660806340190     
           7
  0.16393715525302666       0.23472192570710873     
  0.14667639678770483       0.22989302205957224     
  0.14775188980202736       0.21916223595664111     
  0.14367071015696103       0.21322136147626974     
  0.15964635347653852       0.20903929152617562     
  0.16868274213754036       0.21363722951028807     
  0.16335828701780519       0.21829889844568898     
           5
  0.20703612556341794       0.18711438926165819     
  0.19959147657051621       0.18958926835156817     
  0.19206230781903597       0.19567772074710121     
  0.18159665014018891       0.18030784551397402     
  0.20598602623200957       0.16891291426788085     
           4
  0.22046544423582223       0.25188515563675939     
  0.20406441425499555       0.25576213175667417     
  0.19623599398933397       0.24529317348966348     
  0.19731326671449376       0.23599124431351004     
           5
  0.28423946205869094       0.62546875113499301     
  0.27413785801682305       0.63344132606855419     
  0.26970516360357100       0.61551956742980785     
  0.26518506688987092       0.60972998712492321     
  0.28524210555573881       0.61511408212772101     
           3
  0.66064298649268527       0.39940337532858106     
  0.63828916789116064       0.38615582213315980     
  0.64960236794998760       0.37631617723398952     
           3
  0.67411599711057590       0.54886243941903734     
  0.65616272812133292       0.55445109413319904     
  0.66001513256528554       0.53205474086311133     
           6
  0.65550492514979408       0.20887831426086359     
  0.65015801789748418       0.20646265150344814     
  0.63577979780017413       0.19931006095989140     
  0.64343550364335689       0.18372477520796621     
  0.65384933394038347       0.18251413762437443     
  0.65746463812133327       0.19124044323535153     
           8
  0.63546400575941164       0.28643909898579240     
  0.62405692780083644       0.28502375412324032     
  0.61591200475091501       0.28136546324683104     
  0.61143769163334594       0.27602671901854187     
  0.61093044186794110       0.26702010314800129     
  0.62126960908888651       0.26418784291426173     
  0.62176077671853602       0.25924669117747023     
  0.63174793964901965       0.26468888900476500     
           7
  0.16336026476313645       0.49578339384069769     
  0.16615541268810013       0.50579117259837136     
  0.14438708157601682       0.50628547987917094     
  0.14640983328665216       0.49427820159960928     
  0.14255404815740177       0.48833812018564571     
  0.14488717579849167       0.48047711506888707     
  0.16659478844181233       0.48486625542203221     
