   77.000000000000000     
   200.00000000000000     
         199
           8
   10.000000000000000     
   7.0000000000000000     
   13.000000000000000     
   19.000000000000000     
   26.000000000000000     
   3.0000000000000000     
   5.0000000000000000     
   9.0000000000000000     
   16.000000000000000     
   16.000000000000000     
   12.000000000000000     
   19.000000000000000     
   23.000000000000000     
   20.000000000000000     
   8.0000000000000000     
   19.000000000000000     
   2.0000000000000000     
   12.000000000000000     
   17.000000000000000     
   9.0000000000000000     
   11.000000000000000     
   18.000000000000000     
   29.000000000000000     
   3.0000000000000000     
   6.0000000000000000     
   17.000000000000000     
   16.000000000000000     
   16.000000000000000     
   9.0000000000000000     
   21.000000000000000     
   27.000000000000000     
   23.000000000000000     
   11.000000000000000     
   14.000000000000000     
   8.0000000000000000     
   5.0000000000000000     
   8.0000000000000000     
   16.000000000000000     
   31.000000000000000     
   9.0000000000000000     
   5.0000000000000000     
   5.0000000000000000     
   7.0000000000000000     
   18.000000000000000     
   16.000000000000000     
   1.0000000000000000     
   27.000000000000000     
   36.000000000000000     
   30.000000000000000     
   13.000000000000000     
   10.000000000000000     
   9.0000000000000000     
   14.000000000000000     
   18.000000000000000     
   2.0000000000000000     
   6.0000000000000000     
   7.0000000000000000     
   18.000000000000000     
   28.000000000000000     
   3.0000000000000000     
   13.000000000000000     
   19.000000000000000     
   10.000000000000000     
   9.0000000000000000     
   20.000000000000000     
   25.000000000000000     
   25.000000000000000     
   36.000000000000000     
   6.0000000000000000     
   5.0000000000000000     
   15.000000000000000     
   25.000000000000000     
   9.0000000000000000     
   8.0000000000000000     
   18.000000000000000     
   13.000000000000000     
   14.000000000000000     
   3.0000000000000000     
   23.000000000000000     
   6.0000000000000000     
   26.000000000000000     
   16.000000000000000     
   11.000000000000000     
   7.0000000000000000     
   41.000000000000000     
   35.000000000000000     
   26.000000000000000     
   9.0000000000000000     
   15.000000000000000     
   3.0000000000000000     
   1.0000000000000000     
   2.0000000000000000     
   22.000000000000000     
   27.000000000000000     
   20.000000000000000     
   11.000000000000000     
   12.000000000000000     
   10.000000000000000     
   9.0000000000000000     
   17.000000000000000     
   7.0000000000000000     
   30.000000000000000     
   16.000000000000000     
   9.0000000000000000     
   21.000000000000000     
   15.000000000000000     
   19.000000000000000     
   23.000000000000000     
   11.000000000000000     
   5.0000000000000000     
   19.000000000000000     
   29.000000000000000     
   23.000000000000000     
   21.000000000000000     
   10.000000000000000     
   15.000000000000000     
   3.0000000000000000     
   41.000000000000000     
   9.0000000000000000     
   28.000000000000000     
   8.0000000000000000     
   8.0000000000000000     
   16.000000000000000     
   10.000000000000000     
   28.000000000000000     
   7.0000000000000000     
   15.000000000000000     
   14.000000000000000     
   6.0000000000000000     
   19.000000000000000     
   11.000000000000000     
   12.000000000000000     
   23.000000000000000     
   26.000000000000000     
   17.000000000000000     
   6.0000000000000000     
   9.0000000000000000     
   15.000000000000000     
   14.000000000000000     
   7.0000000000000000     
   27.000000000000000     
   13.000000000000000     
   11.000000000000000     
   16.000000000000000     
   10.000000000000000     
   5.0000000000000000     
   25.000000000000000     
   17.000000000000000     
   18.000000000000000     
   10.000000000000000     
   18.000000000000000     
   26.000000000000000     
   11.000000000000000     
   30.000000000000000     
   21.000000000000000     
   19.000000000000000     
   15.000000000000000     
   16.000000000000000     
   29.000000000000000     
   26.000000000000000     
   37.000000000000000     
   16.000000000000000     
   12.000000000000000     
   31.000000000000000     
   8.0000000000000000     
   19.000000000000000     
   20.000000000000000     
   13.000000000000000     
   15.000000000000000     
   22.000000000000000     
   28.000000000000000     
   12.000000000000000     
   6.0000000000000000     
   27.000000000000000     
   14.000000000000000     
   18.000000000000000     
   17.000000000000000     
   29.000000000000000     
   13.000000000000000     
   22.000000000000000     
   25.000000000000000     
   28.000000000000000     
   27.000000000000000     
   19.000000000000000     
   10.000000000000000     
   12.000000000000000     
   14.000000000000000     
   24.000000000000000     
   16.000000000000000     
   33.000000000000000     
   15.000000000000000     
   11.000000000000000     
   18.000000000000000     
   17.000000000000000     
   21.000000000000000     
   27.000000000000000     
   19.000000000000000     
   20.000000000000000     
   5.0000000000000000     
           1
  0.45454545454545453       0.45454545454545453     
           8
  0.53983314677645644       0.64424176268306410     
  0.53144952349708330       0.64481549458179643     
  0.52568276481408660       0.64967712871158290     
  0.52049635804005079       0.63893240841303234     
  0.51865053054001531       0.63381686720371055     
  0.53848117559138897       0.62240831765427196     
  0.54568552815517046       0.62582087662435937     
  0.54081554620365335       0.63543792906781305     
           4
  0.45037053391041426       0.23436715486243057     
  0.44275252270166937       0.22838306997433597     
  0.44091121374636782       0.21376248076379548     
  0.46602541108709844       0.22230696997870936     
           8
  0.72372837380079347       0.58134943198802913     
  0.71813843226695162       0.59577160803702756     
  0.70931228827739201       0.59289571676292507     
  0.70674417145469437       0.58191209642314512     
  0.70092946083645880       0.57836236220458370     
  0.71412756795814947       0.57534537933137486     
  0.71799126413504133       0.57183272288392795     
  0.72768998136962726       0.57143443925456616     
           5
  0.72751357777050407       0.27263185115767663     
  0.71282209229068505       0.26973545300121909     
  0.70092671823578179       0.26455763418115641     
  0.70345928003481828       0.24762283413986211     
  0.72259441231902100       0.25313862688250033     
           6
  0.20317553633035146       0.39367217214672473     
  0.20579438288979190       0.40278818448142834     
  0.18374268624817860       0.39737613710410746     
  0.18098645327509241       0.38630886291425992     
  0.19219314523421932       0.38080040258080167     
  0.20051419843358448       0.38247283123172948     
           4
  0.33886567992807642       0.40090303602630750     
  0.32262360360516151       0.39893628788964741     
  0.31649808156892356       0.38392104129197963     
  0.33484193458358796       0.39184718545942110     
           3
  0.26796024332051455       0.66131058912897811     
  0.25974025974025972       0.64935064935064934     
  0.25991589651368380       0.63907262899602313     
           3
  0.14232697588827881       0.57249070520564549     
  0.12196264832755230       0.55787865807128600     
  0.12162464185681197       0.54506978415986196     
           3
  0.72652186946207375       0.78687555293762002     
  0.70184666099754167       0.77938663928947038     
  0.71058707617163408       0.76555548474025104     
           5
  0.40238581664097250       0.79290529640187768     
  0.38714001392439251       0.78745609850418241     
  0.37555193351261312       0.79158603591020049     
  0.39509891842979661       0.76931971117902176     
  0.40297280417107889       0.77489285410632058     
           3
  0.24925409051625216       0.85432410253448399     
  0.25974025974025972       0.84415584415584410     
  0.27041149829191485       0.83982880131682192     
           3
  0.66295233889310190       0.45564536875609440     
  0.64935064935064934       0.45454545454545453     
  0.65808288946351468       0.44572977416011250     
           5
  0.39426635571264912       0.33540228195809163     
  0.38676898917082048       0.33481835278830313     
  0.38181753778347649       0.31386752367844239     
  0.39259259011998954       0.31689142031768808     
  0.40090818237659631       0.31223001337246603     
           3
  0.20476677716533123       0.13262084122669054     
  0.19851890202837222       0.14045727818226447     
  0.18188250234155001       0.11909415546086444     
           7
  0.40205187732470854        7.7201887260198332E-002
  0.39139204935113769        7.3927326792288223E-002
  0.38157998225732936        7.7598315153425163E-002
  0.38214449390027133        5.2109297775991548E-002
  0.38642041263714644        5.5514630098539568E-002
  0.39780026933468154        5.5146130493663396E-002
  0.39995805796955541        6.2567731831334086E-002
           4
  0.12987012987012986       0.25974025974025972     
  0.12217326295252359       0.26711721504205943     
  0.11724804445755997       0.25982146144877416     
  0.13103868254990880       0.24651241228930929     
           6
   7.4769494547136633E-002  0.39151059784462022     
   5.8860354091441455E-002  0.40257931959221183     
   5.2217698762360182E-002  0.38334147015433734     
   5.8974357540095043E-002  0.38180874931477021     
   7.2068889942225586E-002  0.37545878478990441     
   7.7315929079610157E-002  0.37987288376284184     
           7
  0.26652152449875843       0.53274212636660734     
  0.25460423505094310       0.52950795936488637     
  0.25213630809782822       0.52193363333733922     
  0.24990045726557342       0.51272686389360933     
  0.25853139936661934       0.51036007310751519     
  0.26198663106307224       0.50612598455844826     
  0.26764722464885032       0.51136037769927778     
           8
  0.20858881437049445       0.79036507415219459     
  0.19296874826510371       0.78935732885631904     
  0.18107895232104670       0.79248258968542518     
  0.18244269537090554       0.78430382134545185     
  0.18510968874341086       0.77662377053607901     
  0.18629905225495921       0.77137064262385457     
  0.20450836305361578       0.76818246840720295     
  0.20856584316498702       0.77456368367978246     
           3
  0.59725188151457276       0.85550484889951206     
  0.57031551609924980       0.84073037829249431     
  0.57623466649670463       0.83366940873718820     
           4
  0.59047983311833097       0.27031335511035298     
  0.57977766247588469       0.26745413671987023     
  0.58053585524938367       0.25013116554118747     
  0.59430030431112113       0.25238696873003474     
           5
  0.59637864398988683       0.13332876127734813     
  0.59255245898931730       0.14067140965368247     
  0.57128329980886361       0.12833915300265716     
  0.57300275583615878       0.11725234235385490     
  0.58946506828151468       0.11797099544700963     
           3
  0.71428571428571430        6.4935064935064929E-002
  0.70145697410246488        6.6664195824009259E-002
  0.71071947004960678        5.4759714596303716E-002
           6
  0.85377662310477875       0.45444459988482289     
  0.85805616243371796       0.46173573679813740     
  0.83453751814863775       0.46739018298524171     
  0.83276195745441206       0.44697363620470287     
  0.83216504827811189       0.44064668649511052     
  0.83895064204275283       0.44121765763569343     
           6
  0.83858445644792734       0.27268642648528829     
  0.83630791038263541       0.26310071013895364     
  0.83016958878722968       0.26082521752538773     
  0.84092857572628565       0.25018266713630399     
  0.85341484665889955       0.24608696261407034     
  0.85236812890143066       0.25623685770750848     
           7
  0.58736010616692946       0.40366268690154161     
  0.58281470176962269       0.39976801493863268     
  0.57193952614534715       0.39445386464214116     
  0.57703463912374720       0.38040914676868665     
  0.58531149334777965       0.37978071798409879     
  0.59157148219810340       0.37616025974687661     
  0.59374952384229973       0.38218127139002855     
           8
  0.45409545863916362       0.53280900358743788     
  0.44128835341676542       0.52788124837817130     
  0.44501303888865068       0.52360060828727639     
  0.44205551244038910       0.51884032747143549     
  0.44960325519867361       0.51161503317439005     
  0.44955036907306606       0.50572295664280220     
  0.46527036061741156       0.50569571068547736     
  0.46131526785422489       0.51117406947078869     
           7
  0.53949265209534092       0.49073486738070626     
  0.52789245181602051       0.49054539282854909     
  0.52309089455559854       0.48238376080553924     
  0.51867898933427259       0.47207303349189644     
  0.52610668817404171       0.46954436184845338     
  0.53440888674147202       0.46763716583152809     
  0.54482465208923225       0.47046618281439678     
           5
  0.83116883116883122       0.54545454545454541     
  0.81697544502257491       0.54018718340280703     
  0.81858843220957012       0.53409139005652184     
  0.82698044066015708       0.53203351517562580     
  0.83907226472091312       0.53494838105997800     
           7
  0.52671432492958492       0.79344136084269612     
  0.51418507702351846       0.78729165041365246     
  0.50627539842088509       0.77828549216712550     
  0.50856266571106423       0.76868363339002443     
  0.52364213210586774       0.76982709642914682     
  0.53178995862716316       0.76531854445930347     
  0.52762663156561018       0.77438045370657749     
           5
  0.41571975338070688       0.68079436598517951     
  0.39389744889637390       0.68560598553594332     
  0.39025676076778010       0.67749281859240496     
  0.39577565924728247       0.66532523907602448     
  0.41315287228741604       0.66209690667105459     
           3
  0.45454545454545453       0.89610389610389607     
  0.44215714104761433       0.89457111884808460     
  0.44681853393372689       0.88257504725711311     
           8
  0.68569218602004034       0.68367052752576685     
  0.68012175074459447       0.68414147106011158     
  0.67648520074245333       0.68861230917697969     
  0.67953980489072774       0.67295839345769759     
  0.67820540409099728       0.66160298364163306     
  0.68038509441778316       0.66685066045247576     
  0.68366232719082276       0.66167669313871869     
  0.69261058361832839       0.66613882471435149     
           3
  0.84436837394246278       0.72593096128402235     
  0.83241147327200460       0.71205406696065121     
  0.85417160310867868       0.71613463945113753     
           6
  0.81818181818181823       0.84415584415584410     
  0.81002342919008286       0.84203742676314686     
  0.80413936471951186       0.84064996404588710     
  0.81756240748625375       0.82992153329474661     
  0.81736960510309242       0.83652459457717254     
  0.82510913898340388       0.83418271622802231     
           8
   3.9704413745311147E-002  0.77866334870621012     
   3.2214459603690057E-002  0.78872865736640629     
   1.4098268958570682E-002  0.79043638077504685     
   1.4790349499217982E-002  0.77279209353007716     
   1.2653067189640061E-002  0.76822738406553637     
   2.7052711526198717E-002  0.76518150317026890     
   3.5189066782379423E-002  0.76725460022037240     
   3.3667621587355506E-002  0.77382852443608852     
           6
  0.26486047476051200       0.26882716830504361     
  0.25416376709011063       0.27233589172987660     
  0.24853577055767556       0.27378805494644654     
  0.25075156038029556       0.25913960971933614     
  0.26056153362174961       0.24875998795465526     
  0.26757662517267827       0.26132993275167271     
           8
   7.8194879205114198E-002   7.3651385029623234E-002
   6.7625139538120951E-002   7.4905608133895185E-002
   5.4653861783738565E-002   7.3556189990266280E-002
   5.4494202650323675E-002   6.7542987466212179E-002
   5.8249032630219605E-002   5.7211717446011841E-002
   6.8469655960051334E-002   5.5804297292311539E-002
   7.3379068010438572E-002   5.3785824922599257E-002
   7.7226514257429907E-002   6.1988027782053978E-002
           6
  0.77783338571735539       0.16528816735482460     
  0.76793143307320211       0.16783809614632650     
  0.76771736145910585       0.15876211048095093     
  0.76782870562720118       0.15026249808939643     
  0.77338862779237005       0.14399416881826960     
  0.79045472736912370       0.15270659048831198     
           4
  0.52477526902086924       0.33344137170748372     
  0.50920286937121506       0.33604694076435054     
  0.51334519359543118       0.31578326177154864     
  0.52061010270947661       0.31159100890130070     
           6
  0.55066317142350774       0.10481617248074022     
  0.54105583749864239       0.10302561439063558     
  0.53496772325121900        9.0102725876113454E-002
  0.53337771923323751        8.3718237231684062E-002
  0.53984944995732009        7.8500561923834630E-002
  0.55710891566099852        9.0084763745627711E-002
           3
  0.31168831168831168       0.15584415584415584     
  0.29872408349562241       0.15904576125124362     
  0.32457246803852280       0.14556404556311534     
           6
  0.31102065641704807        4.9346479584800929E-002
  0.28511733685880952        5.0983172154611338E-002
  0.28540048920714450        2.4823847353907177E-002
  0.30204748210137777        2.4847805230370626E-002
  0.30101913678817854        3.0473196901611713E-002
  0.30894829376972849        2.5059552223767420E-002
           7
  0.15696451640463002       0.19409172047170709     
  0.14907042495099179       0.19071408735360504     
  0.13618232245336892       0.19163679694811081     
  0.12882540548682245       0.18752120102746123     
  0.13372283210658731       0.18344279799020080     
  0.13283051163533385       0.16813551595503232     
  0.15430992481133737       0.18234652959105876     
           7
   8.5603172069150565E-002  0.50586404025985532     
   7.8446472459055200E-002  0.50583786668100095     
   6.8507002603773015E-002  0.50445637655197817     
   6.8325347343673071E-002  0.49902993332297774     
   8.5115275463744755E-002  0.48033306711758650     
   9.0872132090457844E-002  0.47994403171633770     
   8.5082080964565349E-002  0.49208798170277773     
           5
   3.2199110451544513E-002  0.63125598944424111     
   2.0502327777290958E-002  0.63132256078659721     
   1.2325571269357700E-002  0.63381146028364710     
   1.7761623302839365E-002  0.62489807511633944     
   2.5974025974025976E-002  0.62337662337662336     
           7
  0.11558692006259674       0.74085804508829578     
  0.10704364474568007       0.73553783477182233     
  0.10343593727190513       0.74055841419037149     
   9.1730122282975654E-002  0.73123258834793403     
   9.3110548522046727E-002  0.71862074995121927     
  0.11466383551429379       0.72118829614649504     
  0.11806549974886170       0.72809365536644055     
           4
  0.17789619463078532       0.67702038168884049     
  0.15639033447930131       0.67403894098714479     
  0.15734218619383836       0.66450907676103899     
  0.18235253882705355       0.66518289675997011     
           3
   7.2726987372528154E-002  0.89732041907656601     
   7.5926754929807383E-002  0.87191201063787926     
   8.5527810202274956E-002  0.88210823033789709     
           7
  0.61991229507207346       0.61361751979368784     
  0.61783518697129836       0.62350472866299189     
  0.60659582229164011       0.62105489420544491     
  0.60305582927192858       0.59635983536591730     
  0.60823347923678106       0.60234257929349699     
  0.62059104625060191       0.59980858833292860     
  0.62139992443485881       0.60835576543736225     
           3
  0.62265431364637580       0.76605165464330371     
  0.62755614054193187       0.75048045748519943     
  0.63636363636363635       0.75324675324675328     
           8
  0.36365676517535062       0.56900410438642968     
  0.35636961908615861       0.56973517646131122     
  0.34426787989149443       0.57107311367087188     
  0.33883092552845034       0.56482104588198934     
  0.34225180945432043       0.55295883944153446     
  0.34773035370050714       0.54614349534121753     
  0.36219616154587719       0.54428072556645601     
  0.36164969095012039       0.55967544872378328     
           6
  0.49235710535563348       0.40559738041325183     
  0.47584633479404426       0.41644271811094657     
  0.46942422849543303       0.40121581887507524     
  0.47367751046118334       0.39444059939363685     
  0.48684832279003859       0.38840392317028116     
  0.49067558209225876       0.39911706263710128     
           7
  0.75153631192756698       0.37779072533937819     
  0.74967942088985506       0.38610950820477519     
  0.72727728547941062       0.38680089781977134     
  0.72961313920835547       0.36779176505201988     
  0.73390217716345274       0.36382985311672922     
  0.74027274622843120       0.36735276012721524     
  0.74920372236573418       0.36621248541559359     
           4
  0.81818181818181823       0.29870129870129869     
  0.80971784035987993       0.28744517273067066     
  0.81885241017530264       0.29017467241318545     
  0.82802746433712016       0.28973874720262915     
           4
  0.69772740195185012       0.15562257351480879     
  0.68831168831168832       0.15584415584415584     
  0.67566021469161797       0.14620438704232896     
  0.70054017530489088       0.14855074770084792     
           8
  0.41731366445050977       0.16693188394857483     
  0.41030954403177100       0.16785729917891026     
  0.40177681878997856       0.16895574278755521     
  0.40679611270191535       0.16234341502670066     
  0.40528566760615220       0.15441680571494837     
  0.40391428518104749       0.14813156675705022     
  0.41346197672934781       0.14440871093236746     
  0.42941583206337708       0.14431162836471950     
           4
  0.47918858358852534       0.33769776169015775     
  0.47406271109565473       0.34745669592098710     
  0.45618942049409839       0.33007044297956384     
  0.47974898009033234       0.32849379660108002     
           5
  0.28148740148445262       0.31587318646315382     
  0.26284285917292283       0.32419030429229900     
  0.25948652954488760       0.31018961297113640     
  0.27652102358036273       0.30039707843686947     
  0.28334606837337828       0.30891839183317971     
           8
  0.23363162213716687       0.43874429545860977     
  0.22008664259176772       0.45083879157249246     
  0.20672852472629202       0.44193305643086928     
  0.21560149808425166       0.43435333519353225     
  0.21069015140755665       0.43233928632366847     
  0.22744534510500819       0.42799858454989986     
  0.22412062357807053       0.43254587231081798     
  0.23318028200170662       0.42948030728289294     
           5
  0.16989556952027696       0.32337481507707483     
  0.15608875969850816       0.32123029590720820     
  0.14519687841697188       0.31997159517551627     
  0.14273329474720156       0.29994660297643222     
  0.16308734828209215       0.31277955657456646     
           8
  0.32158711350622388       0.75470638668418266     
  0.32215713675777163       0.76488548891440167     
  0.30302411601917978       0.76637570013980005     
  0.30446090760229233       0.76116567626354592     
  0.29753110075813105       0.75783864237120813     
  0.30007261610104036       0.74897233862825952     
  0.29825536441745365       0.73992391152318193     
  0.30507996652094360       0.74100494206261958     
           8
  0.36477699487289028       0.90727376979446483     
  0.35976883736725962       0.90167647654006244     
  0.35414797638994516       0.90912494220981555     
  0.33793553145733479       0.89248359485710083     
  0.34475802843465631       0.88666651299762822     
  0.35694790189210335       0.88549848841571321     
  0.36245591538461969       0.88976613442772379     
  0.36234437109969059       0.89490238319329352     
           6
  0.19751228461792311        1.0111177410138596     
  0.18242287730533521        1.0137937314604240     
  0.18919350071798791       0.99061994165262590     
  0.20158686414772711       0.99157870762394229     
  0.20754348140878284       0.98760296608750131     
  0.20388359507545040       0.99861848947788512     
           4
  0.81665918998615794       0.99615803008708759     
  0.79198662121227403        1.0045516540487236     
  0.80019640869602748       0.98755950286781036     
  0.80957672198337904       0.99050178363101415     
           7
  0.64037238759416348       0.96144642593708918     
  0.63456116375444893       0.95953349209252858     
  0.62367097842594199       0.95829593081027509     
  0.62525957795214959       0.94107512621196820     
  0.62975188613300526       0.93554672483552159     
  0.64432455724301285       0.93532202759848271     
  0.64695686508146177       0.94281981131122694     
           5
  0.88090895918744117        7.8838658799761430E-002
  0.87381818230401231        7.5948770833318816E-002
  0.86813741241063835        7.3404093304894391E-002
  0.85635271707699934        7.7025240319111357E-002
  0.88027188825499203        5.2616165133618553E-002
           8
  0.73141857350869799       0.51694154857826979     
  0.72471455592300960       0.52024974758774256     
  0.71697622932230320       0.51439963114482934     
  0.71637421310816751       0.50768692587833364     
  0.71636532122542662       0.50065476822640897     
  0.72243867961512465       0.49343790086674327     
  0.74127576714748200       0.50267833752731395     
  0.73816284846574298       0.50665315520783893     
           7
  0.49385874269783642       0.61569799900365030     
  0.47810355305878743       0.62228847268787879     
  0.47230436613786786       0.62330083122852764     
  0.47413433193837407       0.61817347648109178     
  0.47296445736333775       0.60918424297519391     
  0.46938834208795066       0.60400278151944464     
  0.48807626347672750       0.61268923711513068     
           7
  0.48903539274339092       0.72842533590108005     
  0.49058477263294464       0.73562593281250321     
  0.48226416916592313       0.74151215566143569     
  0.47543445910942922       0.74002998832900024     
  0.47146761606085791       0.71891775934249458     
  0.47849704510489849       0.71611326283920818     
  0.49240211054131505       0.71764079674275549     
           6
  0.74458341499884328       0.89164055030579326     
  0.72933633006495202       0.89312386917213826     
  0.73301322293375148       0.88310975622858434     
  0.72628459237015108       0.87150603907629065     
  0.73440911371577233       0.87406580315656957     
  0.74222319004235293       0.87131812220714744     
           4
  0.60040862186778132       0.22067507951118506     
  0.59845247223059339       0.21275368163278779     
  0.61887083213224947       0.19555675998650146     
  0.61038961038961037       0.20779220779220781     
           8
  0.58082759274109985       0.22483711906213583     
  0.58536805719176099       0.23115433709593547     
  0.56927876694132507       0.23361622879166966     
  0.55787347995413794       0.23381899693479649     
  0.57142857142857140       0.22077922077922077     
  0.58439055711221521       0.20837053422583182     
  0.58290800363174822       0.21349441336245431     
  0.58298298047797370       0.22038957082834454     
           7
  0.61053714415832017       0.17989936612680349     
  0.60193309078058521       0.17846103976641484     
  0.59110072775755118       0.18062970066875966     
  0.58698917137716489       0.17683641172961259     
  0.58899657422744756       0.16320552553427459     
  0.59333308027220455       0.15952298929913961     
  0.61014343261767812       0.17078590516236125     
           8
  0.64829971002108600       0.14848735955432116     
  0.64374305150558941       0.15482392497857964     
  0.62915348401191129       0.15589853301175027     
  0.62702110008176293       0.14821265727457994     
  0.62241450687216471       0.14129636925893280     
  0.62778810442865562       0.13657208455141817     
  0.63301076552115298       0.13002278670955808     
  0.64542163122912810       0.14031491184512432     
           6
  0.64597089880513625       0.54604369525504326     
  0.64438847271348154       0.55309044192550638     
  0.62620974205627988       0.55754967751027240     
  0.62963516168960809       0.53647087697448592     
  0.64632083191024203       0.53144156802938380     
  0.64951754585546861       0.54015933116628068     
           7
  0.69846846733459389       0.56634712277105193     
  0.70053124648382936       0.57197791340559989     
  0.68513475675960589       0.56889631524985296     
  0.67577767707910319       0.55768286119064858     
  0.68407585299046492       0.54513237085879829     
  0.70034845549968627       0.54746335618339614     
  0.69715592027990669       0.55201194540668963     
           6
  0.80577067770617239       0.67934811244896331     
  0.79976690969343189       0.68837797763011277     
  0.79018488395617914       0.68470098202370766     
  0.78477684195283270       0.68017231072545181     
  0.78160668249548415       0.66203193552062356     
  0.78774147306596398       0.66192697843249204     
           8
  0.73871670568986447       0.63737359758122558     
  0.73618623875119393       0.63255122956273424     
  0.73002257441725094       0.63158147707378731     
  0.72963539288201018       0.61828684443024029     
  0.73935571506845477       0.61072732619954384     
  0.75075592861377272       0.61070344990570535     
  0.75427642296170205       0.62099450636326470     
  0.74842982550062853       0.62269472374598656     
           4
  0.73631630823517347       0.49206746905211241     
  0.71756110501500581       0.49188499785965678     
  0.72012628474383655       0.48198762469188738     
  0.73983180702339479       0.47536363972756357     
           3
  0.71923836537192953       0.71393013885592105     
  0.70048957428611980       0.70758543735868940     
  0.71428571428571430       0.70129870129870131     
           7
  0.20787644589822732       0.61150910009312875     
  0.19231789833103524       0.61906467417329347     
  0.18518663354664422       0.61928046948726534     
  0.18590958258638718       0.60775367047895013     
  0.19344021575327958       0.59779490480096165     
  0.20300368211315989       0.60285461916992511     
  0.20881114442486953       0.59851303806517497     
           3
  0.18181818181818182       0.48051948051948051     
  0.18978546801242899       0.48932317775398615     
  0.16893947277454213       0.46842152515432667     
           3
  0.15376840250484872       0.41623814191328723     
  0.14285714285714285       0.40259740259740262     
  0.15334072904986262       0.40598164886121818     
           5
  0.21973482246360670       0.28734835139842280     
  0.21102126680701488       0.29688352674492785     
  0.19719406245639712       0.29376107858656980     
  0.19839090512239646       0.27179638395868361     
  0.21838661488888395       0.27180441920396781     
           7
   6.0215057625876534E-002  0.23850976018802650     
   4.4612383288815873E-002  0.24497803406888052     
   4.0502275222182360E-002  0.23704381125860186     
   4.0337127120633295E-002  0.22422575064756373     
   5.2567795020682442E-002  0.22510408812747715     
   6.2892024742860569E-002  0.22756197414418067     
   5.9765628574347293E-002  0.23288261652626782     
           6
  0.37409127867595643       0.23948104237440146     
  0.36571800969197643       0.24318295825636727     
  0.35393149388934597       0.24469022604644100     
  0.35593009185094354       0.22548929129401102     
  0.36278161771941175       0.22335414998785735     
  0.36861487104303808       0.22524095944718348     
           3
  0.34536521482121696       0.68351364102116463     
  0.32494481892176841       0.66649154777015385     
  0.35179029626613390       0.66329559487370282     
           5
  0.33830712047316946       0.46796778525070770     
  0.32552184123570499       0.45959369833161201     
  0.32572959897004988       0.44800053636081727     
  0.33218945380519421       0.44256399747098490     
  0.34344904521955610       0.44317164471657705     
           5
  0.41034917191436227       0.87404978635711328     
  0.39339569527455437       0.87833002036522057     
  0.39353225009187431       0.86630464277274921     
  0.38969001315610829       0.86020710433286807     
  0.39900054332406942       0.85809696520321943     
           3
  0.19955451168344024       0.25987582472380222     
  0.18490882289063998       0.25765028119503020     
  0.19480519480519481       0.24675324675324675     
           4
  0.28418283026676827       0.29494236759343390     
  0.27753925841638194       0.28878328769635297     
  0.28305148247955475       0.27836976538666719     
  0.29355018175813397       0.27941494502450559     
           7
  0.23752216714010096       0.31990179677679176     
  0.22497986871976247       0.32227403789499570     
  0.22060437889980802       0.32585935602470933     
  0.22195425163015237       0.31242407252187498     
  0.23129488403595252       0.30355286868852988     
  0.24475084037168704       0.30483067281881460     
  0.24702544264572346       0.31022983264816367     
           8
  0.34323336659619297       0.36015603663554691     
  0.33499362014488410       0.35783445306188488     
  0.32488104717253585       0.35234867210130588     
  0.32996664928274189       0.34935125117913524     
  0.32673114552497545       0.34379620032297842     
  0.34064955383882473       0.34171553032028962     
  0.35023274347139288       0.33647137137716859     
  0.34796578036038933       0.34553265218224882     
           6
  0.33051262327484449       0.32459859949310194     
  0.31862919773876952       0.32086033481811155     
  0.31507243714866229       0.29918015148412480     
  0.33115371499323526       0.30446747002322533     
  0.33827466598838452       0.30180427761054801     
  0.33734300156346470       0.30882900105738198     
           6
  0.29393391199421010       0.35660414377335781     
  0.28672512062471939       0.36403680659289178     
  0.27956302855033949       0.35882771512738915     
  0.27501573547083369       0.35167270456013816     
  0.27235955258529748       0.34166540805644624     
  0.29958488198691541       0.34250852371359314     
           5
  0.33780612941337274       0.27786886519381299     
  0.31826479865885982       0.28123372947057512     
  0.31152091519496056       0.26961920502777026     
  0.32473238409430188       0.26331167421114543     
  0.33513427792884964       0.26086411354929079     
           6
  0.26095321811856398       0.27474146434276758     
  0.25608627892971125       0.27853274265683586     
  0.23398614280681632       0.28499788370388168     
  0.23560573541439825       0.27598842169925980     
  0.23329017765463958       0.26583624808839074     
  0.25667176279826875       0.26373100382339426     
           3
  0.25656174806364140       0.35004268451123388     
  0.24966406551537185       0.34545657249295764     
  0.25974025974025972       0.33766233766233766     
           5
  0.24135393212164355       0.24297158134913258     
  0.22978247323794432       0.24163211005198801     
  0.22217987137024955       0.23828813216069372     
  0.23506863126387376       0.21993153404601579     
  0.24708283694415586       0.22852046258071795     
           8
  0.49089657192886427       0.68326391428520028     
  0.47720183472274824       0.68486280082202511     
  0.46656778154006490       0.68754400408132887     
  0.46867187449662800       0.67546737660485390     
  0.47365721042016073       0.66777800003005305     
  0.48640945458344198       0.66210371433060478     
  0.48691647769212809       0.66730091072842168     
  0.49407484074687791       0.66680185550066418     
           8
  0.64701885001072246       0.64753345357902758     
  0.64056378630787625       0.64804632365913384     
  0.63483045179154918       0.64501306471403874     
  0.62776864949927258       0.64489249729264486     
  0.62725799181899289       0.63557454234980715     
  0.62358671254039610       0.62600529337209088     
  0.64848873417773389       0.62885562499947079     
  0.64425591837597440       0.63781274529760479     
           4
  0.68763799857884267       0.82558130532746088     
  0.67532467532467533       0.83116883116883122     
  0.66340180616703304       0.81960472308314070     
  0.68022005149551890       0.82111128885943552     
           3
  0.25974025974025972       0.33766233766233766     
  0.24988781742319463       0.34633279613270740     
  0.24857163799862345       0.32791386435653708     
           4
  0.51716275766943676       0.39938022425931546     
  0.50976615874701070       0.38343308750844085     
  0.51814779877677852       0.37800962260894072     
  0.52995820716059316       0.37930656317672556     
           5
  0.28297068863822150       0.62178145321333989     
  0.27520030956245151       0.61839750755508094     
  0.26418741380636646       0.60552329422413731     
  0.27455367549110049       0.60234379705111762     
  0.28280681381451223       0.60188063014075921     
           3
  0.23452321657478545       0.81847250681556383     
  0.20735128505036021       0.83212247658084493     
  0.21892441997885922       0.80466574659857759     
           6
  0.41609763645967657       0.81009368952462690     
  0.39403999622342373       0.81871861949950631     
  0.39453600200380834       0.80964403782189875     
  0.39212167547190585       0.79148421144120440     
  0.40801991572759744       0.79659503003649190     
  0.41364950275647744       0.79339159745505738     
           7
  0.68357323530496461       0.43660829077846752     
  0.67936380907332605       0.43991551249414507     
  0.66922458719158984       0.44226540128618824     
  0.66640909830828965       0.43218005314271085     
  0.66122979666333936       0.42692026492631946     
  0.66823682756974367       0.41794592965978883     
  0.68571776634549442       0.42058870577852409     
           5
  0.67102354670169406       0.28232732890694195     
  0.65517246081857117       0.27222324286192828     
  0.65048243318711985       0.25867903937937242     
  0.66316388058248033       0.25939868605366817     
  0.67562021750908974       0.26489151867892680     
           4
  0.55878410707283577       0.54563506674846907     
  0.54260134309552255       0.54363490212459620     
  0.53415925861699376       0.53006452571308826     
  0.54938060218354079       0.52318719261167412     
           5
  0.41321814350699126       0.41702579597389949     
  0.39639549960041798       0.42704055762598614     
  0.38906323069324067       0.40994374880270995     
  0.40903141447412161       0.40304643379404687     
  0.41234320338435726       0.40900260203897776     
           3
   6.4935064935064929E-002  0.32467532467532467     
   5.6326357812285399E-002  0.33046974732803047     
   5.4456327953177945E-002  0.31734356080111381     
           4
  0.14786282389507838       0.55692856008599023     
  0.14295444967223703       0.54790705690505059     
  0.15366248357344917       0.53537909291399921     
  0.15584415584415584       0.54545454545454541     
           8
  0.47583822124340280       0.20867083506807954     
  0.48056017233769333       0.21758055930959486     
  0.46743984007701772       0.21755344798813817     
  0.45993870961978817       0.21067487890531436     
  0.45674530489714055       0.20060973342363142     
  0.46403220249820409       0.19570232137441101     
  0.46807086571175976       0.19913810932245185     
  0.47886805637091334       0.20396513408937603     
           8
  0.68832720586193807       0.54639310904970673     
  0.67276442032208938       0.53968656291991490     
  0.66908383261321180       0.54456698490086619     
  0.66347206046554075       0.53387495169868093     
  0.66810500270106887       0.52791542868496166     
  0.67518010071970824       0.52363532416655811     
  0.68128273789459226       0.52430036647985467     
  0.68914292068607941       0.52742997711785433     
           7
  0.36072490921530020       0.30870631247570673     
  0.35196849099457500       0.30991895029920491     
  0.34223161573199745       0.29561560599495518     
  0.34280052068749245       0.28699950646716088     
  0.34991814003180410       0.28530674465672329     
  0.35842238086788603       0.28967752722155732     
  0.35844309322545248       0.29599720346412306     
           8
  0.22988713332198629       0.43899604917454504     
  0.22223913584979232       0.44172221056130356     
  0.21049466121445551       0.43774679918845916     
  0.21570626184636446       0.41620079892654954     
  0.21988556732458212       0.41934345052923744     
  0.23043475344889280       0.41443875293594840     
  0.23163152909538254       0.41983040452440579     
  0.23031848383095066       0.42560455909478812     
           4
  0.17668502361009525       0.17953685745332321     
  0.15616877713215194       0.17507044897721655     
  0.15895244783677440       0.16307704414731072     
  0.16970008578517826       0.16107120967027053     
           7
  0.74871823810456573       0.75784915849225665     
  0.75044207078569558       0.76335528261288177     
  0.74157904906227545       0.76729566686836259     
  0.73520319558920577       0.76040594241269821     
  0.73309238987208147       0.74510943248047723     
  0.75437575521234324       0.73985992899341368     
  0.75273742128129084       0.74719414169184650     
           4
  0.80150273081472578       0.55665769898043549     
  0.79334808707103299       0.53203742346216509     
  0.81150165921708484       0.53198023770276892     
  0.81543721262991498       0.53989693485159462     
           6
  0.55680636733869715       0.75291677770456766     
  0.54637869629933922       0.74936800384255353     
  0.53148746037140027       0.75022951166651330     
  0.53467456975640515       0.73993714673028721     
  0.53329635302575884       0.73271870699185915     
  0.55554933940229390       0.73176089855200488     
           3
  0.21807958629976371       0.74997962327731660     
  0.20779220779220781       0.74025974025974028     
  0.22133433414006096       0.73717705185245974     
           4
  0.11221868914638308       0.67426355320636133     
  0.10713521004128852       0.68445957792244660     
   9.8111381974383224E-002  0.66310560000186169     
  0.11651427588772979       0.66643611930659963     
           5
  0.10390932656199707       0.49734469182304464     
  0.10307942503532463       0.50573385923266168     
   8.6095055067503201E-002  0.50347930538137808     
   8.3015054835655328E-002  0.49105964808781866     
   9.5628230863794003E-002  0.48365215045087984     
           6
  0.36305975067509910       0.88558229970251023     
  0.35787755237611663       0.88860393339545185     
  0.34438118985467792       0.89180520088728965     
  0.33852523105597665       0.87858313233456820     
  0.34965720274762607       0.87049183355329207     
  0.35798377798055930       0.87952485103879008     
           4
  0.40015677987444703       0.62844740136872301     
  0.39380871634013270       0.63289928773969428     
  0.38022423919887455       0.63626078188875412     
  0.37865859208406288       0.61200161809901410     
           6
  0.56998275060171755       0.87546590758756482     
  0.55679326977823174       0.88105136881479795     
  0.54731632650718764       0.87756530966919644     
  0.54746333730970487       0.87037721659816270     
  0.55416367904837627       0.86225454300416315     
  0.57207986443064807       0.86002205444773061     
           3
  0.76105251955791908       0.62337624155831106     
  0.74682954550587455       0.63351431035433015     
  0.74999232764447266       0.61311231866478066     
           6
  0.76052934530447147       0.35882691357246238     
  0.75636069332867595       0.36384121849003009     
  0.73981024998941824       0.36300927355137447     
  0.74418819143953663       0.34366301735759114     
  0.76119592894711974       0.33989740837782600     
  0.76182544483245318       0.35307319763143752     
           3
  0.47819855429464653       0.90965491506397211     
  0.46800721986990701       0.89063158703885414     
  0.49392458405409101       0.89718097781673323     
           6
  0.50300935090538534       0.60918626919915619     
  0.48818069011077569       0.60788654764667283     
  0.48083579186576181       0.60639040272106493     
  0.48564333537563092       0.60123195674375463     
  0.48254951379241212       0.58437879187661934     
  0.48875373975806224       0.58348205371484752     
           8
  0.60438362199964013       0.13953165563311745     
  0.58337980829735214       0.14355292462463057     
  0.58406076468699253       0.13832423320870424     
  0.58990178893138145       0.12840319235244904     
  0.58511202231659909       0.11902773978998753     
  0.59168053881522309       0.11697221966403321     
  0.59854761177748772       0.11979239576159119     
  0.60779875082904422       0.11639177223270764     
           5
  0.79485716978726417       0.43813293114486052     
  0.78470573130866128       0.43453767819848543     
  0.78387143064684228       0.42595606743026809     
  0.79256288005147923       0.41515677596878542     
  0.79977891032380843       0.41545738069878091     
           7
  0.81321252317878068       0.82011031193841344     
  0.80949642414885103       0.82628956640559648     
  0.79793551884179015       0.83142759898036644     
  0.79243802957420528       0.80466139958824257     
  0.80591251468885416       0.80404221667089837     
  0.81370483344265832       0.80589067055848129     
  0.81549995681740428       0.81330427146705875     
           5
  0.82759797937914070       0.90340440697412683     
  0.82297855655571239       0.90872274423258148     
  0.81421068874212243       0.88839853346538022     
  0.82065709772348872       0.88483947504646132     
  0.82834610041882062       0.88770226418548603     
           6
  0.42285841954226427       0.29196536970296721     
  0.41305150272468472       0.29674882129735364     
  0.40471367593338070       0.29799006407679446     
  0.40733808971448920       0.28674339852810943     
  0.40560024415978002       0.27358485307733238     
  0.42338091687611701       0.27241043733035386     
           4
  0.59606154324252147       0.45476478742904453     
  0.58441558441558439       0.45454545454545453     
  0.57340669178459092       0.45198629103377008     
  0.58639621596852676       0.44669327641993678     
           4
  0.78040317377150092       0.19582251230469361     
  0.75548602507615747       0.19507640480802091     
  0.75305028228951942       0.18724924557816319     
  0.77794666850524485       0.18083327551051803     
           6
   7.8093062046662207E-002   8.4362002794978366E-002
   6.6328580622105268E-002   8.5925402375453153E-002
   5.2813434812080659E-002   8.6746112865408953E-002
   6.0846971994057517E-002   6.9720423652302410E-002
   5.8623213096811053E-002   6.4363604091169549E-002
   7.5960563548034821E-002   7.4750574631955932E-002
           3
  0.14062022450789904       0.23158023398348898     
  0.11876284907096019       0.21660921538127806     
  0.14258163831336595       0.21404553566658577     
           8
  0.28335318245519864       0.13273561071112450     
  0.27842890605320336       0.14127361363650956     
  0.26753540728438463       0.14131254726312872     
  0.26099561598687920       0.14194588964016358     
  0.26199430510738264       0.12209550028049115     
  0.26386657718223933       0.11594112067529248     
  0.27548408667904317       0.12221918232516753     
  0.28283705995927377       0.11701872856431696     
           5
   7.6271609050210035E-002  0.84339709295101584     
   5.9632990888964975E-002  0.84171355683432614     
   5.3856535213733313E-002  0.82601155804545101     
   6.0491023513273977E-002  0.82191711445291471     
   7.0511678001309613E-002  0.82059705776468839     
           4
  0.39463258266247769       0.20843598508614883     
  0.38098832567043772       0.20397353615927780     
  0.38812680226072332       0.18255284694188081     
  0.40277774981037162       0.18771408747225660     
           4
  0.51621677840636981       0.14340393307927390     
  0.49357753897940554       0.11818940998634105     
  0.50471180791628079       0.12022516860148243     
  0.52018272177804081       0.12091254928793675     
           4
  0.42422810450232212       0.51898327751362205     
  0.40813845620881034       0.51542753923298701     
  0.40749660401196641       0.49429456422663204     
  0.42615948253240060       0.50932667830721601     
           4
  0.33111733098612045       0.42347791486363179     
  0.31852950444754424       0.42969313685670624     
  0.31432364210731589       0.40745045216001025     
  0.33116545590145918       0.40631381663561444     
           4
  0.32467532467532467       0.71428571428571430     
  0.31524005662944510       0.72764934235976475     
  0.31396132018125211       0.71191416604874813     
  0.31342173605563850       0.70063607732930844     
           6
  0.63338464261726568       0.37781766155983526     
  0.62353990163575468       0.37351073848103494     
  0.60952643769320858       0.37302507139838986     
  0.61068341678881322       0.36465918389783986     
  0.61305052115936531       0.35819020856026590     
  0.62499113705720544       0.35471361752194430     
           3
  0.71795748014678218       0.48879994878938132     
  0.73729942311188323       0.46680545228459325     
  0.74034030039661314       0.47678882900405040     
           3
  0.29128011483344624       0.29327591546994636     
  0.27305944749731370       0.27649122301529860     
  0.28402582403425919       0.27655098436376180     
           4
  0.48103477544497264       0.34893704111325397     
  0.45443551206196120       0.33177054774351350     
  0.45947693289009112       0.32676963995031977     
  0.47871712423075902       0.33208292159279507     
           5
  0.28277537491347099       0.58868511354508335     
  0.27577503322525126       0.59615416638001184     
  0.25855022318665327       0.59737286527129363     
  0.26311280610477855       0.57667676236978183     
  0.28435446784227070       0.58258338499983431     
           5
  0.59298808279113502       0.46681099100586620     
  0.57319222313328499       0.46472004409920303     
  0.57478310378979580       0.45735545339217237     
  0.58000179521315132       0.44105341251360902     
  0.59600040857106495       0.45265311638699490     
           4
  0.72512039909697912       0.26811116315231642     
  0.70918185604309125       0.26921705002489321     
  0.70180082977286162       0.25865479070604896     
  0.72439614604830516       0.25772148405777195     
           8
  0.44050899543893812       0.44380229661897647     
  0.43014963318260196       0.44900951441634795     
  0.41850210405185895       0.45088084121504168     
  0.41834723701896387       0.43996024278321644     
  0.42151063932344984       0.42998137917053575     
  0.42657259582858259       0.42833067738781982     
  0.43887627439513299       0.43154133282348683     
  0.43700740805996824       0.43797049320070019     
           6
  0.66061748743276660       0.65782208173535683     
  0.63527183657751296       0.66137418064307973     
  0.63952166891527584       0.65358654980648878     
  0.64186165092929670       0.64699601808201213     
  0.65075827334079039       0.63812753598615601     
  0.65655469161189051       0.64754796615987587     
           7
  0.72852698392702220       0.59694406585406112     
  0.72296147323930804       0.59473432605088683     
  0.70755341656844550       0.59662625753558962     
  0.70189348020624565       0.57395507796054113     
  0.70995356615961369       0.57589344279770927     
  0.71502553962109183       0.57170126762393614     
  0.72090471357737662       0.57634208607765158     
           3
  0.35038839441901132       0.77615164014885774     
  0.32611937896030546       0.75969022789767127     
  0.33654985745793026       0.75345846662230709     
           7
  0.52636838587158619       0.86764528637537808     
  0.50834711945554323       0.86971091344924178     
  0.51132773255316966       0.86373010653536575     
  0.51169834504325118       0.85489348521994191     
  0.50762032605841922       0.84510834106878652     
  0.52655172331739886       0.84437873864832491     
  0.53117052159804667       0.85704645399418644     
           7
  0.72427837333913647       0.85652316350231250     
  0.71631821694961295       0.85361913443260151     
  0.70211171750795442       0.85581854884113706     
  0.70476273207915918       0.83592747260431333     
  0.71616785600720290       0.83298416943879416     
  0.72279732944891839       0.83005323972205558     
  0.72520120860351234       0.84352045436718615     
           5
  0.46109429201041230       0.67132955339250477     
  0.44370123131659561       0.66455105837729689     
  0.44072993858622966       0.65628281915112840     
  0.45519886147930810       0.64980916998197735     
  0.46216793341348961       0.65796148020528911     
           4
  0.81804240949175333       0.45655533359543271     
  0.79575585582416131       0.46300254353487680     
  0.79656884936176631       0.45526823501439678     
  0.81460132079522229       0.44214613379942902     
           8
  0.81141855640452909       0.75421361761708661     
  0.80750353158609378       0.74952808908635549     
  0.79282418316306669       0.75124000262689061     
  0.79628254509371876       0.74265027403601580     
  0.79169971599687616       0.73637902549691170     
  0.80110475647250934       0.72767001298849543     
  0.81277833621795192       0.73639022072600147     
  0.81786787066107969       0.74251803299117380     
           3
  0.80540040496783127       0.32079179269366237     
  0.80519480519480524       0.31168831168831168     
  0.80547735229109363       0.30383927148971346     
           5
  0.27484963714713667       0.47771690524040444     
  0.25883474441477244       0.47733718612131648     
  0.26047380227059330       0.45368723389183790     
  0.27989673423461303       0.45418591582371215     
  0.28328479049795469       0.46024404756120341     
           7
  0.44228347061075213       0.57584459809698496     
  0.43536605879477830       0.58146160114855139     
  0.42218809430513726       0.58122288350437257     
  0.41816281593412974       0.57488419934578872     
  0.41672332886162033       0.56327387604342616     
  0.43432597892648106       0.56076078397562779     
  0.43980203945855489       0.56916714301021443     
           7
  0.12507561806100459       0.73305982030154837     
  0.12450831283321884       0.74007980032421339     
  0.11867827330265002       0.73524172455344150     
  0.11198792828051164       0.74048275423058496     
  0.10631123885797816       0.72107032077393685     
  0.11482363129837023       0.72003140140554744     
  0.12127018820544228       0.71895853032229984     
           7
  0.81699167025865060       0.62491294277051190     
  0.81519930703194177       0.63540640680809313     
  0.80986256929057843       0.63301325584162449     
  0.79748621305947176       0.63306704614039477     
  0.79735341679917515       0.62281426227930614     
  0.79226686589802875       0.60986535386791219     
  0.81704500208455533       0.60981316108187833     
           6
  0.85856860360364851       0.19035200152773735     
  0.85094941144297065       0.19300240061500293     
  0.84595640274717543       0.18566646623271774     
  0.84420363106035634       0.17798910644300606     
  0.86458684968733246       0.16831038666026948     
  0.86757501785860114       0.17537672999185519     
           3
  0.58296167120510334       0.18057223023892308     
  0.57142857142857140       0.16883116883116883     
  0.56235102567213924       0.15609177533647195     
           8
  0.34820533533064424       0.17384807626820442     
  0.33405511762111573       0.18204403980097800     
  0.32683403559243052       0.18228679534076953     
  0.32643667471812993       0.16880446980560923     
  0.32409927699390789       0.16186367395031503     
  0.33485377305549641       0.16119117530872540     
  0.33821226907293284       0.15463688706658529     
  0.34582506150044845       0.15835714517899863     
           4
  0.15237639234210076       0.36609439479935751     
  0.13174234619067782       0.37556089217858385     
  0.14271904519107040       0.34973109487927195     
  0.15382780969638610       0.35035501899254901     
           8
  0.10476529589261996       0.56477102362350962     
   8.8677927721399721E-002  0.57105455758280044     
   8.3673581123080237E-002  0.57254169727741322     
   7.6843660418683707E-002  0.56751917064567436     
   8.0528667834102799E-002  0.55147252716530459     
   8.4198972020613827E-002  0.54465340345909008     
   8.8302097298940896E-002  0.54915887566163180     
   9.5519803616069932E-002  0.54914602222689535     
           5
  0.23224894589678313       0.83163349451811419     
  0.22610453138838449       0.84088538569223792     
  0.20686208873333614       0.82621700637211404     
  0.21983283432389805       0.81862234718505722     
  0.22953188968006694       0.82390687300142906     
           5
  0.54140539432484991       0.59805965914785697     
  0.51899528995914868       0.60723053333747612     
  0.51951800357781119       0.59131069976184947     
  0.52439996918266696       0.58372370717961553     
  0.54600110102218125       0.59290279418372438     
           8
  0.72789928804646420       0.44301721089117024     
  0.72768449653964606       0.45032473136224205     
  0.70982061696007981       0.44869580943466475     
  0.70339066899420599       0.44408772408933478     
  0.70271362357029366       0.42959978715258862     
  0.70741798348237572       0.42768194316404184     
  0.71113125529170529       0.43095107830118318     
  0.72755475980683859       0.43452793978370091     
           4
  0.46552052471105049       0.21155208292921082     
  0.45231937908421826       0.22046639611711394     
  0.44355992331330985       0.19910967112611630     
  0.45975606181431544       0.19803351052956969     
           3
  0.67874358908444454       0.34965304842790085     
  0.66344724559351131       0.34924734941408658     
  0.67697979944594833       0.32769343348890323     
           8
  0.57178614062673183       0.34693585151398337     
  0.54870093213487137       0.34576343698839629     
  0.54574649729804792       0.33599838338426896     
  0.55057291434006983       0.33473721803763179     
  0.55384980549001250       0.32382159133134492     
  0.56081855215475906       0.32650709816364060     
  0.56610585597158458       0.32406382974791048     
  0.56583861458271534       0.33281121914221051     
           5
  0.40923276836367789       0.99766613946199012     
  0.39610916572866073       0.99963933281170536     
  0.39235471705568792       0.98789648517344486     
  0.40412378559629575       0.97798051571650890     
  0.41204183529777016       0.98526601661136215     
           3
  0.28932955166299035       0.69639543721115671     
  0.27661050896212669       0.69043183946961062     
  0.28738464264194163       0.67801587298408272     
           6
  0.34152861662289097       0.38803683469129407     
  0.33237722041428908       0.38733357599143814     
  0.33046859886997898       0.38070002790147567     
  0.32446044738606206       0.37302237925011739     
  0.34087333821523247       0.36911147944072037     
  0.34920662876854591       0.37707791409800562     
           7
  0.65495902617620749       0.53007287279330328     
  0.64691257225371157       0.52938610590634760     
  0.64080302367366004       0.52649204940068062     
  0.63569839747946000       0.52306186489640971     
  0.64413205250058003       0.50888932309830925     
  0.65686760253241760       0.50746420137186454     
  0.66025753292810629       0.51653813235144264     
           8
  0.72582308872122059       0.64748767479624858     
  0.72306643340452759       0.65780481472172847     
  0.71786030216410601       0.65734390525340003     
  0.70383841250440482       0.65766092551899524     
  0.70303771950716110       0.64426847097106466     
  0.70572505391758278       0.63666732704628637     
  0.71099063285569297       0.63936968255412352     
  0.71565592760890240       0.63598680503007565     
           4
  0.71437917998213507       0.14366401587465161     
  0.68752343984595798       0.11678694236616835     
  0.69995756948071053       0.11931748124503684     
  0.71409458154828354       0.11703623828327026     
           6
  0.78521236182457665       0.20883711906732469     
  0.77490676590020802       0.20624729857394578     
  0.77068841412354572       0.20195660064918144     
  0.77515304698717824       0.18701303253781176     
  0.77865059617874255       0.18194050646048782     
  0.79252217454060614       0.19030564064477254     
           5
  0.61838844025179107       0.85492886215712860     
  0.61344418162422731       0.86941851732926634     
  0.59823840565655528       0.85311305357481348     
  0.59841925326060541       0.84496522157577081     
  0.60378824217469196       0.84823171332180014     
           4
  0.40078343547374656       0.77787726220854858     
  0.38961038961038963       0.77922077922077926     
  0.38611526873796870       0.76814059154580383     
  0.39823589683696292       0.77095829515000991     
           7
  0.40279868037592786       0.65224663994470833     
  0.39848443301835712       0.65975527122863875     
  0.39319515950703005       0.65757662727097099     
  0.37846421932489926       0.64666813899794318     
  0.38838623043213166       0.63944788180129519     
  0.39313796775261728       0.63628533364076356     
  0.40208936851322158       0.63662878537702883     
           5
  0.15609042846175028       0.22988536569402523     
  0.14186852530268548       0.22953918968697853     
  0.14238645790895604       0.21871311018397735     
  0.14317233844066379       0.21101440138451605     
  0.16504299642023434       0.22136316908058343     
           3
  0.20598518090815704       0.18318829939352901     
  0.18178851204850577       0.18638096663630452     
  0.20831485963747831       0.17432692041073522     
           3
  0.20519500429599805       0.25959929339370752     
  0.19667801481859856       0.24034129800795567     
  0.22086960426789082       0.23722721020515689     
           6
  0.28318067543111131       0.63215634807870713     
  0.27337536001241819       0.63537176764257142     
  0.25875710462731488       0.61001287432641138     
  0.26446827612471663       0.61082793468574315     
  0.27379771311574075       0.61317459651426109     
  0.28162922194227896       0.61858751120600386     
           8
  0.65805120218045143       0.38939866196077993     
  0.65437588019166026       0.39733181208753188     
  0.64881085510028214       0.40328348990594781     
  0.63730320573972477       0.39204643569503633     
  0.64484200996820429       0.37700498653818010     
  0.65118694432938418       0.37692657352622766     
  0.65554426700785728       0.38131628278256430     
  0.66227535084627220       0.37718670351246530     
           5
  0.67427403812006936       0.55616257631107602     
  0.64975704495819842       0.55890314482332826     
  0.65225295984477283       0.55266403555439392     
  0.65302341586220281       0.54207020332201572     
  0.66531476201665629       0.53738921044568955     
           4
  0.66299690371033726       0.20435467130922005     
  0.64646027462657918       0.20783697363529199     
  0.63899001739018391       0.20715525105071156     
  0.64216290753775629       0.18574210750326939     
           5
  0.62883400418592228       0.28049371797724670     
  0.61761025774445966       0.28419492484240544     
  0.62537569731127329       0.26152602970022454     
  0.63443198678764179       0.25880405417457436     
  0.63501706844629835       0.26572511665053788     
           4
  0.16600766983040496       0.50067561429264196     
  0.15334324744630337       0.50126790070111171     
  0.14442575967168950       0.50124514221258332     
  0.16170901956931244       0.48549721493916981     
