   998.00000000000000     
   974.00000000000000     
         185
           8
   74.000000000000000     
   74.000000000000000     
   80.000000000000000     
   85.000000000000000     
   99.000000000000000     
   81.000000000000000     
   85.000000000000000     
   100.00000000000000     
   74.000000000000000     
   57.000000000000000     
   60.000000000000000     
   74.000000000000000     
   60.000000000000000     
   77.000000000000000     
   72.000000000000000     
   87.000000000000000     
   89.000000000000000     
   53.000000000000000     
   72.000000000000000     
   62.000000000000000     
   53.000000000000000     
   54.000000000000000     
   98.000000000000000     
   65.000000000000000     
   72.000000000000000     
   81.000000000000000     
   84.000000000000000     
   64.000000000000000     
   52.000000000000000     
   60.000000000000000     
   95.000000000000000     
   55.000000000000000     
   79.000000000000000     
   97.000000000000000     
   51.000000000000000     
   93.000000000000000     
   50.000000000000000     
   93.000000000000000     
   95.000000000000000     
   90.000000000000000     
   95.000000000000000     
   71.000000000000000     
   89.000000000000000     
   77.000000000000000     
   81.000000000000000     
   74.000000000000000     
   53.000000000000000     
   79.000000000000000     
   58.000000000000000     
   61.000000000000000     
   97.000000000000000     
   93.000000000000000     
   95.000000000000000     
   80.000000000000000     
   72.000000000000000     
   92.000000000000000     
   88.000000000000000     
   90.000000000000000     
   85.000000000000000     
   83.000000000000000     
   83.000000000000000     
   59.000000000000000     
   75.000000000000000     
   80.000000000000000     
   55.000000000000000     
   66.000000000000000     
   99.000000000000000     
   89.000000000000000     
   53.000000000000000     
   64.000000000000000     
   85.000000000000000     
   52.000000000000000     
   60.000000000000000     
   63.000000000000000     
   94.000000000000000     
   66.000000000000000     
   56.000000000000000     
   71.000000000000000     
   97.000000000000000     
   98.000000000000000     
   57.000000000000000     
   94.000000000000000     
   60.000000000000000     
   70.000000000000000     
   56.000000000000000     
   56.000000000000000     
   52.000000000000000     
   64.000000000000000     
   81.000000000000000     
   81.000000000000000     
   100.00000000000000     
   73.000000000000000     
   62.000000000000000     
   75.000000000000000     
   68.000000000000000     
   80.000000000000000     
   68.000000000000000     
   89.000000000000000     
   98.000000000000000     
   92.000000000000000     
   97.000000000000000     
   80.000000000000000     
   56.000000000000000     
   83.000000000000000     
   84.000000000000000     
   93.000000000000000     
   50.000000000000000     
   62.000000000000000     
   74.000000000000000     
   51.000000000000000     
   52.000000000000000     
   90.000000000000000     
   50.000000000000000     
   58.000000000000000     
   89.000000000000000     
   66.000000000000000     
   78.000000000000000     
   69.000000000000000     
   90.000000000000000     
   77.000000000000000     
   64.000000000000000     
   63.000000000000000     
   54.000000000000000     
   54.000000000000000     
   79.000000000000000     
   91.000000000000000     
   75.000000000000000     
   51.000000000000000     
   81.000000000000000     
   73.000000000000000     
   74.000000000000000     
   72.000000000000000     
   68.000000000000000     
   72.000000000000000     
   60.000000000000000     
   77.000000000000000     
   81.000000000000000     
   67.000000000000000     
   85.000000000000000     
   85.000000000000000     
   75.000000000000000     
   98.000000000000000     
   73.000000000000000     
   50.000000000000000     
   100.00000000000000     
   64.000000000000000     
   58.000000000000000     
   50.000000000000000     
   97.000000000000000     
   100.00000000000000     
   87.000000000000000     
   76.000000000000000     
   52.000000000000000     
   94.000000000000000     
   76.000000000000000     
   99.000000000000000     
   73.000000000000000     
   88.000000000000000     
   97.000000000000000     
   88.000000000000000     
   58.000000000000000     
   76.000000000000000     
   56.000000000000000     
   51.000000000000000     
   57.000000000000000     
   74.000000000000000     
   100.00000000000000     
   80.000000000000000     
   64.000000000000000     
   94.000000000000000     
   75.000000000000000     
   54.000000000000000     
   97.000000000000000     
   92.000000000000000     
   60.000000000000000     
   75.000000000000000     
   71.000000000000000     
   67.000000000000000     
   96.000000000000000     
   93.000000000000000     
   53.000000000000000     
   80.000000000000000     
   94.000000000000000     
   56.000000000000000     
   60.000000000000000     
           1
  0.15931863727454909       0.91883767535070138     
           8
  0.64844444145090163       0.20833621596662577     
  0.64440577320679904       0.21542969797884648     
  0.62897022232657562       0.21561509746428648     
  0.62182155110004433       0.20832509271010799     
  0.62084235512026564       0.19653309467831109     
  0.62285666683489160       0.18703636864862663     
  0.62932544298017257       0.19134111614082677     
  0.64010570185064486       0.19158695730396413     
           7
  0.28959185228056045       0.91778315435347457     
  0.28183312015660289       0.91997909455905735     
  0.27186719613730853       0.92255316647242935     
  0.26616942816571032       0.91472373588554834     
  0.27345292498800411       0.89694832463139340     
  0.28253007290492094       0.89580609592826210     
  0.29161336873729765       0.90383794246905136     
           7
  0.88188553846809348       0.10223009596299587     
  0.87704010727789605       0.10822608710757156     
  0.86479764960427707       0.10698327273240574     
  0.86244214690104892        9.4088739978590991E-002
  0.86615590774592088        8.7205112715448341E-002
  0.87703282801586302        8.0037470008791342E-002
  0.89213636951010233        8.6237420425229402E-002
           8
   2.0429302864305020E-002  0.74392624540921293     
   1.2515446321284929E-002  0.74387174471864237     
  -1.8853194651401416E-003  0.74859598266514960     
   1.9648861725294099E-003  0.74386078396202826     
  -5.2701734167937084E-003  0.72833531074435531     
   6.4004989482868268E-003  0.72328431328846388     
   2.5542544520658871E-002  0.71963164423782100     
   2.1392252770428475E-002  0.73374765655729102     
           5
  0.59767307573849782       0.66593867326642853     
  0.59031384579150048       0.66625332282818062     
  0.58117884939954989       0.66806027716836169     
  0.57743440023083326       0.66131959165432552     
  0.58821551009572004       0.64448344931034185     
           6
  0.49703135824294153        8.3613052976219238E-002
  0.47905432241627838        8.3565021050365229E-002
  0.46874417351661862        7.5526508579089019E-002
  0.47196089607112607        6.3236338732776773E-002
  0.48122658563031356        6.1064182044670040E-002
  0.48995482018146952        6.4663934804379111E-002
           8
  0.54149288274997032       0.18274856150280913     
  0.53668849951188902       0.18817525800537147     
  0.52552178471201039       0.18938646371593026     
  0.51447793099029571       0.18413713254806852     
  0.51181597476214469       0.16776025373380155     
  0.51952605528595941       0.16387768230678246     
  0.52979275249470770       0.16347049811823014     
  0.53838636386251837       0.16415296575169311     
           8
  0.16255219175200691       0.62829932087040741     
  0.16798483139004433       0.63673667075826790     
  0.15988801888136139       0.63743662491005992     
  0.13921424914344735       0.63281148027879530     
  0.14356787318394379       0.61517478779306700     
  0.14713042854798353       0.60913702121007163     
  0.15732437347273903       0.60998341852426563     
  0.16618871656363157       0.61008019464846286     
           6
  0.46556637075541663       0.94500698462655786     
  0.46334281268351885       0.95278060654405861     
  0.44383284286425828       0.95550584424496876     
  0.44202646539215878       0.94467296185814409     
  0.44694442168215953       0.93360510453746659     
  0.46826605829496526       0.93645643487097086     
           3
  0.45691382765531063       0.13727454909819639     
  0.45409274703830588       0.14557369091721439     
  0.44372789320883144       0.12826417531965881     
           3
  0.88891885394262393       0.98366388654832360     
  0.87812559258075484       0.98457769888912761     
  0.88577154308617234       0.96993987975951901     
           3
  0.69615228527595707       0.80515694324588594     
  0.67744060337296264       0.79207843200025818     
  0.69437886722425213       0.78334940009032472     
           5
  0.13158533964612326       0.92090832338769857     
  0.12995373528523999       0.92871498462369384     
  0.10790569475665704       0.92582058088397168     
  0.10453948338321957       0.90503925474112645     
  0.11882681825947025       0.90834515392235515     
           3
  0.16421907456667900       0.75263162645535475     
  0.13982791033756128       0.75658870845069226     
  0.16202948413361781       0.73499106833089689     
           5
  0.50853930812807435       0.33508776914946664     
  0.50236059501243591       0.34125213321231529     
  0.49333745008537733       0.33986786019378357     
  0.48042941803094491       0.32525062775802488     
  0.50806578592234675       0.31691565487016898     
           8
  0.55096873797391310       0.96938800880700360     
  0.54731290946273548       0.97701632294230922     
  0.54456078883526748       0.98309406967519353     
  0.53807349226072221       0.98136293383829643     
  0.52687380783944782       0.96199270545975879     
  0.53210389778523559       0.95571921374549562     
  0.54340899607965909       0.95785555023155899     
  0.54905763078263459       0.95590294745712268     
           6
  0.93143490327657774        5.8899830755898150E-002
  0.93425903334177485        7.0468131996049302E-002
  0.91101028388906602        6.7586623549523217E-002
  0.90836180140057121        5.7970360725837118E-002
  0.90815740551708690        4.3615229673818298E-002
  0.92249707037514850        4.7661027511682025E-002
           3
  0.58995053401848785       0.32712129694749115     
  0.57594943330352133       0.30131736545352616     
  0.59370459390414709       0.30708142233719338     
           4
  0.61876097361090809        1.0131076622792186     
  0.60185594408092047        1.0154822929704841     
  0.61301720859398423       0.98543741002305607     
  0.62346420136773228        1.0023317103065452     
           8
  0.97992328686301378       0.88696174292619934     
  0.97190501281283403       0.88950241068182900     
  0.96132856315135773       0.89375146244639336     
  0.95447813405295956       0.87747344442884512     
  0.95635219813505878       0.86468325577297911     
  0.97112517783554031       0.87021359200750770     
  0.97781006759951594       0.86612091982359696     
  0.98000826159794463       0.87143836792879592     
           4
  0.15147355234110516        1.8915426834951430E-002
  0.12799112700382334        1.1724155116527683E-002
  0.12656152750234409       -6.2999943120439286E-003
  0.15250156559230188        3.7938465799275960E-003
           4
  0.39857049119382160       0.53925387705084948     
  0.38376753507014028       0.53206412825651306     
  0.37845780696639658       0.51801427158491731     
  0.39098600998627320       0.51992818612681235     
           3
  0.70203133459093625       0.13789352147843309     
  0.68637274549098193       0.12424849699398798     
  0.69662417785780228       0.11836230148289711     
           6
   5.2124359546955393E-002  0.79696154653940887     
   2.8393544272302125E-002  0.78923859920628270     
   2.4021052369300022E-002  0.77222494622909654     
   3.1908751396790204E-002  0.77203513622823750     
   3.8115706086666215E-002  0.76975721092643279     
   5.0274025346695325E-002  0.76919480644694382     
           6
  0.54909242265035241        3.4246374728492936E-002
  0.54324259056006396        4.4216324971906015E-002
  0.53043992230910975        4.2908326315728156E-002
  0.52321868839398555        4.0058432949625050E-002
  0.53463616714390405        1.6509640512084166E-002
  0.54627380263113068        2.1131476306834499E-002
           8
  0.22083538746745565       0.85101109251238360     
  0.21342946049353467       0.85110497631659288     
  0.19776753365583677       0.84413190075565148     
  0.20145501306785862       0.83492128439996105     
  0.19833589797530571       0.82431379592694409     
  0.21482117322795702       0.82867451778902890     
  0.22329874342767406       0.82490116433174476     
  0.22898312077293140       0.82736686441774399     
           3
  0.87109702611827455       0.74960195213679581     
  0.87435382599524580       0.72042911507974039     
  0.88584576772829637       0.72437846157399510     
           8
  0.18972358498641251       0.94391916682225663     
  0.19580043470345984       0.95189222728738931     
  0.17670325833734793       0.95643012683251860     
  0.16504256659972927       0.94091765026039642     
  0.17592699371048853       0.93437889464740420     
  0.18186118613729493       0.92994402191190439     
  0.18756970422506181       0.93014277516562627     
  0.19261204535682577       0.93822427578145673     
           4
  0.79881274627381060       0.54679327086828278     
  0.79256683431094666       0.55339388829033709     
  0.78865165197825593       0.53314375919201296     
  0.79993612754566801       0.53390503572742887     
           3
  0.34368737474949901       0.95090180360721444     
  0.32940920311177457       0.94467923510763452     
  0.33579689418728126       0.93572701999285413     
           7
  0.54002247397246395       0.25752349110497574     
  0.53298254597451533       0.25757142460139798     
  0.52264886431494295       0.26201822246810907     
  0.52464081813855268       0.25336818168976249     
  0.52397891284451215       0.23889081176219704     
  0.53418558087307022       0.23388188827746498     
  0.54962366250770756       0.24484623159570876     
           3
  0.64008904502797026       0.15066503422223659     
  0.61720837891684843       0.15138486172204338     
  0.62503720831692844       0.13469726936873949     
           5
   6.9471590617117260E-002  0.60229960109785685     
   4.9694977732528567E-002  0.61155930791596280     
   4.5221673163292384E-002  0.59495809156148649     
   5.4772842199662275E-002  0.58898857349120681     
   6.8415456815309458E-002  0.58418414005192321     
           3
  0.12150599210547647       0.35789233317831337     
  0.11222444889779559       0.34468937875751504     
  0.11862122224686168       0.33145971612622394     
           8
  0.74985252079082865       0.98571714029815993     
  0.73829739863046684       0.98697233740274604     
  0.73495898115638159       0.99393802485200222     
  0.72934377972346132       0.99287995810660545     
  0.72463493253026889       0.97197933629629085     
  0.74353958145401644       0.96425131582110335     
  0.75470286029945988       0.96806131717914901     
  0.75112945206389370       0.98000275179724206     
           4
  0.94099480240620759       0.20451554011732434     
  0.92831851507574226       0.19313570127900154     
  0.93261485247084774       0.18560640523751537     
  0.95855058689283645       0.18613779183359241     
           8
  0.45084841770697859       0.38923431272268671     
  0.43607269963686313       0.40044949131029134     
  0.42898907212797721       0.38788661697248245     
  0.42823608222538873       0.38039791604926804     
  0.43099942528415164       0.37462769230959997     
  0.43917303340004554       0.37786099672315593     
  0.44152742074508938       0.37200970447207232     
  0.45165067517188656       0.37737747454021625     
           7
  0.44985466721416523       0.77590831232369695     
  0.43311818095040244       0.78637142175868480     
  0.42993388233679752       0.77868712701305387     
  0.42589005871419539       0.76190345584267627     
  0.43867574906465034       0.76032570047745340     
  0.45626622867641931       0.76014528108282120     
  0.45072788665811897       0.76409288402428222     
           7
  0.75667771988179389       0.63284550534553463     
  0.73755063002949317       0.63678178859543821     
  0.73625563250555293       0.62131851830655505     
  0.72963777203004010       0.62212516300580045     
  0.73190984821218774       0.61379460767760796     
  0.73621379900326811       0.60868507126458438     
  0.74195787069327224       0.61012493135108969     
           4
  0.52751804411193060       0.41117574590209738     
  0.51159247108184791       0.39833628975698498     
  0.51435152456113054       0.38324039695301554     
  0.52089140061819328       0.38990478982181453     
           4
  0.50139283239097032       0.76019519683045300     
  0.48773673930053174       0.75815943086106852     
  0.47586200653045330       0.75449368418529339     
  0.49924978728512959       0.74022578755074087     
           3
  0.32016141774698720       0.74911101875107922     
  0.31046789711427747       0.74781040101619600     
  0.32164328657314628       0.73547094188376749     
           7
  0.53546489345512582       0.78157812284197248     
  0.52865149972016090       0.79144517207836163     
  0.52306263088585780       0.79357403747095601     
  0.51013588686301747       0.77831121830330219     
  0.50778029511294032       0.76392007515934557     
  0.51353387412148632       0.76822620482875548     
  0.52767522290741786       0.76594632115393169     
           6
  0.10322205723234376        9.0599565576342994E-002
   9.8331829178230190E-002   9.6926184002766161E-002
   7.7414478339694420E-002   7.8437543119029632E-002
   9.1503573300573557E-002   7.6697727428475068E-002
  0.10250026812968804        7.3963716413444833E-002
  0.10363608855799399        8.1832503924574473E-002
           7
  0.73227739566389050       0.66646842366250003     
  0.71185960662128411       0.66441423676014988     
  0.70382404299932644       0.65883089131496564     
  0.70925544423873610       0.64645447546682588     
  0.70848388057815348       0.64064309023409793     
  0.71727714532843589       0.63874276766409410     
  0.72738545939512211       0.64408507838609386     
           8
  0.34306767354928203        1.3208481913902056E-002
  0.34891517408235856        2.6821342868789639E-002
  0.32669712787610489        2.2644357845859581E-002
  0.32109338288369427        2.5826806965326972E-002
  0.32132777333525109        1.0761650903421519E-002
  0.32156804983759696        4.6941056294157180E-004
  0.33295711537923978        1.5341727165037837E-003
  0.33986069568389260        9.6976198651717478E-004
           8
  0.25434891207348759       0.42982822112953406     
  0.25085192019587421       0.43932887203098253     
  0.23939345215690394       0.43304826260464008     
  0.23636173461014959       0.41625293475891328     
  0.24530790333720018       0.41066872607226729     
  0.25492482158252328       0.41128353082986513     
  0.25357877376168708       0.41658802625027513     
  0.25662849759555151       0.42216855525455232     
           4
  0.21023028540347627       0.12909561482888168     
  0.18505466537733659       0.13025570086696733     
  0.19939879759519039       0.11523046092184369     
  0.21034180216445650       0.12027901882499760     
           5
   9.4090676592716596E-002  0.72570649788639885     
   8.5368660077943054E-002  0.73245934271623647     
   7.2483493085509665E-002  0.72551944773865773     
   7.8191062699380351E-002  0.70977720021939172     
   9.2333014630471180E-002  0.71763437723735546     
           3
  0.11117824432715229       0.16344955396372848     
  0.12236412588764169       0.13914298090897198     
  0.12625250501002003       0.14829659318637275     
           5
  0.78421970334953162       0.44832583895717959     
  0.77701123487674961       0.44033220862609779     
  0.78594569286899030       0.42623355976989891     
  0.79671847718232991       0.42639310572380013     
  0.80353645582891409       0.43081537281315768     
           8
  0.74061842488930685       0.33986015031693306     
  0.73988704927151083       0.35041162097081507     
  0.73459857234597203       0.34829918953736577     
  0.71631364496011807       0.35198441623802340     
  0.71647563532528802       0.34409222684085805     
  0.71638307255073941       0.32623735987112129     
  0.73161702051731403       0.32725362672784764     
  0.74202549450036659       0.32445554439319291     
           4
  0.51725871478478913       0.71732616386043846     
  0.50073653173967847       0.72034910673391339     
  0.49038717508714497       0.71242347094276859     
  0.50501002004008011       0.70541082164328661     
           5
  0.94685671119769366       0.95788877648967630     
  0.93300508144259786       0.96485618377220606     
  0.92398143684185385       0.95507389512279472     
  0.92357529955662943       0.93959286106172213     
  0.94150174635287387       0.93677651775106252     
           4
  0.23633682591618976        9.2740883697551096E-002
  0.21678733465595998        9.0306842258142034E-002
  0.22178201777679366        8.2016318917877709E-002
  0.23246492985971945        7.8156312625250496E-002
           4
  0.38276553106212424       0.13026052104208416     
  0.37301258539465654       0.13451205020958215     
  0.37756619766768273       0.11992039244389424     
  0.39552253952108657       0.11739592873028717     
           4
  0.35516050370101887        1.0850401633301929E-002
  0.34234710399675933        1.7486747053793886E-002
  0.33486517599762805       -4.3827346521725340E-003
  0.35895983994149644       -1.4612966661691216E-003
           7
   7.1553436312877472E-002  0.98937887103669075     
   7.6498549275788946E-002  0.99534816250736546     
   6.3856633049835410E-002  0.99671983785933471     
   5.7240628089681535E-002  0.99732748256631376     
   4.5799041582439498E-002  0.99231295722659518     
   4.6407099678417274E-002  0.98055057495205111     
   6.5147366116818539E-002  0.97189502669990135     
           6
  0.37224986265376614       0.51950244570908666     
  0.35623739983345237       0.52138467675954603     
  0.34667545976739983       0.50324873210312082     
  0.35621133915436121       0.49138324946359019     
  0.36482208690355572       0.49761505934604255     
  0.37139695188336297       0.49602999081288002     
           7
  0.20850602217695102       0.89598952031765877     
  0.20713235517448447       0.90786812952666718     
  0.18658199964868127       0.90607897026318074     
  0.19029347770531141       0.89221316764909298     
  0.18408564425325258       0.87972173694419498     
  0.19642719981648865       0.88311651072651220     
  0.20499286256001858       0.88483614952349932     
           3
  0.94605235598817172       0.16204329511168727     
  0.93186372745490986       0.15430861723446893     
  0.93338848241395422       0.13960893112056799     
           3
  0.40080160320641284        9.5190380761523044E-002
  0.38847321741993535        9.3447532471770581E-002
  0.39062571702709947        8.4010865713768437E-002
           5
  0.15684737079028596       0.26414533031146720     
  0.14872882414235331       0.27617536565276446     
  0.13278084942125340       0.26344644814168239     
  0.13450935633736791       0.25227940791817249     
  0.14369298211524661       0.25178573049235137     
           7
   5.5595302188267436E-002  0.52889052442091622     
   5.2088888385307418E-002  0.53696010917120118     
   4.2433000780709718E-002  0.54046486231546353     
   2.7960391695498438E-002  0.53033534950133199     
   2.9666459857932224E-002  0.51865593572583579     
   3.9524203282090581E-002  0.51820010589990351     
   4.8563730578703508E-002  0.51246104434835549     
           3
   3.7652191196955676E-002  0.34414549364163655     
   1.7398153609850926E-002  0.33241311591694711     
   2.1946575633906253E-002  0.32474288358766285     
           6
  0.93050872597863254       0.89935381025810435     
  0.91604994931957229       0.90201335735466714     
  0.91136621083868186       0.89511445701508940     
  0.90415302859722047       0.90205045637936321     
  0.91235845375290148       0.87510910915495266     
  0.91886600973513022       0.87210899699913158     
           5
  0.30655407195954137       0.78523310309030769     
  0.29225649402118803       0.79807993892908713     
  0.27830701570683464       0.79250823553002236     
  0.29135113423293507       0.77186694667155076     
  0.29909313767942219       0.77097394389099572     
           5
  0.11270340846515105       0.97613159169151120     
  0.10564125323084404       0.97922212327168034     
   9.0085391347391575E-002  0.96595787580526937     
  0.11172931317598277       0.95591296085899269     
  0.11412555394303163       0.96302990638708030     
           6
  0.38663518786955892       0.87286944089309182     
  0.38298488904639921       0.87928128165525243     
  0.37631082190169701       0.87696183618850754     
  0.36836538001899538       0.87959152417986386     
  0.37326758195867576       0.85481747406486719     
  0.38085351657506716       0.86718596078289067     
           7
  0.15877776274148372       0.22971586935846142     
  0.13850227532784865       0.23409201669818611     
  0.13299891220666699       0.22962165754383398     
  0.13077244005361957       0.21980296421008322     
  0.13220975725558057       0.21061527248556236     
  0.14870227412301676       0.21114722751708820     
  0.15852100935686861       0.21415832243913349     
           7
  0.70090963095287873       0.91127232990211271     
  0.67354754325691446       0.91589149290300642     
  0.67035387784429057       0.90770264019456182     
  0.67308735316060941       0.90209961527884486     
  0.67344547082548567       0.89513105589698860     
  0.69316067574326523       0.88948098970709255     
  0.69565394115603862       0.89528953116958343     
           5
  0.40523938747152993       0.64755742252921933     
  0.39823890049032445       0.65141294519764459     
  0.38778224049953242       0.62896496120380263     
  0.40388432506389521       0.62689234414666484     
  0.41366923300305786       0.62629173656677817     
           6
  0.14631445561378312       0.71992118888588796     
  0.13680372944062635       0.71515168311949762     
  0.12259622580248881       0.70402959781696461     
  0.13210780668217217       0.69177950954596912     
  0.13674290440696404       0.69717403451664395     
  0.15314549195116478       0.69272689216884364     
           4
  0.72744531247673605       0.75742427071610963     
  0.71096413684279980       0.75919654733715713     
  0.70787678630895157       0.74891700430568442     
  0.71767764836560644       0.73399542974765519     
           5
  0.93041093202665714       0.33748010923239297     
  0.92287409659760633       0.33432085176772508     
  0.90829949290379075       0.33612351679148900     
  0.92041152117474356       0.31077997802546548     
  0.92644211810531807       0.32599862199107965     
           4
  0.29460454436824457        1.4222205588525954E-002
  0.27813449767591125        1.4730723951232505E-002
  0.28089678490181652       -8.7848826270696834E-003
  0.28892659396067588       -5.7645392843865481E-003
           8
  0.47572576821175294       0.95986470988837835     
  0.47082753798367744       0.95723737705683720     
  0.47529676890436939       0.96814207558849352     
  0.45797503458260258       0.96573546933271248     
  0.44892317047568964       0.95243763995099739     
  0.46484358004539067       0.94126411072152916     
  0.47299636037661069       0.93967595105115675     
  0.47749165288249995       0.94921265917447395     
           6
  0.83462138149140108       0.36572460567048021     
  0.82416963002364740       0.36300487512185176     
  0.81463296716179268       0.36170249522976999     
  0.81434999412030484       0.34485622807053329     
  0.83455052956040598       0.33614812674447531     
  0.83742709791632541       0.35027667451609179     
           4
  0.79134465242008911       0.17066192600361710     
  0.78096250467829620       0.17654009236864585     
  0.77364399762514924       0.17082219301339116     
  0.77425736136709766       0.15407786267657111     
           4
  0.93758195147187340        4.6079332942294500E-002
  0.93014463711323048        5.2184434434580637E-002
  0.93818969114462036        2.8965211429212701E-002
  0.95047926794447224        3.7523014652037320E-002
           5
  0.94385712024424684       0.36421638330401590     
  0.91642193015657381       0.36420486742586727     
  0.91473118109199769       0.35089053922534585     
  0.91887394454715621       0.33578505815248227     
  0.93920782062122321       0.33982308116133442     
           6
  0.74936999330418308       0.72225359001789602     
  0.74400660022553144       0.71641123841827392     
  0.73986602957643055       0.70560191764061175     
  0.74720838912803611       0.70420835240144120     
  0.76762760135646180       0.69879737673788711     
  0.76936096890352135       0.70655366754887428     
           5
  0.80090650285380083       0.43453467100728138     
  0.78723767935225220       0.43823141192002152     
  0.77676187241826722       0.43921186661274270     
  0.77832441224479398       0.43186950175603184     
  0.79424233883525752       0.41034918711092738     
           4
  0.86176395431142172       0.73311144590605626     
  0.84785425677438009       0.73705768755459233     
  0.83896821719148584       0.71753908328928295     
  0.86473383673540094       0.71495255742947206     
           5
   8.5306380461002723E-002  0.79021108442592347     
   7.8076147245967245E-002  0.79303319060078270     
   6.8498341919281419E-002  0.79071163015080492     
   6.1272455543787588E-002  0.77243712861204294     
   8.3647126198568469E-002  0.77269090311430577     
           6
  0.36380372509360676       0.75627917537704203     
  0.36924758421078685       0.76497443143573096     
  0.35644845029985567       0.76029879228676267     
  0.34284384606167873       0.74486606063883776     
  0.35681123335903570       0.73758757508032557     
  0.36514160654528199       0.73926109998814038     
           4
  0.62921635147959576       0.50114636429761461     
  0.61483405906337485       0.50250606896461769     
  0.61454907937679470       0.48331876437036075     
  0.64330680254521155       0.49081395428491892     
           4
  0.37659492930263694       0.57969125243112030     
  0.35059941946863221       0.57882320824154243     
  0.35202684007716734       0.56022670395827290     
  0.37226174124360195       0.56417972577974118     
           4
  0.91353042911248694       0.76327275188667432     
  0.91166354386078663       0.77117895653882385     
  0.88681713124819284       0.75024558853534684     
  0.91518953522656932       0.74691835721908217     
           3
  0.57339421520682698       0.17369388805151875     
  0.55478236084271604       0.17503055143349569     
  0.56141609293621964       0.15851637063542004     
           6
  0.73685577977390238       0.64678665841207228     
  0.72878722171493282       0.65158944944631236     
  0.72253509130647720       0.64783059169947921     
  0.71435996531667367       0.65047102711791494     
  0.72244488977955912       0.63827655310621245     
  0.73322712462552586       0.64034798169472629     
           7
  0.14751212705140429        8.2632303037232041E-002
  0.14476930371584654        8.8046401756315007E-002
  0.13273829255670849        9.4120087073087749E-002
  0.12102992909965070        9.3389834266929733E-002
  0.13187990072111136        7.2681309352422799E-002
  0.14454059731187083        7.3104758993609784E-002
  0.15192207241274444        7.0048651072107809E-002
           5
  0.34187263494779924       0.96809541023098677     
  0.32604855520118381       0.96628265130188040     
  0.33012171709334454       0.94261562623473294     
  0.33927770973263566       0.94846148801641950     
  0.35386324004332464       0.94199459300591759     
           6
  0.90236153695555965       0.95554315619888519     
  0.89439524393402947       0.95295886682821596     
  0.88132153183566175       0.94699068603904890     
  0.88432289557249322       0.92439922996095292     
  0.89287196827279025       0.92975183181252397     
  0.90402994668968062       0.93863147036944183     
           3
  0.67234468937875747       0.54308617234468937     
  0.65742219377032873       0.53541371556057060     
  0.67214039728013308       0.53047536735217249     
           5
  0.66739288905491978       0.31622476260968646     
  0.66032064128256518       0.30661322645290578     
  0.65187945030039263       0.29411917050197267     
  0.66654006436459867       0.29419905565340038     
  0.67587883043301178       0.29622257095102544     
           8
  0.81712169365259613       0.68574433759850129     
  0.80348437952396046       0.68548011635024708     
  0.79364671697534928       0.67820410856816937     
  0.79705061132965271       0.67324571489543616     
  0.81158882811050059       0.65619648959469101     
  0.81272452299926401       0.66195533401517259     
  0.81936120100454857       0.66356844588993535     
  0.81793313638839071       0.67134111405766406     
           5
  0.94258688286605408       0.79299117792331841     
  0.92479098253554159       0.79297670669234754     
  0.91936232801071094       0.78874786121134133     
  0.93472768875354839       0.77010874798893192     
  0.94528626523782777       0.77931167337427143     
           4
  0.80064546520053026       0.77776992653111543     
  0.78993052256642837       0.77683143799753906     
  0.79258517034068132       0.76452905811623251     
  0.80797710048922100       0.75305690763276889     
           6
  0.75935078592010952       0.29768594614044452     
  0.75110254777603458       0.29553162328699134     
  0.74300786224918347       0.30059511445568904     
  0.73553050311482426       0.29274524971417343     
  0.73841807830723871       0.27217317204771935     
  0.75997742972883664       0.28444717174330109     
           6
  0.65344962699804865       0.35002065325152032     
  0.64780881156712888       0.35785317494638191     
  0.62806729684953155       0.36069948841870714     
  0.63141275032538391       0.34644929614793435     
  0.63115447922761991       0.33676819096676774     
  0.64839771897857224       0.33807170400302033     
           3
  0.85997203675195433       0.69729463829899097     
  0.83317902238888908       0.69401208519058344     
  0.84314969016605279       0.67701241189640859     
           5
  0.60354066214259794       0.26465733407166586     
  0.59167924360826796       0.26507142121053062     
  0.58867227655498844       0.25625723100610248     
  0.58475543414818454       0.23949088291881485     
  0.60490235606330145       0.23985501945210080     
           4
   5.2974390243057043E-002  0.59010977925589847     
   3.2965930346811174E-002  0.59441294326918248     
   3.1333211153869667E-002  0.58348262210228918     
   4.5090180360721446E-002  0.58617234468937873     
           4
  0.64947042790644960        8.5185554308118319E-002
  0.64588929138942053        6.1391702267818829E-002
  0.66482243686859277        6.1835589366543368E-002
  0.66636345664536434        6.9421507833785215E-002
           5
  0.88734601653349299       0.43399880742897018     
  0.87781869619578190       0.43279299766808776     
  0.87351213232616165       0.42536916969074290     
  0.87391089798498645       0.41110921874466561     
  0.89721540578895620       0.40958193793358244     
           3
  0.31062124248496992       0.85571142284569135     
  0.30951340469563271       0.84737716295291976     
  0.32459974762330157       0.84698262468838847     
           3
  0.53755582024126314       0.79647240012514620     
  0.52805611222444893       0.78857715430861719     
  0.53763871094671545       0.77730738831379576     
           4
  0.61144191167940931        7.3869875354893949E-002
  0.59125594193915010        7.6306520884854734E-002
  0.58927335595219710        5.4093912572222451E-002
  0.60577541037581351        5.8000341174377024E-002
           8
  0.89494879156543472        1.3407733073394667E-002
  0.88671064514912457        2.3941845612954680E-002
  0.87953991419895161        2.2509825171278357E-002
  0.86601267619562661        2.0600890851722620E-002
  0.87103518532412150        9.2123788240067034E-003
  0.87373656665369992       -2.2552885304951628E-003
  0.88496668346768181       -4.9468286268091466E-003
  0.89097851914936677        8.7979715520012883E-003
           8
  0.36650056876860376       0.80255828965154918     
  0.35562722779324035       0.80711384308157796     
  0.35160152734543870       0.81246455111288429     
  0.34564472130108359       0.81344811326734023     
  0.33998964596652520       0.80130696091862563     
  0.34339722657977417       0.79553422808340313     
  0.34769165397623619       0.78728823147051197     
  0.36025202722729960       0.79634822885909773     
           4
   1.0074590179093557       0.99517634615152084     
  0.99908802341544778        1.0012427292320858     
  0.98542648471487115        1.0018365335625634     
  0.99837492920488835       0.97381869838211277     
           5
  0.71302239624322239       0.20835224973376951     
  0.71235432559848633       0.21579241718677378     
  0.69634541355963742       0.21458333905724597     
  0.68807404593133503       0.20030753435223736     
  0.70256018743388149       0.18679921227888666     
           5
  0.72848745471956999       0.25603932961968434     
  0.71494920323010025       0.25733461344393160     
  0.70915071115683459       0.25140612415139341     
  0.71473008601573940       0.24663524738797379     
  0.73053102283268156       0.23610054685861018     
           7
  0.85935853086072678       0.21518318481928411     
  0.84532758850501866       0.22136979009006305     
  0.83677108301615843       0.21663289737769270     
  0.83691743900238225       0.19705087407225361     
  0.84683682330646837       0.19689997440223933     
  0.85582045035852372       0.19318490147185099     
  0.86418647911317592       0.19781327860749584     
           3
  0.58042188865696753       0.30355119919018869     
  0.57815631262525047       0.29559118236472948     
  0.58807351979662525       0.29023387376597320     
           7
  0.11146702880264903       0.48796473318583805     
  0.10935723999849110       0.49339499357917488     
   8.8477860721008245E-002  0.48540144671215907     
   8.7454120593235318E-002  0.47818747246086918     
   9.3489247352945351E-002  0.47538501481740286     
   9.1468053879198721E-002  0.46337395519446967     
  0.11522174798281833       0.47900562140502967     
           7
  0.91017610324250542       0.19166677952095490     
  0.91455724256933446       0.19709445160752417     
  0.90330101006685071       0.20024466787217968     
  0.88830780369812834       0.19675302085154883     
  0.89130646427193327       0.19149879704673520     
  0.90838613757379483       0.17420525702092657     
  0.91334975518218642       0.17733565877600710     
           3
  0.11040183050767656       0.61694631764858998     
  0.12324649298597194       0.60220440881763526     
  0.13554662201197029       0.59980561102557384     
           8
  0.24294454772224819       0.34862280422869846     
  0.23378387545401827       0.35828035876166364     
  0.21791131283298967       0.35761674195006532     
  0.21772927206374476       0.34236825635832407     
  0.22176598564694044       0.33380743511520827     
  0.23209395758105328       0.32755122133948950     
  0.24337287243361985       0.32900750335731177     
  0.24187417134973516       0.34220963037981983     
           7
  0.45209563368972877       0.56044590884316503     
  0.43880197577217583       0.56123664734624057     
  0.42588290113390020       0.54933458803758184     
  0.42667616742462278       0.54328631847155673     
  0.43155328232547513       0.53625945959303456     
  0.44617662888770387       0.53767737161155638     
  0.45389412163731846       0.53283349268345748     
           5
  0.96488749028264642       0.66164445804676109     
  0.95859097517164571       0.66514342374504143     
  0.95670230607639029       0.65215968269463487     
  0.96441359965709039       0.63728031171017052     
  0.98231613295347331       0.64055018241647799     
           8
  0.22651643496746293       0.38285277201217566     
  0.22877849803385963       0.39453966003789770     
  0.21478057935900802       0.39083163012429162     
  0.19921642584452978       0.39513317315755753     
  0.20493153160152058       0.38051229653832980     
  0.21373902033271808       0.36659724816692807     
  0.22264820079923939       0.36704427736402478     
  0.22882367728917610       0.36925123839228913     
           3
  0.23645414339095402       0.78284790312021413     
  0.22701885123979101       0.75912749317373340     
  0.25059289477982749       0.76829821372047791     
           5
  0.28298859871193061       0.19698195767480989     
  0.27592506632784147       0.20831137949673212     
  0.26525076705485540       0.20000363537568255     
  0.26385121086118957       0.18476301428823030     
  0.28338168836121258       0.18147925423184647     
           5
   8.0367073068010303E-002  0.72772278159305026     
   5.2902787795669301E-002  0.74086284307876382     
   5.1977713096442335E-002  0.72853245501048491     
   5.2992992253645954E-002  0.71908148342351785     
   7.5584205232236704E-002  0.71814308512057423     
           5
  0.36783742689695187       0.34704301214241312     
  0.35940292829124049       0.35287377356318417     
  0.34333394140152967       0.34629536915746789     
  0.34132001080683272       0.33081293120186778     
  0.35309700679022882       0.32381812886744266     
           8
  0.73564215722894610       0.73637546463350823     
  0.73896484584059952       0.74751660596171454     
  0.73253928348952779       0.74765922525395656     
  0.71687784185704639       0.74884099376862800     
  0.71152835402917225       0.72562701894456472     
  0.72098634473802603       0.72284168181101038     
  0.72794807735555767       0.72671914810457616     
  0.74021684620276806       0.73078880421367143     
           7
  0.64360456255090448       0.85655922373319715     
  0.64814270493247583       0.86442691995641330     
  0.61884206330144464       0.86503329820470387     
  0.61978094961561092       0.85841832551864838     
  0.61907826555604706       0.84903446930022619     
  0.61858263975360361       0.83598296457695509     
  0.63013815669855933       0.84136291214148140     
           7
  0.42255197797472399       0.27880395590135965     
  0.42622187917632259       0.28800282326117826     
  0.41922489838739174       0.28801762622929405     
  0.39675113183058131       0.28564529770524982     
  0.40552824575065427       0.26337514484311647     
  0.41161184563682923       0.25925971131712905     
  0.42574105549434726       0.27265338420600244     
           8
  0.49745950501429559       0.16969824400758654     
  0.49626471376698555       0.17501559365412458     
  0.48960392829666977       0.17622872318875266     
  0.47799080688229162       0.17561450357110847     
  0.46763026307814376       0.16797429037706457     
  0.47277783135212148       0.15568351227047778     
  0.48123325554351004       0.15631795639610493     
  0.48864440129413028       0.14978211268668459     
           3
  0.13338677769898108       0.42960053548560845     
  0.12308049133975246       0.42371044678075986     
  0.11807860914727805       0.40516011294522247     
           6
  0.49956912198462305        9.0279690510356517E-002
  0.49262070477200920        9.0501708258118929E-002
  0.48086939735037815        8.9859115359327210E-002
  0.48962024034550911        6.5438579817006431E-002
  0.50147217902215868        6.2619757794576791E-002
  0.50687887448881541        7.4398472105941249E-002
           5
  0.79733950954044164       0.41491923770941735     
  0.78583509119368433       0.42096797105563349     
  0.78048995948563227       0.40819800882226503     
  0.78280485371283060       0.39766346417238457     
  0.79559118236472948       0.40681362725450904     
           4
  0.72210351125198691       0.94951947362555689     
  0.72609365065871223       0.94280263419416344     
  0.73175253459115797       0.92480095134549944     
  0.75277777387867673       0.93626124974807634     
           4
  0.70220011632020418       0.50902485432534939     
  0.69389732091238410       0.50008135197633941     
  0.68907152701494057       0.49089020950739309     
  0.71260993587085597       0.49745708000052591     
           8
  0.28473396397164530       0.10820183613410189     
  0.28281773304250857       0.10275605249135104     
  0.27766770385736189       0.10507094321104184     
  0.27244183608845018        8.8152621791052002E-002
  0.27100160990584016        7.9833722378248664E-002
  0.28294140738015100        7.8579321039447050E-002
  0.28673253178540048        8.5174541211124277E-002
  0.29457740592820014        8.7073766705827116E-002
           6
   9.2657828042205598E-002   2.7538904635610224E-002
   8.4652470213350525E-002   2.7469977785541236E-002
   7.3117728323537939E-002   2.6025269081304335E-002
   7.2913153147957391E-002   8.6567757666463942E-003
   8.5864652983992373E-002   6.0549447705195852E-004
   9.8307569597659614E-002   1.2804524836937130E-002
           8
  0.97497301460488595       0.62891507856734685     
  0.98040911917813989       0.63281830138063722     
  0.95868235824830184       0.63151089338873756     
  0.95206797185675451       0.62793717403724814     
  0.95573698184451839       0.62215741047613460     
  0.95073212999151369       0.61646528536813250     
  0.96474445506690421       0.61122451609937090     
  0.97464532537215653       0.61375530433144498     
           6
   7.2393952749856119E-002  0.69525245346581210     
   7.2390772317348903E-002  0.70456821757712784     
   6.3038940900080068E-002  0.70264791047111852     
   5.6477038762219232E-002  0.70240693718777536     
   6.2996533408792729E-002  0.68036743026439805     
   7.5616451920915775E-002  0.68589593812290761     
           4
  0.39338757928487239       0.25498353489201181     
  0.37944777210427993       0.25503134346270545     
  0.37624055996661271       0.23885520936266769     
  0.38412052941193919       0.23429289845620374     
           6
  0.74960807231235549       0.24655043375085101     
  0.75335628117845788       0.25371105996625193     
  0.74101659678283327       0.25038035360145705     
  0.72677116617283311       0.22951258480252543     
  0.74147461348128940       0.22764393357921209     
  0.75306592424890850       0.23830237267745089     
           6
  0.21164732058667612       0.58437316358025615     
  0.20392782233190929       0.58689516404435582     
  0.19428615289160983       0.57828743150944639     
  0.20099320282547584       0.57002497511338557     
  0.20207024900134890       0.56299894751416213     
  0.22059315118999506       0.57310610933537587     
           6
  0.64441400740329535       0.21618842037465000     
  0.62684045601694949       0.21841970478426700     
  0.62188211543911232       0.20982641566871618     
  0.61749881423075104       0.19944864729859774     
  0.62809605587109452       0.19941927142563481     
  0.64506643935777386       0.19698595880245909     
           4
  0.65931694009650277       0.52010399348736824     
  0.65173838400460915       0.53759242811395525     
  0.63647509389560286       0.51419247285889258     
  0.65667008116019820       0.50639012569647224     
           6
  0.29026398280641980        1.2375633012966143E-002
  0.29256528425792322        2.4464480297788319E-002
  0.27764291652089640        1.8941144244605530E-002
  0.26957566971441010        1.4397509135377462E-002
  0.26856107747333874        4.0088335273649554E-003
  0.27646138837279710       -3.9057707139710119E-003
           3
  0.23255821378566852        5.5581460620901559E-002
  0.22645290581162325        4.0080160320641281E-002
  0.23285539075681963        2.8691353961059103E-002
           3
  0.17055703016101714       0.30182213246832873     
  0.16132264529058116       0.29659318637274551     
  0.17269046826202739       0.28586519808215333     
           5
  0.85555182954301179        6.6102918581412914E-002
  0.84863517167168512        6.6565192634123305E-002
  0.83104405936400538        5.6111891856423221E-002
  0.83089965992397374        4.5808293753313883E-002
  0.85520931072895279        5.2779543978076202E-002
           6
  0.82948347352447649       0.50781160014085569     
  0.82134217880453753       0.51413054883196330     
  0.81320644653858321       0.51978372175286336     
  0.80191182680616790       0.50545269715746743     
  0.82481808521258615       0.49547752388450211     
  0.83131243051822801       0.49013809674295050     
           5
  0.97624175213470887       0.68023609397095175     
  0.95993593849328396       0.67916059551203201     
  0.96006212316872308       0.66579046478026871     
  0.96102122630358500       0.65372848459437649     
  0.98122459139620499       0.66119370652484666     
           5
  0.24444498345726515       0.71038973523569404     
  0.22314790199899071       0.71223648091955338     
  0.23050974522913248       0.69307398790786179     
  0.24966865279349254       0.69035899853031579     
  0.24560579188115358       0.69884671168202306     
           8
  0.22946255101600210       0.63284263928183659     
  0.21917156285573178       0.63299220742889661     
  0.21223972066252661       0.62932875670913146     
  0.20313834530920433       0.63128086793560823     
  0.20759847626451716       0.61478103486039237     
  0.21635223898203909       0.60804762691309389     
  0.23075186801448350       0.61560261144327211     
  0.22644243377602699       0.62270578769495999     
           5
  0.54168753297977190       0.68221569219740064     
  0.51827990452573014       0.67674977189511731     
  0.51419673663513599       0.65778456781118733     
  0.52107053910645607       0.65889845833747618     
  0.53816835744658198       0.66410675675242126     
           8
  0.10051873307306983       0.98734932992962121     
   8.9763162160134927E-002  0.99403358490779614     
   7.4221376109245618E-002  0.99764932892073399     
   7.7742815256302639E-002  0.99103352936899336     
   7.6527631228332990E-002  0.96745588076881206     
   8.4436134057913892E-002  0.97168445957693916     
   9.0110991706050511E-002  0.97107584330497221     
   9.7612192114844093E-002  0.97162560127585562     
           6
  0.78464990011746238       0.20041897475984222     
  0.76685835703209737       0.21086742946275369     
  0.75828435301169461       0.19449453678471657     
  0.75389188326618084       0.18694439764244006     
  0.76031534529247846       0.18288626650178386     
  0.77386699169037121       0.18702668213366394     
           8
  0.98774091055527702       0.12316984431349830     
  0.96862527994949199       0.13139380397231776     
  0.96572454908990135       0.11916646318874394     
  0.97386581529672656       0.11236829459427718     
  0.96880878356862121       0.10845911430857443     
  0.98215294521108520       0.10909902137727297     
  0.99244013099929418       0.10781227925472801     
  0.98999423611336024       0.11354401663353125     
           4
  0.17797924861257283       0.72758512232184480     
  0.16431882548939986       0.71554378944474639     
  0.16189627577018087       0.70563733761343683     
  0.17735470941883769       0.71342685370741488     
           6
  0.45140943692285224       0.91748765077879224     
  0.43808751534837853       0.91402080686425002     
  0.43995259328371999       0.90712368279958888     
  0.43852739399435620       0.90028460513569186     
  0.44633606310307139       0.88999410874260021     
  0.46125839708033761       0.89495004450016058     
           4
  0.50422637280583171        7.6355487277176962E-002
  0.48420768606970571        6.5699386575789914E-002
  0.50325373757515612        4.9291412902934026E-002
  0.50824408432051249        6.2273366805150478E-002
           5
  0.77666893891269073       0.13127019896640865     
  0.76666367278836722       0.13169909088560147     
  0.75233813421251960       0.11399654517870522     
  0.76531779462859606       0.10847043319632803     
  0.77563567726097016       0.12095120487795236     
           8
  0.62073406094623962       0.62909639977095599     
  0.62110421396575310       0.63609816599863800     
  0.59660444027562343       0.63496554130434113     
  0.60136224967337049       0.63138847605367399     
  0.61356589999072164       0.60808898623620866     
  0.61978234801295295       0.60844226468055063     
  0.62384631531010271       0.61854956104390957     
  0.62001666736440797       0.62356677583814590     
           5
  0.62134291718174262       0.25058491604816158     
  0.61443747642199109       0.25126530456265678     
  0.60263727102703823       0.24479528642355280     
  0.61021958971001122       0.22777542680938390     
  0.62470476604877123       0.22943024360704914     
           8
  0.49146983304722563       0.61086063582328010     
  0.48437968641165990       0.61426938589801805     
  0.47331942924611609       0.61578919396418075     
  0.46558076447918689       0.61002609081567116     
  0.46551296394826353       0.60034984626544963     
  0.46584687374570366       0.59452006507613309     
  0.47058032853066584       0.58961542894079988     
  0.49369469658421922       0.59364331914020452     
           6
  0.18743099110631800       0.31877526202464684     
  0.18007226429666992       0.32754614101384244     
  0.17147468507551272       0.32294525544501007     
  0.17940010633872464       0.29767548198962973     
  0.18386732836367367       0.30620131639989095     
  0.18836907436200698       0.29866328550995114     
           3
  0.25143650386730904       0.65185699774842509     
  0.22951275108098759       0.63509535398877548     
  0.24398790272922161       0.62518843026616355     
           6
  0.35747722870811360       0.20996979522257708     
  0.34440590203642851       0.21270883405974755     
  0.33545204210519308       0.21456556053182960     
  0.33376677761331847       0.19927650583583120     
  0.34459496384207478       0.18903664529838457     
  0.35772868831382548       0.19932409337508819     
           6
  0.62946187196358583       0.62777600499129005     
  0.62070066920865175       0.63500329067232231     
  0.61246176899973137       0.63286841081031719     
  0.60599281226165336       0.62552844017828724     
  0.62464091851430426       0.60578433488865702     
  0.63179347519698292       0.61560790785235242     
           3
  0.26488167524592421        3.4860062557969425E-002
  0.27516583493195990        1.4098267839607459E-002
  0.27555110220440882        2.4048096192384769E-002
           8
  0.56942305786075498       0.77915725989250229     
  0.56324800025491217       0.78399048383096126     
  0.56125894222956874       0.77854091281074400     
  0.55393739133210596       0.78443441529965685     
  0.55054548673484116       0.77121212911110926     
  0.57322959068838875       0.76226001540714206     
  0.57855863834040699       0.75578242092011227     
  0.58058761794026259       0.77311631553685967     
           8
  0.13206656981101125       0.87485368386203288     
  0.12459392146395003       0.88340872797708492     
  0.10707587154777784       0.87691382269785623     
  0.11098935770825652       0.86865638542823975     
  0.12246397491137022       0.86389417694370263     
  0.12409568268526894       0.85782557825828065     
  0.13093241470346517       0.86358929573213006     
  0.13552405598759570       0.86045829499705551     
           6
  0.13542413114006921       0.96836502374558076     
  0.12505259809542271       0.96433652527128688     
  0.12779907194257778       0.95750728170872212     
  0.13473551253669186       0.94430211661467123     
  0.14763548542016405       0.94900744924141467     
  0.15490324985790374       0.94927967045682382     
           6
   7.9208164821290478E-002  0.74319858077738365     
   7.9046086885347727E-002  0.74961896819560103     
   7.2513848440676792E-002  0.74578134027554455     
   5.8900060597679334E-002  0.73292299555901708     
   5.2625478399306425E-002  0.72843266423262376     
   7.4731121468182601E-002  0.72652891715142831     
           7
  0.67582772422014536       0.29838961736405628     
  0.66854716762454736       0.30281212543379987     
  0.66760640315698361       0.30924562059787097     
  0.66036646351389205       0.30585502358482114     
  0.64741242938670640       0.30269712013499989     
  0.64727689610744377       0.28448385292680678     
  0.66381229336587810       0.28385966697479414     
           4
  0.60521042084168342       0.73847695390781565     
  0.59249158178016015       0.73377705758817946     
  0.59123803877230963       0.72457761336027926     
  0.61670146826907979       0.72739571919350288     
           3
   9.9291276640500914E-002  0.97226266710100873     
   8.7472518693360146E-002  0.96782637063894894     
   9.1182364729458912E-002  0.95791583166332661     
           3
   2.5871581204911794E-002  0.56918467640720882     
   1.6032064128256512E-002  0.56212424849699394     
   2.3229861249508869E-002  0.54768772073963046     
           5
  0.69374929552537890       0.26123117704764320     
  0.68347716227906541       0.26442881776706739     
  0.67596137892518426       0.26986067474862996     
  0.67120761415135610       0.24726179431460368     
  0.69507616802144001       0.24749346443096140     
           6
  0.18367570283349588       0.18252395994340737     
  0.17092370739854784       0.18548852089378801     
  0.16210654354379955       0.16233235426687959     
  0.16763183434557685       0.15872548163212824     
  0.17353255120763228       0.15659043146601503     
  0.18206075119792905       0.15636650927316281     
           7
  0.86349467607905994       0.98752676472095979     
  0.85559614499125503       0.99397001679196695     
  0.84918909791048847       0.99145231780364407     
  0.84240324112071552       0.99336310543175188     
  0.84258890755671245       0.97539423223290833     
  0.86560948501807067       0.97231597090808264     
  0.86880888827467340       0.98278682747738666     
           8
  0.54798056711442833       0.76912481418227374     
  0.54102303270580432       0.77303735173732468     
  0.52471311494436301       0.76575320142252301     
  0.52285102359327595       0.76007655379096095     
  0.52078143868876192       0.75075152964038838     
  0.53682718420475306       0.74332792550048632     
  0.54232491641709368       0.74731353965245051     
  0.54717130024635263       0.75732855321343961     
           8
  0.36327292131421329       0.96135141916827105     
  0.36198493487412153       0.96956949523155678     
  0.34548339580567244       0.97432464092573767     
  0.33799985522992670       0.95673723069001682     
  0.34411497315548134       0.94880649230836156     
  0.35311560150603460       0.94837042356097201     
  0.35889303253075699       0.94555698291744772     
  0.36363271448623596       0.95115846176766283     
           6
  0.41110711539738815       0.95547137858525910     
  0.40017939221213750       0.95617988271062548     
  0.39577927327945683       0.94560844137539302     
  0.40188138790981087       0.93882384696683097     
  0.39757671558057545       0.93180649160705076     
  0.42228357870079924       0.92979539196557348     
           6
  0.64568676599210473       0.91701457146897092     
  0.61697042577200822       0.91458036811424281     
  0.61935775972042928       0.89753899948435290     
  0.62890132073900273       0.88924011282837645     
  0.63604214309888296       0.89015280229908400     
  0.64489574567540886       0.89804163324311737     
           5
  0.49588449545618479       0.22535390252916002     
  0.47917718981412910       0.22410137491552756     
  0.47628352124799783       0.20503141378308853     
  0.48715160917538991       0.20634182298847223     
  0.49597697673964036       0.21045450206874924     
