   1000.0000000000000     
   142.00000000000000     
         175
           8
   94.000000000000000     
   65.000000000000000     
   69.000000000000000     
   89.000000000000000     
   74.000000000000000     
   95.000000000000000     
   87.000000000000000     
   96.000000000000000     
   56.000000000000000     
   94.000000000000000     
   79.000000000000000     
   91.000000000000000     
   75.000000000000000     
   54.000000000000000     
   97.000000000000000     
   93.000000000000000     
   81.000000000000000     
   100.00000000000000     
   75.000000000000000     
   56.000000000000000     
   71.000000000000000     
   100.00000000000000     
   54.000000000000000     
   100.00000000000000     
   62.000000000000000     
   51.000000000000000     
   58.000000000000000     
   79.000000000000000     
   65.000000000000000     
   52.000000000000000     
   65.000000000000000     
   65.000000000000000     
   59.000000000000000     
   77.000000000000000     
   89.000000000000000     
   66.000000000000000     
   71.000000000000000     
   10.000000000000000     
   10.000000000000000     
   1.0000000000000000     
   9.0000000000000000     
   4.0000000000000000     
   9.0000000000000000     
   8.0000000000000000     
   4.0000000000000000     
   8.0000000000000000     
   7.0000000000000000     
   9.0000000000000000     
   10.000000000000000     
   6.0000000000000000     
   2.0000000000000000     
   6.0000000000000000     
   9.0000000000000000     
   5.0000000000000000     
   3.0000000000000000     
   4.0000000000000000     
   5.0000000000000000     
   6.0000000000000000     
   6.0000000000000000     
   6.0000000000000000     
   1.0000000000000000     
   8.0000000000000000     
   9.0000000000000000     
   6.0000000000000000     
   5.0000000000000000     
   8.0000000000000000     
   5.0000000000000000     
   9.0000000000000000     
   2.0000000000000000     
   3.0000000000000000     
   9.0000000000000000     
   9.0000000000000000     
   4.0000000000000000     
   2.0000000000000000     
   2.0000000000000000     
   10.000000000000000     
   9.0000000000000000     
   9.0000000000000000     
   8.0000000000000000     
   8.0000000000000000     
   9.0000000000000000     
   9.0000000000000000     
   6.0000000000000000     
   6.0000000000000000     
   8.0000000000000000     
   9.0000000000000000     
   7.0000000000000000     
   10.000000000000000     
   10.000000000000000     
   1.0000000000000000     
   7.0000000000000000     
   4.0000000000000000     
   1.0000000000000000     
   6.0000000000000000     
   5.0000000000000000     
   5.0000000000000000     
   8.0000000000000000     
   4.0000000000000000     
   6.0000000000000000     
   7.0000000000000000     
   10.000000000000000     
   10.000000000000000     
   6.0000000000000000     
   6.0000000000000000     
   8.0000000000000000     
   7.0000000000000000     
   8.0000000000000000     
   8.0000000000000000     
   2.0000000000000000     
   8.0000000000000000     
   7.0000000000000000     
   9.0000000000000000     
   6.0000000000000000     
   10.000000000000000     
   2.0000000000000000     
   4.0000000000000000     
   3.0000000000000000     
   2.0000000000000000     
   5.0000000000000000     
   1.0000000000000000     
   1.0000000000000000     
   7.0000000000000000     
   6.0000000000000000     
   4.0000000000000000     
   5.0000000000000000     
   9.0000000000000000     
   4.0000000000000000     
   2.0000000000000000     
   6.0000000000000000     
   4.0000000000000000     
   4.0000000000000000     
   9.0000000000000000     
   1.0000000000000000     
   3.0000000000000000     
   4.0000000000000000     
   4.0000000000000000     
   4.0000000000000000     
   9.0000000000000000     
   9.0000000000000000     
   3.0000000000000000     
   6.0000000000000000     
   6.0000000000000000     
   4.0000000000000000     
   4.0000000000000000     
   3.0000000000000000     
   3.0000000000000000     
   1.0000000000000000     
   3.0000000000000000     
   8.0000000000000000     
   9.0000000000000000     
   2.0000000000000000     
   9.0000000000000000     
   1.0000000000000000     
   9.0000000000000000     
   7.0000000000000000     
   8.0000000000000000     
   7.0000000000000000     
   7.0000000000000000     
   8.0000000000000000     
   9.0000000000000000     
   10.000000000000000     
   3.0000000000000000     
   2.0000000000000000     
   9.0000000000000000     
   8.0000000000000000     
   6.0000000000000000     
   7.0000000000000000     
   7.0000000000000000     
   5.0000000000000000     
   3.0000000000000000     
   9.0000000000000000     
   9.0000000000000000     
   4.0000000000000000     
   7.0000000000000000     
   4.0000000000000000     
           1
   0.0000000000000000        0.0000000000000000     
           8
  0.62759323501058095       0.11146650474957140     
  0.61745873375556504       0.11645509504998237     
  0.62005375787604666       0.10619821269267134     
  0.61280582248431392       0.11161080052868991     
  0.61795270798631452        9.1164155626905358E-002
  0.62592538263827813        9.0606766940395655E-002
  0.64178431999223873        8.8172893596518864E-002
  0.63860762468448740       0.10080451426056870     
           5
  0.29952347487168696       0.58746108546882947     
  0.28397594290337802       0.58744425760126662     
  0.27662407863518523       0.58102335119648918     
  0.29099999999999998       0.57299999999999995     
  0.30671123316988297       0.58004794542598259     
           3
  0.13077813017149453       0.46022510803385358     
  0.12900000000000000       0.44700000000000001     
  0.13996766520992923       0.43963047217510276     
           6
  0.97425800695412190       0.65209709694700091     
  0.96769867470448689       0.65435393766876093     
  0.95972584632118596       0.65232756376765244     
  0.96018891197495138       0.64379772099384214     
  0.95945807114055970       0.63102422669321201     
  0.97602102846907046       0.63219634454779106     
           3
  0.84349275045852457       0.87356855242651621     
  0.81800433697802066       0.88371441173346854     
  0.82738282243062644       0.85290370730733911     
           6
  0.41019456994017489       0.57823402846340621     
  0.39714669393327817       0.57383231882438313     
  0.38700445274755246       0.57491037604413597     
  0.40508995728039082       0.55211343835093230     
  0.41151997004157970       0.55289377599028844     
  0.41092947422607096       0.56467109043140429     
           8
  0.74491866408354257       0.42649697428540084     
  0.73939532455515578       0.42860491561638109     
  0.73888167046585718       0.43857267829998553     
  0.72657726354568997       0.43838215587786578     
  0.71595752548169012       0.42624980967980863     
  0.71607345741777706       0.41901338294266882     
  0.72270769073011198       0.41387387943852594     
  0.74630847542670864       0.41123336204960959     
           8
  0.21505007905379589       0.99913493806644005     
  0.21324336392295018        1.0101803616408325     
  0.20741380260164100        1.0072287854154183     
  0.19196472967947714       0.99020125486427024     
  0.19338512451058093       0.98425639496647066     
  0.21213430215062001       0.98091530189882992     
  0.21653607809417752       0.99177330286887322     
  0.21067871372753696       0.99469025260143618     
           8
  0.17587903264362187       0.17103264637183729     
  0.18275403500888773       0.17491518002000747     
  0.15433593716833055       0.18544774013599816     
  0.15653304747818689       0.17470100757540569     
  0.15308288370116879       0.16497305075165761     
  0.16707833681624729       0.16577481989961507     
  0.17275727737001753       0.16073280325909317     
  0.18208711064400729       0.16390268875038533     
           3
   1.2999999999999999E-002  0.60499999999999998     
  -1.3873453834467968E-003  0.61028159358438927     
   1.6995047940141516E-002  0.59340250888279178     
           7
  0.45518009033564422       0.27192998186994033     
  0.43113455474010759       0.27548022048789689     
  0.43615606418426472       0.26126075090815498     
  0.43561687807541399       0.25217892864343172     
  0.44151580868710077       0.25390620643265555     
  0.44962703961907147       0.24783629220235964     
  0.46124713018946190       0.26014343909792181     
           7
  0.23802428033493714       0.78335180891519340     
  0.22299105411757250       0.78431969564280324     
  0.21684460067366865       0.78623409459604510     
  0.21375506086968005       0.78113809929305900     
  0.21456526670412687       0.77142346417248375     
  0.23333285585308264       0.76208839557236419     
  0.24396392141664155       0.77534030332259019     
           7
  0.74896983755542079       0.24009701068060066     
  0.73425035878376455       0.24643357898084758     
  0.72552881933364899       0.24672492034118171     
  0.72903769070829438       0.23375561162351743     
  0.74485102147093973       0.22185865219238837     
  0.75235615573563008       0.21771150139245474     
  0.75034330296540008       0.23399988468160776     
           3
   3.6409569086612595E-002  0.56150261281199687     
   2.1000000000000001E-002  0.54600000000000004     
   3.2640217924959629E-002  0.54960778264655374     
           5
  0.23910737892959402       0.63011555871171765     
  0.22071264337092386       0.62882042192989973     
  0.20867512675815270       0.60351755161249876     
  0.22803798704451489       0.59957676252719805     
  0.23558885968702525       0.60710763360050080     
           5
  0.61565902712054843       0.84704750122236228     
  0.59409244723722465       0.84528359625898197     
  0.59386105660375033       0.83616655196506651     
  0.61743109159572529       0.82141367843140456     
  0.62035204258807841       0.83196336963261497     
           5
  0.48533068116336070       0.75917105351368430     
  0.47241875340915601       0.76851094442467038     
  0.46423966472161327       0.76966590197831874     
  0.46242909861048376       0.74753152051196980     
  0.48815062996198960       0.74398876603669417     
           3
  0.74359047718928417       0.89106902054800785     
  0.74989047950826115       0.88327367660948153     
  0.75800000000000001       0.88000000000000000     
           4
  0.10000855477460237       0.90890082950284001     
   8.8147028712860537E-002  0.90791443551104989     
   8.3152108062674465E-002  0.89585745651977755     
   9.8304852198601883E-002  0.88483550934810717     
           3
  0.57999999999999996       0.93500000000000005     
  0.57538400443843130       0.91972564031098403     
  0.58899669087716322       0.92226648036301817     
           7
  0.63118522955398304       0.49567396272209524     
  0.62520450825973983       0.50720998914583526     
  0.60674225848347962       0.50677373854989738     
  0.60818321701815770       0.49946321814069611     
  0.60727802081653892       0.48985578167663935     
  0.61438149598979497       0.48535908729619448     
  0.62378593130977955       0.48062073624281226     
           5
  0.50843440851680655       0.24773285023614269     
  0.49949473934009614       0.24097786510048033     
  0.49802073564780380       0.22913997150829216     
  0.50310074447807407       0.22026744605753004     
  0.52784162781459276       0.23228707200597584     
           7
  0.67471115517318880       0.80273705498644010     
  0.66858711548213079       0.80283595094627058     
  0.64581593934790305       0.80642727550533655     
  0.64944861656445774       0.79238379284852922     
  0.64356041538954267       0.78172443534284608     
  0.65961321107395221       0.78847460113474777     
  0.67171306941619824       0.78907181869361231     
           4
  0.61842814733068374       0.20201665705786120     
  0.59377133077008259       0.21498802801693351     
  0.59388834301179450       0.19436467733002716     
  0.61212534130228990       0.19423367741675848     
           6
  0.27643473679248903       0.68784058188754382     
  0.27562630876856764       0.69589125791939188     
  0.25848926918424714       0.69846656706077903     
  0.25444728632125185       0.67827571791402042     
  0.26383477009529988       0.67252531960923689     
  0.27835026362787046       0.67606348225314283     
           6
   4.0481200212047014E-002  0.89445505762371980     
   3.2559499499051583E-002  0.90005368263128183     
   1.6845149860988666E-002  0.90371451167499539     
   1.5076634631991688E-002  0.89436965324121820     
   1.4321460988237895E-002  0.88270169965424428     
   2.9358091166414642E-002  0.87585694111673607     
           8
  0.59991431594629541       0.76786969515902948     
  0.59372244185460776       0.76344616095800755     
  0.59023475093027788       0.75387185105602450     
  0.59545210096663104       0.75060867320468838     
  0.59185200765492385       0.74450467402243059     
  0.59716691268082411       0.74057993483540596     
  0.60906031283343021       0.74103262396173586     
  0.61599562537133812       0.74915237034069959     
           6
  0.85291090078121767       0.68669318288645831     
  0.83839950903750970       0.68900654447818854     
  0.83184187087313510       0.68819225558289876     
  0.82707955399144695       0.67409786063535793     
  0.84470237360014588       0.66622968853949449     
  0.85004635557331687       0.67784689329095382     
           3
  0.82621214967372114       0.62646475157150050     
  0.81268971400304324       0.62667478190691472     
  0.82299999999999995       0.61099999999999999     
           4
  -8.3175025776694583E-003  0.26181041801760707     
  -1.3726975407860557E-002  0.25351509996364580     
  -3.4673319088200181E-003  0.23836962548683455     
   8.9855640895740545E-003  0.24227005909724109     
           8
  0.20577508533489908       0.49093343326276445     
  0.20297545761283975       0.50067222816048762     
  0.19170122333291403       0.49714556663590070     
  0.18303433145137515       0.50113359596870000     
  0.18575703109269237       0.49175299220813595     
  0.18025605920950113       0.49127049926703742     
  0.18097578247441912       0.47490910637174061     
  0.20823643919088478       0.47367747737732024     
           3
  0.65838274754275716       0.78307338769554236     
  0.63404731105803724       0.77197695259394439     
  0.63334851586317120       0.76155297177878023     
           3
  0.53506622910360790        5.3925562577723282E-002
  0.52124177278285133        5.6597441952655161E-002
  0.51447073407675203        3.3589374905081210E-002
           7
  0.59352227150857939       0.36878068547491777     
  0.58587661087901988       0.37687276613267329     
  0.57413146838507056       0.37624051947994214     
  0.56758289957641572       0.37013678921735987     
  0.56833507728048205       0.36299560506608070     
  0.58096567598219673       0.35690141738322889     
  0.58945607808979739       0.35175009288518877     
           6
  0.77727203081809537       0.48628603574840784     
  0.76393700175583434       0.48187687479582086     
  0.75419820784225022       0.48181480815525163     
  0.75562223576230791       0.47384403312672968     
  0.75861313592328605       0.46137181900699709     
  0.78135339114206948       0.47433421859828701     
           8
   8.8191050539333404E-002  0.79912662752840058     
   9.0539477388369205E-002  0.80806732179612706     
   8.1206194295623993E-002  0.81000357366044851     
   6.6677789651517688E-002  0.81027370356274175     
   6.4944840812258750E-002  0.79936436625553076     
   6.7012457940465717E-002  0.78873555038984156     
   8.0564783060700765E-002  0.78617956932869271     
   9.0996147783246190E-002  0.78668322465307605     
           6
  0.94153392438738903       0.79952917120921307     
  0.93477938984053854       0.80155754394085788     
  0.93560583568836764       0.78089622842914497     
  0.94257602010759634       0.77577889296622826     
  0.94981879429209171       0.77825275686035311     
  0.95101470234287255       0.78459305081738195     
           6
  0.87317527836995035       0.45039183825814755     
  0.85514493963570148       0.45405173516057784     
  0.85340289461926078       0.44798105090755114     
  0.85222357414453220       0.43653556235608082     
  0.87546991508525451       0.43850313140605679     
  0.87920327457688940       0.44481475477712273     
           3
  0.25838064325610072       0.45550048824112382     
  0.22836282694530066       0.45472946124782554     
  0.25260325733131195       0.44623942482868040     
           5
  0.42544270507879500       0.46863406281109493     
  0.41711197228064578       0.47613972115187808     
  0.39615291666850194       0.46490317090865974     
  0.39931301222331594       0.45717208793238834     
  0.41982271098936419       0.45499344674030640     
           5
  0.46862674759416045       0.17347185011229413     
  0.46178771010682795       0.17472222868943793     
  0.45449622902852155       0.17376573583936472     
  0.47202603402472659       0.14823838044552354     
  0.47908746746687469       0.16264958489204237     
           5
  0.41473186470244155       0.31968736064383713     
  0.40134584724758765       0.30999404130004521     
  0.40852798095592630       0.30267928129313287     
  0.42126735333328008       0.29521426588398708     
  0.42638960269075238       0.30231862814845845     
           4
  0.61599999999999999       0.94399999999999995     
  0.60468870229973315       0.94842085858308356     
  0.60585181996741222       0.93989473376920629     
  0.62717775751672811       0.93476636651849088     
           3
  0.62313669599846377       0.36489937998348509     
  0.60899999999999999       0.35599999999999998     
  0.60103056096882312       0.34785124006177170     
           8
  0.83520619602411605       0.50462212351843594     
  0.82868607535661487       0.50349199278259027     
  0.82563596067825162       0.49859805148528857     
  0.80908451879048682       0.50170422271092874     
  0.81000554917297096       0.49354415167384380     
  0.81097132160262220       0.48031677322295707     
  0.82845174908033237       0.47657922040283657     
  0.83430797854366201       0.48613157131236034     
           5
  0.74491125925993340       0.94592338511621588     
  0.72621250865661846       0.94511392849069276     
  0.73335546011604347       0.94167914337034409     
  0.73799999999999999       0.93200000000000005     
  0.74961405831844774       0.93755396425385729     
           8
  0.47377974114364529       0.73234659547275771     
  0.46424546130435995       0.73129793131456122     
  0.45494195692349243       0.72902706427542463     
  0.45323561572373350       0.72370163579159330     
  0.46579433841532619       0.70824492838848763     
  0.47454198219859017       0.70507842600013459     
  0.47704975454594301       0.71093116037431103     
  0.47225126357597946       0.71973127557431738     
           3
  0.85477840438503416       0.47387879033103125     
  0.84562673791672860       0.46851445196979280     
  0.84699999999999998       0.45900000000000002     
           5
  0.56349432677938138       0.63117798001393965     
  0.55078045752901894       0.62566336251362065     
  0.56501332764588053       0.61069286576183968     
  0.57428068765359752       0.60481404446055664     
  0.57787329867339277       0.61133764583702965     
           3
  0.78628787149214030       0.95503725686095242     
  0.78482232593175605       0.92763708330067218     
  0.79200000000000004       0.93999999999999995     
           5
  0.44162975866711857       0.32653623589466874     
  0.42044609190591176       0.32549457409166355     
  0.42187695258608898       0.30618751603341382     
  0.43127207216305663       0.30259757504169571     
  0.44526432073034006       0.31262775057718434     
           6
   1.0092004700052106       0.65247126178847670     
   1.0114287113074831       0.66024518933301524     
   1.0014835400358613       0.66139713099979891     
  0.98489207078810914       0.65417949529673303     
  0.99078032805895178       0.63423803646688226     
   1.0014671854804411       0.63887508276987237     
           7
  0.57530935048197274       0.41889544053787264     
  0.57215686236630880       0.42831027095173746     
  0.55625430923157027       0.42319699031809171     
  0.55405034163156064       0.41332410904130573     
  0.55523763004880389       0.40096870448938926     
  0.56864185896794572       0.40130589822610158     
  0.57847850478730611       0.40569667459405451     
           6
  0.47869229079198278        9.6144955061545898E-002
  0.47885704340010932        8.9303427966737972E-002
  0.48082688325553496        7.5600259120052249E-002
  0.48477345257155408        6.9356653713587249E-002
  0.50105102914698474        6.8764784157432784E-002
  0.50668002737456042        7.6019847080972244E-002
           7
  0.77729755707731552       0.55548993575406613     
  0.77039333337541838       0.56518232677562186     
  0.76678200595454415       0.55952837836033109     
  0.75408639618564355       0.54546465989452664     
  0.76049338313292236       0.53777359022121130     
  0.77946982614512161       0.53730351571987445     
  0.77701918332103792       0.54531806124465088     
           3
  0.15977308239551108       0.19335817531288252     
  0.12971717891819717       0.18332855251102909     
  0.13986068989304232       0.17204822043192392     
           5
  0.55485706017294090       0.25230975404648603     
  0.54986137917983968       0.25901731227137492     
  0.52456911876303391       0.25382755125213641     
  0.53815247995767412       0.23665332269713144     
  0.55266427277477859       0.24108080168011123     
           8
  0.22165055699833966       0.76815893757977283     
  0.22216891192342747       0.77411088082594104     
  0.21105801721886255       0.77153747110235449     
  0.20178454484083225       0.76931654631596935     
  0.19309084305717955       0.76432123907538874     
  0.19639550959752686       0.75753592456531216     
  0.19851375652448566       0.74616438040522470     
  0.21964106754544668       0.74634373358322481     
           7
  0.77388774562943818        1.0023422919647611     
  0.76668254290789040        1.0004595940407919     
  0.75355252069452272        1.0033458981818346     
  0.74962933709354396       0.99256614860706793     
  0.74532519566384658       0.98238315143121990     
  0.74929996382537079       0.97692323358540567     
  0.75663075870407748       0.97621073738253916     
           6
   8.0522619029167797E-002  0.21812191558601304     
   6.6000000000000003E-002  0.22100000000000000     
   5.2886433964596358E-002  0.21657271586838114     
   5.8970465537789216E-002  0.20647341532933627     
   6.5580957846187546E-002  0.21238592632588732     
   7.4482279030150728E-002  0.20549860914923607     
           3
  0.53288458211972745       0.52521635326321614     
  0.51206883234560863       0.52520585790465901     
  0.51063770531626840       0.50849276498917551     
           3
  0.25178017056096957       0.51838481426023297     
  0.26000000000000001       0.50800000000000001     
  0.27433442371406624       0.49648531362519338     
           7
  0.31887295171732510       0.47175567783356775     
  0.31218629571047651       0.47904833115371565     
  0.29900730404380449       0.47903916893639509     
  0.29578826446296580       0.47395024479020403     
  0.29220490129527965       0.46513719086401317     
  0.29577394130280343       0.45402623606820985     
  0.30630098527518790       0.45388639337153941     
           8
  0.76256122403743765       0.31733410357747643     
  0.75533738604018608       0.31768453279502729     
  0.75052172918760762       0.32187024419112664     
  0.73219605221045014       0.31412872508090656     
  0.73822727889063910       0.29975896433208554     
  0.75519538041146006       0.29676747500963763     
  0.76248854978770164       0.29455557066579102     
  0.75683797777732864       0.30323338734305311     
           3
  0.38052038657179660       0.15014372197299306     
  0.35598518505669335       0.12522020370717174     
  0.37000000000000000       0.13600000000000001     
           4
  0.43167758404703060       0.51149755871275959     
  0.42145481845728228       0.51557764287274321     
  0.40724259134797841       0.49897172057315886     
  0.43336039434920209       0.49986263851779694     
           4
  0.38309778705716163       0.60582831214249955     
  0.36925093992721947       0.61070130861000771     
  0.36041566137914977       0.59199686602534152     
  0.37300000000000000       0.59699999999999998     
           5
  0.86800348479098954       0.89093622805379113     
  0.86149858725680584       0.89331233426978451     
  0.86232341609068408       0.87701748587724571     
  0.87744804379908214       0.86659705006324350     
  0.87600000000000000       0.88100000000000001     
           8
  0.29606726145478196        2.1277191924896043E-002
  0.29015736242210238        2.4465386045849465E-002
  0.27043621292251185        3.1470900999275950E-002
  0.27027993062317851        2.2954805032654828E-002
  0.27042402955979244        1.5966847311358126E-002
  0.26880579421899686        8.8864227170641959E-003
  0.28560314643444140        6.5808315790438447E-003
  0.29218704369150678        7.1210030755086712E-003
           5
  0.42877068579890681        6.8827447229550726E-002
  0.42496511235554096        7.9017140105790612E-002
  0.40477371382415772        6.8452325095866462E-002
  0.40764624016497453        5.3719412664200612E-002
  0.43416582271919346        5.6984471645976781E-002
           5
  0.51742357426703178       0.24053871540112551     
  0.50890173534946814       0.25357312487482964     
  0.49061526725173416       0.24239920985486152     
  0.48715200794726782       0.23338006733466532     
  0.50367531826351242       0.23062088241148274     
           8
  0.35276148458323919       0.76690071845074659     
  0.35542133691199024       0.77372843243383083     
  0.33768729002204079       0.77327330333295008     
  0.32893758430583026       0.77332851927856683     
  0.32733236987417663       0.76428517050635625     
  0.33504046356719303       0.76456610791555857     
  0.34237979811446495       0.74966171834156814     
  0.35800452166308239       0.75374899228382752     
           3
  0.27725293096403891       0.62266601918098519     
  0.26103818723286104       0.60680640205131631     
  0.28744153381077214       0.61219788377624140     
           4
  0.44198976446860838       0.16377858834798270     
  0.44700500457961334       0.17036491883751176     
  0.42441482296172922       0.15619988240153637     
  0.42752417439608303       0.14729012276844669     
           8
  0.32838206524060226        4.0605935377803666E-002
  0.32743836705050322        4.6311610906919889E-002
  0.32548124109689264        5.2891983433150588E-002
  0.31170364248730553        5.4510899695368688E-002
  0.30190212574740449        4.1205770599733141E-002
  0.30762397463284108        3.1820810716453325E-002
  0.31346425450663745        2.5657375056726307E-002
  0.32348649679418612        2.6549553903854804E-002
           3
  0.74656623971873615       0.68566162092925731     
  0.73455440301077457       0.68189384308284218     
  0.74910228204869200       0.66195002347960352     
           4
  0.71246456429765481       0.36324828132253856     
  0.68431484008241605       0.37359861786467313     
  0.68530625900021391       0.34980107744404582     
  0.71285605828998067       0.35047110713493801     
           3
  0.60788642752977162       0.88189378974242694     
  0.60716081435403824       0.89389431333101099     
  0.58453614299456902       0.86784536068509710     
           5
   1.9690384641216578E-002  0.89383180106917459     
   1.1446304672090105E-002  0.90670500967800138     
   9.1940143159405241E-004  0.87766651263285622     
   8.9093817726764411E-003  0.88407325566052963     
   1.7580127557539120E-002  0.88177053831144181     
           4
  0.87699201176627672       0.73596032433391967     
  0.86303026418082351       0.73386222098596865     
  0.86467707723129239       0.71655028262807408     
  0.89045509760779040       0.71610995351008389     
           3
  0.72799999999999998       0.25300000000000000     
  0.71833859566145486       0.26033609086075515     
  0.73777561416177573       0.24102758019853551     
           3
  0.50200000000000000       0.96899999999999997     
  0.48712156795268330       0.95347300778460042     
  0.49725662285203032       0.95778951775673915     
           6
  0.86869933388631815       0.47772800783319669     
  0.85327729989158940       0.47353304243044692     
  0.85654414959520808       0.46203256481413929     
  0.85204305426230909       0.45372547842506594     
  0.86019786702960388       0.45463219692826562     
  0.87879516839034566       0.45373974545992346     
           4
  0.24716756955375474       0.92154877057161477     
  0.22198535697892297       0.90485947482943863     
  0.24572838370326569       0.89556555296672180     
  0.25246456499635744       0.90051025020884123     
           5
  0.88109514790024401       0.27330992038027940     
  0.85781325553751075       0.27315839279467768     
  0.85960892447099901       0.26572125377125760     
  0.87845144501470251       0.25401331311524400     
  0.87640997280436450       0.26244907535111694     
           7
  0.68872182497446965       0.31050748044844695     
  0.68288180182877523       0.32098574531765139     
  0.66944725503642655       0.31579398602604503     
  0.66502468552672078       0.30243834528710173     
  0.66961116052113534       0.29471485564888317     
  0.67574472783888517       0.29702867855213472     
  0.68236950949418973       0.29075327828534564     
           7
  0.75095740674980604       0.69747825642141004     
  0.73122466138914921       0.69885385797136024     
  0.72780855941479183       0.69381744785366484     
  0.72599892146432332       0.68728266261787252     
  0.72955317363646421       0.67998152325739492     
  0.73786550179998167       0.67858537655562656     
  0.75113686815372760       0.68549849553813547     
           6
  0.53097148892889112       0.62621807333228630     
  0.52313222405302895       0.62939650709968842     
  0.52024910270590097       0.62377725140834006     
  0.52932221970229809       0.60224905957369290     
  0.54901028974629296       0.60706230503581982     
  0.54353211619399810       0.61122791239473817     
           4
  0.46415539910632092       0.90580630784192895     
  0.45370727342298145       0.90749376975824703     
  0.45000000000000001       0.89800000000000002     
  0.46069788151895097       0.89865734279331477     
           5
  0.13909488863100677       0.42095238231090726     
  0.13041503206845126       0.42784836192380177     
  0.12217030433016950       0.42983451433981729     
  0.11132500348399416       0.41190295885944134     
  0.11949062676936983       0.40524033121045194     
           5
  0.57292724612289025       0.25297223131831603     
  0.56499999999999995       0.26000000000000001     
  0.55592890529841377       0.25242967353429047     
  0.56772069065275177       0.24839796000101422     
  0.58015088864368103       0.24933642922516583     
           8
  0.18323895680761818       0.13594698964400223     
  0.17725773546790216       0.13907875180534152     
  0.16209840614893262       0.13405438935668168     
  0.15640771725129338       0.13090371412802265     
  0.15941551212784844       0.11848839940458969     
  0.16524276327814480       0.11415655200680244     
  0.18027791238576152       0.11396306115682350     
  0.18770260184418552       0.11415573678711723     
           3
  0.12212703098215653       0.68720290296255848     
  0.12881925850879539       0.67891992098913767     
  0.13700000000000001       0.67400000000000004     
           6
  0.79812689507726464       0.95709865078986589     
  0.78511364566603969       0.96688096399453227     
  0.78096172223223004       0.95999255595112165     
  0.77979391198377912       0.95273771691187847     
  0.77838946851953439       0.94288461430414283     
  0.80255759839364149       0.94944107730363603     
           5
  0.86846760782219334       0.16010740344295496     
  0.83945777394524634       0.16157288565122205     
  0.84348300492502903       0.15256379835908482     
  0.84520293962661042       0.13400624725708074     
  0.86306298058436792       0.13862109451111926     
           5
  0.77254016349289845       0.11055460844771972     
  0.77063949770109663       0.11975230280699843     
  0.74684316542135409       0.11636113157259280     
  0.74641433032806848       0.10087521312959453     
  0.75676658043316691        9.6531557781425095E-002
           8
  0.43147310340169942       0.63684074643329114     
  0.42275163623439593       0.63834694501641043     
  0.41206311433995030       0.63727872232785587     
  0.40087744161944761       0.63965602231924124     
  0.40562504641508479       0.62728973113269604     
  0.40032643530988649       0.62117381025120477     
  0.40686870392455027       0.61602104187424866     
  0.42138372420373282       0.61160523482481710     
           6
   7.4707368598636026E-002  0.23363881390348365     
   5.2599146489092079E-002  0.24460036322600204     
   4.7630904013269582E-002  0.23931277251021540     
   5.2802410045770978E-002  0.22259631607175392     
   6.2197907825917997E-002  0.22536283591569345     
   6.8789246305449525E-002  0.22479315104299766     
           8
  0.20811440148802166        8.7718990055654755E-002
  0.19094914427142176        8.9194862319597487E-002
  0.17873214179813846        7.5460710967987524E-002
  0.18274634090199060        7.0300608448772589E-002
  0.17975817545787326        6.5647967668881951E-002
  0.20305856982625253        6.1326498252705822E-002
  0.20898220852744087        6.8255568631451061E-002
  0.20524388716814251        7.3180697208048762E-002
           6
  0.63151804061686556       0.14205362758261603     
  0.62277019185358884       0.14177503089680402     
  0.61389307122244652       0.14533397166909445     
  0.60670095590552742       0.14260593921312398     
  0.60420977567301759       0.13172429369946245     
  0.61546647109630581       0.12436797702449920     
           7
  0.10652485298359579       0.81303441639459850     
   9.6285141591170173E-002  0.81619898026398330     
   9.4446840105287450E-002  0.80107046416332772     
  0.10188056807328084       0.79545526717905213     
  0.10775081531988531       0.78825553687302052     
  0.11888034155455006       0.78853286708934645     
  0.11421711800398793       0.79963181772387470     
           3
  0.31841467056149120       0.71136201353707196     
  0.30399999999999999       0.69899999999999995     
  0.31298420306294089       0.69718913085398904     
           5
  0.76765892392449520        5.4062859362965857E-002
  0.75160833487085410        5.2855916307573469E-002
  0.74925510104589499        2.6211618875397365E-002
  0.76904073981331822        3.0594128342885073E-002
  0.77010550359084728        4.0846063021761692E-002
           5
  0.24640502687030993       0.15211389858263144     
  0.23538063320233124       0.15235686364644196     
  0.23949017690466942       0.14092877781726593     
  0.25062637118101133       0.12710140214340634     
  0.24900000000000000       0.14099999999999999     
           3
  0.85832837270893492       0.77441602898665007     
  0.84799999999999998       0.77000000000000002     
  0.86287094430425326       0.75431138429808742     
           7
  0.32838776728168984       0.43930882658611209     
  0.32182068039801343       0.43740801533267876     
  0.30554872877965616       0.43790767665346153     
  0.30667230971740056       0.42730376420684818     
  0.31020009955009775       0.41686077406968686     
  0.31148346251793979       0.41050569136657922     
  0.32728639908271218       0.41317517182171742     
           8
  0.80456951080965255       0.80539132966428428     
  0.79965992750300152       0.80813615693837082     
  0.79550505057968257       0.81469569189127888     
  0.78065011688809727       0.81558210338962889     
  0.77585281800433181       0.81287399073119060     
  0.77993968793546620       0.79889127935290560     
  0.77950012369918176       0.79234237806681695     
  0.78471756871230036       0.79067547471304822     
           6
  0.89644038242680368       0.99439019400906881     
  0.87435023410489709       0.99368168625749587     
  0.87400560084960122       0.97391313237951027     
  0.87830311157615182       0.96728476353726112     
  0.89842267236132800       0.96913016044557698     
  0.89525707724638559       0.97906099811341130     
           8
  0.63163025747000934       0.12096459141606589     
  0.62065625078282538       0.11638378678132028     
  0.61108852284707160       0.12095813588967533     
  0.60960686822255739       0.10670550680123363     
  0.60294594026989001       0.10479887849265405     
  0.60480713726673097        9.4665179604760688E-002
  0.62441779152297094        9.1639724440556708E-002
  0.63271934534653529        9.8420969682426238E-002
           5
  0.86038436854011369       0.65768391900467160     
  0.84530556600472695       0.64969752288342797     
  0.85345344286825131       0.62866336848476101     
  0.86178670156951276       0.63206694316182377     
  0.86664989357347488       0.63821400633129766     
           4
  0.12610701071707575       0.39413226137170326     
  0.10169562168314834       0.39978977591042464     
  0.10750090679043675       0.37325447016272661     
  0.11551523164772977       0.37875242947868648     
           8
  0.95462307145001035       0.88786408723482935     
  0.94706926469231079       0.89410678335553950     
  0.93958060588526093       0.89126436541319198     
  0.93234379415878865       0.89437067174497031     
  0.92375043999886319       0.87256236465384562     
  0.92480848831977558       0.86457848174472662     
  0.93437873526966797       0.87079758267565899     
  0.94985551978567206       0.88041956205666561     
           6
  0.23060941233203558       0.92260018397612376     
  0.21854714354914526       0.92289827871915076     
  0.20141906413986119       0.91834914674990831     
  0.21056568347293075       0.90197352437861400     
  0.21988375951642250       0.89680136042710501     
  0.23026721511473416       0.91223050008225115     
           5
  0.14308663911395816       0.22493180471386090     
  0.12745676904674635       0.22897785452425770     
  0.12963890371223069       0.21888443171914326     
  0.13939926898498595       0.20297288487519635     
  0.15287336328873324       0.21042363586406310     
           6
  0.64036131032940946       0.59841779298111497     
  0.63269642128205417       0.59877406163930402     
  0.62757226160780810       0.59110662594847263     
  0.63220875522122888       0.57236831003112376     
  0.64146190095569389       0.57993916290024350     
  0.65364762792969144       0.57272392718924225     
           7
  0.55582866944135623       0.97005081135450699     
  0.55171878199539504       0.97570159811284018     
  0.54152036925031788       0.97901287499787504     
  0.53671736689868232       0.97507743961447779     
  0.52670052599237227       0.97033541347731145     
  0.54203489511057723       0.95215334626089088     
  0.55717695430163261       0.95081125416187084     
           4
  0.77024495669111881       0.30752169544302693     
  0.76592037576501226       0.30079190860094818     
  0.78342049424995164       0.28102128779587743     
  0.78767754534444057       0.28834753586390521     
           3
  0.31609153520667782       0.16699917102912099     
  0.31452103664826792       0.14209671266392238     
  0.33481167451588845       0.14876516057018221     
           7
  0.84749532536533367       0.47350664103179907     
  0.83051191807288982       0.47160299140375150     
  0.82671473037579946       0.46501381898495653     
  0.82683420127601603       0.45416952119683279     
  0.82468467996610839       0.44461044056802002     
  0.84206427828230868       0.44959268208440895     
  0.85295923254375994       0.45037143218992076     
           7
   3.3149332724164537E-002  0.76297903312628157     
   7.0392577999157623E-003  0.76579942254013389     
   9.0901976191504648E-003  0.75876766008335583     
   1.0333927940219203E-002  0.74872271544050406     
   1.3017414971197650E-002  0.74271180209596988     
   2.6517011535306383E-002  0.73716835472604358     
   3.1363787879093503E-002  0.75131000264144776     
           8
  0.26364366862900207       0.89006104806273412     
  0.25593414662703123       0.89731814264592691     
  0.24868006511048360       0.89406367248654317     
  0.23563428445319623       0.89333488314147291     
  0.23326337725300728       0.88509037411708513     
  0.23240315469438919       0.87430806141818473     
  0.24674198671340791       0.87379650120963115     
  0.25581820938834421       0.87292182799342966     
           5
   4.0408041436781228E-002  0.11103174938602950     
   2.9188523585790490E-002  0.11235911187544737     
   2.3478640421450318E-002  0.10204660209956395     
   3.4622181839500124E-002   8.5528154752349733E-002
   4.4305076653371342E-002   9.2402670203789547E-002
           3
  0.28564925473064645       0.82177127287737284     
  0.27400000000000002       0.82399999999999995     
  0.28865347099842442       0.81229752161616198     
           6
  0.41022665650702750       0.65368190844426177     
  0.39941978685007323       0.65079093841171154     
  0.39268312121366794       0.63770588309925746     
  0.40123328415335202       0.62755900456205749     
  0.41369550453168508       0.63045618886003740     
  0.42060035056200790       0.63122327168830084     
           5
  0.93313672924958324       0.32091370779201056     
  0.90877467150899127       0.33554813409167367     
  0.91095944691339859       0.30675036918689963     
  0.92387784348721569       0.31150106773389785     
  0.93441630015328847       0.31391264431997007     
           5
  0.83679935378141124       0.85465619545665983     
  0.82465010753579970       0.84413062136208949     
  0.83000620761004951       0.83861140681593260     
  0.84350216241890497       0.83494822008344616     
  0.85111660809576506       0.83846797942938689     
           7
   9.2052090386751217E-002  0.77560104091195470     
   8.4258360862285844E-002  0.78704523145742245     
   7.2548950152194480E-002  0.78762828490475090     
   7.3421177709340313E-002  0.77937326373268700     
   7.0558273075973663E-002  0.76655648974211876     
   9.8368331984678259E-002  0.75684667298116515     
   9.7108038676345557E-002  0.77241007598414468     
           4
  0.93910992956918038       0.44430651480570071     
  0.93799999999999994       0.43200000000000000     
  0.94118618651312036       0.42116897901837930     
  0.95270211161707830       0.41766626400653289     
           4
  0.91157075202182436       0.78086813399963573     
  0.89980100869484447       0.77683675426577103     
  0.89744700926843612       0.76886861386569672     
  0.92179959702057124       0.75279019451929152     
           8
  0.76805623770405484       0.82046798744660232     
  0.75201008404773573       0.83071952600215515     
  0.75269852411651916       0.82482300569396050     
  0.74450475323431375       0.83156328226884602     
  0.74610440541471090       0.81020911535102502     
  0.74267123730831297       0.80223480933430658     
  0.75245724868731023       0.80729030243754363     
  0.77038317827053959       0.81526855736372872     
           3
  0.49500850126347629       0.15529666913495827     
  0.46739897815700659       0.16024431097995803     
  0.48897588630088501       0.14633356754801152     
           3
  0.56164862184307074       0.81617840356334381     
  0.54503516473967573       0.81793432514644582     
  0.53867359938025394       0.80043550719395562     
           8
  0.67014642970284832       0.39923112287197726     
  0.66368691060128859       0.40723565204953271     
  0.65276941871766525       0.40619053317158244     
  0.64634118081458458       0.40369661516697403     
  0.64746631917445518       0.38772467580585251     
  0.65435965493443438       0.38430036850582122     
  0.66100708762292337       0.38019743589729138     
  0.67091738570593507       0.39226060446238453     
           6
  0.77492432508932951       0.58892068610347770     
  0.76501681467573646       0.59216625686942970     
  0.76082128211510403       0.57784252787469492     
  0.76298672375476817       0.57108200541440313     
  0.77780028100795173       0.56874144666917570     
  0.78772462014104883       0.56444357930237365     
           7
  0.27385268320505646       0.10133284441062976     
  0.24770552881395660       0.11183104624838995     
  0.25226379892583378       0.10322240464826796     
  0.24889608226682672        9.1263854297649744E-002
  0.25090371613282969        8.1892209434210189E-002
  0.26385189965885325        8.2574284282380020E-002
  0.27050972031723064        9.5343858639547516E-002
           7
  0.38922498539440503       0.85643434031465360     
  0.38803557749411205       0.86471121383962879     
  0.37582456039313489       0.85694235306904187     
  0.36772051294201202       0.85757054755114637     
  0.38467652732541369       0.84069226316026147     
  0.39547529826686489       0.83364260409025770     
  0.39322227569627155       0.85098058812954935     
           7
  0.44459284922527831       0.88907256184009475     
  0.44691374794162464       0.90850223883914660     
  0.41845882185407723       0.89939124299057038     
  0.42140686781103837       0.89217169551655506     
  0.42242324070622134       0.87770858534231222     
  0.43850378943582158       0.87774987281160333     
  0.44534475430813092       0.87734943295097934     
           8
  0.31692527282558358       0.35559996669973265     
  0.32085193744399554       0.36179793509470276     
  0.30492866105764260       0.35536879106392549     
  0.29944680237453170       0.36068564597780367     
  0.29782728806421482       0.33210958063928164     
  0.31021838875065272       0.33835568565618795     
  0.31292437224622566       0.33191940567701156     
  0.31580757557067002       0.33891645412600341     
           5
  0.30896560889836489       0.48390796226618749     
  0.30395873048832689       0.49168225757028028     
  0.28219121201080055       0.48791080292150979     
  0.29550393102203509       0.46433476275693802     
  0.30772034740377496       0.46821847353826768     
           7
  0.29221045852340577       0.53167515948285049     
  0.27758984869916553       0.52789023575975225     
  0.26342963426559529       0.53378359859725266     
  0.26168509943603818       0.51741024588569384     
  0.26279198070869569       0.51002764762972741     
  0.27544925416232019       0.51064532704111587     
  0.28872376526639559       0.50732502363244425     
           5
  0.84854257862657012       0.98139688902346256     
  0.84045930591075524       0.98420623334160562     
  0.81874438878570699       0.98128433328665254     
  0.82043458803346425       0.96766093919440654     
  0.84764961182187781       0.95652358257636849     
           7
  0.76874485137592541       0.48298876264201890     
  0.75760200760966245       0.47968902298098753     
  0.74640515549518782       0.48343597202319988     
  0.74873563840419022       0.47468545145452024     
  0.75182065927654429       0.46691900395453118     
  0.77082844206553092       0.45693500789681119     
  0.77523977239848785       0.47065552855495468     
           8
   4.5760881448501871E-002  0.46205813088355030     
   3.8619838440393003E-002  0.46602463668339994     
   3.2606494654237247E-002  0.46551599155355422     
   2.1777165357116397E-002  0.46366929631608556     
   2.2540125377069026E-002  0.44848477172939283     
   1.9465536085184316E-002  0.44231306864040948     
   2.9602111420654560E-002  0.44063992794535295     
   4.4782597996572443E-002  0.45427448144032784     
           8
  0.30137388228374745       0.17674901029567250     
  0.29006659450305827       0.18547733205041894     
  0.27923580835694972       0.19068899646560311     
  0.27718702043859977       0.17080051591349793     
  0.27504525728800777       0.16545833654528164     
  0.28479516079513240       0.16297761828404342     
  0.29171143814434286       0.16660915411959556     
  0.30301378451864813       0.16946147703987302     
           3
  0.28764593759480261       0.85881221080221193     
  0.27071149451181753       0.85971589422049055     
  0.28299999999999997       0.84499999999999997     
           5
  0.96397625703786560       0.94785884194543157     
  0.95189317485915903       0.94532601968916641     
  0.94308400753321131       0.92386219905503963     
  0.96091199474331224       0.92599125946718519     
  0.96177027784288904       0.93572070464706025     
           8
   1.4828236764352225E-002  0.94252858315812749     
   1.6726141957904395E-002  0.95002075519480456     
   8.5172284508336325E-003  0.95460790037324350     
  -1.1972565837937137E-002  0.94434126468355262     
  -7.5379813708037185E-003  0.93882695078279532     
  -4.4250853318812669E-003  0.92640411895536656     
   3.8084881593853292E-003  0.92621026049271982     
   1.2708303713377453E-002  0.92556144098195670     
           5
  0.17498583075751925        8.5046245215158384E-002
  0.16037472856872781        8.3338047532502249E-002
  0.15505922107344722        7.7137083844144916E-002
  0.15073088446697247        7.0372818232897386E-002
  0.16232885483704690        5.7885584902277715E-002
           8
  0.53914125846803562       0.76435954205141365     
  0.54031094348674424       0.77158002422253613     
  0.52809405317593872       0.75973098763483327     
  0.52444892138556065       0.75371217158004788     
  0.52860393013945040       0.74936831302919149     
  0.52633061926264990       0.74115694054046588     
  0.54253716642258520       0.74543126715360097     
  0.55019492003564385       0.75132423662924253     
           7
  0.69235979751390841       0.89062547411779192     
  0.68446581641475235       0.88895334007950455     
  0.66697205583548236       0.88940679911105613     
  0.66366031802083081       0.87197606815978890     
  0.67058950476300572       0.87177042742250788     
  0.68848900307327132       0.87712896589962364     
  0.69471651826113523       0.88124361233371151     
           8
  0.31868662889375737       0.11954596891067117     
  0.32431188496920504       0.12699392219777603     
  0.31563527114491630       0.12530336268167247     
  0.30280535908858980       0.12516178189256724     
  0.29744642692646500       0.11462571611160050     
  0.31521699097263511        9.7952278022741215E-002
  0.31561527662625738       0.10469169347593228     
  0.32275267927453405       0.10262890115566124     
           8
  0.86973475343726092       0.85153533421127869     
  0.85683916372844171       0.85157616860937713     
  0.85108699614723426       0.85609273810450226     
  0.84280743189788410       0.84036681960309878     
  0.85712152108876050       0.83406961447178118     
  0.86811358411347395       0.82668707806969033     
  0.87178725462986684       0.83920195341404846     
  0.86630715862797913       0.84260057105601116     
           3
  0.18400000000000000       0.45500000000000002     
  0.17537551085885933       0.44614762763830956     
  0.19343605177856291       0.44539793224146318     
           7
  0.19466547224301176        7.6490490067722502E-002
  0.18776459934372777        7.9412579429906316E-002
  0.16847644932928191        7.7264085032406477E-002
  0.16822397328101199        6.0744300754285781E-002
  0.18971898787776723        5.8368016761646505E-002
  0.18961814076673561        6.6786133486645388E-002
  0.19661873827095494        6.8123588028550175E-002
           8
  0.14443479979843099       0.93464929696287891     
  0.13853081122597838       0.94254373435004046     
  0.13251184108732811       0.94210384461342778     
  0.12233448677400932       0.92082073698780209     
  0.12847532285486815       0.91912617910557104     
  0.13370008354662138       0.91423940420622540     
  0.14102728700805428       0.91625319906194991     
  0.14412252246555496       0.92244518117391805     
           6
   2.2452699597507793E-002   2.9259361441525453E-002
   1.4744820931535927E-002   3.2592383569887001E-002
   1.2240609419702170E-002   2.3499370586248038E-002
   1.2164863760031050E-002   1.2186892074149115E-002
   1.8280887917371098E-002   3.5454032752542490E-003
   3.8481916308401365E-002   1.8241166424948933E-002
           5
  0.12020477415832280       0.72208944753802973     
  0.11315683230819219       0.71362608600299204     
  0.11183085614758713       0.69774089090769587     
  0.13108319031507126       0.69726123662029582     
  0.14188456862284868       0.70248996280499354     
           6
  0.67212523807209157       0.42183796077264785     
  0.66716888064733826       0.42704069983956811     
  0.64530439819250351       0.43386394922430827     
  0.64273047577652254       0.42025373204928118     
  0.64997993411613642       0.40889370866191710     
  0.66312123742763995       0.40634709735392549     
           3
  0.26218146395639697       0.59726755481739580     
  0.24800000000000000       0.59299999999999997     
  0.24175716234603795       0.58370964456099839     
           7
  0.53769515391337763       0.52540216868230083     
  0.53955370752733978       0.53392837493001477     
  0.53391931109127233       0.53057648365337595     
  0.51387990532012529       0.51952072218267908     
  0.53300814983174061       0.51534518061543122     
  0.53998765996757481       0.50924706119413654     
  0.54059248076463762       0.51742436760580646     
           6
  0.12068326183280063       0.80654346817158828     
  0.11456163552984970       0.81566055745681709     
   9.5777575799882914E-002  0.80052353572118196     
   9.6118484044697167E-002  0.78922945902349539     
  0.10459998587754753       0.79220931974389186     
  0.12121344929705899       0.79055955313047044     
           5
  0.76160929140917411       0.49852285810588892     
  0.74575958986263535       0.49846484384158740     
  0.74491996352824708       0.48686344528912856     
  0.74365227823377944       0.47282059909122143     
  0.75558712070335099       0.47583465648539830     
           3
  0.48399999999999999        8.9999999999999997E-002
  0.49026245028092724        8.1939978340258374E-002
  0.49906641065920343        7.8977870636913944E-002
           5
  0.93508709748735130       0.16393088745852516     
  0.91983469236300119       0.17176249345560954     
  0.91410796533516614       0.16224775522536558     
  0.91598742279760803       0.14358149579749507     
  0.92761262901106534       0.14723639394907928     
           6
  0.21062143539957837        4.9910608212826876E-002
  0.18653402426024041        4.3618235130946148E-002
  0.18005887453302957        4.1267803708114642E-002
  0.17946327003687079        3.0270763642369532E-002
  0.19338914404899543        2.8770511256945609E-002
  0.20077598594204979        2.3731567509911761E-002
           8
   7.5117269586896462E-002  0.97049571020142744     
   7.6393866436992225E-002  0.97659696889418779     
   6.3042158435319573E-002  0.97575745855601315     
   6.0759067463431730E-002  0.96089013088125685     
   5.9871013642599079E-002  0.95550210298508675     
   6.2109591019784215E-002  0.94773271805027526     
   8.8503350056028704E-002  0.94970448993228895     
   8.4769119777572274E-002  0.96030117304011098     
           5
  0.27431630235626653       0.66810563318914395     
  0.26259227230421583       0.67533037104204152     
  0.25117527385935212       0.66968155420699527     
  0.24773439672714925       0.65831613384498533     
  0.27213853807617033       0.65702126144405226     
           8
  0.99756192656386966       0.13609739315023842     
  0.98664889402005640       0.14691315727992910     
  0.98069191218744234       0.14737124764061130     
  0.97466854056754670       0.13604290379303524     
  0.97486864518466698       0.12403380065622030     
  0.98446274759240215       0.12112451388587786     
  0.99826100915672422       0.11980805136837656     
  0.99852803437930593       0.12850684358938477     
           3
  0.28100000000000003       0.22700000000000001     
  0.26886878549495286       0.23564131825557308     
  0.28880674130378325       0.21343945431379152     
           8
  0.68158539778388472       0.19025999132189775     
  0.67360329541737873       0.19008388464245704     
  0.66578828119729860       0.19077602247428935     
  0.66084805739608632       0.18324398709101231     
  0.66362274828240697       0.16445886159717707     
  0.67224492202988972       0.16594004733083026     
  0.68472397737040014       0.16788985563752801     
  0.68561391649324754       0.17342053390571893     
           5
   8.6633835243917642E-002  0.33021424676889516     
   7.4192638029911162E-002  0.33367355882371158     
   6.3303094888268893E-002  0.32920863757908786     
   7.5662863685720699E-002  0.31355761383895658     
   9.1902776729789637E-002  0.31082718447553648     
           4
  0.18912846091161514       0.55116630609345629     
  0.17699999999999999       0.54300000000000004     
  0.16483733476015638       0.52774674796438503     
  0.19014881306300105       0.54049531374304849     
           4
  0.59938958043745827       0.19694461703435168     
  0.59832218075356969       0.20547824535054138     
  0.58129134555152473       0.19504423379328609     
  0.58843011211374496       0.18436112253392420     
           6
  0.57051801191128892       0.60902664920018279     
  0.56790621227356808       0.62122999862388495     
  0.55818826650912956       0.62458294818787297     
  0.54946145073688157       0.59928238464840833     
  0.56139430737536578       0.60046419954848729     
  0.57063373490142943       0.59827846794279949     
           5
   2.1321985589538874E-002  0.35474264723785820     
  -5.7192503420575042E-003  0.35317579855752107     
  -3.3795221514585500E-003  0.34209262283518377     
  -7.6188789097442373E-004  0.33332091642545658     
   1.9894569836799065E-002  0.33731773896748751     
