   985.00000000000000     
   1174.0000000000000     
         161
           8
   60.000000000000000     
   88.000000000000000     
   74.000000000000000     
   56.000000000000000     
   95.000000000000000     
   95.000000000000000     
   83.000000000000000     
   94.000000000000000     
   93.000000000000000     
   79.000000000000000     
   61.000000000000000     
   83.000000000000000     
   68.000000000000000     
   86.000000000000000     
   96.000000000000000     
   75.000000000000000     
   67.000000000000000     
   74.000000000000000     
   92.000000000000000     
   71.000000000000000     
   92.000000000000000     
   74.000000000000000     
   82.000000000000000     
   88.000000000000000     
   95.000000000000000     
   69.000000000000000     
   100.00000000000000     
   91.000000000000000     
   83.000000000000000     
   78.000000000000000     
   63.000000000000000     
   88.000000000000000     
   84.000000000000000     
   59.000000000000000     
   77.000000000000000     
   89.000000000000000     
   74.000000000000000     
   74.000000000000000     
   85.000000000000000     
   71.000000000000000     
   72.000000000000000     
   61.000000000000000     
   99.000000000000000     
   65.000000000000000     
   88.000000000000000     
   75.000000000000000     
   82.000000000000000     
   100.00000000000000     
   96.000000000000000     
   89.000000000000000     
   97.000000000000000     
   52.000000000000000     
   57.000000000000000     
   54.000000000000000     
   64.000000000000000     
   78.000000000000000     
   67.000000000000000     
   80.000000000000000     
   85.000000000000000     
   83.000000000000000     
   54.000000000000000     
   68.000000000000000     
   80.000000000000000     
   76.000000000000000     
   100.00000000000000     
   68.000000000000000     
   84.000000000000000     
   71.000000000000000     
   65.000000000000000     
   86.000000000000000     
   53.000000000000000     
   57.000000000000000     
   83.000000000000000     
   62.000000000000000     
   95.000000000000000     
   84.000000000000000     
   63.000000000000000     
   59.000000000000000     
   98.000000000000000     
   100.00000000000000     
   57.000000000000000     
   66.000000000000000     
   79.000000000000000     
   66.000000000000000     
   87.000000000000000     
   53.000000000000000     
   99.000000000000000     
   72.000000000000000     
   87.000000000000000     
   58.000000000000000     
   78.000000000000000     
   68.000000000000000     
   60.000000000000000     
   66.000000000000000     
   86.000000000000000     
   61.000000000000000     
   91.000000000000000     
   64.000000000000000     
   90.000000000000000     
   69.000000000000000     
   73.000000000000000     
   55.000000000000000     
   59.000000000000000     
   94.000000000000000     
   58.000000000000000     
   82.000000000000000     
   96.000000000000000     
   51.000000000000000     
   52.000000000000000     
   65.000000000000000     
   61.000000000000000     
   65.000000000000000     
   85.000000000000000     
   56.000000000000000     
   83.000000000000000     
   76.000000000000000     
   89.000000000000000     
   100.00000000000000     
   56.000000000000000     
   60.000000000000000     
   89.000000000000000     
   57.000000000000000     
   72.000000000000000     
   59.000000000000000     
   59.000000000000000     
   99.000000000000000     
   51.000000000000000     
   80.000000000000000     
   89.000000000000000     
   100.00000000000000     
   91.000000000000000     
   96.000000000000000     
   57.000000000000000     
   59.000000000000000     
   74.000000000000000     
   69.000000000000000     
   81.000000000000000     
   73.000000000000000     
   96.000000000000000     
   83.000000000000000     
   63.000000000000000     
   68.000000000000000     
   96.000000000000000     
   86.000000000000000     
   62.000000000000000     
   62.000000000000000     
   54.000000000000000     
   98.000000000000000     
   70.000000000000000     
   69.000000000000000     
   57.000000000000000     
   81.000000000000000     
   53.000000000000000     
   78.000000000000000     
   64.000000000000000     
   72.000000000000000     
   59.000000000000000     
   92.000000000000000     
   96.000000000000000     
   73.000000000000000     
   78.000000000000000     
           1
  0.50761421319796951       0.50761421319796951     
           8
  0.31612531938782390        7.1861030579401172E-002
  0.31543972274357546        8.1265764344533364E-002
  0.30362108631186557        8.7281207461665108E-002
  0.29203970727520651        8.0542598935749721E-002
  0.29332416529560124        7.2847990118740866E-002
  0.29770980079407405        5.7224485372797035E-002
  0.31079327212956065        5.7487853008773210E-002
  0.31240023166837205        6.3367962538272843E-002
           8
  0.45415196589417151        5.3415073183939819E-003
  0.44883230322003820        1.1600140363487929E-002
  0.44293799888388408        1.6924944912509350E-002
  0.43491983354703978        1.7043231800228015E-002
  0.42905572862467789       -1.3654514705754087E-003
  0.43015059669193939       -7.7281900438430614E-003
  0.43524577681239102       -5.2945565527927696E-003
  0.44147314211158967       -7.0879517515987254E-003
           8
  0.27194081616530869       0.81459042619100297     
  0.26789140445116427       0.82439757932008073     
  0.25991384787156285       0.81946896805052827     
  0.25269158369365408       0.82016420010177216     
  0.24888057291733681       0.80518417588588975     
  0.25504264561614431       0.79986076590690891     
  0.26899471846746043       0.80372266045835605     
  0.27477769722545176       0.80250781228816792     
           7
  0.72182029379947132        2.9663775271046619E-002
  0.71915150709494813        2.2917152093215584E-002
  0.71441203351032234        2.9587279976849006E-002
  0.72109584170313945        1.1077908722919881E-002
  0.71789704259039588        3.4177462487035327E-003
  0.72846835598053883        4.1715182538307419E-003
  0.74165662203766858        1.5571420557749327E-002
           3
  0.90704641350340420       0.21440419880900460     
  0.87850270046690182       0.20838353442955784     
  0.88486708727159424       0.19681454550722530     
           4
  0.94609724875440160       0.34965676595926365     
  0.93218441141065089       0.34892041506291005     
  0.92898678566008552       0.32972830157568622     
  0.95719518615767407       0.32562797011102806     
           8
  0.36961716333560241       0.81918692987004738     
  0.35915172566044523       0.81648529849863327     
  0.35332015826076790       0.81363972356201197     
  0.34581156325162821       0.81488064308711172     
  0.34740427193960899       0.80001524670439494     
  0.35424699372142010       0.79589138854655905     
  0.36209395753260182       0.79363278097404821     
  0.37050335243367510       0.80585346011965864     
           3
  0.40406169588375518       0.55234900744924786     
  0.38163263771975148       0.55662240402848995     
  0.38496924579431940       0.53648910218310364     
           4
  0.20609582839139060        6.7252809045095202E-002
  0.19690737931843372        5.6328653833709372E-002
  0.19499147339875600        4.5926478769318171E-002
  0.21364221488645535        4.4867761465981655E-002
           6
  0.43329941588500259       0.27074693560682017     
  0.41525430540348202       0.26228235324433630     
  0.41131535531981961       0.25345918132358219     
  0.41777278188945677       0.24297706469202957     
  0.42302236205621546       0.24644239762381059     
  0.43256885824792596       0.24330319318985921     
           5
  0.93373022975605480       0.59620503215996068     
  0.92546780681403684       0.58518278658609157     
  0.92208280024922573       0.57319889147981296     
  0.93543744516589666       0.56818986324993914     
  0.94543611850500375       0.57039823343997886     
           3
   9.4790860885539854E-002  0.81541160231895171     
   8.2134863149338141E-002  0.81158771504752059     
  0.10293960921108783       0.79106351744348025     
           3
  0.87490014881808920       0.34175422574831166     
  0.86920939011893417       0.33027914564675981     
  0.89828247871786382       0.32650988207685960     
           3
  0.29509411994556489       0.13397044411628148     
  0.27734626560606490       0.12106597786494924     
  0.29636340585714799       0.12129939564452949     
           3
  0.41362042971766122       0.30233167619692197     
  0.41725888324873095       0.29238578680203048     
  0.43121639918790838       0.29397172547349543     
           8
  0.89158839114848998       0.12633105287600044     
  0.88994864608678459       0.13197234463638391     
  0.88286549694304273       0.12682527022835971     
  0.88331874821469558       0.11897300208548937     
  0.88114640064810534       0.11142164905187370     
  0.88912895042762641       0.10651302394179021     
  0.89504237121252173       0.10995188195984235     
  0.91007308905209117       0.11606359133322877     
           6
  0.31655509545837041       0.25433498661958870     
  0.30585017866080128       0.25829948427578286     
  0.29747791435805804       0.24507978840889233     
  0.30152345743775300       0.23275779437416375     
  0.32516315853771594       0.23028563057748133     
  0.32155070095524191       0.23960832616151156     
           3
  0.37558026503057751       0.96396737008955058     
  0.35943795660977657       0.96443694928109580     
  0.36446700507614216       0.94923857868020300     
           8
  0.37069566400816190       0.88399880907397999     
  0.36274254354800922       0.88348361852393809     
  0.35304512992216813       0.88161808808156072     
  0.34769155148394265       0.88040215859786075     
  0.34228160759422699       0.86943156019909706     
  0.35525460641347623       0.85688964685237712     
  0.36576076107764421       0.85636343138979487     
  0.36615718883744730       0.86231052300928746     
           8
  0.52195361488005754       0.80296834333472333     
  0.50733584530200193       0.79918995555173378     
  0.49931589893624961       0.80062713872564206     
  0.49411093790885291       0.79701210162664282     
  0.49676685984810032       0.77505650966926076     
  0.50779564435548652       0.77637566008253533     
  0.51757704341740363       0.78341520323347802     
  0.52381393798748332       0.78551701801826856     
           3
  0.28786635063889821        3.1485904168108168E-002
  0.27309644670050759        3.3502538071065992E-002
  0.28283935669231497        1.8709276603650009E-002
           5
  0.46024539062950570       0.83094843569845311     
  0.45402598075090694       0.84143798834872363     
  0.44145168261679946       0.83562275119744245     
  0.43451884465211382       0.82529108263186401     
  0.44726680719947443       0.81213509391622385     
           4
  0.84872360570891470       0.48338404030027321     
  0.85408415810338245       0.47680065577629266     
  0.87186340293003506       0.45473735503295654     
  0.86294416243654826       0.46802030456852795     
           3
  0.92162893233882870       0.41935435216549777     
  0.91263726749536744       0.40300193296395953     
  0.92284263959390866       0.41015228426395939     
           3
  0.35552436443958774       0.47121044154620562     
  0.33428909266307255       0.47525090304470818     
  0.33553396482339670       0.45854237601881792     
           8
  0.78734942927589080       0.54698216988027537     
  0.79333719821251047       0.54988444822160920     
  0.78991995894071709       0.55871313143438162     
  0.78345403487479215       0.55138842452742598     
  0.77706334545109990       0.55842638391739308     
  0.76723697496174692       0.54561563927513490     
  0.77276980759037539       0.52804978002243064     
  0.78735408283442276       0.53143658069943067     
           6
   9.8796007630604643E-002   5.1404273605970954E-002
   7.2611160162403099E-002   6.2478102743131758E-002
   7.5903974028297766E-002   5.6359115150820330E-002
   7.5304620493764060E-002   4.6377284185416985E-002
   8.3625284104159411E-002   3.6165670613269120E-002
   9.1189520240018473E-002   3.2505693579847984E-002
           3
  0.78352700785400542       0.54692585912861480     
  0.76954314720812178       0.54010152284263957     
  0.78089636227480819       0.52491149730670406     
           6
  0.44124256279756430       0.29836200706837407     
  0.42525084353551557       0.29831899685238189     
  0.41873160868038217       0.30132668085654724     
  0.42279337857924454       0.28045499428315079     
  0.42412793667315096       0.27097079412571989     
  0.44145197218929333       0.28635630073589013     
           6
  0.54755119211371217        2.0635810403535057E-002
  0.53631995498357032        2.3234185888710859E-002
  0.52706814013257530        9.9114700421247415E-003
  0.54433086706013989       -5.0316990083225672E-003
  0.55405803542831045       -3.1206005176195126E-003
  0.55544771604747745        7.5126562403472607E-003
           8
  0.85229064434007651       0.84258608073523178     
  0.83938072575153200       0.85272736068542188     
  0.83233152777969333       0.85564994788774695     
  0.82887040696578063       0.84577248298098784     
  0.82685427979701354       0.83859482817727815     
  0.82881196977168126       0.83245068517613674     
  0.83271293257135415       0.82787455793866294     
  0.85059599069895175       0.83170570333112048     
           7
  0.93914197777659092        9.5714699243435383E-002
  0.92799023808061432        9.0562537607596943E-002
  0.92021211325389840        9.3449938817892986E-002
  0.91129556537590828        8.9482392582633297E-002
  0.91205345726104647        7.6290455886644029E-002
  0.92542262894169680        6.5411556718625960E-002
  0.93445255506128078        6.8515611718058145E-002
           7
  0.28892100919211899       0.80742556092431206     
  0.26785160844301614       0.81777460644441047     
  0.26275987277638468       0.81072661002419932     
  0.26272026999100206       0.80142822809487035     
  0.27157658421964709       0.79313360235259112     
  0.28896851267826185       0.79324777481772968     
  0.28669292558317266       0.80069801829260401     
           6
  0.40594590926446311       0.82126227471040292     
  0.38693216960400956       0.81567728535726880     
  0.38269277891651038       0.82027804586569864     
  0.38397605658921541       0.79274533342820619     
  0.39037117882927813       0.79770442049040047     
  0.41114338867812666       0.79289177722438386     
           6
  0.93179870191944958       0.80976375019614588     
  0.92209572833586051       0.80820995731215672     
  0.90920789065792240       0.81443331211281111     
  0.90713387681157032       0.80318639055935925     
  0.90662888173190381       0.78520200427017162     
  0.92182741116751266       0.79898477157360404     
           8
  0.95170357535223649       0.88449133973094196     
  0.93817918896911334       0.88064661328177596     
  0.93497931279237734       0.88613688543037084     
  0.92918845816129769       0.87999253117572085     
  0.92755878776427925       0.86744281747220187     
  0.92864963665931977       0.85603514966627570     
  0.93474384066120075       0.86639056872335474     
  0.95304900399343351       0.87019253302950372     
           7
  0.96711378746245813       0.28520380487033814     
  0.95751772048070605       0.29902826792670506     
  0.94556122666884568       0.30077075941256731     
  0.94443266721794072       0.27217744851716635     
  0.94926389507332110       0.27624154121500849     
  0.95408723304093068       0.27271088672207017     
  0.96668170377489693       0.27378786912949399     
           6
  0.95766781224739439       0.59570088956312450     
  0.94237371694847327       0.60088039912698432     
  0.94483682663458424       0.58860477954511181     
  0.94427843481481222       0.57950820744050735     
  0.95378414286716717       0.57840102599767318     
  0.96011911375594150       0.57248112452096234     
           3
  0.76345177664974617       0.16446700507614212     
  0.75224554765701990       0.14984007196884078     
  0.76414276659553382       0.15194955671421678     
           4
  0.59681029238404426        7.7138340732540778E-002
  0.57702087491134391        6.7091053443821852E-002
  0.57395038594928416        5.9506802667981563E-002
  0.59722046061574818        6.4000350449088639E-002
           3
  0.33092987377834721       0.58806538058692326     
  0.32181827614424630       0.58742474337831607     
  0.32448711882017994       0.56385942890860297     
           6
  0.24782671679200113       0.72599348477062353     
  0.23805861024151057       0.72359263716629585     
  0.23075971867047218       0.71776988773779693     
  0.22908356131020402       0.70523001126434159     
  0.22864243713381863       0.69813382556995485     
  0.23749739812336573       0.69834795945226336     
           6
  0.86511122972516052        1.0003420643496121     
  0.85452377536487523       0.97832820030360435     
  0.86264408018680405       0.97597253638438841     
  0.86810705369889263       0.97188517286683140     
  0.88119036406199991       0.96944307772389893     
  0.88079655041155691       0.97617867297668781     
           3
  0.33424905721864023       0.83219503891035440     
  0.32732076395493331       0.80448821226543776     
  0.34470045705740632       0.81773129805501332     
           6
  0.67199707628110761       0.50582344910699151     
  0.65985810513475829       0.50342899582154110     
  0.65212417650379284       0.49905827958547189     
  0.64581099425473687       0.49614805909600995     
  0.65564672145828518       0.47870120436134678     
  0.67031721818606815       0.49359062161851636     
           4
  0.29543147208121828       0.64060913705583755     
  0.28636173280238392       0.65592360953468243     
  0.28479422277519151       0.62551316064759066     
  0.29948263888245802       0.62904709745771803     
           5
  0.30531209888006761       0.50168325283781512     
  0.28008585338393049       0.49761346884005681     
  0.28185670329570373       0.47651330303992590     
  0.28865881652401604       0.47743976736617638     
  0.29680153898730915       0.47682561214412850     
           5
  0.87889554534333647       0.57000947892310649     
  0.86812876367762837       0.56554855947633276     
  0.85764655651093691       0.56227592617086919     
  0.85620447917128684       0.54608516424892239     
  0.87846339398363316       0.55745617749001697     
           8
  0.99464187614019850       0.38687397349798225     
   1.0005537780129496       0.39603712425018756     
  0.99239067185637386       0.39784168704060496     
  0.98618535940931062       0.39524557836844537     
  0.97186654374361914       0.38430908371679728     
  0.97201124004134376       0.37851312644611879     
  0.98870195203382771       0.37553087943966040     
  0.99649540557578986       0.38025200223125843     
           3
  0.57031197918194743       0.51187683095638215     
  0.55834598660260593       0.51023678310186205     
  0.56984361666275130       0.48452290564053396     
           4
  0.21489834154069976       0.76050377694851068     
  0.19526198896477259       0.76030098002735991     
  0.19956429447188684       0.75051952193787108     
  0.20131142979477762       0.73713269964528993     
           4
  0.54981102983842711       0.69582734281175640     
  0.52216366181491425       0.69090042497570914     
  0.53014532631183819       0.67111285525810416     
  0.55084886984933190       0.66857353533032193     
           5
  0.68015755378911913       0.62493352484091225     
  0.66805422448308005       0.62777114793700828     
  0.65880850235150568       0.62309081996466109     
  0.66363275754587392       0.60372334646225978     
  0.68330293936742348       0.60994658998953821     
           7
  0.47855109334630319       0.54831869925094767     
  0.46966287979420968       0.55177643121862197     
  0.45383665511327237       0.55171507204329884     
  0.45391041716603348       0.54132792709264599     
  0.46586231337621919       0.52481884254531186     
  0.47712730112132018       0.52691936811030637     
  0.48095461076944468       0.53456068850629646     
           5
  0.35265746901560996        6.9734013964270231E-002
  0.33431322660760876        6.5435655212908367E-002
  0.33198273784584587        5.6480412040237779E-002
  0.33511503227009098        4.0238994914916767E-002
  0.35077212961290388        4.1768254217019365E-002
           8
  0.95561173124946686       0.96006296596134533     
  0.94382455376292163       0.96351386503644909     
  0.93685741219272733       0.97044183239694093     
  0.93703742426746239       0.96439780562936672     
  0.93040065011986606       0.96083949719934636     
  0.92987002308851086       0.94959598687487579     
  0.95869236225729260       0.95058868507007799     
  0.95296721340505275       0.95491863578238501     
           6
  0.96482182942958183        5.8198320104531007E-002
  0.95910928572899579        5.5614510662283415E-002
  0.94270305988336178        5.8300108946047438E-002
  0.93751803421039148        4.5959433121473992E-002
  0.94762554110466679        3.3427065607118424E-002
  0.95885869655812284        3.1817300919762100E-002
           4
  0.89123197579791436       0.66471893415854533     
  0.87507936399513930       0.67953546736897641     
  0.86226009726177177       0.65063002014435589     
  0.89151002654234801       0.65002042445294539     
           8
  0.52222237549883499       0.50211248015580934     
  0.51948361833163004       0.50697295810852994     
  0.51995638287273360       0.51455371819519624     
  0.51257968175628543       0.51359720305735623     
  0.50099199606891787       0.49462066350107159     
  0.50103253383590074       0.48838063204341930     
  0.50821793401461313       0.49316514835135705     
  0.51787460097757287       0.49775979688655037     
           8
  0.35784497664867893        1.5611374653114050E-002
  0.35186714695969618        2.3494785632203179E-002
  0.34322235065574974        2.3969169516731101E-002
  0.33238142321440506        2.3446164653420469E-002
  0.33174809599424682        5.0162839645702725E-003
  0.32911657127388133       -5.2115432817737527E-004
  0.34922143507307934       -1.7178118481875771E-003
  0.35736976364215539       -1.8680946049442065E-003
           4
  0.34435176696877329       0.61458570035061999     
  0.33360770065819523       0.61686996486257606     
  0.31428049119260038       0.59324301646864286     
  0.34044787485308964       0.60118146253767435     
           8
  0.60405596241669679       0.90711793907797300     
  0.60382407736019905       0.91640693735522827     
  0.58893519756536916       0.91896591107766634     
  0.58346962184839624       0.91057066624686800     
  0.57917385690475187       0.90526877800285588     
  0.58276761847895453       0.89424876283002463     
  0.59030062981526055       0.89708861513380023     
  0.59433917249564194       0.89212150640507260     
           6
   8.7970972592228525E-002  0.41432505217970522     
   7.7239920813381033E-002  0.41657600748825957     
   5.8860633025874839E-002  0.41707028910732413     
   6.2890728039949995E-002  0.39513384934121681     
   7.0259844942965680E-002  0.39363308589040968     
   8.2860046503200335E-002  0.39727011796367157     
           7
  0.26116802400607919       0.95104147422286411     
  0.25256430016635711       0.95426248318711282     
  0.23660180634861461       0.94536912914268034     
  0.24161981347838665       0.93211492313199273     
  0.23814590150902487       0.92602505259213497     
  0.24703425974852417       0.92499908185291291     
  0.25500637240263335       0.93218958480220249     
           8
  0.20762863939674558       0.67819521843054531     
  0.20200199309582353       0.68166714457908861     
  0.18917685453072844       0.67908441808030551     
  0.18155285810124339       0.67843791270736431     
  0.17948086373714295       0.66987978021555927     
  0.19314368371779173       0.65642929457670562     
  0.20471930663480964       0.66018274772213303     
  0.20114564974092000       0.66532298434772874     
           6
  0.92429768932400413       0.94957598093040274     
  0.91118665984026115       0.95493255268938759     
  0.90201543714039323       0.95225820770072855     
  0.90429472108456288       0.94443560843660956     
  0.90926070550977700       0.93190998291585680     
  0.92168210510415571       0.93067669254431318     
           5
  0.54809264476496977       0.89850746848758967     
  0.54290321626966875       0.90592650517970930     
  0.53537577974987560       0.90302464658029424     
  0.52489643929154861       0.88542748247116521     
  0.53118487130599124       0.87864494867091814     
           8
  0.85257325531005945       0.63687208765684189     
  0.85393670584312042       0.64419337522871223     
  0.84093495224295145       0.64224342279945323     
  0.83528747088283561       0.63931964964647614     
  0.83050387676428028       0.62326689405615809     
  0.83201153596270772       0.61659658731432554     
  0.84488516729334429       0.62162834655851751     
  0.85343716238756184       0.62407648789445380     
           8
  0.24193546175408215       0.67146117160914343     
  0.24242305887903487       0.67831197530752407     
  0.23376383056666097       0.68624878669411227     
  0.21747996146958409       0.68270941455940359     
  0.22349489390216992       0.67335883246441974     
  0.22417827852600752       0.65802932079712340     
  0.23552310727601145       0.65815370263089445     
  0.24665233886825066       0.66004395446354402     
           3
   3.6548223350253810E-002  0.58680203045685275     
   2.5878352477107909E-002  0.58598306004576539     
   4.5438083714015351E-002  0.57976962691254419     
           4
  0.91145442538869981       0.30517933274076126     
  0.89717528192691087       0.30470793708339061     
  0.90174290049127859       0.28491420484946323     
  0.91293536868780678       0.28703199411637342     
           7
  0.50966059582145584       0.44010786376609951     
  0.49733961589379777       0.44145143900557932     
  0.48430294819807956       0.44650061638970262     
  0.49028639416549624       0.43925204962190034     
  0.49399865635496149       0.41970233003454527     
  0.50478933181702679       0.41946184600265290     
  0.50775203937291979       0.42821765360951297     
           5
  0.96560330958347995       0.56483411905198944     
  0.95851304835956019       0.56516490966560262     
  0.96055961764498254       0.55268818367090133     
  0.97175305848666027       0.53990057082212728     
  0.98144711267817664       0.54780938685476155     
           6
  0.69957925148849720       0.31491017289809470     
  0.69354541599999153       0.31908358557555194     
  0.67213903791906660       0.32258410998589915     
  0.67393218957092671       0.30127750011454013     
  0.68388765599368195       0.29611815746025782     
  0.69386454888649352       0.30729435647340242     
           8
  0.33050237407010857       0.79437532088073359     
  0.32761144593329783       0.80441554236828805     
  0.31501709572851033       0.80536429386692343     
  0.30467195333382407       0.79304324709665275     
  0.30352964139011734       0.78333298282209018     
  0.30628880333811753       0.77763651512638998     
  0.31894083576330212       0.77732071841828088     
  0.32796691573305159       0.77828783143561464     
           7
  0.33920617801763031       0.56616461821507713     
  0.33270941246753954       0.57178212235887727     
  0.31529747526296881       0.57916009718146488     
  0.31579702133809412       0.56806836243209935     
  0.30992465345799108       0.56704739411949323     
  0.31750707197783951       0.55645225336811743     
  0.32086122794821370       0.54997259405487209     
           5
  0.23634109112225068       0.28002978010024698     
  0.21838754483280778       0.27910476599527823     
  0.22459672798086747       0.25299779888810869     
  0.24466144875269172       0.26467556143574261     
  0.23785961318390611       0.26841572077451331     
           8
  0.45661198938860204       0.72435823766396967     
  0.44880749105449830       0.72152318820492689     
  0.43725979279223715       0.71830967041583005     
  0.44451690960774765       0.70958238482682701     
  0.44030836347512869       0.70129254378150396     
  0.44842712353852099       0.70422677228043529     
  0.46741047632607208       0.69914197504580977     
  0.46063866278274751       0.70741993002511638     
           5
  0.48996061900235777       0.76723830006051552     
  0.48084906777824848       0.76737767558149339     
  0.46639925505766261       0.74245911930701336     
  0.47708041643021365       0.74552163222666123     
  0.49270381348285608       0.74319779920198814     
           8
  0.63396480158972812       0.63702264487264548     
  0.62752742279759210       0.64066861739638636     
  0.61949614843542189       0.63923205962949625     
  0.61222148500478213       0.63432722702634059     
  0.61321196125432598       0.62359956006250938     
  0.62132289760311532       0.62005121380133532     
  0.63133980030377623       0.61611397219913400     
  0.63102998639515462       0.62826401682188115     
           3
  0.72081218274111680       0.29340101522842638     
  0.71045649562148794       0.29137068506603381     
  0.72177859286236667       0.28447838274357135     
           5
  0.46046720034520167        2.7669297265832529E-002
  0.45049259018655119        2.3606362154555291E-002
  0.43776005324930178        1.4746737724888149E-002
  0.45359146962055569        8.3068886230557391E-003
  0.46054216489554506        6.2398800367689904E-003
           8
  0.16508778783166736       0.36969225503013714     
  0.14645947878588464       0.37274123391430047     
  0.14275867958784602       0.36618090640972528     
  0.13489132228911249       0.36946530926869564     
  0.14240302027698809       0.35787085507188798     
  0.13899979618233313       0.35223142730791407     
  0.15856882088545093       0.34595003505905259     
  0.15923343672071991       0.35895263448823195     
           8
  0.38690369926196150       0.12783314199557147     
  0.38123594306611630       0.12792934530945746     
  0.37559228938788897       0.12683212337224337     
  0.36802996754412176       0.13141295845149431     
  0.36184136903922387       0.12845423346665294     
  0.36148865594058249       0.10715587256745904     
  0.38495759468525531       0.10992452453649783     
  0.39057731013636199       0.11497640211185657     
           4
  0.41948143760442896       0.12020682302603246     
  0.40471782997590983       0.10303495422997647     
  0.41529422111976716        9.5372585483843086E-002
  0.43397848467977629        9.5171652922930491E-002
           6
  0.71269129785471452       0.64235359732298869     
  0.70978350375354582       0.65020139812941957     
  0.70166653039478954       0.64604366530558377     
  0.69319338721526724       0.62499574111847556     
  0.70005506262519046       0.62689901921269364     
  0.71897600095948988       0.63540457702811171     
           5
  0.72511447848648902        4.5763334274344279E-002
  0.70545020128491143        4.5021091186407902E-002
  0.69912719293895076        3.3226905732911670E-002
  0.70351688365779430        2.3254191471172907E-002
  0.72527558466744024        3.4494442108600906E-002
           3
  0.82191777328656135       0.95325578440794134     
  0.81128724891139536       0.95742775968544092     
  0.81015228426395935       0.94619289340101520     
           3
  0.28925648958704797       0.18474313491549796     
  0.29847715736040609       0.17461928934010151     
  0.31052782416825664       0.16175724904594679     
           5
  0.72319289836987588       0.60625099850786757     
  0.70693089225000161       0.59513089450504830     
  0.70590743977310133       0.58292214371690487     
  0.71460456458692234       0.58685884929752830     
  0.73343743922714055       0.58415241039526755     
           8
  0.72398325196852842       0.37700782327636218     
  0.72016989551568145       0.38510931191011666     
  0.70792722929816831       0.39006014956355134     
  0.70190755306297448       0.38218693951226840     
  0.69676946603933432       0.37742791441251694     
  0.69711312862203201       0.37162485041721932     
  0.70294795351122641       0.36671375338203993     
  0.71221533620025623       0.36041128079521412     
           4
  0.64382747770609383       0.28665501688618689     
  0.62319431463714403       0.28447820420978892     
  0.61501546999231027       0.27178718798830126     
  0.61730384483741163       0.26049211496975444     
           5
  0.63879474377203305       0.15831850436115141     
  0.62701099209672440       0.15684171460348867     
  0.63060862582723853       0.14839573227125952     
  0.64343652071506419       0.13479867661676834     
  0.65388758651540502       0.14597340109031948     
           5
  0.91767414043955142       0.91793741429261400     
  0.90732545345082782       0.90854767382175350     
  0.91256709934271196       0.90367224550655012     
  0.92079649891972448       0.89096583086023340     
  0.93610764646330880       0.89110955506582823     
           4
  0.77164979319423932        1.0153707699671299     
  0.75203202897694144        1.0150560251024063     
  0.75872070599846808       0.98461911054283513     
  0.76696137154637822        1.0049966230594900     
           4
  0.78192754157083788       0.97530837222065048     
  0.78274111675126901       0.96040609137055832     
  0.78664514868550528       0.94490762431704289     
  0.79624279701241019       0.95766082924333740     
           6
  0.26194312421597565       0.19041422437546707     
  0.25015388178314185       0.19041222031955315     
  0.24144219575803810       0.19176642985050527     
  0.23785044497785723       0.17407656186310680     
  0.24744520687688099       0.16957022253361567     
  0.26083208327806956       0.17498071916647734     
           3
  0.28264159155390745       0.41560563568920927     
  0.26903553299492383       0.41421319796954315     
  0.26912980709163897       0.40479284904598789     
           5
  0.83492270658360157       0.71961607517589499     
  0.82505994764829671       0.72027770227464649     
  0.80529530216716705       0.72028883846056280     
  0.80747403066373746       0.71007388510084113     
  0.82705402254705418       0.70060199559754410     
           7
  0.89447741410530135       0.91042193048134512     
  0.86973280699098454       0.90681230178360173     
  0.86520838220147533       0.90250022863958168     
  0.86685129605125566       0.88761145976885225     
  0.87227705371266828       0.88309027679511887     
  0.88523059516111169       0.88730747288281286     
  0.89426966489313231       0.88782497639390590     
           6
  0.72522821830227513        6.9185267110486365E-002
  0.72078930170301747        6.4387486960825274E-002
  0.72289706335557102        4.9033453630671360E-002
  0.73793108994084788        4.8249953821093192E-002
  0.74345539181924336        4.3571021117337724E-002
  0.74932071032868697        5.1123813326395165E-002
           7
  0.71079518204479386       0.89981783636114643     
  0.70163551012094638       0.90376148909111187     
  0.68808641013348559       0.89083965339468441     
  0.68932755648396316       0.87401673856071216     
  0.70345437760884511       0.87712384752387496     
  0.71344166018380339       0.87540353951921224     
  0.71147120526390772       0.88577579207257418     
           8
  0.56251759547729863       0.16154817764322005     
  0.55121172050045175       0.15981422926321412     
  0.54639357690093804       0.15688868091714170     
  0.54045455832059430       0.16076476279492480     
  0.54172365426992564       0.14490101875739259     
  0.55818899685439083       0.13570567744412421     
  0.56596750033948628       0.13918238762017887     
  0.56746294785974516       0.14603894989768287     
           8
  0.11837326400340302       0.30915771337389447     
  0.12412538272196377       0.32057321791949167     
  0.11155335225950830       0.32161808908051359     
  0.10007473118765313       0.32303689216590559     
   9.6644963284662669E-002  0.30881276570449490     
   9.5562068034737838E-002  0.29763410125695872     
  0.10908594831755700       0.29297279989676500     
  0.11477068001931154       0.29691008211680481     
           5
  0.41768607188077234       0.24130640018736976     
  0.40404657332113703       0.24043556994411458     
  0.39404949336263678       0.23375449847093660     
  0.40784588805190219       0.21510340227934061     
  0.41777570906130601       0.21645868542518881     
           7
  0.84223364158870340       0.90684647669137131     
  0.83539625475840606       0.90687691751279642     
  0.82450855528673228       0.90157262747531253     
  0.82316377852473122       0.89557491867982375     
  0.82430061465699656       0.87575851834484053     
  0.83699215812451344       0.88319917812005733     
  0.84766822614237469       0.89441562619481818     
           8
  0.35395499826922922       0.12087893409981273     
  0.35513070348987852       0.12928231937994525     
  0.34164388268415102       0.13174926936552483     
  0.33390240373403673       0.12549093576602138     
  0.32589931935963279       0.12905376524815362     
  0.34124453385997255       0.10796049793163502     
  0.34798117506212167       0.10234133852723915     
  0.35226225954598173       0.11092993231674983     
           3
  0.70586332505497784       0.22112173986133082     
  0.69340101522842634       0.22233502538071065     
  0.69765479160813193       0.20949341450583220     
           6
  0.44486103174614383        3.1313856982011182E-002
  0.43030485757012338        3.1431969493900466E-002
  0.41969098502428331        3.4197397969577860E-002
  0.42758133676388216        1.1096123879387338E-002
  0.44175819190553339        1.1303425829633115E-002
  0.44538468051352481        1.9031632118815894E-002
           6
  0.42370843341569114        7.8428898283229770E-002
  0.41581148733873752        8.4457091879759527E-002
  0.39870910509861118        7.5332947292047106E-002
  0.40411969350362942        6.5883265238985633E-002
  0.42679375229837380        5.3985782684733669E-002
  0.42511882060430084        6.2045677953407409E-002
           4
  0.71701691493157349       0.76814554603020657     
  0.70988182079708839       0.76503318819740551     
  0.70152284263959386       0.75634517766497467     
  0.71577688755815705       0.74126981004356340     
           7
  0.63556001356544534        6.1261203707433036E-002
  0.63440676004052854        5.5171678892179075E-002
  0.62763485489968518        6.1910154373207779E-002
  0.62529312064330500        5.1467778025187989E-002
  0.62522394735845732        4.5220397867710857E-002
  0.64043214048428154        3.3904925627671570E-002
  0.64687900350530292        3.3397142266559675E-002
           8
   2.0666488560137586E-002  0.55295241098745496     
   1.7639761658845295E-002  0.56206618524870877     
   1.2704433845353936E-003  0.56000435192223352     
  -8.4008118149045876E-003  0.56024640600603526     
  -3.0422139083258835E-003  0.55206659267450842     
  -5.5105550002966328E-003  0.53892327225663472     
   1.3902239321537852E-002  0.53210038976391449     
   1.6896656165861907E-002  0.54249917260573666     
           6
  0.67432992625428001       0.93661536595671202     
  0.65477775559649132       0.94488885576799830     
  0.65040451085268358       0.94999523017053644     
  0.65379537501624274       0.93541719086344732     
  0.64822020553126569       0.92898578660461018     
  0.67685434726496074       0.92346175671001329     
           6
  0.53473495401250359       0.27742248854232954     
  0.52848513490736582       0.27686655703424068     
  0.51352532290501329       0.27486858634485806     
  0.50583065031610619       0.27396853698791640     
  0.52892087718377934       0.25601444818619112     
  0.53478799925040521       0.26262697681692898     
           7
  0.65351430423207679       0.77624485552881439     
  0.64660266968133517       0.77849982455215883     
  0.63497302326375082       0.77310022252294275     
  0.63893341537478565       0.76726775878027531     
  0.63458483194585169       0.74931976426971070     
  0.66149211694709775       0.75422568565214354     
  0.66246689705804662       0.76096685960713617     
           4
  0.12866177332631895       0.11935710245625050     
  0.11370558375634518       0.11573604060913706     
  0.10052090278656454       0.10208541695953660     
  0.12398418125863447       0.10347981471994282     
           6
  0.49607753212576894        5.0339743069767226E-002
  0.49114270720012904        5.5268042508999506E-002
  0.47636331777318086        5.4125329800680050E-002
  0.47385053120457316        4.4050462970575945E-002
  0.47660936797701575        3.2888769677557612E-002
  0.48847513095376044        3.7612940393329422E-002
           8
  0.46071983332330807       0.23142034534636061     
  0.44322947302712573       0.23335268344468890     
  0.43413259200283094       0.23003291410553756     
  0.43338078168940136       0.22042722993733227     
  0.45130573894373677       0.20964606813061923     
  0.45733071674552089       0.21286476043731700     
  0.45620423973378954       0.21927100473218847     
  0.46179958865860532       0.22107911379025538     
           6
  0.80561220592118499       0.26994333801208692     
  0.77654690973303508       0.27966905298638933     
  0.78273280416100677       0.26843300621519423     
  0.77681181198400306       0.26275235760309035     
  0.79618762704570234       0.25947203287114684     
  0.79250993359101141       0.26621814409830807     
           8
  0.44657659530907312       0.12014426100324321     
  0.44712954068565813       0.13146040989193775     
  0.43057998957989846       0.13173234522859173     
  0.41908084062216200       0.13191811087616687     
  0.42285437447886637       0.11082388086885261     
  0.43428266556656442       0.10733056090751891     
  0.44159248984139204       0.10938336806546846     
  0.44262113297533523       0.11507354434760696     
           5
  0.36381700402450468       0.11544717637039029     
  0.34383109859531269       0.11580761345090557     
  0.35653951374657517        9.4284170510169879E-002
  0.37060285735434234        9.3114720174678686E-002
  0.36813574249613956       0.10058071069506269     
           8
  0.91160930489577385       0.98346036981015206     
  0.90501034173532213       0.99033833946398109     
  0.88856495239110322       0.99110864902710960     
  0.88965964189122848       0.98174473259494954     
  0.88717676632210940       0.97434164788578137     
  0.88469556810526595       0.96387717373094939     
  0.89086742513344097       0.96673574171885357     
  0.91393147426268440       0.97760214027048598     
           7
  0.41929992623458956        4.4122521585757017E-002
  0.40080694721091747        4.0219794667935092E-002
  0.39980986260933649        3.3638836372163146E-002
  0.39630779181049997        2.3073255991260942E-002
  0.42049772045739608        1.7491327267199624E-002
  0.42427658725727962        2.3522574987544599E-002
  0.41799928767404082        2.9891985175387360E-002
           7
  0.64089297800377698       0.23958292173981707     
  0.64095675346750802       0.24886706981639325     
  0.63316523163775695       0.24535958501333852     
  0.61744113070995033       0.24279644185741769     
  0.61587078882918489       0.22729632825419091     
  0.62324157708857897       0.22263340231143919     
  0.63522666805620387       0.23273357062032823     
           4
  0.37563451776649748       0.17157360406091371     
  0.36016132953251417       0.16699248559464719     
  0.37194102530345419       0.16280698891379614     
  0.38730395664710510       0.15820686484367133     
           3
  0.40913705583756343       0.39187817258883251     
  0.39388132280551652       0.38550668337370475     
  0.41236243589017696       0.37749446817908189     
           5
  0.41353046366931767        6.3015081194925299E-002
  0.39966251632813515        6.6681424037605005E-002
  0.38537756313290478        6.2323785857761056E-002
  0.38393604416846938        5.5517636168086963E-002
  0.38824187437546648        4.2470510725145030E-002
           8
  0.79603709882037954       0.98885062864262196     
  0.78787795718895093       0.99478166729486328     
  0.77579664266400994       0.99258992659506606     
  0.76606967942247228       0.99412639142311521     
  0.77204911339237037       0.98195348064550969     
  0.76624674876319332       0.96987648322485276     
  0.78844536635804041       0.96791693452201544     
  0.79303161129386213       0.97990278503303141     
           3
  0.83672835741654250       0.70763046045014788     
  0.81537713253891575       0.70051139841369869     
  0.82855258240918062       0.68402554293309548     
           7
  0.99577616214117226        2.5333330874089382E-002
  0.97194190989053086        3.9512465198933325E-002
  0.97401787953455543        2.1125179946780263E-002
  0.96874756855280797        1.3016180069081616E-002
  0.97854177972670842        1.6620345325560129E-002
  0.98928039250671596        1.6436539943474056E-002
  0.99835259229287621        1.1223178809461562E-002
           4
  0.66377471162044688        9.4586935782463161E-002
  0.64210766511972017        9.2404208560845857E-002
  0.64747643947570876        6.7744085604462587E-002
  0.66761367361101753        7.9300631671857247E-002
           3
  0.34452573305242729       0.13551564521534448     
  0.33583162806064976       0.11982779043280033     
  0.34416243654822337       0.12385786802030457     
           8
  0.43150267326064584        2.4425875509448920E-002
  0.43280482013864646        3.2754054191266604E-002
  0.41882880584396387        3.2792759833235929E-002
  0.40456079124785738        3.1848314844192135E-002
  0.41068456272214865        7.8492072740552268E-003
  0.41878669927664253        1.2665964002144059E-002
  0.42591395434295265        9.0376995898250462E-003
  0.42737797151498430        1.8939434637370387E-002
           5
  0.47355499930932138       0.21274136326050383     
  0.46559059180531154       0.21004072145955135     
  0.45709233125889026       0.20438229979890254     
  0.45340455909373706       0.19799877000052535     
  0.46598984771573604       0.20101522842639594     
           4
  0.66218108216262228       0.40668026768920923     
  0.64646458633201664       0.40692539662051008     
  0.64478957498856004       0.38239397555647109     
  0.66025536222515335       0.38759714132198025     
           7
  0.75547412883260090       0.20879318775994193     
  0.75796996705147490       0.21529098290165358     
  0.75218498665339240       0.21411691520131154     
  0.74049814442530448       0.21625944946370140     
  0.73392244990159528       0.20792895799547034     
  0.72924725441735527       0.20107839906649994     
  0.75635477146369456       0.19599819492207299     
           6
  0.36408346547437215       0.17252942669301319     
  0.35067255144805631       0.16940300340194445     
  0.34583255249719008       0.17418635458478623     
  0.34292386048129114       0.16694290252114319     
  0.35058019022367626       0.14846771323750477     
  0.36442277761152186       0.15611372265805065     
           4
  0.36426324081242673       0.24761728786812856     
  0.35323540348217947       0.23096469448724929     
  0.37182417287413927       0.21967838579697418     
  0.38065529392853298       0.22549916841106710     
           3
  0.73705583756345172       0.76040609137055837     
  0.72362995574643263       0.75573721673279870     
  0.74268181186462479       0.74563987930242170     
           7
  0.50016094281769752       0.25851686290753784     
  0.50107808055477088       0.26529478255917999     
  0.47831903304442275       0.25515613338170545     
  0.47284452517226566       0.25290140208404721     
  0.48517400846113057       0.23821057293372494     
  0.49762166768450733       0.24078577913650526     
  0.50210737434544550       0.25066789738349915     
           4
  0.85297145151454068        1.0127975890981802     
  0.84183070088669865        1.0048228007457851     
  0.83518192612525144       0.98708607017836536     
  0.86078053912591790       0.99900667426613154     
           7
  0.39911761164390130       0.14072517016115110     
  0.38210539710479641       0.14692241779159457     
  0.37431806239060389       0.15128248589614690     
  0.38127718652923115       0.13461614275845776     
  0.38022578831006154       0.12151303878859382     
  0.38990300347509843       0.12768217906405005     
  0.40192063474505940       0.12213952416599499     
           5
  0.41962002085137573       0.20881160176639124     
  0.42132649451632753       0.19958257563294959     
  0.42134433826309658       0.18695593615309039     
  0.43925521281368302       0.18950796557860358     
  0.44652434210386083       0.19515844686660844     
           7
  0.75165635951696352       0.58800002443474897     
  0.75636335422809442       0.59800515429289136     
  0.74220139141096841       0.59807195749557873     
  0.72777843063253833       0.58691690503722571     
  0.73429772560672957       0.58491964203836477     
  0.73994062234657954       0.57329500066696315     
  0.75049550742920956       0.57921205058513747     
           4
  0.75885648034519204       0.14943457735900770     
  0.74653729231764410       0.14964196860737475     
  0.75287867891842430       0.12654034224366345     
  0.76065878946408660       0.12577427022275423     
           3
  0.45433994585670279       0.11875940096424883     
  0.44873096446700506       0.10659898477157360     
  0.46068896431792472        9.8915856474434294E-002
           5
  0.43780409132145459        2.6164663138282925E-002
  0.42251937590534161        3.2728617345761227E-002
  0.41525608973352868        3.1525478988404035E-002
  0.41267800843977009        1.7884886541336270E-002
  0.44245754901467838        1.1447309025952887E-002
           8
  0.33264231301671049       0.17935410047703385     
  0.32378994458331006       0.19146040860889607     
  0.31167888866127713       0.18944739326717938     
  0.30890954924514669       0.18035439981098061     
  0.30472147613303791       0.17237547391105185     
  0.31193052190415405       0.16828702289489469     
  0.32050657259663762       0.16875316543310753     
  0.33453664613442030       0.17096133343625045     
           8
  0.69774337465740499       0.53815436827846264     
  0.68491166634977663       0.55016457559426613     
  0.67688941454695117       0.54410692702116670     
  0.67268075680623374       0.53394128866534274     
  0.67345026747425674       0.52851034105999140     
  0.68998308828011190       0.52832609751170001     
  0.70031242566409679       0.52503352256484992     
  0.69911711087581097       0.53083127458805568     
           4
  0.74089637524990903       0.12283268053982620     
  0.73259357178768147       0.12069331294075150     
  0.72475805970378915        9.6652557067397019E-002
  0.74378804153698197        9.3945901366878040E-002
           4
  0.68610210217066037       0.48820733298697144     
  0.67374225936881293       0.49268821372188282     
  0.66495125072196781       0.47347838363875133     
  0.69282283321560767       0.46520735463395529     
           7
  0.40895269841005943        9.4945456164160003E-002
  0.40164484397669287        9.4747125298771537E-002
  0.39691030348748202        9.0569840392237172E-002
  0.38969548296869427        9.1360054719073214E-002
  0.39132471573797406        6.5301909875287972E-002
  0.41206252900124590        7.6186186533673858E-002
  0.41096020154290952        8.2189535882248893E-002
           7
  0.73941814181381982       0.74044446888628279     
  0.74117967311154143       0.75024225157754598     
  0.72438300984412296       0.75390242189133683     
  0.71604353960697198       0.72930490186603580     
  0.72693622794172696       0.72469906628167102     
  0.73492457665625299       0.72349519437284671     
  0.73829278252757868       0.73438367635278035     
           8
  0.61200517400597443       0.33480817518475281     
  0.60752962266327393       0.33934324484587353     
  0.60238263592341834       0.34126993502722230     
  0.58771591952157765       0.32741115759601652     
  0.58939998222506051       0.31655289176599627     
  0.60199057073193629       0.31488658175023010     
  0.61420188652711549       0.31432423135754889     
  0.61384932662947200       0.32685336877141352     
           6
  0.55844666697868239       0.29873137553881834     
  0.56087395210969959       0.30940544134901549     
  0.55244147977115310       0.31560670944691022     
  0.53983268402350981       0.29253776616647820     
  0.53811223924835427       0.28572288710519583     
  0.55543933641228982       0.29006020988968462     
           4
  0.62268768523947138        5.8044777626168553E-002
  0.60747660556934080        5.2098748852241951E-002
  0.60397053173772530        3.6759494841412464E-002
  0.63061751540779598        4.2151823134073431E-002
           5
  0.74891757310035556       0.28785221559353458     
  0.74937933693080538       0.29805992657873681     
  0.72968853073599782       0.28898198227179506     
  0.73128704118229448       0.27786879047620749     
  0.74639327849832571       0.27187772589171449     
           6
  0.46918889297840305       0.10532782293099369     
  0.45410498153157952       0.11151798157710652     
  0.44868111323271481       0.11654103175133293     
  0.44155620566207798        9.7118357660580815E-002
  0.44089939182811383        9.0233397590898198E-002
  0.46522572788128219        9.5807358669714612E-002
           8
  0.41019442530565431       0.11322159689508442     
  0.40064386345896541       0.11053463639292968     
  0.39846113187140347       0.11597493774363393     
  0.39136676449109209       0.10979885616920147     
  0.38518144236569846        9.9400943227297964E-002
  0.39767870216941253        9.1791576307023198E-002
  0.40585860842279464        9.1072398257277171E-002
  0.41188215022172348       0.10140883971720797     
           6
  0.24154156136262817       0.28695598975628095     
  0.23506505076866541       0.28921940097394766     
  0.21657849506829610       0.29951552137783494     
  0.21212766855041101       0.28206363371315585     
  0.22041303191200579       0.27236107226018874     
  0.23322908861367461       0.27856816586713828     
