   999.00000000000000     
   106.00000000000000     
         138
           8
   10.000000000000000     
   10.000000000000000     
   5.0000000000000000     
   9.0000000000000000     
   8.0000000000000000     
   5.0000000000000000     
   5.0000000000000000     
   8.0000000000000000     
   6.0000000000000000     
   8.0000000000000000     
   10.000000000000000     
   9.0000000000000000     
   9.0000000000000000     
   8.0000000000000000     
   9.0000000000000000     
   5.0000000000000000     
   10.000000000000000     
   7.0000000000000000     
   6.0000000000000000     
   9.0000000000000000     
   10.000000000000000     
   6.0000000000000000     
   10.000000000000000     
   5.0000000000000000     
   8.0000000000000000     
   6.0000000000000000     
   8.0000000000000000     
   5.0000000000000000     
   6.0000000000000000     
   5.0000000000000000     
   7.0000000000000000     
   10.000000000000000     
   9.0000000000000000     
   7.0000000000000000     
   5.0000000000000000     
   9.0000000000000000     
   6.0000000000000000     
   8.0000000000000000     
   9.0000000000000000     
   5.0000000000000000     
   9.0000000000000000     
   9.0000000000000000     
   5.0000000000000000     
   5.0000000000000000     
   6.0000000000000000     
   7.0000000000000000     
   6.0000000000000000     
   9.0000000000000000     
   5.0000000000000000     
   8.0000000000000000     
   9.0000000000000000     
   8.0000000000000000     
   8.0000000000000000     
   7.0000000000000000     
   9.0000000000000000     
   9.0000000000000000     
   7.0000000000000000     
   10.000000000000000     
   6.0000000000000000     
   8.0000000000000000     
   9.0000000000000000     
   9.0000000000000000     
   5.0000000000000000     
   6.0000000000000000     
   10.000000000000000     
   10.000000000000000     
   8.0000000000000000     
   5.0000000000000000     
   7.0000000000000000     
   5.0000000000000000     
   9.0000000000000000     
   5.0000000000000000     
   5.0000000000000000     
   9.0000000000000000     
   10.000000000000000     
   9.0000000000000000     
   6.0000000000000000     
   10.000000000000000     
   8.0000000000000000     
   10.000000000000000     
   8.0000000000000000     
   8.0000000000000000     
   6.0000000000000000     
   9.0000000000000000     
   5.0000000000000000     
   6.0000000000000000     
   7.0000000000000000     
   8.0000000000000000     
   9.0000000000000000     
   7.0000000000000000     
   7.0000000000000000     
   5.0000000000000000     
   8.0000000000000000     
   8.0000000000000000     
   9.0000000000000000     
   6.0000000000000000     
   9.0000000000000000     
   10.000000000000000     
   7.0000000000000000     
   5.0000000000000000     
   9.0000000000000000     
   5.0000000000000000     
   10.000000000000000     
   8.0000000000000000     
   8.0000000000000000     
   9.0000000000000000     
   5.0000000000000000     
   6.0000000000000000     
   8.0000000000000000     
   10.000000000000000     
   9.0000000000000000     
   9.0000000000000000     
   5.0000000000000000     
   8.0000000000000000     
   5.0000000000000000     
   10.000000000000000     
   6.0000000000000000     
   9.0000000000000000     
   9.0000000000000000     
   5.0000000000000000     
   10.000000000000000     
   6.0000000000000000     
   8.0000000000000000     
   10.000000000000000     
   8.0000000000000000     
   5.0000000000000000     
   7.0000000000000000     
   8.0000000000000000     
   8.0000000000000000     
   7.0000000000000000     
   9.0000000000000000     
   5.0000000000000000     
   5.0000000000000000     
   8.0000000000000000     
   8.0000000000000000     
   6.0000000000000000     
   6.0000000000000000     
   10.000000000000000     
           1
  0.50050050050050054       0.50050050050050054     
           8
  0.65399245660912475        9.2773905276774538E-003
  0.65928867681742598        1.9641507948860486E-002
  0.65079272929901211        1.5320120336128160E-002
  0.64450632092778792        1.7702503046668344E-002
  0.63296998346457078        5.0833536259385689E-003
  0.64185990236387203       -6.0089713305137970E-003
  0.64526141932207570       -1.6306177636503903E-003
  0.65705775968404989       -1.9951053490365484E-003
           4
  0.73017595982664940       0.87236752677295271     
  0.71097871593796513       0.86483509836322114     
  0.71527535747026005       0.85534371556660060     
  0.73119598097270688       0.86012656202041926     
           5
  0.50779409982556345       0.51431070681059210     
  0.50443279150333820       0.49698495641219215     
  0.49946096052726713       0.49137130782223509     
  0.50747750274168224       0.48399243397811503     
  0.52276517474231021       0.49482939779825857     
           6
  0.21878093474217367       0.76922467261836502     
  0.21501684309896607       0.77574079891328718     
  0.20809732522919727       0.78152184802254265     
  0.19419536655748812       0.76863913781738846     
  0.20531857222033301       0.75639762386660414     
  0.22158135990735972       0.75161368069275725     
           7
  0.99121564701381615       0.89047354763595254     
  0.99116015804771362       0.89705314215438436     
  0.96746109317770068       0.89423080524289822     
  0.96294154169244595       0.88269911159763204     
  0.96272688111327354       0.87509890735962348     
  0.98869283352473447       0.87799074083213313     
  0.98736706772222116       0.88577973918870023     
           3
   1.0064971091326598       0.87185938046879119     
  0.98969792027337888       0.87750224047827396     
  0.97668002360598460       0.85265771324033257     
           3
  0.58223218030546375       0.54234060332811307     
  0.58298169405926137       0.52306469457828475     
  0.59659659659659658       0.53253253253253252     
           3
  0.77607606647351646       0.63865812196963367     
  0.75467228746008830       0.64360444022107055     
  0.77010871584158147       0.61879674817471852     
           6
  0.27905878662095357       0.82528872743344961     
  0.27214678426677247       0.83215869398468412     
  0.26042281388366650       0.82790797426337825     
  0.25799513152344539       0.81768354895178597     
  0.28057386148189822       0.80599607159924813     
  0.27954626787845466       0.81619109810527368     
           3
  0.22331509727601959       0.56268144704122824     
  0.22173621652057846       0.54268934665639890     
  0.23283826540431518       0.55053890535616001     
           4
  0.88063584372716308       0.19412291513516841     
  0.87597052273972165       0.20582417078474036     
  0.86464591099142152       0.18278505032179840     
  0.88733350043142667       0.18494576033164864     
           7
  0.83393827831313549       0.82479141213159568     
  0.83902934917604188       0.83088019011342851     
  0.82516174193433112       0.83183237520935327     
  0.81660441847549048       0.82906646942768802     
  0.81340370452407962       0.81852671893646967     
  0.81018976472478710       0.80484276091920370     
  0.83690087213095921       0.80911928645650466     
           6
  0.14108386858690053       0.53180457391767988     
  0.12546161204604925       0.53270112938405811     
  0.11557998611310662       0.53101229430760277     
  0.11319894045605271       0.52195873262492998     
  0.13071294664997316       0.50871292401892321     
  0.13711845842848416       0.50451185893067407     
           8
  0.81660524930321488       0.28088562016700913     
  0.79449952554812420       0.29064193936043864     
  0.78886475572030434       0.28798243002869822     
  0.78970425464465221       0.27839504623196620     
  0.79227776575218778       0.26638225510832225     
  0.80465915447532099       0.26881385984877904     
  0.81226992039645729       0.26628006557268830     
  0.81721939913637209       0.27189274020423615     
           8
  0.80151029483585123       0.65031382222628109     
  0.79334017562023118       0.64362327415011600     
  0.79054088519458443       0.64899974525127935     
  0.77405174623488537       0.63753452809417621     
  0.77643191336133643       0.63182262593554794     
  0.78419880964079980       0.62366035021211041     
  0.80056841431027981       0.62970240030517732     
  0.80102143993400010       0.63632461096348614     
           5
  0.45056419044938706       0.67661236042168149     
  0.43489388691184261       0.68394133722920603     
  0.42143730396795437       0.67433339034377471     
  0.41998948113196982       0.66560556405808913     
  0.42778262670578127       0.66032994280044932     
           8
  0.98610824777681105       0.21102789983616949     
  0.99164252028711020       0.21515775964294825     
  0.97701115814200845       0.21517747009163202     
  0.96441214124776242       0.21788151989280974     
  0.96599303894701005       0.20916021831209605     
  0.96695923433479181       0.20014629376275969     
  0.97101567525862365       0.19208867008177430     
  0.97915576718050235       0.19500790441122168     
           5
  0.56867734247514934        5.5112949945729794E-002
  0.55810103091768115        5.5013744489791905E-002
  0.55292896442850004        3.3793270892469654E-002
  0.56261685392512195        3.5186999778098631E-002
  0.57326434213280297        4.1920811477492582E-002
           8
  0.88156088737766258       0.77624169352890926     
  0.87748948322508846       0.78326103782052525     
  0.87215321043865601       0.78846718146858497     
  0.85819228885549315       0.78638964278359924     
  0.85719111901630096       0.77109755116059564     
  0.85771037029854202       0.76375522721595179     
  0.86599182670742125       0.76332468679463028     
  0.88069619268428201       0.76934293457456193     
           3
  0.34578602647100570       0.47069212576009001     
  0.33303214572881557       0.46900480875256134     
  0.35944343984296756       0.44329345692683048     
           4
  0.57443451684679558       0.11283667609766604     
  0.55763720224153046       0.11867403509123897     
  0.56960753230641659        9.9782187895932142E-002
  0.58030881038125515       0.10268573736940764     
           3
  0.30017421045607517       0.97925193785136133     
  0.29529529529529530       0.96996996996996998     
  0.29700813208968907       0.95601678792949629     
           5
  0.21626389468806320       0.80409354993383220     
  0.21923062699088910       0.79536476517160870     
  0.21829847208365399       0.78168136932704357     
  0.22650893151658164       0.77763600797097487     
  0.23925925994191313       0.78223171205572750     
           5
  0.52692617791709129       0.80371212153256655     
  0.52244927811295883       0.82029329078596080     
  0.50182594260022495       0.79359645595962225     
  0.50897689775610311       0.79562693023651965     
  0.52438120962215917       0.79454655192131918     
           8
  0.49508947836361572        1.0051734426574024     
  0.49633045256574598        1.0123720766271631     
  0.48947390725177431        1.0121258701750917     
  0.47847660798126712        1.0116621184571832     
  0.46778445055095802        1.0055188002913935     
  0.46833103761379596       0.98801761693562229     
  0.49274323783411467       0.98627398281307155     
  0.49619892674973048       0.99324386506202955     
           7
  0.25143449742651364       0.84197259126064916     
  0.24163517950729960       0.84616665947600367     
  0.22586755669266445       0.84576713574496998     
  0.23219618922960436       0.83300627623580259     
  0.22778882709654943       0.82867572940506440     
  0.23844108867716390       0.82171735521600431     
  0.24972927061982655       0.82729640927267856     
           6
   5.6433603031636172E-002  0.64210133780786816     
   4.7308684528836117E-002  0.64812244753273229     
   3.2143190632246438E-002  0.62453105311613610     
   4.1167934312779889E-002  0.62540047160255852     
   4.9886973980414473E-002  0.62250101995595031     
   6.1787775937412893E-002  0.62468161737723127     
           5
  0.58932188849817191       0.25340875992845407     
  0.57898012695765355       0.25082456857464530     
  0.58487864851297888       0.24089482915459931     
  0.58530097744882170       0.23249521882032445     
  0.60752905344255914       0.24421723765668166     
           6
  0.64828954661663929       0.63865094730465244     
  0.62986404409030161       0.64105505616854996     
  0.62962524454746938       0.63473043708082022     
  0.62109592896029786       0.63310150654014985     
  0.62558441397128084       0.62339637926255165     
  0.64759356608372187       0.61847705158388144     
           6
  0.61063701397070347       0.54939171443569335     
  0.58634862329671511       0.53449448030475721     
  0.58809889608072452       0.52360619664653962     
  0.59588302003858706       0.52323471743635086     
  0.60457253308045833       0.52497867874828241     
  0.60987772128670170       0.52953749628303426     
           5
   9.6824906058300311E-002  0.52426498386493803     
   7.8617279165191747E-002  0.52569253397749194     
   7.7388736570529221E-002  0.50828930889774804     
   8.1249662829530264E-002  0.50135598071758380     
   9.5462101554851825E-002  0.50436021254755758     
           6
  0.45890844887781651       0.70244488350396017     
  0.44331081625348306       0.71021645650399579     
  0.42916006163363563       0.71083607279352679     
  0.43502852108287604       0.69654992856654430     
  0.43900451957306524       0.68265811783879793     
  0.45927419536385206       0.68224668706167113     
           3
  0.76881397457773337       0.28936917239183629     
  0.76376376376376376       0.28128128128128127     
  0.77662386666737460       0.28379744834527515     
           6
   3.1947596152404820E-003  0.66111045436323235     
   3.5239127446822661E-003  0.65200947885158955     
  -3.0089416248576008E-003  0.64477761820541690     
   4.6797129063021218E-003  0.63646198566739054     
   1.7865712725047042E-002  0.63776214598524350     
   2.4506431129708767E-002  0.64211172583803289     
           5
  0.19792957296094091       0.42248413471989743     
  0.18795145473358432       0.42696589695416914     
  0.17692824723639769       0.42934781507736397     
  0.17870646274284513       0.41850154353278868     
  0.17809694882634466       0.41149200996606772     
           5
  0.64326183803029580       0.98209426421890345     
  0.63078047163821915       0.98986674359358551     
  0.61529967995412815       0.98910043886095644     
  0.61967010382889787       0.96742535563454246     
  0.62874848284943519       0.96186737402305333     
           4
  0.94664250079475865       0.27355796840549651     
  0.93493493493493496       0.26326326326326327     
  0.92937434333712676       0.25507374921984471     
  0.94805369971859144       0.26156338009948160     
           4
   9.0499272567301239E-002  0.87055520329288083     
   8.4845635134374722E-002  0.86384873753497293     
   7.7110992141457488E-002  0.85058241155697956     
  0.10367801551392644       0.84380737867514355     
           6
  0.77686792146841155       0.58617026440086573     
  0.76997294052803544       0.59736433843225190     
  0.75746287097956644       0.59231419222001092     
  0.75362079983229735       0.57177841241941074     
  0.76062291580408081       0.57675578042411513     
  0.77141111356603531       0.56913236302961179     
           4
  0.93086837119637955       0.27676829785874546     
  0.92825016539839178       0.28894354479312828     
  0.90906193854815387       0.27643004025181311     
  0.91445168573310187       0.26209155291086039     
           8
   4.8662553219657186E-002  0.39008385504324966     
   4.5772039073745267E-002  0.39626158439439668     
   3.3385488895852362E-002  0.40099967428858940     
   2.6148956529372977E-002  0.40075308140200955     
   2.4770003121994483E-002  0.39118847607397350     
   2.8425356339638892E-002  0.37285875042506228     
   3.7664452390563326E-002  0.37614830815990097     
   5.5418152635443398E-002  0.38426111673836894     
           3
  0.88188188188188188       0.49049049049049048     
  0.86781662864416886       0.48805179023405010     
  0.86840454478147378       0.47643441972274653     
           7
  0.33301168003240389        3.5663434556418988E-002
  0.32345050347239368        3.5120029615860388E-002
  0.31428591392775157        3.1817792563610947E-002
  0.31362929122762939        1.5703139169031648E-002
  0.31272909177771874        6.8916141543903242E-003
  0.33566424405375372        6.1311707241686851E-003
  0.33902146358749241        1.7348829549854294E-002
           5
  0.78275979277193752       0.70175501797416073     
  0.78536242736430162       0.70962931246226779     
  0.76299136987352456       0.70538606891043754     
  0.75758656503791233       0.68579323935691905     
  0.77243624547822631       0.69223679010812456     
           4
  0.29728398414022855       0.49740261505121391     
  0.29982192328650015       0.48234754790596568     
  0.30401217895252247       0.46927594149228519     
  0.30830830830830830       0.48248248248248249     
           4
  0.41020037508186258        4.2931374977248637E-002
  0.38305920891259143        4.2363606119397303E-002
  0.38387016451410461        2.2639919342207569E-002
  0.40559821702475596        2.0498911661076494E-002
           6
  0.95021541779944896        2.2240527086903460E-002
  0.94351714044999291        2.0986498139269137E-002
  0.92650893682145785        2.0000016426751512E-002
  0.93605001661490017       -4.1620517395147792E-003
  0.95006872196528791       -1.4014733689410620E-003
  0.94847865219020910        9.6951910161254956E-003
           4
  0.88417914362563266       0.72631773653832288     
  0.85471406408879935       0.73773614768297935     
  0.86097738614699704       0.72301516105702879     
  0.85737068345662715       0.71374991558586298     
           3
  0.78846369031254215       0.91153226602502468     
  0.77343968290651421       0.88664161071150027     
  0.80254958921539821       0.88528961510546944     
           8
  0.11193916607486645       0.58927646210787299     
  0.10815455856120963       0.59534932462382417     
  0.11156193013050354       0.60420786200297460     
   9.2254892264594088E-002  0.59842726571659155     
   9.1987846368044870E-002  0.58695750360975973     
   8.9718612185987826E-002  0.57875410659256477     
  0.10479328406002182       0.57859200440118119     
  0.11215291106607525       0.58148837944131571     
           6
  0.76162236733151811       0.59172192447523431     
  0.75215645741776649       0.59571454193803941     
  0.73476297536253066       0.59971381250913436     
  0.73303089386492593       0.57197607590931621     
  0.74800544981194816       0.57969435447665807     
  0.75711584512394314       0.58003068297243510     
           5
  0.59836117007656731       0.72496532757755150     
  0.58797525448654209       0.73163014440436225     
  0.57139188513093020       0.73304516440567680     
  0.57394404924517817       0.70662042795984770     
  0.59596855654594461       0.70932704438415795     
           4
  0.85720822090865822        1.0047648344277875     
  0.84832383246329723       0.98358314571739314     
  0.86327546206205308       0.98165134809285126     
  0.87197959159414296       0.97860595442760923     
           6
  0.41014527562462527       0.44234145104671180     
  0.40314146858639333       0.44024841750126309     
  0.39132092810590935       0.44086066067343632     
  0.39352366575500747       0.42716991735427406     
  0.39773647686039326       0.41751452120067373     
  0.41452345781212840       0.42583597689039432     
           8
  0.50266593510866431        7.3110710337764201E-002
  0.48521787569548652        6.7704885520891309E-002
  0.47932640203617261        7.0864260164055753E-002
  0.48037470978589719        6.4444919342376478E-002
  0.48165903359249712        4.8874237390732406E-002
  0.48923450479740810        4.7957824456203932E-002
  0.50010177732564887        5.4488297110386469E-002
  0.50900194913075314        5.9186118686132112E-002
           6
  0.50823342744289568       0.46139476151389192     
  0.51045416289873968       0.46843836183077570     
  0.48831777165557255       0.46366362108422554     
  0.48154452617182963       0.45466368958093284     
  0.49085766812149412       0.45019913703576708     
  0.50507540348367874       0.44830567984307162     
           5
  0.74308326971262617       0.65369583947424303     
  0.72932537536511899       0.65153343010304332     
  0.71338266394083871       0.65119194051695750     
  0.74191195985010538       0.62771440743636397     
  0.74064388251821278       0.63458479545312119     
           8
  0.18653553659283748       0.45065693070168555     
  0.17819067225519458       0.44979741323649686     
  0.16136913907562944       0.45557234135025843     
  0.16537175422660752       0.45074151285946329     
  0.16155104037929563       0.44479090257685000     
  0.16481740650397281       0.43172755179093325     
  0.18475888006127827       0.42509271667235332     
  0.18548613702130390       0.43872602237969294     
           8
  0.98855792543222032       0.52324157116019554     
  0.98136589777526240       0.51963951295836608     
  0.97600849200107220       0.51403050222394420     
  0.97704353997983151       0.50389680860941288     
  0.98187322265178201       0.49968661761396410     
  0.98900362107498341       0.50058705665385317     
  0.99783257705869921       0.49799192203689319     
   1.0018061014233774       0.50512966036869233     
           6
  0.89225261801205036       0.59744400683361787     
  0.87809269819720337       0.60055463206670745     
  0.87930432926727642       0.58417456945138502     
  0.87841522741815625       0.57404389136136769     
  0.88444301111247592       0.57650283207193564     
  0.89533041810607894       0.57706629320839542     
           6
  0.94403789796460169       0.75044726624691183     
  0.93741435841650533       0.75306793434762542     
  0.93200177006273988       0.75918795649537874     
  0.92532559514026047       0.75373635862176935     
  0.91783195661772210       0.75254678074865422     
  0.93686546870956311       0.73186857824161144     
           5
  0.24646829945786458       0.66321019869363662     
  0.24479650426558261       0.67821565959032093     
  0.22083985430738057       0.66640092538016849     
  0.22022794408291138       0.65042273204313628     
  0.24887794304706615       0.65201179382009800     
           3
  0.61644570745513616       0.28167528545325393     
  0.59912315426728002       0.25683858793125336     
  0.60860860860860866       0.26826826826826827     
           5
  0.25392634086583166       0.15677028020643097     
  0.23355486220716795       0.16801576488246106     
  0.22937023398274187       0.15044342916348058     
  0.22375584408521010       0.14594243732237769     
  0.24112185749565299       0.14986897761850976     
           8
  0.84059906045352450       0.71661038315152936     
  0.83036901114075190       0.71320830791295975     
  0.82179683062498610       0.71118855247038981     
  0.81917934186214747       0.70410892089672283     
  0.81935934548489819       0.69273924723730995     
  0.82742285603816157       0.69210503791361599     
  0.83262548936867675       0.69485891339191597     
  0.83860079562702683       0.69190005904374330     
           4
  0.86008090906992096       0.79143521749411749     
  0.84335640101188925       0.76868868543528102     
  0.85608946057587743       0.76480143126259803     
  0.86775721169172126       0.76335757391409376     
           4
  0.84111958841782863       0.45166452442956634     
  0.81979915299788531       0.44859264667617094     
  0.82071273811465739       0.43192836855020700     
  0.82882882882882880       0.43843843843843844     
           7
  0.75801492782900315       0.11249945108899695     
  0.74306537409846463       0.11801427758155955     
  0.73608767926275498       0.11650379618603857     
  0.72928560399782172        9.2553056118829219E-002
  0.73634731725875879        9.7387238606917087E-002
  0.75418623118182204        9.7606276444700282E-002
  0.75722460628205568       0.10334663383110754     
           3
  0.12212212212212212       0.94994994994994997     
  0.12213269117361959       0.93974748279300080     
  0.13389708721588678       0.93469831431487971     
           5
  0.27570049293398236       0.60510164126621291     
  0.26543716444929949       0.60588611241512180     
  0.25717333963238986       0.58958993646876123     
  0.27741664389201887       0.58423741716388733     
  0.28283755016548456       0.59269231837794722     
           6
  0.70051435324772626       0.39543571371917263     
  0.68808717270592767       0.40603321917142193     
  0.67846031047233046       0.39722378735827962     
  0.67287136240645651       0.38203842454978348     
  0.69477439615953729       0.37803486192868280     
  0.70045593508822335       0.38409044301702583     
           3
  0.79079079079079084       0.75375375375375375     
  0.77872166551686661       0.74011112605655049     
  0.79027986949074636       0.74456766106239347     
           3
  0.33445725718605590       0.42895433156494123     
  0.30913727332312368       0.41964326695587534     
  0.32478298568641323       0.40598957182794793     
           4
  0.16444488362425727       0.60064702266728820     
  0.14869552695422811       0.59418570872820586     
  0.14177535972054101       0.58905289846292741     
  0.15215215215215216       0.58558558558558560     
           6
  0.32264972267699726       0.27183905510504691     
  0.29504488020198438       0.27347959241347908     
  0.29354127511902206       0.26640218897558793     
  0.29386101118878183       0.25555913268916181     
  0.29936097190675531       0.24652028756032862     
  0.32199132097572924       0.25713081771275514     
           6
  0.48795185977360389       0.32778826179544207     
  0.48148319233919668       0.33493921907971314     
  0.47463943715026735       0.33051402639368915     
  0.46327161000287276       0.33249981159267722     
  0.46120536382698368       0.32355221388799138     
  0.48729897505617326       0.31188570697813922     
           6
  0.29680641894574256        7.7658816637935113E-002
  0.28619854359897234        7.9270504805548661E-002
  0.27402728275083099        7.0870121660568969E-002
  0.27026921648579638        5.3430425869226014E-002
  0.28918303250040400        5.5915990208882847E-002
  0.29346203353355088        6.3001620832794605E-002
           8
  0.15118151792864359       0.35719649795380204     
  0.14461557235635575       0.35731038140468130     
  0.13340399717724255       0.35571158365897970     
  0.12382233633738139       0.35525585812516786     
  0.12358872225932975       0.34216508082497460     
  0.13024541450031879       0.33323213348985686     
  0.13824557858580724       0.33234084111628692     
  0.14567034432679180       0.33431084504019043     
           3
  0.38689368852143713       0.46376347918574762     
  0.37976223673327875       0.44515913531410345     
  0.40524979637262659       0.45336833072949195     
           4
  0.10191478832042536       0.42612550552967549     
   8.1808933077549051E-002  0.42493311814881390     
   7.3983657795180388E-002  0.42240822810634743     
   7.5166923729720572E-002  0.39888665649258342     
           5
  0.68895770720692429       0.36860259920734878     
  0.68343323390487387       0.37263759113539363     
  0.66182427784778741       0.37284304523457601     
  0.67106551383738577       0.34948637574217406     
  0.68094167287661367       0.35321139293497705     
           3
  0.31431431431431434       0.10810810810810811     
  0.29920247204785461       0.10966920388797533     
  0.30722783871031734        9.4072387079545142E-002
           7
  0.72198649939179194       0.13749806931940561     
  0.71582654341856711       0.13635190351763313     
  0.70301517805039671       0.13900921372388414     
  0.70234764579153652       0.12737413617928828     
  0.70583972092447000       0.11976540768409524     
  0.71440614804443126       0.11900610462053370     
  0.72678145876269096       0.11320294623262596     
           4
  0.65312878883316583       0.53842629043035739     
  0.65411655080315179       0.54751494212451113     
  0.62695729243436871       0.52462637041163684     
  0.64037390542841877       0.51988722382869546     
           6
  0.52269286847105623       0.81092802961876631     
  0.50583368104767512       0.80996984711991460     
  0.49785369838339433       0.80568331487063816     
  0.49431399755893196       0.79549925234314911     
  0.51069759088646760       0.78619997229554006     
  0.52072135956930010       0.79761929700181355     
           3
  0.70816875538320023       0.27511163533431288     
  0.70582828202574521       0.25922277128753179     
  0.72072072072072069       0.26426426426426425     
           6
  0.63725708525247582       0.73578762274268161     
  0.61845147751867002       0.73620551475202312     
  0.61649018042724091       0.70669014874101099     
  0.62510499157344868       0.70516288004032279     
  0.63605222231137581       0.70938918770766979     
  0.64418694012872224       0.71590411194169468     
           3
  0.33285763451237599       0.57911782343916895     
  0.32632632632632630       0.56656656656656657     
  0.34106309588114192       0.55368217423776100     
           8
  0.61822013699718870       0.37931082191957599     
  0.62240782357639080       0.38567274983919919     
  0.60573287214329752       0.38186611835754136     
  0.59963796259689650       0.37824215908053216     
  0.59933886340984099       0.36025624385519672     
  0.61326414880092495       0.35821197921065351     
  0.61764361155203507       0.36322893759694130     
  0.62162573232058504       0.35831599449918622     
           3
  0.84784784784784784       0.83383383383383380     
  0.84663774163194971       0.84453604619213762     
  0.84116942963490060       0.82198535521487714     
           3
  0.58472590747934450       0.43109778814836869     
  0.57657657657657657       0.42942942942942941     
  0.58731973884927757       0.41624067627856337     
           6
   7.3254161399458159E-002  0.30113614210439199     
   6.7480054597518394E-002  0.30459672824791273     
   4.5418767195550824E-002  0.30984871613724585     
   4.4636935589097398E-002  0.28685588746120172     
   6.6467272567535957E-002  0.28197507557354134     
   7.1808141195611519E-002  0.29139906590042836     
           4
  0.15864955327283362       0.10255063324172124     
  0.14903324103078147       0.11452446802618700     
  0.13509221029946522       0.10238550546698073     
  0.13272204765455062        8.8406199248956596E-002
           8
  0.15157096077386378       0.98816738966885564     
  0.14524532281280395       0.98864590947395159     
  0.13682803479081795       0.99149897139843390     
  0.12824668208259665       0.99185261865616248     
  0.13142900068429181       0.97497652081612241     
  0.13274324333864274       0.96135450085367180     
  0.14221325090432513       0.96361894287171046     
  0.15003732062706848       0.97718808055162676     
           5
  0.56574245952073432       0.72814947855677215     
  0.55507957749293957       0.71314043828639939     
  0.55822308369895790       0.70137225976928275     
  0.56572975058075980       0.70238685396543687     
  0.56983174972485040       0.70868011993102487     
           8
  0.96100477529905326       0.89276291856592349     
  0.93976532722506168       0.90468356904015967     
  0.93221683490133467       0.88944271413128384     
  0.93893322538435853       0.88206329635158276     
  0.93553543167045461       0.87764933321212935     
  0.95037736446915577       0.87910262441420994     
  0.95867719927349793       0.87449689393713670     
  0.95995182183623340       0.88371393591642122     
           7
  0.10587308133854642       0.53545469689439940     
  0.10577845611117787       0.54169900177686803     
   8.4496679609376027E-002  0.53093970776504518     
   9.0583342726752364E-002  0.52119028746554796     
  0.10034170650393956       0.51741389592740406     
  0.10831410156425758       0.51939992141611613     
  0.11115320645043872       0.52575723505288408     
           4
  0.50210341882045995       0.50745161407356199     
  0.49331488438490007       0.50067776682317977     
  0.51667205661536075       0.48632466237973099     
  0.51505957741450059       0.49645916678074409     
           4
  0.69277699549050564       0.82563213720595152     
  0.67038892915218840       0.81727598738582419     
  0.69412610826128207       0.80325648706612074     
  0.70032670408871245       0.79870274077725822     
           5
  0.81269647775458576       0.41937235648799664     
  0.78568959076907019       0.42159647428083019     
  0.79509457020336061       0.39534011283751791     
  0.80435788326873547       0.39866588506044121     
  0.81615284641474151       0.40646061695753144     
           5
  0.80618727347596508       0.19554359966540030     
  0.78078780941706061       0.19657067653587312     
  0.78412879883264541       0.18545744562995470     
  0.78012902954702912       0.17550655673439530     
  0.80722593486812089       0.18352836848510948     
           6
  0.79905115145228067       0.34083394963639696     
  0.78789605781382777       0.34933775796569677     
  0.77538603380713500       0.34505303238667340     
  0.77241084999151099       0.33696159459284342     
  0.77712487158177168       0.32981307576163560     
  0.79990355247554512       0.32894952451088022     
           8
  0.61373748936307759       0.22330604656633699     
  0.60933378291971585       0.21780449988953554     
  0.60157788962960645       0.22305748812351830     
  0.58835623978422880       0.21740300713269106     
  0.59399242264624486       0.21250529393964254     
  0.60453810525995677       0.19872125384555833     
  0.60675435167283009       0.19292968547525211     
  0.61612380543111256       0.19571505256701086     
           3
  0.65297161631579814       0.31276740680028686     
  0.63399296643667125       0.31633217058789798     
  0.63869514502213931       0.29797479976878782     
           4
  0.37673710724977794       0.17315066033132015     
  0.36584581993356546       0.16998279361926885     
  0.36444005431565851       0.14807060158117641     
  0.37994346854180056       0.15338091144414834     
           8
  0.29840863723585082        9.4815346472293408E-002
  0.30056976894447224       0.10189359154378494     
  0.27377675812330965        9.8534253705173824E-002
  0.27322121382111819        9.0715468286277315E-002
  0.27794472550700799        8.6536545393879741E-002
  0.27665869812600685        7.3475252384840845E-002
  0.28948176128717940        7.9586219605839018E-002
  0.30037076835114679        7.5735975094648619E-002
           6
   8.2138492695711565E-002  0.17000141394936100     
   7.2002246569583969E-002  0.17784508364845125     
   6.1403560121695566E-002  0.17736415402154970     
   5.4687660364430915E-002  0.16168511137576499     
   7.4860049795326331E-002  0.15409841942941574     
   8.3082062101026449E-002  0.15638566120007902     
           8
  0.18962743314867422       0.92648312117768961     
  0.18748236370673049       0.93891468607760131     
  0.16432523740205587       0.93438213311497653     
  0.16233722960694472       0.92553129422031066     
  0.16411175248296234       0.91523515956258827     
  0.17045040133880185       0.91428813049839486     
  0.18191700263643912       0.91317681064266865     
  0.18976472260885174       0.91725654713261784     
           3
  0.30465413242610517       0.52804380392391315     
  0.30030030030030030       0.51551551551551555     
  0.31387019941194011       0.51995692382101300     
           4
  0.28463908916336172       0.47038281584366060     
  0.27094712372392826       0.48057447536336573     
  0.26254578036762483       0.46965473907335059     
  0.28266556923648078       0.45458087221289711     
           4
  0.39989673370587664       0.23032385435997965     
  0.39500926194571900       0.20245548766225005     
  0.40876925334332598       0.20855692980033899     
  0.42202188255922590       0.20267819073833834     
           3
  0.35426837220941304        1.0027485163626615     
  0.33269863075594391        1.0046059599963062     
  0.34838321687385265       0.98687560529104201     
           3
  0.90546066409779191       0.86426421367802031     
  0.87575365590157639       0.84807303213922558     
  0.88622530242756470       0.84220799607871666     
           3
  0.46661164328382149       0.85673310227399635     
  0.44341083757582839       0.83812084772001405     
  0.45545545545545546       0.84684684684684686     
           5
   2.8538270361519819E-002  0.64913753562944010     
   1.0662593976675752E-002  0.65717356784351844     
   9.2995038312414791E-003  0.63246801167105948     
   2.1725677351651266E-002  0.63625158599575748     
   3.5019986170830492E-002  0.64214799752653329     
           7
  0.77246305631164958       0.15677602879630959     
  0.75151305151853298       0.14962013235770968     
  0.74711179109423376       0.15392273980437951     
  0.75275655677339437       0.13674599305944682     
  0.74546536831301480       0.12577098953521662     
  0.75883776521344792       0.12923807577598895     
  0.77387525947246694       0.13035356322905009     
           4
  0.77769131196364960       0.79046647430103167     
  0.77236824990767816       0.79856274698709584     
  0.75027826891250804       0.79115283782196144     
  0.77496707227142680       0.77367100339422445     
           5
  0.50904410493008379       0.73117493283208645     
  0.48410132787002569       0.73774877558745355     
  0.48419215573837276       0.73029443415104534     
  0.49335929951481905       0.71391346861607030     
  0.50930944394301825       0.71395710202569351     
           5
  0.90176519354639195        2.2926921517051016E-002
  0.87683147753586310        2.5259382408338908E-002
  0.87636872646874309        1.1712085829573076E-002
  0.90189774580173687       -3.3056776298275477E-003
  0.90072516951630133        1.2040296926498710E-002
           5
  0.26932207813273312       0.38834638181868275     
  0.24754944446535335       0.39255800660744722     
  0.24468611045037597       0.38596087267395074     
  0.26180096172292883       0.36362118830637735     
  0.26760980947991853       0.38054224500541234     
           8
  0.39065773266723330       0.44175497828266924     
  0.39587908801203592       0.44610886528830695     
  0.38471991249508436       0.44862071821011174     
  0.37909299438145766       0.45270061628298286     
  0.36692713460721038       0.44115781729599046     
  0.37280530509675369       0.43355468613875475     
  0.37508662085311933       0.42567048473988855     
  0.39361860680192889       0.42848622653450164     
           3
  0.52185512411966151       0.26570346409494611     
  0.49576683175883590       0.27284592681748654     
  0.50686143008670159       0.24939225777342161     
           8
   8.1958227003655015E-002  0.64643595825514710     
   8.4789849932881273E-002  0.65226837439157070     
   6.5857337925775819E-002  0.64862014674169954     
   6.1058639653769113E-002  0.64138164717166357     
   5.7354721671420472E-002  0.62613557893938532     
   6.7010729198584154E-002  0.62389254756232793     
   8.3545921740115811E-002  0.62672810807667856     
   7.8601140290378319E-002  0.63745061293434158     
           6
  0.37271088996364454       0.61514307521225120     
  0.35989427131368235       0.62342674312337021     
  0.34782743428888074       0.61693661628446006     
  0.36734154785609219       0.59675663922044597     
  0.37232444925949953       0.60059443049036709     
  0.37041557209369852       0.60683637148641323     
           4
  0.53829413280317995       0.96949992826310638     
  0.51668143914243070       0.96949965412318895     
  0.52003850470298107       0.94682339731102827     
  0.53876436941345107       0.95232630728177603     
           8
  0.58406405163130293       0.73136057309517244     
  0.58460460054561059       0.73760058043171683     
  0.57359088286707050       0.74294743924659279     
  0.56595349182988586       0.73627814374179312     
  0.55773510602865617       0.73232938608546938     
  0.56859163020205195       0.71474270015862784     
  0.58133820180987272       0.71880974886132898     
  0.58246741894222676       0.72607260670695883     
           7
  0.21248380680393320       0.10982870144589781     
  0.20940911993639821       0.11991823622932733     
  0.19928373284154502       0.12243311499689376     
  0.19115086585131488       0.11571895384504446     
  0.19151912602764384       0.10646226190375412     
  0.20533212417503396        9.5571588104075886E-002
  0.21619172820580496        9.8441976823006233E-002
           5
  0.82428050754689675       0.13994678738116398     
  0.82369976053652871       0.14683132128006662     
  0.81701473323448970       0.14912822144975427     
  0.80976546090598078       0.12259761629338621     
  0.82809647309549261       0.12870491766380190     
           7
  0.82491752336366719        1.0111915675199479     
  0.81521873315717353        1.0144261373794250     
  0.81021137272938371        1.0064846706956687     
  0.80521909139654535        1.0015288467792629     
  0.81385019222675137       0.99202750269581874     
  0.82939221649088901       0.98882886768859024     
  0.83051787572299751       0.99890627262984266     
           4
  0.20367922259587432        7.3070270270914714E-002
  0.19005514613941280        6.5946800976486863E-002
  0.19014777146469591        5.7396230004389578E-002
  0.20431291336434335        4.8134919231897548E-002
           5
   1.6337798578948626E-002  0.79180842442670063     
  -9.2124962420790033E-003  0.79361603136222991     
  -9.9995444811483841E-003  0.77686552309012835     
   1.0592418549815408E-002  0.77718246896803578     
   1.9799457359586440E-002  0.77388947505953032     
           8
   6.3473441856051804E-002  0.14401199815830848     
   5.6275857563005731E-002  0.14093782200301644     
   5.5341320167777541E-002  0.14982412697868996     
   3.8893749026997909E-002  0.14825530067828371     
   4.3045885949327088E-002  0.12064373421658282     
   4.7771855987295629E-002  0.12647624645140237     
   5.2439487490979493E-002  0.12230174902717193     
   6.2920869504632604E-002  0.12353061284879970     
           3
  0.19619619619619619       0.23723723723723725     
  0.18473481308290920       0.23213233057341801     
  0.20801783223692846       0.22373200078404043     
           7
  0.88864016583439731       0.34132352946172162     
  0.88227762875707183       0.34776036739301269     
  0.86998958971254359       0.34895239796192962     
  0.86672950005808624       0.34228003069056318     
  0.86984168996607503       0.33638233161330239     
  0.87319930306298055       0.32290851832323492     
  0.88995104755231158       0.33382642732965778     
           7
  0.78055149835176174       0.28676049421253125     
  0.78043843288891268       0.29614064397594092     
  0.76866644104982806       0.29875160838368048     
  0.76429073310446005       0.29422949358450684     
  0.75486779013638028       0.26902144871062933     
  0.76636645506034951       0.27459999619522207     
  0.77435334371806486       0.26973120705950571     
           7
  0.72222163205979228       0.19407329774519982     
  0.71615159469381739       0.20149692750751236     
  0.70117749466021062       0.20144118571457714     
  0.69523641683699156       0.18486167236541495     
  0.70885569700385120       0.17398607884150882     
  0.71563220350619006       0.17518177336586388     
  0.71761291336286148       0.18660051394491836     
           7
  0.44105129163418594       0.86842106728608126     
  0.42721015301333520       0.87594612753498646     
  0.41778862428942837       0.87450728447599502     
  0.41595492298031167       0.86068023010136463     
  0.41678323638374981       0.85093432593604734     
  0.43319904614456317       0.85089313956594892     
  0.44185910075671131       0.85842668468219241     
           3
  0.54533257822300651       0.26236935436185826     
  0.53853853853853850       0.24824824824824826     
  0.53696206249447609       0.23736605763131932     
