   989.00000000000000     
   188.00000000000000     
         124
           8
   32.000000000000000     
   7.0000000000000000     
   83.000000000000000     
   30.000000000000000     
   62.000000000000000     
   26.000000000000000     
   31.000000000000000     
   75.000000000000000     
   5.0000000000000000     
   85.000000000000000     
   15.000000000000000     
   94.000000000000000     
   16.000000000000000     
   38.000000000000000     
   32.000000000000000     
   5.0000000000000000     
   17.000000000000000     
   92.000000000000000     
   50.000000000000000     
   16.000000000000000     
   79.000000000000000     
   11.000000000000000     
   33.000000000000000     
   60.000000000000000     
   11.000000000000000     
   96.000000000000000     
   46.000000000000000     
   48.000000000000000     
   31.000000000000000     
   25.000000000000000     
   96.000000000000000     
   71.000000000000000     
   61.000000000000000     
   3.0000000000000000     
   100.00000000000000     
   6.0000000000000000     
   94.000000000000000     
   88.000000000000000     
   53.000000000000000     
   19.000000000000000     
   50.000000000000000     
   19.000000000000000     
   39.000000000000000     
   21.000000000000000     
   95.000000000000000     
   7.0000000000000000     
   40.000000000000000     
   51.000000000000000     
   16.000000000000000     
   47.000000000000000     
   13.000000000000000     
   30.000000000000000     
   56.000000000000000     
   5.0000000000000000     
   9.0000000000000000     
   95.000000000000000     
   70.000000000000000     
   5.0000000000000000     
   31.000000000000000     
   80.000000000000000     
   53.000000000000000     
   28.000000000000000     
   38.000000000000000     
   7.0000000000000000     
   28.000000000000000     
   18.000000000000000     
   31.000000000000000     
   6.0000000000000000     
   71.000000000000000     
   1.0000000000000000     
   84.000000000000000     
   47.000000000000000     
   68.000000000000000     
   12.000000000000000     
   88.000000000000000     
   39.000000000000000     
   31.000000000000000     
   6.0000000000000000     
   30.000000000000000     
   19.000000000000000     
   38.000000000000000     
   74.000000000000000     
   75.000000000000000     
   2.0000000000000000     
   31.000000000000000     
   67.000000000000000     
   47.000000000000000     
   47.000000000000000     
   36.000000000000000     
   20.000000000000000     
   65.000000000000000     
   17.000000000000000     
   81.000000000000000     
   38.000000000000000     
   8.0000000000000000     
   95.000000000000000     
   18.000000000000000     
   70.000000000000000     
   95.000000000000000     
   65.000000000000000     
   42.000000000000000     
   88.000000000000000     
   88.000000000000000     
   5.0000000000000000     
   43.000000000000000     
   76.000000000000000     
   46.000000000000000     
   17.000000000000000     
   36.000000000000000     
   74.000000000000000     
   97.000000000000000     
   86.000000000000000     
   65.000000000000000     
   38.000000000000000     
   47.000000000000000     
   41.000000000000000     
   17.000000000000000     
   7.0000000000000000     
   52.000000000000000     
   98.000000000000000     
   39.000000000000000     
   59.000000000000000     
   10.000000000000000     
   50.000000000000000     
           1
   1.0000000000000000       0.95449949443882709     
           8
   9.7868677429469482E-003  0.75238614788948532     
   2.6784479222913223E-003  0.75348307196696762     
  -9.5285414214807442E-003  0.74914197749397471     
  -7.0092332108522611E-003  0.74262645146320971     
  -7.2396861994058863E-003  0.73331991792121631     
   1.1358020835410029E-002  0.72956495257745158     
   1.6148935611970127E-002  0.72644255078077224     
   2.0215727188095101E-002  0.73204741495935544     
           5
  0.78578698682221726       0.19938478407286320     
  0.77806669562354858       0.21023393317454642     
  0.76637072215039548       0.20118551274029664     
  0.76973563086462327       0.18746366081308610     
  0.78597043637532127       0.19148794702984023     
           7
  0.71536268054591046       0.52962422541360155     
  0.70636174884796588       0.53103749658556043     
  0.69525860670821793       0.53225550376631858     
  0.69613698050055073       0.51946581592342778     
  0.70096781612693881       0.50724377245067120     
  0.71956026810846407       0.50790113073314602     
  0.71930523979549366       0.51831580636654639     
           4
   8.6998083414503630E-002  0.57623943335001482     
   5.9086561784678346E-002  0.57771172820396210     
   5.8035294607300905E-002  0.55943642634120927     
   8.3233968519464796E-002  0.55735131268221882     
           7
   6.2936749012592857E-002  0.40218903966315561     
   6.7553388833251793E-002  0.40660425629568847     
   5.6976710777841909E-002  0.41546238740717384     
   4.3413552172862906E-002  0.39963823841379226     
   3.9356028310097907E-002  0.39523915887317368     
   4.1294202773205363E-002  0.38959052261578020     
   4.7571193163131874E-002  0.38658246807892666     
           4
  0.78463372371160045       0.18924446974049841     
  0.76648393052455666       0.17872179299622243     
  0.76874564108417109       0.17034941286182195     
  0.79255437685633123       0.17654305919562510     
           4
   9.5833310529615606E-002  0.55146743294204070     
   8.9962978909339797E-002  0.55778444689889162     
   7.3427319427825655E-002  0.53585503915817634     
   8.2245777010832674E-002  0.52782145953430970     
           8
   5.1832464129052347E-002  0.38493810342065032     
   4.3283789386872877E-002  0.38324567902059015     
   4.0080227035262615E-002  0.38851838852508236     
   3.0979933315778495E-002  0.38916624075483591     
   3.6969859245988855E-002  0.38363403442700589     
   3.5618628351015570E-002  0.36241609691381244     
   4.9811977502087358E-002  0.36726493119236281     
   5.7364165248831575E-002  0.37494386357382464     
           3
  0.72396359959555101       0.20424671385237614     
  0.72429884832627478       0.21290921840323748     
  0.72229087706355699       0.18920242975232263     
           5
  0.12135234390036981       0.41968776613552350     
  0.11397740482416641       0.42353910251313381     
  0.10706740573175592       0.42106905205867007     
  0.10279552192606306       0.39963724396257222     
  0.11867564363305792       0.40837845014193952     
           5
  0.64733949958035564       0.18005506363864737     
  0.63541982967537014       0.18252355419236282     
  0.62395794716950315       0.18210250633510783     
  0.61904845964023014       0.17069807796635900     
  0.63743822535592554       0.16505419011478412     
           7
   2.1582692472258566E-002  0.34874418653836797     
   1.3078368182719525E-002  0.35057778541076401     
   7.2151740331955049E-003  0.35320893125036584     
  -4.6164978358784071E-003  0.35091634286063494     
   1.6365501287362357E-003  0.34735529799551068     
  -2.5610078537118466E-003  0.33866421074922021     
   7.0355900744973558E-003  0.33334080919170839     
           7
  0.79970879885519697       0.43925050080801087     
  0.78725073777867405       0.44999965619816334     
  0.78060028601889109       0.45124342396593242     
  0.77655192297806819       0.44625360500273065     
  0.77715563872514182       0.42307502982230827     
  0.78692204003291766       0.42779423066295763     
  0.79176622414614595       0.42354086218966486     
           4
  0.75518342711985242       0.48537504448851659     
  0.76132183745020376       0.47160203571918274     
  0.77406712571300884       0.46611197751517153     
  0.78444964258976624       0.47058840141725056     
           3
  0.77551110486460462       0.30195715427088771     
  0.76744186046511631       0.29019211324570271     
  0.78053338330832545       0.29253572660416832     
           8
  0.60975952125822064       0.37684863127821100     
  0.61296182349733475       0.38130854581087220     
  0.58513594652173939       0.36937781055697388     
  0.58777853951672587       0.36385022626817581     
  0.58479497886183796       0.35733128130979575     
  0.60191606333652037       0.35778276058947212     
  0.60874665521856253       0.35484322109083799     
  0.61350306953050371       0.35918687089630619     
           6
  0.78159757330637003       0.29322548028311424     
  0.77905264554960052       0.30191199468177621     
  0.77192733640990863       0.29735214656220754     
  0.76660034423062173       0.28582005607167177     
  0.76766661160187144       0.27800160350147013     
  0.77352137357885620       0.28820760759737807     
           8
  0.13925767555858123       0.40711566932359566     
  0.13209274329894127       0.41665940897064718     
  0.12825593448125414       0.41245792077817578     
  0.12057731225187708       0.41267673726988091     
  0.11686181524709942       0.40721479444519509     
  0.12829496867641474       0.38845627410861255     
  0.14184081657180281       0.39154133985289108     
  0.14448431381118357       0.40121139109918813     
           8
  0.72956559093759121       0.20260613380986517     
  0.71508030268374589       0.20603902615679584     
  0.70586780734885102       0.20650574857585374     
  0.70744166722968749       0.19826621069465761     
  0.70294933952268712       0.18119392459925987     
  0.71365529239860159       0.18126426846528940     
  0.72091087281251420       0.18058865440684421     
  0.72696065379121233       0.19187753567183649     
           3
   9.3157011144507321E-002  0.58196605202646656     
  0.10010111223458039       0.57027300303336703     
  0.11313329505420511       0.56445155234956279     
           4
  0.17659299174660181       0.42283995175170003     
  0.16006127630794867       0.43628673761531961     
  0.15699807506933422       0.42043589667183756     
  0.16435964995461214       0.40835194673429243     
           3
   4.8533872598584431E-002  0.62588473205257833     
   3.5346634405040558E-002  0.62224266059144073     
   6.3835486961139221E-002  0.61781212877649549     
           6
  0.91689004487558912       0.42245187014491853     
  0.90622817916778431       0.42148252644449347     
  0.90722549847973677       0.39857342740742480     
  0.92252593618105494       0.40163599977731362     
  0.92695623639312996       0.39628622576362960     
  0.92529797797938584       0.40796102005394341     
           4
  0.95192038916794186       0.53766308930368034     
  0.92672851092157293       0.53031761893621510     
  0.93668338231084824       0.51878599919398671     
  0.94945315885627046       0.52302315504893515     
           5
   8.2675520807495434E-002  0.68980974272508500     
   6.4173500548871956E-002  0.69438294798241529     
   5.7257379612516021E-002  0.68175707061849622     
   5.7215989919724514E-002  0.66616986860556937     
   8.0044617236874810E-002  0.67542213900571357     
           7
  0.68517146684027042       0.98295341721954510     
  0.67394516029495888       0.98520668905725395     
  0.66739374969533716       0.98182315857982294     
  0.67149599064571497       0.96499896061371271     
  0.67585068524516134       0.95631038033534554     
  0.68501193574611530       0.96008910716917795     
  0.69448175515563204       0.95688124043000489     
           4
   5.0556117290192111E-002  0.77148634984833164     
   4.2481960677121594E-002  0.76989576685041128     
   5.3284585828949307E-002  0.75643630967565234     
   5.9233056371184853E-002  0.76512409714961416     
           5
  0.75699452859555072       0.24829248816456165     
  0.73240322530799773       0.25771521865140401     
  0.73425243561008213       0.24058999658928676     
  0.74066323384573862       0.22996296771004557     
  0.75880727468825759       0.23653999430681927     
           7
   6.1784429692156417E-002  0.52601714007677747     
   6.1856746241750180E-002  0.53589933343461449     
   4.2571074324478667E-002  0.53786771982280535     
   3.8574073603154534E-002  0.53060703137808296     
   3.4367507780448905E-002  0.52507784672640678     
   3.9934134483502581E-002  0.51476252452120153     
   4.9468284749739827E-002  0.51086665006239806     
           5
  0.14262201903430807       0.80689766284206388     
  0.11796447901000792       0.81588761020172051     
  0.11627500798556598       0.79755341266470592     
  0.12316790777617635       0.79083751061033958     
  0.14273874352702476       0.79036078725115955     
           7
  0.71563431031465896       0.59406313143973177     
  0.71038019598726043       0.60184704197483041     
  0.70319066735886582       0.59984696385020309     
  0.69173941448911613       0.59261020165169831     
  0.69186948948386273       0.58407587035307706     
  0.69153404578991939       0.57213663268288517     
  0.69883029273141539       0.57489398298561301     
           5
   7.3140126175550865E-002  0.40816866763526671     
   5.8815094786421045E-002  0.41575256108083303     
   4.3957903638440654E-002  0.41270313334695491     
   5.8645096056622853E-002  0.40242669362992922     
   7.3879016340442222E-002  0.40033909519087746     
           5
   5.6544377439290402E-002  0.40547014346421922     
   3.6335713271213418E-002  0.41219782040138769     
   3.0887683301629741E-002  0.40653168259594136     
   5.0600683501134697E-002  0.38432873647813715     
   5.7613402655183353E-002  0.38218011629015569     
           3
  0.79592115034778166       0.19813884393917786     
  0.79170879676440853       0.18806875631951467     
  0.79437693466991544       0.17911581020927037     
           5
   5.7654235218037642E-002  0.37181538007817799     
   4.9488320736937652E-002  0.37361703342978669     
   4.7867580692682717E-002  0.36672503375243182     
   5.0603437313434564E-002  0.35220113491068916     
   7.2447542852616259E-002  0.35215997992991765     
           6
   5.5277835795901988E-002  0.72285279150339732     
   5.0651160186733747E-002  0.73523408595894457     
   4.5613340758597895E-002  0.73074886664638794     
   3.6208103643896011E-002  0.70658331095507798     
   5.9433481100656015E-002  0.70716686947957197     
   6.0236046912134467E-002  0.71854850736300246     
           4
   4.6266834091484445E-002  0.39774481194511369     
   2.9258290748489880E-002  0.40318071254563770     
   3.9492198038644975E-002  0.38288259527394630     
   5.1842885073741407E-002  0.39126667650641850     
           7
  0.66382820799888620       0.53862969252791104     
  0.65691310674850434       0.54314167733059715     
  0.65047367508583454       0.53619671980732053     
  0.64781106276481892       0.51437283912912046     
  0.66003990810727575       0.51511168637047178     
  0.67440620334060208       0.52099985760126211     
  0.67283402146502291       0.52653029508196325     
           3
   3.1241827599539460E-002  0.38144229572648541     
   3.6958236801555626E-002  0.35379198321226818     
   5.2231656739785942E-002  0.36643703277405520     
           8
   5.1693230288035109E-002  0.62993869655100510     
   3.2223934820425550E-002  0.63687954847078587     
   2.3498903892028411E-002  0.63865683933079553     
   2.4730177426253497E-002  0.62207683942940672     
   2.8989149983688123E-002  0.61197730661313476     
   4.2838418884861951E-002  0.61428898109455776     
   4.8317228184969675E-002  0.61177063608701565     
   4.9730058994802484E-002  0.61731296078294895     
           4
   7.2217396005527151E-002  0.54583661141659867     
   6.1678463094034380E-002  0.53993933265925176     
   5.8876798215423569E-002  0.53032057199808247     
   7.5503308953540835E-002  0.53362031143592659     
           6
  0.67551685593357957       0.37523304248644090     
  0.66628787499411068       0.37682822167776986     
  0.65887177106270634       0.36887120142701529     
  0.66167597232299669       0.35929627316441731     
  0.65876011170604798       0.34689247970634352     
  0.68133810323355037       0.34765056093991464     
           5
  0.57253888908505723       0.44604690098053784     
  0.57406617289459672       0.45869803658786523     
  0.54580615907375907       0.44530434685536147     
  0.56537307178290164       0.44071573106835898     
  0.57305878234119090       0.43598511956165231     
           6
  0.73467570573240570       0.48263402578913200     
  0.71807686539094584       0.48072062156246526     
  0.71009099962885924       0.47929028883033004     
  0.70611046921106169       0.47064397891142945     
  0.70866616706904983       0.45750256084197261     
  0.72237200261420742       0.46021393208773803     
           4
   3.8701113741535023E-002  0.48675939385982003     
   2.8756356905896757E-002  0.48281830801616565     
   2.8242062695930693E-002  0.46333791933244900     
   5.1699032025687527E-002  0.46145790747517729     
           5
  -4.2493505221321420E-004  0.75034481580289869     
  -1.1438761351551949E-002  0.73803874947177184     
  -9.8558007590024803E-003  0.72819819954789455     
   7.9838213893681587E-004  0.72368789688160473     
   1.7228115665534463E-002  0.72726586169664831     
           6
   7.4785371447332397E-002  0.63882513266213470     
   5.6143069013571412E-002  0.63493726219124791     
   5.2368255433380639E-002  0.62170434873859759     
   5.5724182058596056E-002  0.61157720058352893     
   6.5615521239606303E-002  0.61415647315229072     
   7.7758250013594724E-002  0.62036688789374972     
           7
  0.17216990327649026       0.51634750179165523     
  0.16676615822270002       0.51310590947147483     
  0.15543698220383037       0.51746668581259214     
  0.14271812647863816       0.50353838226643777     
  0.16409782438956147       0.48785457882590894     
  0.16728929003257897       0.49565183132726981     
  0.17283621353528611       0.49420950326497659     
           8
  0.87722884281046520       0.48431237775374902     
  0.87017582872980870       0.48927353117645073     
  0.87044840840919957       0.49564265812534747     
  0.85448040022143557       0.49353743817049917     
  0.85396426132123793       0.47396467552407467     
  0.85296698549419969       0.46669329075485111     
  0.87618329898766978       0.46949549206893970     
  0.88012627173977953       0.46513680998490070     
           7
  0.78159757330637003       0.23660262891809908     
  0.77043226506181695       0.24398030821241729     
  0.76860353697482953       0.23441410228088294     
  0.77392950772644276       0.22877905785887678     
  0.76989765418458556       0.22306237516683369     
  0.79504677266828172       0.22270521378818814     
  0.79288976173430292       0.22881812062654810     
           3
  0.90213897690032951       0.11068698322521413     
  0.88473455420997094       0.10851566621505135     
  0.88552792314200635        8.8970690342487835E-002
           8
  0.70396738294473160       0.48376554712450071     
  0.69841671408247097       0.48408228669156006     
  0.69112430305451578       0.48397246574925684     
  0.67904770645771906       0.47643750168469812     
  0.67760135324118043       0.46388811317664680     
  0.69190989813329529       0.45741767724510296     
  0.69792772894187549       0.45721274027150510     
  0.70282632346413532       0.47100640833353119     
           6
   3.2581298706616510E-002  0.42403582587934679     
   2.2911818118852012E-002  0.44087375871612838     
   1.2966247635989411E-002  0.42325770397313012     
   7.8620176178145190E-003  0.41541774925715580     
   1.9154472346681325E-002  0.41210894705074136     
   3.3723067318064209E-002  0.41780199212930469     
           3
  0.12198302471868629       0.53938958414297800     
  0.11021233569261880       0.54196157735085948     
  0.10386828579917171       0.53070862131035978     
           8
   5.6441643887090220E-002  0.75916843965739755     
   4.9706365395382673E-002  0.75665072295720681     
   5.1085408901827341E-002  0.75073386529991482     
   4.5455601166097384E-002  0.75015095317629654     
   4.5529877199763050E-002  0.73114352580931474     
   5.2059072593140930E-002  0.73209210207333320     
   5.6537846623809784E-002  0.73774709338969413     
   6.9239425278684388E-002  0.73950168895330892     
           6
  0.91641027166249545       0.57533332614852961     
  0.90061770034581501       0.58521879623356188     
  0.89433767826136312       0.56818449564301365     
  0.91384522417368719       0.55498083806628373     
  0.92070933630330321       0.55901207385174689     
  0.91775966581284207       0.56568109672150124     
           7
   9.8997590470310579E-002  0.39617921394500233     
   9.0629641982700695E-002  0.40264214355411332     
   8.3741052625222148E-002  0.38906949097315680     
   8.6133490554056974E-002  0.38312723731984816     
   8.4702094161630187E-002  0.37466651357329572     
  0.11027782164878897       0.37289720892435085     
  0.10767765383741285       0.38050415465716242     
           5
   7.9919148436054799E-002  0.59783238841447806     
   7.0721689352533160E-002  0.60372270957915852     
   6.8387017627331417E-002  0.59137883535336355     
   6.1844478900241175E-002  0.58254819271009084     
   9.2228218321022598E-002  0.58680639216879615     
           8
  0.76087390343518269       0.20040887994117204     
  0.75547434755768295       0.20575210401265318     
  0.74321423559744504       0.20500790265704461     
  0.73513643417640429       0.20398168791463306     
  0.73934207414900355       0.19395010982748642     
  0.73609690678158524       0.18001668338130125     
  0.75281552481523983       0.18579700088355217     
  0.75895501456754488       0.19016583688939787     
           8
  0.68979020711118322       0.56228338026856828     
  0.68052095555693048       0.56709970152013123     
  0.67027646708157551       0.56411651294122789     
  0.66412821321180959       0.56700582857298010     
  0.66410382315529481       0.55892950061544500     
  0.66259856882348245       0.54559178004118425     
  0.66816430688546757       0.55125240215734428     
  0.67040194250665508       0.54009988376827889     
           8
  0.30249781212240334       0.47028745229777152     
  0.29806746308516141       0.47481662173114603     
  0.27555938433143506       0.47445180844700802     
  0.27502919698265871       0.46605744862445947     
  0.27330523905294551       0.45541719464556285     
  0.28044669062480437       0.45308088734924057     
  0.29121717429304333       0.45582354119036228     
  0.29579333433662458       0.45994450921199792     
           3
  0.20269154317630664       0.83139313336950649     
  0.19514661274014156       0.82204246713852380     
  0.20843477970598664       0.82187103025259023     
           7
   2.6667713562680082E-002  0.71042776725461210     
   7.5404869265798900E-003  0.71701120487504921     
   8.2354834501145897E-004  0.71361901027674768     
   2.7228400256737485E-003  0.70360547943662288     
   5.2143078871844297E-003  0.69284722719240621     
   1.3165108600477059E-002  0.69225464529629999     
   2.0227727679667871E-002  0.69416802843544623     
           3
  0.11236394176180838       0.55351544029220434     
   9.3239475158271537E-002  0.54466407568384057     
  0.10924011005850880       0.53872242648667412     
           6
   3.6091665858278214E-002  0.59197932629560734     
   1.7850867929149330E-002  0.59750668735896661     
   1.7048557629327096E-002  0.59041943388151319     
   1.3722887608828995E-002  0.58357664658976693     
   1.9276693948678647E-002  0.57416882333897612     
   4.0740355457001581E-002  0.57865113716545780     
           4
  0.85010800270942566       0.30251441365307441     
  0.83720930232558144       0.29524772497472196     
  0.83776229385495304       0.28506460988450028     
  0.84565456429105423       0.28991637157151051     
           4
   8.5824235681779729E-002  0.53364588063945950     
   7.2254728178556063E-002  0.53476113789058966     
   6.1572617141200318E-002  0.53355322279410367     
   7.6318167961670458E-002  0.51494375170093309     
           7
   8.2332955223924045E-002  0.66181879420290224     
   7.3256739609593571E-002  0.66530000786175114     
   6.6858002010634729E-002  0.66225081439367239     
   5.5950000158229866E-002  0.66659014632420122     
   5.5617286873561760E-002  0.63871822782076360     
   7.3740669301435385E-002  0.63811396184054425     
   8.6102487610935308E-002  0.64811336340859027     
           5
   5.4970999212209104E-002  0.44034717257593836     
   4.5192599767403904E-002  0.45035462600704995     
   3.8295438325645997E-002  0.44726762674585785     
   4.0994144694484855E-002  0.42658613921517324     
   4.8273615109989391E-002  0.42558243002465468     
           8
  0.76858339655300156       0.17206001457160211     
  0.76219581451148177       0.17103426641757075     
  0.75814251439990432       0.17580110356398618     
  0.75299243318855169       0.17012351412655530     
  0.73783887691914407       0.16279038702613921     
  0.75684228514866114       0.14625041892516394     
  0.76870548051462240       0.15286572856954217     
  0.76437472561998188       0.16206157563087401     
           4
  -1.4964724483769150E-002  0.50481202231298627     
  -1.0825088594269491E-002  0.49825787095465091     
   1.1372718199708089E-002  0.47698609652661816     
   0.0000000000000000       0.49140546006066732     
           3
   7.7131372447609772E-002  0.52617430876115789     
   7.5834175935288170E-002  0.51668351870576334     
   7.5348120426242532E-002  0.50814096869275305     
           6
  0.23870396649054182       0.31901268923800674     
  0.24359313601388777       0.32895707435751581     
  0.23224323850493606       0.32507644925639351     
  0.22142309063116969       0.32223353165393076     
  0.23333813733119207       0.30388550480582022     
  0.24261731222637040       0.31129410068748625     
           8
  0.75181021063837927       0.44530107594002688     
  0.74505452407616057       0.43980960052509027     
  0.74212875952168389       0.44641833759956445     
  0.73536049939941917       0.44598238181533567     
  0.72621279013819751       0.42250059307851012     
  0.73483100588044692       0.41833788474986844     
  0.75120740251833973       0.42191146916151595     
  0.75067635990867232       0.43005407430353376     
           4
   7.5575372884714984E-002  0.41084420909824654     
   5.7566755681399330E-002  0.42380484906518240     
   5.4824945787318100E-002  0.40009475258118021     
   6.8776922486261521E-002  0.39758163758100001     
           7
  0.51071909955118355       0.63620458845410000     
  0.50326699124789642       0.64134878518206206     
  0.49822915061708639       0.63650721252434150     
  0.48652314344258479       0.61337904732796145     
  0.50262189650293077       0.61820857276439001     
  0.51465356643238880       0.61253307312183169     
  0.51167831074838932       0.62195043484110912     
           4
   7.4023224938440393E-002  0.55888017322619021     
   7.7064801061529589E-002  0.55130237990370345     
   7.4934314269928498E-002  0.53953652627405868     
   9.7008409246462382E-002  0.54101099979274314     
           3
  0.75935288169868553       0.24873609706774519     
  0.74983830363745319       0.24155735238780110     
  0.75677894226380138       0.23349335880169217     
           7
   3.0972370386538432E-002  0.73375516562074872     
   2.5320439135694671E-002  0.73227835210699965     
   1.8971391378354657E-002  0.72976028818962846     
   1.0494070400114679E-002  0.72176851865590730     
   1.5864012403248893E-002  0.71328626429183095     
   2.2231006000387642E-002  0.70830671010026214     
   3.0460396681874030E-002  0.72236417478143522     
           6
   7.3945612116161338E-002  0.58732333949064019     
   5.7326977516570177E-002  0.59275252121848998     
   5.8126616049136687E-002  0.58584671718960257     
   5.1167236504298885E-002  0.58804544132628633     
   5.3021826153694031E-002  0.56859690523432460     
   7.4126424520089398E-002  0.56601527100720939     
           6
  0.65845504838510616       0.36043423900268595     
  0.66061841247801634       0.36836487004240559     
  0.65232536628744531       0.36634598079871683     
  0.63856393486914309       0.35657481243022371     
  0.65822232029059535       0.34380133439880589     
  0.66258530219923195       0.35075222063888628     
           4
  0.87145297133944521       0.56063429963803368     
  0.87024411702062987       0.55216670104312637     
  0.88270980788675435       0.54600606673407481     
  0.89350985609238165       0.55105855800170145     
           3
  0.22309283673758470       0.42487419604976817     
  0.21334681496461072       0.42264914054600605     
  0.22770281664426151       0.41009024266655170     
           8
  0.30169638298402435       0.62673618764638228     
  0.30385055807112549       0.63478387185625418     
  0.28841999048993056       0.63933317640269882     
  0.28135744542577756       0.63866376400410430     
  0.27635832650618103       0.63547996173876620     
  0.28070831209676683       0.60946973906245872     
  0.28721569727944807       0.61479012127567900     
  0.29871980570984941       0.61394158328767157     
           3
  0.14440398750010930       0.81804665836827473     
  0.16902725846114175       0.78950059035988041     
  0.17008906112209612       0.79937775613615814     
           4
  0.64889543944460959       0.60745190693654494     
  0.62052418595915104       0.61004459432067548     
  0.62259641322868742       0.60089403818660980     
  0.64068800852968188       0.59153622168040809     
           4
  0.56013946520423163       0.20052759277469115     
  0.55016624703877803       0.21281829289592427     
  0.53714149055933169       0.18889758286493102     
  0.56212343270790044       0.19173922021739509     
           4
  0.81321375693557907        7.2060910116697560E-002
  0.79428030096316138        5.8746407622215203E-002
  0.78843266553172153        4.4670915457273204E-002
  0.81615344226197439        5.2127908594719753E-002
           6
  0.81305494144356338        2.8931319048325924E-002
  0.80589834727589338        2.4056696632242993E-002
  0.80106647565488920        1.8866778590077623E-002
  0.80046257842559132        8.0838472679644596E-003
  0.79951490028842709       -2.0520232647769365E-004
  0.82229044399742601        1.3299573930625985E-002
           5
  0.66988559542079040       0.49378951931223575     
  0.64722303966860661       0.49368191284746904     
  0.64832797025299260       0.48653805348380730     
  0.64736912476952979       0.47602742321232439     
  0.66401240747067336       0.48301153238753103     
           6
  0.15289784020808558       0.39083907914855875     
  0.13622393038081507       0.39459755208828412     
  0.13171389845525766       0.38908381231086986     
  0.14448790534441650       0.37168635106444525     
  0.15302171237705034       0.37078785921618346     
  0.15896462364432581       0.37877491671825952     
           8
  0.68894404127246689       0.32673317658952361     
  0.69570711973752775       0.33281502402917773     
  0.68429670724865332       0.33193317846807774     
  0.67633140318650198       0.33605865418112563     
  0.66875211829259107       0.33662799077799865     
  0.66607454723303339       0.31068326951012126     
  0.68378990748589519       0.31476662496654467     
  0.69254268855488388       0.31571592561927919     
           5
  0.71756001571189121       0.70060596830737754     
  0.70073498786188559       0.69925328351063276     
  0.69605534644679645       0.68695565115132173     
  0.69970371201379522       0.67694757060757837     
  0.71079767627446000       0.67603362347803941     
           4
   8.6956521739130432E-002  0.62992922143579377     
   7.6324823714982865E-002  0.64140679450271343     
   7.7806433480911083E-002  0.62828631339029717     
   8.5760276583628572E-002  0.61700450103642523     
           6
  0.17072885441219676       0.63210625414091215     
  0.15601346513706826       0.63214812686027388     
  0.14774968843934216       0.62748024768986876     
  0.14873491988074800       0.61778965170001821     
  0.17493065052565007       0.61929360491022445     
  0.16985114275361332       0.62511308914953956     
           6
  0.69387558842094688       0.64129431158366146     
  0.68756713036928119       0.64091806620048464     
  0.67648204290396841       0.63646763900806924     
  0.67145847206153397       0.62416772149564104     
  0.67116188119568088       0.61608993556277236     
  0.69362479553286982       0.63015976911829774     
           8
  0.75938263400931116       0.45222698656386512     
  0.75888829497037169       0.45901980971788969     
  0.75106794335739413       0.45736565260377204     
  0.74097819470441251       0.45854253875970463     
  0.73386582767416919       0.45512138081905212     
  0.73773426025882405       0.43441949474682462     
  0.74529704847901213       0.43479257573523622     
  0.76075433969196804       0.44662866354701553     
           6
   2.6023562587393224E-002  0.46800397725861420     
   1.7241489959232775E-002  0.46933279777622383     
   8.2082615649121688E-003  0.45342818388578038     
   1.6178720971647992E-002  0.44321458032249411     
   2.6575738174479530E-002  0.44410730646840235     
   3.2361606991691300E-002  0.44014536040325120     
           8
  0.13219986257428859       0.18555859473256528     
  0.13075102137579239       0.19301636298393079     
  0.12183843140435811       0.19544496310278817     
  0.11402169216280990       0.19268126308134556     
  0.11187996213862482       0.17741840797649033     
  0.12136798105713732       0.17097634132377637     
  0.12777007263702697       0.16857322277452561     
  0.13626176843820720       0.17087196337998917     
           6
   9.9185806429063592E-002  0.35189991695492057     
  0.10110719807590894       0.34238450062598019     
  0.10424224443928179       0.32928296295861570     
  0.11278151622008585       0.32749648932549069     
  0.11786851106949410       0.32386697542604836     
  0.12271873099246303       0.32832345698234361     
           5
  0.11290934340518699       0.56482416767937405     
   9.7765369765708210E-002  0.56398962799051078     
   9.2721911779292912E-002  0.55747116395714591     
  0.10492623337179438       0.54788669758591657     
  0.11388895782205445       0.55346224455484239     
           8
  0.69733454256572469       0.51474006562169183     
  0.69041754929694232       0.51836423192745495     
  0.68130092004693799       0.52266283555044257     
  0.67154566072285937       0.51973894614435012     
  0.67326496376594891       0.51396719016102699     
  0.67434365211859815       0.49852882864665038     
  0.68552576430210355       0.49537295218886640     
  0.69743697465675869       0.50528147303535742     
           4
   3.4950246719758875E-002  0.38312476454917160     
   1.3470983915272815E-002  0.36372214419403398     
   2.3288226759959299E-002  0.35741768259455498     
   3.6554628361090871E-002  0.36237176438563029     
           6
   2.9744572019335974E-002  0.52807120945464914     
   1.7399917598465157E-002  0.52834327123029423     
   8.3448984976050977E-003  0.51713826965884013     
   1.0827454312338718E-002  0.51115192103575890     
   1.5121610440508460E-002  0.50506730111254805     
   3.1623481913318069E-002  0.51552567224755119     
           8
  0.91191353858839219        4.2544125232032576E-002
  0.90242942135057491        5.2739069808683564E-002
  0.89516476131246980        5.5370113866812766E-002
  0.89176525770759274        4.4059664343432406E-002
  0.89367925061434539        3.3838962317708714E-002
  0.89025983971359068        2.7971273345197868E-002
  0.90105585425161216        2.7052568971794110E-002
  0.91684549549690353        2.9744058572167588E-002
           3
  0.45702730030333671       0.46208291203235591     
  0.44657922686591045       0.46860543806113569     
  0.44852978396423671       0.45469240860191851     
           8
   8.5759423520429506E-002  0.55749807055203449     
   8.0133477104024520E-002  0.55998968280188510     
   7.4362060824103293E-002  0.55956474502400599     
   6.2666492821506492E-002  0.55733106822853518     
   6.0491931442336874E-002  0.54667565558988696     
   8.4494470351521619E-002  0.53351714127020289     
   7.9474241355697403E-002  0.54647230497359900     
   8.3270595139957160E-002  0.55079541108629104     
           7
  0.23546870445933299       0.94459423178691004     
  0.23133662953269471       0.95458014691398863     
  0.21176395719555599       0.95510069925229890     
  0.21623629576118955       0.94532883400242873     
  0.21594878241797394       0.93526029723593584     
  0.23032927505118406       0.93247349022924253     
  0.23884676916660469       0.93560581162435230     
           4
   7.7516601364106125E-002  0.69576540332230807     
   6.2257668581246081E-002  0.71022663074405412     
   5.5644439217166386E-002  0.68792917312306845     
   7.1095299139408472E-002  0.68440856218945678     
           3
  0.20306121731799040       0.33540438959026841     
  0.19223457004009931       0.31605999114511979     
  0.20062800916566928       0.30525952708269644     
           8
  0.53329294570738350       0.74810754631166465     
  0.52853524537336460       0.75306105820710068     
  0.52096118054041507       0.74862995510027763     
  0.51424075592541540       0.74847066614555591     
  0.50564183144995511       0.73683701303196436     
  0.50879716503003569       0.72467804420426363     
  0.51960086053546362       0.72920801998699702     
  0.53221637968052582       0.73739316788454834     
           7
  0.16291719650678160       0.38259756627121616     
  0.16701526142278456       0.38832076284796119     
  0.14948376233991154       0.38325861533039290     
  0.14654583785746328       0.37096345154964183     
  0.14607071653088990       0.36072368407352595     
  0.15659096809515496       0.36175689387035631     
  0.16076845298281092       0.37310414560161781     
           4
   6.6200103676128816E-002  0.38617082736177544     
   4.2432804694621712E-002  0.39635595679879204     
   4.2139124309635130E-002  0.37537195326960920     
   5.9359140951505934E-002  0.36936428940959742     
           3
  0.54817572254802927       0.15263365713802221     
  0.56218402426693626       0.13852376137512640     
  0.57163938181809437       0.13954613299887816     
           6
  0.82416566470832031       0.11183641289565159     
  0.80946133836387690       0.11234495307696998     
  0.79376008826042532       0.11149931586813022     
  0.80061065041302248       0.10417543121923215     
  0.79735436546009630        8.8856753705124719E-002
  0.80616984581627593        9.2607592314690415E-002
           8
  0.80411494001905781       0.28906497105830664     
  0.80410062629954726       0.29578496532955173     
  0.79850182738126230       0.29087455707451176     
  0.79058422946559348       0.29310253294158278     
  0.78943711672947159       0.27134033281461750     
  0.79555958832014917       0.26788693919465328     
  0.80956497729028543       0.26664515807283407     
  0.81615319927328256       0.27049091372810852     
           7
  0.16714772300007347       0.79017896486077666     
  0.17144446837348187       0.79670045490295316     
  0.15491720615854304       0.79225856745102285     
  0.14727325444700479       0.78786941680749578     
  0.14463126347553867       0.77260387564193234     
  0.15155375396583343       0.76863750701273825     
  0.17095059544791358       0.78041591072546945     
           3
   4.3478260869565216E-002  0.66329625884732057     
   3.4238996207667675E-002  0.67752093745328978     
   2.8046543413130471E-002  0.64851962394845242     
           6
   4.1149347527665900E-002  0.50144061803666684     
   3.3804048595264910E-002  0.50887249513112498     
   2.8556036161434147E-002  0.49556559181613669     
   2.8658607444497677E-002  0.48844639966954079     
   4.7289384029717378E-002  0.48408734227081962     
   5.3952920358464565E-002  0.48637658176077653     
           8
   8.1841463849510271E-002  0.38164661215169121     
   8.2947491531942183E-002  0.39294167964593901     
   6.9793342991134877E-002  0.38903336232653402     
   6.7463394510669294E-002  0.39425039286009600     
   6.4259785219533877E-002  0.36782285500478645     
   7.0748594988374394E-002  0.37005960440313296     
   7.0122953200380589E-002  0.36475189220557297     
   7.7959960499940417E-002  0.36813616086137502     
           8
  0.14849486190953926       0.55940970932616341     
  0.14461262868705860       0.56454361878433923     
  0.13522731601174079       0.56613476821527509     
  0.12844409651758873       0.56156732720648295     
  0.11984002963794049       0.55623929118773430     
  0.13636244077314688       0.54097175109795825     
  0.14587631661913084       0.53634837780889411     
  0.14857713873560646       0.55122626080927417     
           8
  0.21368352314376360       0.33734409911019347     
  0.20841109177862879       0.34638690401690286     
  0.19561724739112599       0.33948887820271773     
  0.19640566684459615       0.32949202036541214     
  0.19175573619131323       0.32196180551274795     
  0.19487288066041639       0.31709647846130612     
  0.20581981466741339       0.31795183878758337     
  0.21721206344569710       0.32266954805680848     
           5
  0.74185817773256524       0.48486923660333664     
  0.73022341286762005       0.48447984721749437     
  0.72089323157862173       0.48532416369981146     
  0.72560231641181860       0.46698463326560807     
  0.73646234098836483       0.45998592975572905     
           7
  0.78078543260958622       0.21399680536919963     
  0.77922815906401877       0.22280086727205328     
  0.75553577845788533       0.22477440642826474     
  0.75360051500823033       0.21752577625958922     
  0.75790719982968746       0.20563156109339917     
  0.75822687633417496       0.19986232366533987     
  0.76772428916010360       0.19674698515164402     
