   1000.0000000000000     
   181.00000000000000     
         194
           8
   79.000000000000000     
   84.000000000000000     
   100.00000000000000     
   23.000000000000000     
   32.000000000000000     
   90.000000000000000     
   8.0000000000000000     
   50.000000000000000     
   29.000000000000000     
   96.000000000000000     
   26.000000000000000     
   17.000000000000000     
   92.000000000000000     
   41.000000000000000     
   16.000000000000000     
   95.000000000000000     
   41.000000000000000     
   69.000000000000000     
   30.000000000000000     
   83.000000000000000     
   11.000000000000000     
   84.000000000000000     
   38.000000000000000     
   29.000000000000000     
   88.000000000000000     
   33.000000000000000     
   77.000000000000000     
   76.000000000000000     
   74.000000000000000     
   16.000000000000000     
   31.000000000000000     
   33.000000000000000     
   76.000000000000000     
   16.000000000000000     
   28.000000000000000     
   67.000000000000000     
   22.000000000000000     
   61.000000000000000     
   72.000000000000000     
   27.000000000000000     
   96.000000000000000     
   2.0000000000000000     
   88.000000000000000     
   88.000000000000000     
   6.0000000000000000     
   22.000000000000000     
   7.0000000000000000     
   20.000000000000000     
   69.000000000000000     
   72.000000000000000     
   58.000000000000000     
   87.000000000000000     
   32.000000000000000     
   25.000000000000000     
   4.0000000000000000     
   61.000000000000000     
   1.0000000000000000     
   61.000000000000000     
   84.000000000000000     
   75.000000000000000     
   16.000000000000000     
   75.000000000000000     
   100.00000000000000     
   87.000000000000000     
   30.000000000000000     
   6.0000000000000000     
   8.0000000000000000     
   79.000000000000000     
   31.000000000000000     
   2.0000000000000000     
   53.000000000000000     
   75.000000000000000     
   76.000000000000000     
   94.000000000000000     
   16.000000000000000     
   87.000000000000000     
   58.000000000000000     
   13.000000000000000     
   92.000000000000000     
   89.000000000000000     
   93.000000000000000     
   15.000000000000000     
   90.000000000000000     
   5.0000000000000000     
   35.000000000000000     
   43.000000000000000     
   64.000000000000000     
   35.000000000000000     
   17.000000000000000     
   9.0000000000000000     
   59.000000000000000     
   98.000000000000000     
   10.000000000000000     
   2.0000000000000000     
   89.000000000000000     
   5.0000000000000000     
   17.000000000000000     
   19.000000000000000     
   43.000000000000000     
   50.000000000000000     
   86.000000000000000     
   27.000000000000000     
   6.0000000000000000     
   34.000000000000000     
   46.000000000000000     
   39.000000000000000     
   12.000000000000000     
   7.0000000000000000     
   76.000000000000000     
   30.000000000000000     
   24.000000000000000     
   42.000000000000000     
   89.000000000000000     
   64.000000000000000     
   29.000000000000000     
   27.000000000000000     
   49.000000000000000     
   54.000000000000000     
   73.000000000000000     
   90.000000000000000     
   12.000000000000000     
   42.000000000000000     
   3.0000000000000000     
   36.000000000000000     
   84.000000000000000     
   13.000000000000000     
   52.000000000000000     
   28.000000000000000     
   17.000000000000000     
   21.000000000000000     
   37.000000000000000     
   72.000000000000000     
   16.000000000000000     
   52.000000000000000     
   83.000000000000000     
   45.000000000000000     
   86.000000000000000     
   2.0000000000000000     
   80.000000000000000     
   36.000000000000000     
   89.000000000000000     
   89.000000000000000     
   56.000000000000000     
   19.000000000000000     
   36.000000000000000     
   86.000000000000000     
   78.000000000000000     
   45.000000000000000     
   3.0000000000000000     
   72.000000000000000     
   82.000000000000000     
   67.000000000000000     
   65.000000000000000     
   26.000000000000000     
   20.000000000000000     
   80.000000000000000     
   67.000000000000000     
   24.000000000000000     
   42.000000000000000     
   95.000000000000000     
   6.0000000000000000     
   78.000000000000000     
   92.000000000000000     
   34.000000000000000     
   50.000000000000000     
   93.000000000000000     
   38.000000000000000     
   48.000000000000000     
   73.000000000000000     
   48.000000000000000     
   23.000000000000000     
   66.000000000000000     
   24.000000000000000     
   6.0000000000000000     
   41.000000000000000     
   61.000000000000000     
   12.000000000000000     
   44.000000000000000     
   40.000000000000000     
   49.000000000000000     
   23.000000000000000     
   15.000000000000000     
   45.000000000000000     
   7.0000000000000000     
   55.000000000000000     
   26.000000000000000     
   14.000000000000000     
   19.000000000000000     
   87.000000000000000     
   49.000000000000000     
   11.000000000000000     
   48.000000000000000     
   64.000000000000000     
   54.000000000000000     
           1
  0.50000000000000000       0.50000000000000000     
           8
  0.69892443669441062       0.73490225091562633     
  0.69049947406994794       0.74060883515917864     
  0.67880869160183255       0.73907470560371435     
  0.67540614005507282       0.72836714318982310     
  0.67984355430709364       0.71832837691754214     
  0.68871215769542504       0.71935589369616038     
  0.69828198195162894       0.71856168662148545     
  0.70370221319977799       0.72459098401275657     
           5
  0.99152170738735346       0.82933248157394102     
  0.98541255049729692       0.84317491722765670     
  0.96463111992547679       0.81775952713978928     
  0.97205378211449756       0.81428577962580961     
  0.98998012351852283       0.82042962628313698     
           6
  0.43556227466043368       0.37451393275977241     
  0.42160305997473813       0.37523459240957946     
  0.41731127795912148       0.38116825908973073     
  0.41683000219258842       0.37055551363027173     
  0.41507838751188858       0.35212073717657300     
  0.42895928783533699       0.35534156645979570     
           6
  0.78813511598912100       0.54094238438622633     
  0.79085508716452668       0.55243607296760566     
  0.76841794781269934       0.54884426600925085     
  0.76800195147416495       0.53524038757231862     
  0.78007770916627939       0.53192879984295305     
  0.79139814263153219       0.53267040718474534     
           4
  0.17660448900748704       0.60966332249416755     
  0.17561647328352187       0.60051816687560533     
  0.17917499331057365       0.59224602711599483     
  0.19000000000000000       0.59599999999999997     
           6
  0.78842397601284397       0.75576408448260568     
  0.77836621697621589       0.75975806869913831     
  0.76413229682075867       0.76410231133792528     
  0.76133329028086327       0.74443222699816192     
  0.76862681212604367       0.73934903699317167     
  0.77456444568708538       0.73451709916643515     
           5
  0.24891552727760854       0.73694488805142966     
  0.22720600885743680       0.73518023749971551     
  0.21894191752558848       0.74144340173635315     
  0.22866185478827974       0.71755447105390258     
  0.24109310164152745       0.71674718372893653     
           8
  0.86121901978145021       0.36110813297556060     
  0.86499384421370862       0.37351027079951543     
  0.84833948615755661       0.37139381017555934     
  0.84072019653258978       0.37057767979665612     
  0.83579722379672172       0.36088935524533822     
  0.83624544044166982       0.35023236276861730     
  0.84018371711715956       0.34370383307037961     
  0.84643991803741059       0.34948431605522573     
           3
  0.13877577212703462        8.1782838006898118E-002
  0.12528067445519797        5.6190225058432706E-002
  0.15387125736588106        6.7314866726689335E-002
           3
  0.89100000000000001       0.28499999999999998     
  0.88358409470874200       0.27630637308523998     
  0.89283401574851917       0.27388063521282363     
           6
  0.47092815444515129        2.4943012548467498E-002
  0.46310869021830975        2.3085071048346638E-002
  0.45403164657314887        7.8254493906293882E-003
  0.46435839790630440       -1.5154935606547619E-003
  0.47244907550124005        8.9239675816709697E-004
  0.48198201893902104        8.8951197931856699E-003
           3
  0.53700000000000003       0.16200000000000001     
  0.52754755239489537       0.15528713320952403     
  0.55033197460579275       0.14919049086571110     
           5
  0.64892912409115111       0.36093262099261031     
  0.65102795820895309       0.36861301512950645     
  0.63174223284770226       0.36683392761260913     
  0.62802083682008114       0.34085636078083920     
  0.64496704377376701       0.34458504857833394     
           6
  0.21939286892977658       0.29217684752015050     
  0.21776429305709941       0.29853357013717624     
  0.20917432495862573       0.29706567218817320     
  0.20423213445898961       0.27871081465933645     
  0.21710837441454564       0.27593373824449485     
  0.22864052579212621       0.28312972188931967     
           5
   8.3455182298486544E-002  0.87627321474305719     
   6.2008274165507526E-002  0.88762974363648273     
   6.4988632375631517E-002  0.87487840732606992     
   7.3886690371991581E-002  0.86802724496878203     
   8.3723802128174110E-002  0.86466620582981213     
           4
  0.39461347933408247       0.81450231569252152     
  0.37605036060240493       0.82457293628855155     
  0.37103908828408860       0.80816771608646987     
  0.39921551053652421       0.80510811563299756     
           3
  0.61030235929289045       0.18767543506770332     
  0.59901586022507280       0.16004904234219189     
  0.60799856229513993       0.16134192475805381     
           8
   9.1255736486852423E-002  0.24310017518889487     
   8.3632876745196358E-002  0.24514637814825110     
   7.1708788408022389E-002  0.25152079072267280     
   6.7731839700921517E-002  0.23674133047545753     
   6.2124222884139824E-002  0.22458700779234986     
   6.8840313179833648E-002  0.22729822612143163     
   7.7921643084454123E-002  0.22029908371469575     
   9.0334367532214327E-002  0.22251215003262531     
           5
   8.5158970847994855E-002  0.74251207641659700     
   7.1806783903173826E-002  0.72993924011513422     
   8.0495450049720321E-002  0.72429519186401892     
   9.9044020355728693E-002  0.72117031918393448     
   9.6454181017513144E-002  0.72795010182154796     
           6
  0.65385138127084752        5.8510986038154113E-002
  0.65699564135712041        6.5818604919650220E-002
  0.62752893914114094        7.1666022436548793E-002
  0.62793188279078871        5.4489212358604405E-002
  0.63296042710797495        4.6858494894198771E-002
  0.64332715759759740        4.9361747072373535E-002
           3
  0.30896687260234373       0.27609900927022285     
  0.29277961780821926       0.26642650675078083     
  0.30299999999999999       0.26100000000000001     
           8
  0.78563260145429770       0.77613955800726742     
  0.77067518806440616       0.78516556690380801     
  0.75739623837253478       0.77761819250650499     
  0.75840167728057784       0.76526838025044752     
  0.75945238271438287       0.75932965206400305     
  0.76452280839332731       0.76408085179351304     
  0.77711885712040751       0.76702613846041678     
  0.78579280137861662       0.76541245105937195     
           8
  0.11868338086894781       0.26686603535512621     
  0.12164827424768172       0.27709105827622882     
  0.11257395811306499       0.27624006406727097     
  0.10531939016352439       0.27593589047956218     
   9.3862208250477086E-002  0.27144600655872669     
   9.3483600457395968E-002  0.25757856621234382     
   9.9920592349670032E-002  0.25294661607344315     
  0.11038835488311440       0.25613274633883337     
           4
  0.76023100302050073        5.6210977171321452E-002
  0.75086818989717008        4.7218002791628175E-002
  0.77436462037498976        3.2007598820463362E-002
  0.77870416148899257        4.2945042039043695E-002
           8
  0.82515397434898008       0.87661021932963090     
  0.81829628422746337       0.88291154069873645     
  0.80905012269206122       0.88565798406888696     
  0.80126052162020622       0.88278781215302771     
  0.79630924352686427       0.86886097854616584     
  0.80404607812153506       0.86499895190861131     
  0.82043445714916508       0.86024108209966499     
  0.82496254161570581       0.86532978243883296     
           5
   4.5490752140279131E-002  0.17933895560925825     
   2.5732287817220534E-002  0.18469463058328506     
   2.3211456512746309E-002  0.15685203015899257     
   3.5960947760577879E-002  0.16122909718636216     
   4.4385934082286339E-002  0.15592079255294000     
           7
  0.83716398211235954       0.92518387417856174     
  0.81608896844079459       0.93187480489322816     
  0.81397515984455593       0.92397948980775202     
  0.80641015854590070       0.92404063400049252     
  0.80867462054536232       0.91792367341272296     
  0.81444362428574968       0.90786814389319015     
  0.83600010018414062       0.91492379678093971     
           4
  0.91274036841367101       0.80359282457392400     
  0.89389403839396064       0.80006030954434182     
  0.89665321371319096       0.77893991351007652     
  0.91931517166083987       0.78914078838150614     
           5
  0.53568112047797578       0.28553191150110840     
  0.53900000000000003       0.27300000000000002     
  0.54330635808236394       0.26058516294707029     
  0.55038878827238691       0.25957310090033653     
  0.55171902233391423       0.26820832103397718     
           4
  0.56134952426335116       0.84877382907224042     
  0.56030725376099733       0.83931523882423220     
  0.56782442091754848       0.82112172496677061     
  0.57599999999999996       0.83599999999999997     
           8
  0.49751068456623121       0.41904778658184344     
  0.49548941936470281       0.42632983530081631     
  0.48486824280867730       0.42219089342167015     
  0.47573433836139034       0.42568368071392748     
  0.47821509231000164       0.40859900649368608     
  0.48051108174588048       0.39800875122809692     
  0.49730573475709222       0.40061435150349783     
  0.50194733339282172       0.39614451510132043     
           7
  0.43861246220690198       0.72733468503949195     
  0.44438805127870029       0.73366089374208210     
  0.42907479786499558       0.73428565317033878     
  0.41594145821988998       0.72226023792768967     
  0.42219322942379067       0.71645576274757039     
  0.44111392325971027       0.71251524611882966     
  0.44306130871872501       0.72084205565868797     
           8
  0.73764219820044508       0.25969066864293017     
  0.72146107786067193       0.25882201360413609     
  0.71188185856131936       0.25887694181463211     
  0.71195599048409730       0.24750647725742633     
  0.71448595809409576       0.24030711102470356     
  0.71944716006411991       0.23242868642561307     
  0.72811228565357500       0.23976284461233704     
  0.73764848261049942       0.23958217935720352     
           6
  0.54182309498083303       0.83752016964022946     
  0.52287771411829043       0.83517017928947723     
  0.51695117859659956       0.83793101088371857     
  0.52207859951819058       0.82618934349095319     
  0.52012754786545046       0.81911010054389777     
  0.54053954581085495       0.82770186509559307     
           4
  0.45685836294422782       0.22638682988366665     
  0.44689500019566741       0.21383447202773884     
  0.46378616645378379       0.20404081513629038     
  0.47048194275024074       0.21109371323019360     
           4
  0.40899932217879920       0.16323869980983644     
  0.38611130512329916       0.15701211361137066     
  0.40776558366808618       0.14190680431994110     
  0.41309414802688021       0.14749016341227353     
           7
  0.95709448496980687       0.59715316318076950     
  0.95733265449730709       0.60812284394810801     
  0.94839294018252052       0.60637439238865787     
  0.93053768782268831       0.60058370533171490     
  0.93378394359198902       0.59333744416699985     
  0.93549839244328992       0.58434632898919581     
  0.95696099427123860       0.58529259331301198     
           8
   1.8370394347922370E-002  0.33121644803184569     
   2.0789101749558316E-002  0.34002529588018549     
   2.6724302733549879E-003  0.34113343737810198     
  -7.2473220634478135E-003  0.33859049778744005     
   9.1626112558940726E-003  0.31890390157565596     
   1.6525441543878625E-002  0.31567994589532794     
   2.3344154306701257E-002  0.31437164456423411     
   2.1367803524112730E-002  0.32214691799439499     
           3
  0.63700000000000001        8.5000000000000006E-002
  0.62881612707179968        8.7890270802115228E-002
  0.62154746226158697        7.0688655767523520E-002
           4
   8.4613161680422391E-002  0.78562712356237929     
   5.9911800419264916E-002  0.79218747203117890     
   6.2585063444984435E-002  0.77304070325021246     
   6.7965307266781516E-002  0.76708681355419672     
           7
  0.58881009981747023       0.63967534193944287     
  0.57830567408799372       0.64894372130407629     
  0.57485103788313796       0.64296329375189221     
  0.56791478294627162       0.64899673876129360     
  0.57037265949474969       0.62460330770873806     
  0.57929364752576795       0.62594553064455982     
  0.58119713467856704       0.61942427976248216     
           5
  0.57061057762902179       0.20259864327179491     
  0.55924339462074679       0.20195352303528832     
  0.55459374512751891       0.19684316653113426     
  0.55791771269914225       0.17552819178223061     
  0.57338635406184635       0.17759938301157968     
           8
   3.9611482212580866E-002  0.53387475328103795     
   2.8913886986150258E-002  0.53410555085737210     
   1.8163624769984347E-002  0.52927623543313640     
   1.2624139437677845E-002  0.53063265070655097     
   1.4458440395601646E-002  0.52430678644101347     
   1.8742783305658203E-002  0.51907464168182416     
   2.3741490053272054E-002  0.51288616869029546     
   3.1566572576542808E-002  0.51487289147487647     
           6
  0.44492408161291191       0.21348161602842103     
  0.43541214374167442       0.21276038495151328     
  0.43233899022004124       0.20610039181822482     
  0.42001803812096655       0.20610571876587230     
  0.43631569563151540       0.18535814020001321     
  0.44051164374566854       0.20324148951621637     
           6
  0.37339343959914068       0.69592446858159818     
  0.37033067377032608       0.70668721731422046     
  0.34965105973972316       0.69513975303694298     
  0.34395932633616705       0.68370685845892454     
  0.36064884987557849       0.67962939314871251     
  0.37047497503825910       0.68021253062613585     
           5
  0.70797980361527579       0.38102204174403664     
  0.68971940428886724       0.38680965941485168     
  0.68456393263443982       0.36715965176521692     
  0.68418363386210457       0.35630456536042282     
  0.69738930915241004       0.35820212105893362     
           7
  0.20300000000000001       0.30700000000000000     
  0.18836638458295277       0.32025144021120339     
  0.19487038790989167       0.31030555086614664     
  0.18825253849131621       0.29279871410544317     
  0.19765605039748171       0.29429800171311504     
  0.21791453518414333       0.30027077318137479     
  0.21102108486485563       0.30277065369082728     
           3
  0.65538441560304639       0.39942137755979007     
  0.62734020924274114       0.39291587608096951     
  0.64100000000000001       0.38900000000000001     
           3
  0.83722590157894217       0.62734716622810593     
  0.82396183839734971       0.61853623195363738     
  0.83956036534495038       0.60330948983658561     
           5
  0.38258640293331458       0.51287707853064057     
  0.37507375518843328       0.51273041752053761     
  0.36569596801113791       0.50352965629275448     
  0.36366775607690388       0.48835589523078887     
  0.38950073662976475       0.48417241078479017     
           6
  0.82607814879877728       0.99186492309781937     
  0.81535263979758854       0.99443854232263107     
  0.80238254288220201       0.99139380822433743     
  0.80559515359758516       0.98446268667589776     
  0.80980214679455109       0.96795224695540916     
  0.82049607859364260       0.96901551062679736     
           7
  0.59170764031268042       0.23101196015968592     
  0.57604511740860198       0.23936849883848235     
  0.57077278788750296       0.23594478887135706     
  0.56688408485490949       0.22697619351263926     
  0.56469354772372360       0.21824272452473450     
  0.58083306660441392       0.21143378663429371     
  0.58813070300282133       0.21263860818196417     
           7
  0.90174561420048216       0.26108083070165966     
  0.90415145663230334       0.27369662674325262     
  0.89486197379446974       0.27129271229241758     
  0.87740672249818219       0.26173445505854948     
  0.87699077337849585       0.24892418380029532     
  0.89772790097593813       0.25269025566433218     
  0.90383368100114991       0.24495813709967754     
           7
  0.52290345783807490       0.33253329035271673     
  0.50822065337252620       0.33631307740393507     
  0.50069303107602336       0.33595026542792605     
  0.50403218129299499       0.31834887290942493     
  0.51300133931127156       0.31203537275140819     
  0.52896768189589005       0.31788815762861372     
  0.52695193402500851       0.32360205572921935     
           3
  0.11176300230763421       0.35438716373819373     
   9.4237449670044257E-002  0.35771466938619073     
   9.6377226115136244E-002  0.33056198614106630     
           3
  0.33174652646619490       0.98394966760136682     
  0.30790111238719547       0.98026414823784458     
  0.30493230804077609       0.96717277596130169     
           6
  0.23709640180981006        2.1400463781651988E-002
  0.21210270178118523        1.8115341104192509E-002
  0.20933412553474640        6.9649226141084925E-003
  0.21016202947819387       -3.1140242192732159E-003
  0.22066360499545146        2.5793641858779422E-003
  0.23715364333402408        9.0468509645336391E-003
           8
  0.48377058232999887       0.25539223309440573     
  0.47506855297136025       0.25646927158396948     
  0.47588140058646461       0.24479975242470836     
  0.47165250118124524       0.23889161496749017     
  0.47492673517185946       0.23038568541149529     
  0.47896677410006444       0.23681265467148657     
  0.48953899118023120       0.23533838473946955     
  0.49912924531652131       0.23215010733382124     
           5
  0.37772523503747857       0.98732730303948957     
  0.37204221818057392       0.99666283896429253     
  0.34938437948461776       0.99282894275784705     
  0.36010484069434912       0.96828237704381792     
  0.36902787602688941       0.97260095439444838     
           8
  0.65681637460653319       0.79333237851957850     
  0.64231727240528014       0.80419717940463820     
  0.63389742076005129       0.80150606482943276     
  0.63466931187928377       0.79299884943072874     
  0.63705710987569864       0.78523560000357762     
  0.65480681763013870       0.77736607119540790     
  0.66313684193045819       0.77909582870168592     
  0.66310177081170996       0.78687573897588414     
           8
  0.89350635012752244       0.26818957012859412     
  0.89176568871195594       0.27668310943544933     
  0.88351034664037509       0.27283187965242367     
  0.87544049789990852       0.27473548145656701     
  0.86487902752802970       0.26823382398131856     
  0.86625511359390572       0.26168762452469618     
  0.86932532218752157       0.25028485473740764     
  0.88602829023272689       0.25214070243436965     
           4
  0.60289933140525820       0.80846742800760019     
  0.59278146211643679       0.80803295616041304     
  0.59999999999999998       0.80000000000000004     
  0.61395946587713512       0.80350112881708902     
           4
  0.50240607285454064       0.73510851862355997     
  0.48742769757480825       0.73758710990209364     
  0.49299999999999999       0.72199999999999998     
  0.50591548385986573       0.71870974964901890     
           6
  0.55346112268694903       0.22523720630012539     
  0.54376798823876060       0.22811140632329829     
  0.53397891674241860       0.22163639365651902     
  0.56059096557695232       0.20384169387795237     
  0.55726999951985179       0.21273783867666060     
  0.56349994397958014       0.21728298139847615     
           8
  0.72652746239077981       0.93122251029444714     
  0.72109269501201201       0.93234560372987474     
  0.71243890545895328       0.92694035565451938     
  0.70445535487166011       0.93335547355449922     
  0.70001838870103861       0.91949250163923824     
  0.70084273772096617       0.91253123974097505     
  0.71185245428982480       0.90887258573570562     
  0.71594970384361134       0.90242662886357872     
           3
  0.63192233914192331       0.17484134054051795     
  0.62663956623435524       0.15305884552246340     
  0.64516800866476942       0.15740383267045832     
           8
  0.46501696320932784       0.17691049363220479     
  0.45821175977941558       0.18524165731776490     
  0.45089551271462369       0.18557378851794096     
  0.44749514787183758       0.18018551752125433     
  0.44148253615190552       0.18216522956568326     
  0.43957775138827770       0.16687753524895646     
  0.44054789682744228       0.15857059462751327     
  0.46142730207390431       0.16471630126248893     
           6
  0.71156354296467350       0.69724129879319396     
  0.69789984833216823       0.69841001419843352     
  0.69639166112796469       0.68501734048721086     
  0.69910869440109602       0.67856634781130065     
  0.71672939506662203       0.67132699205914004     
  0.72071522221984063       0.67816328487039090     
           3
  0.91961862170508712       0.91385584331349434     
  0.90887620531181856       0.91516070425531670     
  0.92400000000000004       0.90500000000000003     
           3
  0.32610739713931436       0.67536312516964370     
  0.31687782642772033       0.67405776387782101     
  0.32600000000000001       0.66200000000000003     
           3
  0.77361777350423599       0.21044375054872538     
  0.77373879438712467       0.20131998189209505     
  0.78600000000000003       0.20300000000000001     
           7
   3.4634522956734103E-002   4.0423416660106327E-002
   2.7359454547663736E-002   4.1327084694261954E-002
   2.1094297327279979E-002   4.2181276714075705E-002
   1.5631566744724316E-002   4.4816438096060229E-002
   1.0333041696786623E-002   4.1181500291458201E-002
   2.1977637530267127E-002   2.0840275949021218E-002
   3.2539107624043634E-002   2.7337259358431201E-002
           5
  0.54412875998404686       0.67142576670247434     
  0.52974312512833255       0.67194506576107049     
  0.51788034297118712       0.67141525125822810     
  0.51442932376521844       0.66336043946676349     
  0.53291159067045391       0.64601678934693052     
           8
  0.85583421911001334       0.26192935863612576     
  0.84927885552299687       0.25734469807105875     
  0.83042708519234765       0.25667480389363295     
  0.83199747340741470       0.24677003010434304     
  0.83380906858361603       0.23601979963575348     
  0.84055865096230964       0.23584489613393991     
  0.85341660207442338       0.24001365065590757     
  0.85206476401405207       0.24547172915734569     
           6
  0.12637678859601240       0.45392303594477046     
  0.12575069051487797       0.46102774581983730     
  0.10703358907063104       0.46058758216938439     
  0.10470261578158731       0.44899177810142143     
  0.10915862765845714       0.43719686999381657     
  0.12200158779627499       0.44087345766194375     
           3
   8.2000000000000003E-002  0.97099999999999997     
   7.7596939427756084E-002  0.96120087314961111     
   9.5120519412343757E-002  0.95615163075923526     
           3
  0.86519840604305265       0.65655211468388575     
  0.86855971110639651       0.63411551793897569     
  0.87600000000000000       0.64400000000000002     
           7
  0.33239164916733727        3.6687132998545521E-002
  0.32709722302571137        3.9077229042324260E-002
  0.31502657038485998        3.3891486549533355E-002
  0.31498427369922921        1.4529221031070634E-002
  0.32648795319458895        1.4687914196972679E-002
  0.33511698342905610        1.2587644178299736E-002
  0.33689438328929017        2.4336941323090017E-002
           5
  0.65769723476501774       0.81925816126217643     
  0.64266090143773991       0.82204775772676042     
  0.62815874603884181       0.81303010805928988     
  0.63926140377656260       0.79980156576109607     
  0.64792038981800260       0.79824626726128856     
           7
  0.69698655462023718       0.61321922599263423     
  0.68279002526432575       0.61733779125560861     
  0.67563856619752383       0.62118928516266170     
  0.67159604959712460       0.60455272160110729     
  0.67726412482094123       0.59555429650359326     
  0.68485886180125766       0.59233847771684200     
  0.69974450590866011       0.60295918644620272     
           8
  0.14907198609508421       0.82658628892936958     
  0.14996629021891500       0.83235269444752169     
  0.13491493238405522       0.83408653011953260     
  0.12798396865136860       0.83475131697696570     
  0.13212405186247175       0.82525986647981164     
  0.13392053340661331       0.81195596011915405     
  0.14303793712060969       0.81402912881706679     
  0.15290523290331823       0.81504874722608456     
           7
  0.36540698700279611       0.74458718594900364     
  0.35168135150220031       0.74199292617427337     
  0.33569018916296328       0.72761887489530197     
  0.34144095062009294       0.72529171333532327     
  0.35370538715912730       0.71840863680373768     
  0.36277405660160333       0.71865360300578174     
  0.35953153489763312       0.72579301564574406     
           7
  0.65260711939954330       0.96387785202666409     
  0.64439523397840626       0.96745177410716454     
  0.63907611243781359       0.96341064918936603     
  0.63198978326777921       0.96175783871864373     
  0.63547453230496487       0.93948972069700176     
  0.65474709489271776       0.94007056990455351     
  0.65377539073391178       0.95361275177897253     
           4
  0.34214192040887192       0.94954272740395396     
  0.32056729710402837       0.95181003693707000     
  0.32330961577753525       0.93027377663360256     
  0.33104467821634581       0.92805976871973583     
           5
  0.83951453756365813       0.20098163326513335     
  0.83142939953291872       0.19737927159155613     
  0.82007048188685927       0.17848688277646022     
  0.83129171083578779       0.17782822441613375     
  0.83991907266120036       0.17911964568236066     
           7
  0.48452901151533095       0.26086780782174829     
  0.47213133815588054       0.26015724458916289     
  0.46387246188672182       0.25977204064795395     
  0.45525158542225158       0.24174951166948788     
  0.46916185955768369       0.23573372268899831     
  0.48386032576570820       0.24371970329052875     
  0.47883166818768941       0.24944684594135391     
           6
  0.98133778736442878       0.82151482433106993     
  0.97276508059447775       0.82726429445662875     
  0.95636869088781751       0.82311725087116894     
  0.96160127097961001       0.81855779009487117     
  0.96108261531806971       0.80835399459278556     
  0.98393434975325589       0.80199878425231241     
           8
  0.73219276096212349       0.37129676122587918     
  0.72400328976900963       0.37439490648646578     
  0.71811558835403977       0.36975508212895641     
  0.70961358469543434       0.36937133848843851     
  0.71301099556455894       0.35654481642306551     
  0.72114580158806874       0.34623579137625221     
  0.73450664360428963       0.34711120135960377     
  0.73473177011793700       0.35889544416971814     
           3
  0.27400000000000002       0.23799999999999999     
  0.27086115305031144       0.22737305483240700     
  0.28088149336006507       0.22313537338011927     
           3
  0.67809967464073562       0.11196345808334737     
  0.65982160104775733       0.10359345791987806     
  0.66018563422963950        9.2533903715828467E-002
           4
  0.57595831794390717        9.7640457320405508E-002
  0.56200000000000006        8.2000000000000003E-002
  0.56836538663809999        6.8338963051569307E-002
  0.57640378332251740        7.2175573770934323E-002
           5
  0.28407982306375068       0.15219164623115702     
  0.27248304515461741       0.15896002613172611     
  0.25419375035223052       0.15059101304124314     
  0.26205324508201105       0.13372348755951530     
  0.27827818705957896       0.14815163686962068     
           5
  0.14488450888892146       0.50042652806670695     
  0.13459688738772102       0.50733706907678322     
  0.12100477726066275       0.48575351911166031     
  0.13099528954414502       0.48311847639154837     
  0.14646776988994237       0.48684617193457125     
           8
  0.88975117848987195       0.96748373715654001     
  0.88874091611649197       0.96163085203076348     
  0.88536813385786439       0.94833343897891997     
  0.88977187760228615       0.93818201229696241     
  0.89836938527444543       0.94063695611001485     
  0.90380030572224823       0.93772377847931931     
  0.90403631026703046       0.94373923697178363     
  0.90878868696950643       0.94659047461260659     
           8
  0.93620797173295944       0.74144124506292530     
  0.92994469051770023       0.74239281294451953     
  0.92084426237476524       0.74273428667041497     
  0.91636109093665274       0.73811544071324264     
  0.91555620040001418       0.72635636631024536     
  0.92836671155811923       0.71901787048831578     
  0.93385589729799290       0.72095754640921128     
  0.94006942533334725       0.73248562508064685     
           8
  0.59160155414972682       0.97317701222878117     
  0.58741625226109917       0.97706156398400323     
  0.58451230008967969       0.98523085984848346     
  0.56411744719675050       0.98190221184394200     
  0.56335712055302201       0.96474507116794739     
  0.56963367042558144       0.96677133066282739     
  0.59390855267612219       0.95902068767278403     
  0.59312540530658764       0.96693995784882802     
           7
  0.90904382259907190       0.98773204545837223     
  0.91153950325106736        1.0014919791435231     
  0.89048231226489394       0.99340236056225517     
  0.89021760681330464       0.97650039537116085     
  0.89699870491884381       0.97165539441938187     
  0.90770789837361887       0.97776016702622648     
  0.91432490634236951       0.98112475658053111     
           8
  0.54724999677453579       0.11369076909641866     
  0.53144472218869987       0.11170060478088306     
  0.53187618245113255       0.10231287177145852     
  0.53725415496730022        8.9617790629484620E-002
  0.54294912644800208        9.2607763261583737E-002
  0.54952087156486884        8.9623015616036236E-002
  0.56106576469829561        9.0941193897703498E-002
  0.55594741712864382        9.8015475996871743E-002
           7
  0.67598454262307373       0.48283623193584524     
  0.67553810994601637       0.49204373048528038     
  0.66487048408038796       0.49304729878923881     
  0.64911188774091932       0.48976236448951466     
  0.65220374166816741       0.46496100985282207     
  0.66637469598744625       0.47105979564837802     
  0.67873110882663179       0.46982292466621939     
           7
  0.98118904090099535       0.38875355597429584     
  0.97855063112280494       0.39645865290182591     
  0.95261271312048335       0.39718639122193805     
  0.95205243508363757       0.37895346383887213     
  0.96148034680990535       0.38191617843223030     
  0.97762378293753893       0.37807912538379301     
  0.97634489771925681       0.38378257245743397     
           8
  0.38800000000000001       0.76700000000000002     
  0.37561749587029014       0.76977755682114790     
  0.37573685154961933       0.76409935420829245     
  0.37499956994318029       0.75706844805134477     
  0.38400831541811237       0.75601584429104396     
  0.38887434908800439       0.75170855499683975     
  0.40173392651326240       0.75177811226804325     
  0.39292374023159937       0.75815499698188660     
           3
  0.99004558907241702        1.0095357405648451     
  0.97720649907979018        1.0080393985877649     
  0.97699999999999998       0.99500000000000000     
           6
  0.98000736769605823       0.44426552638013289     
  0.96315851134075170       0.44221094765193658     
  0.95751824532521757       0.44710910234571094     
  0.95809649663254737       0.42165972181547062     
  0.98009764717680625       0.42139328822137384     
  0.98129348773178460       0.43442708702198102     
           7
  0.52646412776951823       0.39642556437008603     
  0.51413544464526018       0.39222612012910002     
  0.50701759749428776       0.39520552257470509     
  0.50431608536094963       0.37962653134965602     
  0.50951654331645047       0.36954524446082188     
  0.53132116630741022       0.36666766062024603     
  0.52881393575832769       0.37881710246111533     
           8
  0.98970032452580048       0.45332248620356502     
  0.98340890479982768       0.45283973852922793     
  0.97167416492143321       0.46689682882658851     
  0.96174274183012598       0.45679937188276959     
  0.96687211137082330       0.44637550354255384     
  0.97545414736149294       0.44025903469824929     
  0.98349824559739463       0.44562369441203120     
  0.98943418981852216       0.44383166291498388     
           6
  0.54432611979177148       0.16843559375112954     
  0.52137492198554092       0.16903996710773536     
  0.52633447416472934       0.16486615020125661     
  0.52798885917765193       0.15222665594782578     
  0.54503770761188364       0.15225538258641672     
  0.55120554223440144       0.15019768612619822     
           5
  0.46616268397572014        9.7151270187696009E-003
  0.45711650332196535        1.0247525648450283E-002
  0.44574757630471312        1.1723488799177090E-002
  0.45602685340408877       -9.7008446114611284E-003
  0.46606498457847273        2.1787553741774448E-003
           5
  0.56713758666484626        9.9034389031432232E-002
  0.55897230873498926       0.10012436037705290     
  0.54036568636821136       0.10198015798632182     
  0.54607059404991964        8.3372007330152015E-002
  0.56909126010533462        8.7312734131068465E-002
           6
   1.0039328937592054       0.98184595691645293     
  0.99701856341462014       0.97917431718866299     
  0.98001461943155532       0.97947128690147089     
  0.98617817559611565       0.96837083208548069     
  0.99880895410792814       0.95779940767013549     
   1.0085359659133004       0.95851438902659514     
           8
  0.77641828972658100       0.43987260407020934     
  0.78286531944430715       0.44678317496896736     
  0.76232455501241392       0.44286538843394735     
  0.75304480243349381       0.44683472420689579     
  0.75378459542105669       0.43320912837855430     
  0.75936911721531453       0.43439711470901760     
  0.75436925372301988       0.42114417985065600     
  0.78027231025183819       0.43171985943654778     
           4
   1.0060311089912415        1.0037029285172399     
  0.98356475945405852        1.0120978125598701     
  0.97632284776585354        1.0044789273688739     
   1.0025051089770920       0.99275136431626965     
           5
  0.30589612848948716       0.70865768823780839     
  0.31043204339547537       0.71962201530112790     
  0.28056837466610313       0.71737340286567264     
  0.28201309031236199       0.70127679701855838     
  0.29735032235287373       0.69503646886190273     
           7
  0.81738670327505514       0.45397402580857854     
  0.81561413087604928       0.46049458499161694     
  0.80499288214515097       0.45514260002565698     
  0.78891425504274548       0.44808246073259300     
  0.78749060097869394       0.44096937153190363     
  0.79266515152136863       0.43551918901424069     
  0.80603504932517112       0.43143200954577637     
           3
  0.77186249476906055       0.37026152438966975     
  0.78188338013010439       0.34375187770667265     
  0.79718968360560838       0.35205007600576954     
           3
  0.57599999999999996       0.10800000000000000     
  0.57632484820433305        9.8444029681254555E-002
  0.58960885201083058        9.6637981797566802E-002
           3
  0.57744991427135484       0.69666601116270033     
  0.59199999999999997       0.69399999999999995     
  0.60064031547244812       0.69297488506595095     
           6
  0.54139685626189238       0.10848303491436784     
  0.51199787663214313       0.12096883758445649     
  0.51834278603308737       0.10890592675623148     
  0.51752854380798941        9.7136235752925099E-002
  0.52462404669562968        9.5808506690805081E-002
  0.53971857889243258        9.6755400052814855E-002
           4
  0.61008160933188493       0.33861359864108875     
  0.60699999999999998       0.34699999999999998     
  0.59379356833639718       0.33239009223563282     
  0.60185437984895329       0.33576101227715655     
           4
  0.70467972474545415       0.47428285233197448     
  0.69093401195461412       0.48000864036099350     
  0.68071714728241961       0.48168880032221201     
  0.70343139432265001       0.45916582846296827     
           5
  0.69957917104776890        9.1341213657010079E-003
  0.70305086192184307        1.8858594067538349E-002
  0.67442687337407348        1.2072970695543589E-002
  0.67938603500977068        1.3352893310712710E-003
  0.69820743419493758       -5.5203823383807634E-003
           6
  0.85635566263030316       0.96312341160675019     
  0.85494403337429437       0.96951541757851201     
  0.83009633717069586       0.96837048527950531     
  0.83142655088684225       0.94523111832937556     
  0.84924586772734079       0.94427373502071199     
  0.85488662050977193       0.94755667156503953     
           6
  0.77868749946197713       0.41022194386417715     
  0.77092424936152559       0.41017555658603050     
  0.75318896841421523       0.40905529468605495     
  0.76065558224655094       0.38989340195396854     
  0.77887890884929278       0.38967736296084227     
  0.77686907899596602       0.40055745530244552     
           6
  0.86826480238632375       0.53577114920276347     
  0.85941493056570506       0.53523866829870437     
  0.84289302288585755       0.52749808125467545     
  0.85019706740594458       0.51067363480433980     
  0.85568083733715827       0.51588774137810689     
  0.86644000493145690       0.51322653574231347     
           8
  0.33569199068060013       0.77787154139391490     
  0.33112186768057444       0.78919198091887111     
  0.32114984563053139       0.78826595437961677     
  0.31317542237630314       0.79092094776559163     
  0.31460128470457727       0.77228304922053204     
  0.31420432142595373       0.76424138603398351     
  0.32671441671501539       0.76846878421355858     
  0.33732564923925840       0.76264159525993414     
           7
  0.46592259859789187       0.89482201099650360     
  0.45847574175510258       0.90028056209625695     
  0.44928720070956668       0.89704266836632340     
  0.45507333572904557       0.89201876613320785     
  0.44967909551470181       0.88276378216735185     
  0.45513977655627980       0.87711462784038585     
  0.47432705215628951       0.89017861833728851     
           5
  0.42298470647488190       0.73401189874636774     
  0.41702404113764063       0.72894048119351251     
  0.40132127269897533       0.72097580767999780     
  0.41301872858375510       0.70893948204388479     
  0.42411468319177326       0.70878200790294821     
           8
  0.89707576370538467       0.99621130071353425     
  0.89148433358581647        1.0046456599619378     
  0.88595969698578325        1.0041035804145515     
  0.88062569360410325        1.0014044904793113     
  0.87442556115780690       0.99498758123441067     
  0.87945253071323826       0.99232248522514122     
  0.89127890113740449       0.97810050662267167     
  0.89833592130793460       0.99007923870093340     
           7
  0.96531985251372421       0.94344118187738890     
  0.95184025216733914       0.95828362192444683     
  0.94854078983123757       0.95140109834811248     
  0.94272992346440676       0.94938959510916310     
  0.94654987379047051       0.93440657344209244     
  0.95684314199844867       0.92810230644239511     
  0.96815452825338111       0.93395066126660020     
           7
  0.38334819334780218       0.78441596423604121     
  0.37874717685293602       0.77943171225215957     
  0.38340727179644513       0.77150289802866656     
  0.37833984195288112       0.75423741900447050     
  0.39084072082831095       0.76072776460895120     
  0.40857927909446934       0.75406463985316108     
  0.40333182827104563       0.76015285224209073     
           8
  0.59539552935573881       0.48457256199546400     
  0.59629187297958952       0.49318420208148256     
  0.58967883367743912       0.49365570754236676     
  0.58350307849568239       0.48832313394330651     
  0.57277551554778972       0.48780871318011676     
  0.57422601086301328       0.47455307682109721     
  0.57090761832095149       0.46383700434421510     
  0.59680279461536867       0.46770015341740528     
           7
  0.56024811434604926        7.0725423777752386E-002
  0.55451647508794522        8.0112961691074847E-002
  0.54077579483684535        7.6122718331424394E-002
  0.53491043749492695        6.9828022545382576E-002
  0.53294597886557049        5.7446219475880529E-002
  0.54536221060816759        5.5741105582988344E-002
  0.55082860779428355        5.1865265705225996E-002
           3
  0.50647945170773923       0.71105024297864949     
  0.48195059941416041       0.69373307869521239     
  0.50598285109774621       0.69433399162454223     
           6
  0.95523600905946893       0.99979495169621602     
  0.94386882429475816       0.99912031104388754     
  0.92841168512727346        1.0017706612626565     
  0.93121278251366080       0.99371631805897864     
  0.93103658975872527       0.98711305897170221     
  0.95685137130983300       0.99138537473180155     
           8
  0.88760048650023726       0.44796206860304988     
  0.88243660012800673       0.44404911017328447     
  0.87717960997023670       0.44697294153826828     
  0.87354538513218360       0.44018001348659702     
  0.87335180572703408       0.42425310465586802     
  0.88694245441171804       0.42127419263640115     
  0.88953121605949903       0.42781430913151391     
  0.89631224484437344       0.42180423576863169     
           5
  0.97863339234127533       0.29868659105591738     
  0.97165918287680586       0.29547113598310110     
  0.97091255975459789       0.28860058563414609     
  0.98587194844678228       0.28134084010718247     
  0.99290385045889507       0.27978303313900710     
           5
  0.97353614488397300       0.48002776552005899     
  0.95847018319325883       0.48777573398537022     
  0.95099092748772385       0.48306151745985099     
  0.96338177904096212       0.46341591048682867     
  0.97323579016816797       0.46118881973192810     
           8
  0.45441297961594851       0.74799627560267512     
  0.45200138510584109       0.76443586887202308     
  0.44609717013559957       0.76514650146918406     
  0.43324969617743248       0.74847141972515419     
  0.43211200643882425       0.73836648137494731     
  0.44470229420298063       0.73878519098225925     
  0.45027177048561218       0.73856440154761283     
  0.45811181390421646       0.74053775406508482     
           3
  0.58299999999999996       0.83499999999999996     
  0.57558714292981894       0.84610518245960831     
  0.58077183014136813       0.82242614011281290     
           3
  0.42880666069259082       0.77445746317331798     
  0.42528981336272903       0.76017185246003849     
  0.44476737761838686       0.74862508475590961     
           6
  0.89501632072313664       0.93499765062054430     
  0.88950876215291741       0.93859223775324219     
  0.87585210713929540       0.93234525866229989     
  0.87860843315379855       0.92620188261266057     
  0.87134352578414886       0.90928628658721222     
  0.87929593491178315       0.91383157474190879     
           5
  0.92756022706617236       0.93653265827566023     
  0.91543065349969177       0.94690747128253561     
  0.90666279734912381       0.94177609716561617     
  0.90964323050050688       0.93028429859693651     
  0.91668763082646953       0.91875715663269197     
           3
  0.99700000000000000       0.37100000000000000     
  0.98821793178769990       0.37846765642981794     
   1.0051460847480416       0.36165665849580453     
           3
  0.69984732492317780       0.31180486624127324     
  0.69558426503796700       0.29754910237740162     
  0.70999999999999996       0.29999999999999999     
           7
  0.61255697711958090       0.55639608444348132     
  0.60629339474877375       0.55228613102895008     
  0.60167444895286537       0.56029053910061521     
  0.58627131971662427       0.55913917798326085     
  0.59748371257881083       0.53570297881996920     
  0.61052274147427033       0.53427973811843676     
  0.60935630440040311       0.54394061234520896     
           8
  0.26377484095037623       0.98029976576574795     
  0.25159595653306310       0.97915580777629441     
  0.24345894656323530       0.98385574932391839     
  0.23808786889173342       0.98670191569559262     
  0.23794686389751762       0.97427914794815551     
  0.23963324424670696       0.96503035178838703     
  0.25943460484401698       0.95768158601338271     
  0.26421768424849890       0.97363085999439236     
           4
  0.37697904439253294       0.80310540404411090     
  0.35857808910471067       0.80401714827235071     
  0.37200000000000000       0.79400000000000004     
  0.38263612465050384       0.79791044158090563     
           7
  0.66359229304156331       0.45573058212445672     
  0.65227787308542273       0.46176009563051118     
  0.63758901867935669       0.45815645920904402     
  0.63348504016162488       0.44580664585521429     
  0.64761209952655308       0.43711370602236088     
  0.65578315772549023       0.43887479030690740     
  0.65938954951164530       0.44936724911753645     
           4
  0.44747299435969456       0.87728313412732395     
  0.42701677069381178       0.87977309990819719     
  0.42478662445789972       0.86541489539757188     
  0.43696529573173332       0.86297655092704106     
           3
  0.75800000000000001       0.51300000000000001     
  0.74531547609729532       0.50038663711144371     
  0.76012570309787397       0.50077772214114546     
           7
  0.64875756618512004       0.47085656651014879     
  0.64857875420390498       0.48309725587669844     
  0.63132212370787089       0.47989870818132513     
  0.62491425366687081       0.47105933640686581     
  0.62510972989090874       0.45600079575969732     
  0.64867074625343013       0.45757551888749443     
  0.64707204848008049       0.46317118062673301     
           3
  0.30084400445005233       0.68835754255700154     
  0.30860239311688065       0.66956309946463144     
  0.32363558050670532       0.67676501675928935     
           8
  0.74015306161263161       0.15019708539028132     
  0.73838431304746055       0.15811953530052988     
  0.71770340743645833       0.15629712151927011     
  0.71268503114052506       0.14622591857696376     
  0.71787660895202032       0.14405926272213287     
  0.72470562610869560       0.12734105526943032     
  0.72988651482299582       0.13411859646082233     
  0.73660672434110841       0.14319630144795786     
           5
  0.85541746489308390       0.97989504988930798     
  0.84566433239967331       0.98022665641284845     
  0.83939446664339923       0.96480977025943959     
  0.84799326795976981       0.95757435006506497     
  0.86433917755631196       0.96198352410874177     
           4
  0.45800000000000002       0.78700000000000003     
  0.44329680087739104       0.79376586472032329     
  0.44858864580493463       0.77942594586228198     
  0.46779949594906772       0.78008294996749861     
           4
  0.63875232468693954        3.5440639397711540E-002
  0.62671272463009764        1.7800757809657564E-002
  0.63813750953929371        1.2149116545298684E-002
  0.64585583781450118        1.1577801358875092E-002
           7
  0.76350646570662106       0.47855391751094545     
  0.74791060347698624       0.47570128994395766     
  0.73659572267601303       0.47398538434874815     
  0.74801408601215902       0.45470429163072573     
  0.75241802268641200       0.44779543662333576     
  0.76123054870151430       0.44930980955517774     
  0.76277040821881126       0.46066413088695501     
           3
  0.60486186697951450       0.54921568188921677     
  0.61945165327112994       0.52227891663343173     
  0.62661711783467056       0.53378931054359380     
           6
  0.95947042735698485       0.38165576878116142     
  0.95184615245503679       0.39135001498000133     
  0.93379468871497917       0.38826209852798177     
  0.93467294506102805       0.37577464100266766     
  0.94514005032157389       0.36791398566404770     
  0.95247545354314955       0.37521295885643829     
           3
  0.52709582729880278       0.49254647275888985     
  0.52400000000000002       0.48199999999999998     
  0.52989792804911817       0.46992302482629023     
           3
  0.54201296198672000       0.14366724781395690     
  0.55000000000000004       0.13300000000000001     
  0.56387121524069683       0.13060686875389474     
           5
  0.57214490407192342        4.6245677247508291E-002
  0.56385844204238489        5.3716232609511680E-002
  0.55649414994610191        3.2371576218620357E-002
  0.57228089426640028        3.7249990316248725E-002
  0.57856641929150299        3.2958427269623565E-002
           4
  0.62020379578215845       0.81392313996293264     
  0.62500000000000000       0.79900000000000004     
  0.63531335755093321       0.78457826904930150     
  0.63984551350875096       0.79523123874656387     
           8
  0.66990479519502122       0.43061940974576068     
  0.66681365508326607       0.43598521910529553     
  0.66232159530444779       0.43914324224162438     
  0.65027942555281482       0.44117978483357334     
  0.64728779464044051       0.42163402575929426     
  0.64544339802641715       0.41544540929623786     
  0.66322528989005736       0.41413928527218635     
  0.67472540240103829       0.41721295651789680     
           7
  0.58517246303652659       0.12644497772422730     
  0.57885537237252893       0.13456776640454632     
  0.57076072700384795       0.12833878728191173     
  0.56059781623259630       0.12527553464228922     
  0.56684599173439354       0.12190337874329067     
  0.56665672445222015       0.11558503623825270     
  0.58087760534088728       0.11211833252932826     
           4
  0.44360613940859500       0.84987075709355853     
  0.43300000000000000       0.84699999999999998     
  0.42109575662701904       0.84114967476873714     
  0.44857997225945795       0.83425105088255469     
           3
  0.66871318289996995       0.52482649446878671     
  0.64737602337210121       0.52620193568854723     
  0.64734178853632929       0.51660461167876792     
           5
  0.52922500791682425        2.4494600868217968E-002
  0.51938217009224164        2.5915535208590575E-002
  0.50410915473363493        1.1303156791283294E-002
  0.52853177069350821        3.3342274485585084E-003
  0.52545791202146519        1.6255413643815650E-002
           5
  0.77488999378180190       0.28477680884073936     
  0.76245668696605762       0.28239494875351417     
  0.75125493044944536       0.26456771211489888     
  0.77325396615722719       0.26018986411764244     
  0.77736331516757640       0.26850362009039630     
           6
  0.35432368530987435       0.62679551771439823     
  0.34401684499104440       0.62502181349746244     
  0.34034519751804732       0.61791950528483230     
  0.35755755383061311       0.59995262357238854     
  0.36078407670281126       0.60681462574369671     
  0.36893463625720230       0.60981405607979022     
           7
  0.27898245198600491       0.19563695338531203     
  0.27117414553196711       0.19271184579410483     
  0.24968642659946261       0.17824675467334475     
  0.25529127178988859       0.17525099546363362     
  0.25875445968526273       0.16779647422312410     
  0.27159723384580747       0.16834734186264522     
  0.27952882379400629       0.16874374618486199     
           5
  0.99435325020293885       0.94796858369953307     
  0.99750934620722564       0.96560662303530298     
  0.97025312540657827       0.93819938598107866     
  0.97854748735723562       0.93777223579244706     
  0.99804087464008284       0.94070194792391060     
           8
  0.37007110694269119       0.75877940399258481     
  0.37283184641187689       0.76394767625809346     
  0.35188354833922242       0.76292800369230640     
  0.34548524225194327       0.75766679077022947     
  0.35267693297748959       0.73847065550332780     
  0.36008302252181240       0.73935424895507762     
  0.37205417151069259       0.73811215292781951     
  0.36979755125041508       0.75029465491486125     
           6
  0.47868737948953621       0.65224737051351456     
  0.45695955188054121       0.65708660608200642     
  0.45077609597211804       0.64805848846724001     
  0.45021422121807053       0.63442217734153672     
  0.47596123439852256       0.63128660910935586     
  0.47210925277316973       0.64227450216881132     
           4
  0.91900000000000004       0.38000000000000000     
  0.90915419576682488       0.39442980360097812     
  0.90644140211978363       0.37783826517236435     
  0.92461734696508846       0.36709308561290566     
           8
  0.94924053129944574        1.0013877345899471     
  0.93667850480622572        1.0044665716010501     
  0.92574928254131017        1.0093893744895803     
  0.92615597907942493       0.99242207634310764     
  0.93023093675557600       0.98850823925635312     
  0.92801815670740140       0.98312977164485560     
  0.94304902025953052       0.98270759105701599     
  0.95220541381755186       0.97999758067271747     
           4
  0.64672160113852295       0.52153945729775675     
  0.63510756318892003       0.52111211742870001     
  0.62332880304912031       0.51827144643222567     
  0.64212886907783739       0.49862847925041826     
           6
  0.70725029586740451       0.64633761693611791     
  0.69419617504650377       0.64557200488444755     
  0.68687029333145166       0.64113778049541081     
  0.68398563865134676       0.62788094794509075     
  0.68672320984000046       0.62085163651471764     
  0.69423401231738302       0.62141752893992297     
           7
  0.78280224045312785       0.60677718743933462     
  0.75862972187354361       0.60615872350131450     
  0.75926271380403032       0.58918837062031548     
  0.77491638280818076       0.58918754718859412     
  0.77936162984156343       0.58506376819489392     
  0.78599908430335508       0.58631350135120708     
  0.78237493656173029       0.59172312163427854     
           4
  0.49946292292326594       0.76710293927609374     
  0.48177802562847655       0.76409938408235001     
  0.49608004329601396       0.74126226309023002     
  0.50713924643246600       0.75207565168080281     
           6
  0.56484532606214299       0.12338805548176200     
  0.55123749472262151       0.12047186805202179     
  0.54528916077928502       0.10262569198615863     
  0.55826792166534600        9.4122569873171968E-002
  0.56367495884616670        9.8427673546537961E-002
  0.57041910114811289       0.10111932695232369     
           4
  0.24514643680983264       0.77565736794724194     
  0.23993476761269614       0.78590717026885160     
  0.22187131654986225       0.76994417351871269     
  0.23763280067463816       0.75889883094377530     
           5
  0.25734884846570660       0.67024470937372671     
  0.24582081556405963       0.66940266621023137     
  0.24032749344724461       0.66080818757008841     
  0.24785792208898333       0.64547195939116153     
  0.25598414170309458       0.64801436291762948     
           5
  0.59634336142232514       0.46947827912247714     
  0.58518622141851095       0.47857000093536201     
  0.56546539179074040       0.45636651200674150     
  0.59568066987565815       0.45877681686852900     
  0.58997124235780818       0.46428536602460607     
           6
  0.28313248424147824       0.76853408282388491     
  0.27225913626190701       0.76955673147978709     
  0.26494257037475072       0.76453041520136278     
  0.25960354945621938       0.74036686793943707     
  0.27556038683989303       0.74362895187350175     
  0.28973122936203577       0.74784876320199545     
           3
  0.38895759946034247       0.86748129712159494     
  0.36918249188386831       0.87600759234531200     
  0.39638733332319920       0.85713060270018271     
           4
  0.98376913134067012       0.45297448477987967     
  0.97493057076142975       0.45395418411717042     
  0.97349655198459406       0.42980457849090659     
  0.99675905316111924       0.44345733332428605     
           4
   1.0031452980393445       0.46995069461976258     
  0.97687337688616138       0.45209779996756211     
  0.99463066165564262       0.44584459388737796     
   1.0033333242240097       0.45540991130506475     
           6
  0.66470934493921141       0.38565078546891907     
  0.65739908483207787       0.39230778723110127     
  0.64034826214941465       0.39053050947242646     
  0.64610591406012075       0.37828063210259338     
  0.65338393232986558       0.36408998788961411     
  0.66193816706012454       0.36220736933064318     
           6
  0.52282492723493745       0.10226222811241555     
  0.50710186000484148        9.8894831964046637E-002
  0.50721497874179278        8.2690265607336819E-002
  0.51119976347966156        7.2006683635236185E-002
  0.52616712833691359        7.3071775331778832E-002
  0.53510289528188359        7.1342066917880351E-002
           4
  0.36501010811864532       0.73872395267836699     
  0.35396450320539008       0.73642740548631247     
  0.34999074067275826       0.71233269500564145     
  0.36835466221515073       0.71764763668287068     
           8
  0.65687716164720444       0.43820839266390937     
  0.65943222461122930       0.44416229207886965     
  0.64745928639978811       0.44676556678941309     
  0.64272977702721368       0.45105383559685908     
  0.63419517591152585       0.43715954931547552     
  0.63380173709689880       0.42548826798276407     
  0.64508671318854272       0.42751800015605940     
  0.66160082293764133       0.42992933417210666     
           5
  0.36246358082443381       0.69481124886534773     
  0.36306059412972574       0.70180098768094756     
  0.33908640879258700       0.70270924920445110     
  0.33544819955319677       0.69181577241252001     
  0.33959941855238268       0.68088765861957579     
           4
  0.48255554472367757       0.89038905038327165     
  0.47497698322865978       0.88257247018003748     
  0.48402020200479218       0.86369243661709871     
  0.50505344902449090       0.87798016013231717     
           7
  0.21927393011570678       0.80993407867891043     
  0.20523312471495572       0.82239585014621497     
  0.19899013110848612       0.81856219401526409     
  0.19823130352413107       0.79516710196221063     
  0.21038039182375579       0.79844998623793728     
  0.21570826613748750       0.79243575796771637     
  0.22500589099183543       0.80595197490603809     
