   965.00000000000000     
   643.00000000000000     
         133
           8
   53.000000000000000     
   73.000000000000000     
   60.000000000000000     
   20.000000000000000     
   23.000000000000000     
   3.0000000000000000     
   46.000000000000000     
   28.000000000000000     
   84.000000000000000     
   72.000000000000000     
   64.000000000000000     
   100.00000000000000     
   10.000000000000000     
   74.000000000000000     
   29.000000000000000     
   87.000000000000000     
   95.000000000000000     
   51.000000000000000     
   67.000000000000000     
   17.000000000000000     
   51.000000000000000     
   33.000000000000000     
   12.000000000000000     
   85.000000000000000     
   54.000000000000000     
   79.000000000000000     
   26.000000000000000     
   26.000000000000000     
   58.000000000000000     
   35.000000000000000     
   99.000000000000000     
   97.000000000000000     
   73.000000000000000     
   93.000000000000000     
   54.000000000000000     
   56.000000000000000     
   89.000000000000000     
   86.000000000000000     
   85.000000000000000     
   79.000000000000000     
   60.000000000000000     
   9.0000000000000000     
   98.000000000000000     
   23.000000000000000     
   78.000000000000000     
   53.000000000000000     
   92.000000000000000     
   53.000000000000000     
   80.000000000000000     
   54.000000000000000     
   89.000000000000000     
   94.000000000000000     
   47.000000000000000     
   73.000000000000000     
   45.000000000000000     
   90.000000000000000     
   71.000000000000000     
   65.000000000000000     
   77.000000000000000     
   99.000000000000000     
   91.000000000000000     
   91.000000000000000     
   28.000000000000000     
   61.000000000000000     
   26.000000000000000     
   7.0000000000000000     
   19.000000000000000     
   12.000000000000000     
   70.000000000000000     
   12.000000000000000     
   52.000000000000000     
   52.000000000000000     
   84.000000000000000     
   89.000000000000000     
   37.000000000000000     
   59.000000000000000     
   42.000000000000000     
   99.000000000000000     
   56.000000000000000     
   64.000000000000000     
   29.000000000000000     
   54.000000000000000     
   73.000000000000000     
   34.000000000000000     
   69.000000000000000     
   95.000000000000000     
   89.000000000000000     
   67.000000000000000     
   63.000000000000000     
   74.000000000000000     
   66.000000000000000     
   92.000000000000000     
   13.000000000000000     
   34.000000000000000     
   95.000000000000000     
   90.000000000000000     
   22.000000000000000     
   16.000000000000000     
   93.000000000000000     
   71.000000000000000     
   83.000000000000000     
   49.000000000000000     
   85.000000000000000     
   73.000000000000000     
   93.000000000000000     
   59.000000000000000     
   39.000000000000000     
   56.000000000000000     
   55.000000000000000     
   55.000000000000000     
   73.000000000000000     
   90.000000000000000     
   74.000000000000000     
   95.000000000000000     
   80.000000000000000     
   70.000000000000000     
   74.000000000000000     
   77.000000000000000     
   89.000000000000000     
   64.000000000000000     
   12.000000000000000     
   74.000000000000000     
   77.000000000000000     
   69.000000000000000     
   85.000000000000000     
   40.000000000000000     
   57.000000000000000     
   53.000000000000000     
   62.000000000000000     
   76.000000000000000     
   72.000000000000000     
   66.000000000000000     
   78.000000000000000     
           1
  0.11709844559585492       0.20207253886010362     
           8
  0.40000164033464480       0.25472553573314666     
  0.39299669884565530       0.25653599428242330     
  0.38237576711739379       0.25093617306908100     
  0.38249087708463764       0.24423315637530077     
  0.38065607195856294       0.23874040040186686     
  0.38593857492566186       0.24125086095652298     
  0.39064589095515706       0.24162604553673939     
  0.39719133573441301       0.24072973466593398     
           7
  0.37671578691094704        5.0332878107952200E-002
  0.37339317144407719        4.7220013870797703E-002
  0.36926307088283439        4.1324023401434831E-002
  0.36911358675783906        3.3920123200706490E-002
  0.37406562328848197        3.4977517625285462E-002
  0.38307895492726357        3.3631555306399621E-002
  0.38757537288265448        3.8158508925607779E-002
           6
  0.31977560228713275       0.33724345593204341     
  0.31720562885770026       0.33365758249656274     
  0.30793005416691138       0.33206699800997136     
  0.31119021858569273       0.32930500893803327     
  0.31519897064405439       0.32055214059955295     
  0.32180410287008032       0.32083243215413537     
           6
  0.83318454056994895        2.4397929972801342E-002
  0.83066342216130118        2.7801259572258138E-002
  0.81739441794179346        2.1116922033194246E-002
  0.81458101280531126        1.7634802918741043E-002
  0.82189751740961992        1.2691265727772823E-002
  0.82940543405668232        1.0091002400084330E-002
           3
  0.58277812082677283       0.12872433476539616     
  0.57377641426939441       0.11670505784427833     
  0.58260305239311672       0.10882092366870996     
           4
  0.52730990708752856       0.15065142871309450     
  0.51357480359644647       0.15916077142422869     
  0.51520722681442499       0.14493811262721779     
  0.52476716140669344       0.14543676471045258     
           7
  0.73610460680321732        8.0371331480479785E-002
  0.72652479012406568        7.9711216964213377E-002
  0.72044757300660678        8.0310903820850293E-002
  0.72215226049527736        6.9895544724527137E-002
  0.72018449033903353        6.3262938196975149E-002
  0.73378222840757179        6.3155543244529780E-002
  0.73737277800843570        6.0480978046194282E-002
           8
  0.79941757903189004        7.3141283354529518E-002
  0.79565036791006605        7.0887015613703697E-002
  0.79037798437373208        7.1455442020232907E-002
  0.78641842641933646        7.2021686184496100E-002
  0.78393287616738894        6.7849876535314060E-002
  0.78068061044358839        5.7241644479733206E-002
  0.78875123513923062        5.5791951684415905E-002
  0.79849287654735324        6.2516515037568568E-002
           8
  0.37875788079156103        3.3784475519671585E-002
  0.37692245001944663        3.8651284795723731E-002
  0.37088274518549352        4.3475973385087976E-002
  0.36294827868372942        3.7108624476936254E-002
  0.36171572017493375        2.9297619538912797E-002
  0.36786498157651593        2.8807918122133937E-002
  0.36901482631165583        2.4185212955187108E-002
  0.37896857730932659        2.6245149094868185E-002
           6
  0.38063650772707502       0.36278150173274798     
  0.37866697692007562       0.36830723443257274     
  0.36604023734470170       0.36389408165104586     
  0.36529725299078047       0.35968539179942527     
  0.36941811191928381       0.35638084848531487     
  0.37581345464564958       0.35856992152337497     
           4
  0.33128575839817775       0.19272786940772232     
  0.32983915998598040       0.19888830322248563     
  0.32538860103626943       0.19274611398963731     
  0.32273646300196407       0.18595641944261282     
           7
  0.35851366568467796       0.31511463950464114     
  0.34918007367978315       0.31954257404020253     
  0.34429516563600859       0.31947455354381271     
  0.34101029289856322       0.30358499735596850     
  0.34766028370164714       0.30631065694523529     
  0.35666134527874149       0.30748975023175579     
  0.36002372839934732       0.31098402718373752     
           4
  0.54721401677770665        9.0104575717445984E-002
  0.53586559496847008        9.0210731198043875E-002
  0.54093264248704664        8.2901554404145081E-002
  0.54915688050975542        7.4756077326530279E-002
           4
  0.29917007175806820        6.6241825263139889E-002
  0.29181975648862446        6.6549065964620790E-002
  0.29576748084533899        5.4968729718724664E-002
  0.31071999117430388        5.0113837773476465E-002
           4
  0.76912294204206688        2.0765042151837332E-002
  0.76040534321474085        2.4290385890703339E-002
  0.75336502926387683        1.6090228386958377E-002
  0.75651065189335298        8.7058243853130411E-003
           7
  0.34482098740075767        1.8973025520238097E-002
  0.33430863703211317        2.2192668658016088E-002
  0.32806934938123966        1.2596671393705053E-002
  0.33148956627185738        6.9876037359335678E-003
  0.33531991704804137        5.8153321521316331E-003
  0.34018739928994307        5.2550759073722595E-003
  0.34448836500649854        2.1595748326381625E-003
           4
  0.29253704892011700       0.29203214600113547     
  0.28062129584494627       0.29678450982860455     
  0.27806712095250424       0.28735227049413198     
  0.27963923664756846       0.28240618775401749     
           5
  0.43396099883876427        4.2090927036507159E-002
  0.42524439245404833        4.1421455484711156E-002
  0.41445401046972674        2.6843741077795660E-002
  0.42567562718377772        2.4753771118961009E-002
  0.43220640236511382        2.7803106868617936E-002
           6
  0.29206694053089433       0.31503857749584685     
  0.28058321159419530       0.31639084968974635     
  0.27964593042910463       0.30310417968655279     
  0.28502510868145459       0.30220189686716536     
  0.29551759384787279       0.29910457172457638     
  0.29749389283604744       0.30295766884562414     
           3
  0.87461139896373052        2.7979274611398965E-002
  0.86926219395615512        3.1646733896715080E-002
  0.88259955051339789        1.8140110403932742E-002
           6
  0.45872282265421421       0.31946666365568238     
  0.45295366370058809       0.32064994695194721     
  0.45541266160965477       0.31692729280657722     
  0.45910964413606564       0.30783825878436238     
  0.46749061417152632       0.30366313274360995     
  0.46986931066462195       0.30717646586321368     
           8
  0.83090207652668480        9.3975646611333171E-003
  0.82675618110283289        9.4096954171108468E-003
  0.82689675360896397        1.3159605034187788E-002
  0.82269749319179319        1.3882617327487086E-002
  0.81695261726177770        5.6947136812134699E-003
  0.81602454335743635        1.0308874245396876E-003
  0.82708467160672794       -1.4719387670151874E-003
  0.83240821228037210        1.8909138287048805E-003
           4
  0.76165803108808294       0.11502590673575129     
  0.75592734749899348       0.11574590567131954     
  0.76054952490619587       0.10468254558010955     
  0.76700586212868904       0.10914100135413944     
           6
  0.39317235110567084       0.48167351432208971     
  0.38160300907518380       0.48448759766381699     
  0.37628945392151991       0.48195299346902470     
  0.37629258948103966       0.47202794760312700     
  0.38887166366031428       0.46857112119921301     
  0.39457666033455252       0.47450191662323221     
           5
  0.40655512296250534       0.10539206150167212     
  0.40222201372925931       0.11099623175353622     
  0.39621192962846163       0.11266142476608297     
  0.39145037758287005        9.8357841901001733E-002
  0.40232791586223926        9.5660732254361724E-002
           4
  0.29970961621107101       0.39279583753402775     
  0.28972162396521328       0.39973759378883217     
  0.28083437031210695       0.39084684104575235     
  0.29467643772543545       0.38484749103749777     
           8
  0.83000655055783912        1.2251886557067965E-002
  0.82706778300685702        1.0158289011841102E-002
  0.82951741321691186        1.5991103481575071E-002
  0.82546461674856564        1.5107511549650624E-002
  0.81397009953678023        2.1396302742604850E-003
  0.81398602429557243       -1.5853258029438592E-003
  0.83078463199917030        9.6817559873703645E-004
  0.82888465592744065        6.5116426318160264E-003
           6
   1.0060275635257292        6.6185579256133914E-002
  0.99747920342480378        7.5133637202672618E-002
  0.99104008660821352        6.7851368101684836E-002
  0.99080000114465205        6.1571042015222274E-002
  0.99524367870294050        5.6431667543309402E-002
   1.0079421757954472        5.6135112953561994E-002
           8
  0.36824102547162052       0.26236328653863789     
  0.36622699878204645       0.27153945738556773     
  0.35230822735672146       0.26173717030452576     
  0.35320226716827180       0.25800955145763549     
  0.35007099273527909       0.25604651489599345     
  0.35574577634276855       0.25518145519213664     
  0.36511693142122797       0.25583215090827371     
  0.36214248557931272       0.25946266656002198     
           4
  0.77656206748455636        8.5915406203830050E-002
  0.76891191709844564        7.7720207253886009E-002
  0.76371230894549480        6.9811415379051209E-002
  0.77370190178294840        6.8896003839783698E-002
           4
  0.35663963899320594       0.25028010101108472     
  0.34867257054222206       0.25959134400004491     
  0.34410967046057001       0.24406360093979837     
  0.35096322402846764       0.24460173767164506     
           5
  0.34547362523584357       0.41397275199575834     
  0.34017520533502366       0.41531876349108582     
  0.33829417633678571       0.40530892288804587     
  0.35143330653620114       0.40017962151858788     
  0.35601776305613453       0.40226005448469498     
           5
  0.33881540374102964       0.33272988665408942     
  0.32877002729251531       0.33545606782080833     
  0.32567072462318936       0.32809770900994051     
  0.32947336322540138       0.32041249072192657     
  0.33785936605508321       0.31732434420324229     
           3
  0.36744817537874308        7.5267828443102633E-002
  0.34747589655888261        6.7933374865292898E-002
  0.35390429904487991        6.2138275596285444E-002
           7
  0.31153686398409575       0.38074924923467252     
  0.30516468774573696       0.39217297184079669     
  0.29932436948952573       0.38724535617166572     
  0.29654420997026831       0.37890277332100197     
  0.29601479685144322       0.37372053474174849     
  0.30930706844891404       0.37483852717921656     
  0.31317359434487280       0.37629234473970874     
           5
  0.48635300941927334       0.25336432983078294     
  0.47018195489532805       0.25632400850926246     
  0.47153035042255442       0.24877674781213568     
  0.48303343910075824       0.23880687927702260     
  0.48913229179178441       0.24696470731534592     
           3
  0.45149537407366575       0.46722244282079550     
  0.44145077720207254       0.46217616580310883     
  0.43976740636859152       0.45511418963886219     
           7
  0.30402691048654973       0.35495915946406359     
  0.29660220416008770       0.35746379915719700     
  0.29394025683570657       0.35280774295327644     
  0.28846898410454574       0.35061319003238917     
  0.29891630716862611       0.33996914747619278     
  0.30565952657066353       0.34397800180483373     
  0.30464876889039311       0.34825943547278715     
           7
  0.39520457456147967        3.6597591474028204E-002
  0.39179810060537323        4.3561378842741451E-002
  0.37732413379284013        3.3625031474288226E-002
  0.38067592690914059        2.6131491971612596E-002
  0.38745609511178791        2.4894891001838802E-002
  0.39341660995234567        2.5111070668548247E-002
  0.39658659365201276        3.0542006838990519E-002
           7
  0.21663904455434352       0.15793481202904869     
  0.21488075087546804       0.16500725659738644     
  0.19942583081544318       0.15928028688973725     
  0.19951339306157931       0.14882828278053989     
  0.20384327113334794       0.15154237629235703     
  0.21285161898910010       0.14993316555047523     
  0.21781367846397706       0.15244779781101331     
           7
  0.37610338570982244        7.8615098752988138E-002
  0.37679682838080453        8.5168652979237355E-002
  0.37255028491704156        8.4447834252686108E-002
  0.36216680001886919        8.2530422833468634E-002
  0.36130533449175251        7.0114487722961430E-002
  0.36562240209560781        6.6271029398332362E-002
  0.37346844883035141        6.8678028911743821E-002
           4
  0.80125753086501850       0.24782833018858758     
  0.79066467695054965       0.25488676414665312     
  0.78530104790217403       0.24575214106482685     
  0.79014181062656674       0.23448771705053648     
           4
  0.47652107300194824       0.23059765948558994     
  0.46632124352331605       0.22590673575129533     
  0.45655102006978238       0.21892410391417880     
  0.47317465963672450       0.22413468414335455     
           3
  0.81223170531375222        7.2743529008313407E-002
  0.81761658031088080        6.3212435233160627E-002
  0.82469517287191185        6.7642457686736449E-002
           6
  0.49021658957659647       0.34915219795437868     
  0.49315051205730309       0.35331389233320631     
  0.48293847295417264       0.35216380129787289     
  0.47510255554574998       0.35300200335470183     
  0.47354198955866955       0.34331604579527164     
  0.48918895438407395       0.34114566030079313     
           5
  0.45542372730594455       0.31203397860035537     
  0.44838772324880483       0.31364581020647930     
  0.44295341406438205       0.30645364016196763     
  0.45010807393475499       0.29510943069066004     
  0.45284974093264246       0.30362694300518134     
           5
  0.37711623717060172        2.6728175924823440E-002
  0.36389628084773468        3.0274705932357281E-002
  0.35985358860715788        1.1339685976207107E-002
  0.36829588695336996        1.5044365058024804E-002
  0.37391357784939794        1.4862822782520100E-002
           4
  0.40000000000000002       0.21450777202072538     
  0.39270465969042484       0.22028805000638679     
  0.39782111323575969       0.20835404466572924     
  0.40892962460057541       0.20490910979418550     
           8
  0.41027714947083749       0.25233664640213288     
  0.40131955441492423       0.25108143626585783     
  0.39667683958813110       0.25096915710806011     
  0.39305007151368149       0.25028898566074048     
  0.39755828097661855       0.24424782422622332     
  0.39603393966485745       0.23802083584739628     
  0.39620748069320522       0.23225314592696306     
  0.40818212238715634       0.23612628074202549     
           7
  0.29852238729030006       0.36011332132696428     
  0.30054840017130519       0.36451588571780291     
  0.28915152770791697       0.36442902816550715     
  0.28444293667783455       0.36349970695452649     
  0.28494311101446734       0.35738609270884236     
  0.28348703871558301       0.35044250064371585     
  0.29527262317859954       0.34980008736211032     
           4
  0.32979845606403663        7.1308853216057247E-003
  0.32206448311056191        9.6160861476689650E-003
  0.31917978708392963       -2.1885241353018967E-003
  0.33362696654870866       -4.0963674656390500E-003
           7
  0.33573867107284450       0.17272436916086459     
  0.33082172440721669       0.17692798537236407     
  0.31898270768443021       0.17715073294702727     
  0.32158702315479992       0.17342893774174714     
  0.31874864008949622       0.16763873369151536     
  0.32236923874167100       0.16900341615682624     
  0.32654827909692391       0.16243859502358499     
           6
  0.61068645097295327       0.19304264118136377     
  0.61149549466599318       0.20114633697084011     
  0.59776454994269379       0.19605289685317415     
  0.59444296330258528       0.18935672575531148     
  0.60103041701095850       0.18476134645655126     
  0.60498515554770360       0.18669434279317393     
           7
  0.31943178763296515       0.43275857542876262     
  0.30807213212225631       0.43193309441046113     
  0.30188942088367010       0.43385093773473016     
  0.30452468621200202       0.42843344934294342     
  0.31240604008628614       0.41887839420266110     
  0.32005939137910305       0.41824682819037479     
  0.32114160320675572       0.42503174999258875     
           7
  0.85833704422046586        1.3463947631470567E-002
  0.85183122552433976        1.2362294040013233E-002
  0.84244784357275415        1.4962524074696646E-002
  0.84400095181977053        3.6802355685132218E-003
  0.84945308567084787       -2.6703954977226807E-003
  0.85742960023680614        6.5562822024987488E-004
  0.85760876230060212        5.8614881234229175E-003
           7
  0.21368774150964678       0.45532519446542186     
  0.21217030928866720       0.46084530366076976     
  0.20561972347647139       0.45883546686429300     
  0.19887939881617042       0.46172894042403417     
  0.19548023292255376       0.44539574638940010     
  0.21058810987626886       0.44243793683368893     
  0.21001498318758408       0.45405446620188405     
           3
  0.40592606405974080       0.28341647366081102     
  0.38993283827549163       0.26917283409802878     
  0.40466085472662183       0.26958781851683949     
           7
  0.31161262150711933        8.0906075001552155E-002
  0.31268355562820960        8.6019766753597404E-002
  0.29998980158843436        8.2533615647236575E-002
  0.29867272312400517        7.3681996581311318E-002
  0.30405286573619389        6.8112911334169579E-002
  0.30840365238866657        6.7365950687295256E-002
  0.31413473185290675        7.3299434669713448E-002
           3
  0.43469663752813792        6.4320728093115953E-002
  0.44180770530680724        5.0942171699683715E-002
  0.44741447010928875        5.4998959333478793E-002
           4
  0.29604256135415985        8.9234396439272071E-002
  0.28125356918707334        8.6865667619161799E-002
  0.28643334208151039        7.4525252485302299E-002
  0.29847526564344729        8.1965637668907007E-002
           7
  0.40590105837692614       0.27014486937665660     
  0.39616107483408886       0.27040924963545765     
  0.38661040337649477       0.25859771611825344     
  0.38646972481877678       0.25306539747878898     
  0.39548322432234806       0.25454073868030735     
  0.40446799206946282       0.25324180859746859     
  0.40181394288598898       0.25608101719321003     
           8
  0.36343305215965938       0.40853384524402342     
  0.35507169948065842       0.40842110949088711     
  0.35435233985286174       0.40465202508588427     
  0.35578507444534740       0.39510515399808832     
  0.35985245254031545       0.39056456570252868     
  0.36661660090712450       0.39145496089722120     
  0.37286883842882690       0.38907665656170332     
  0.37063226234788527       0.39445409134929266     
           7
  0.73248116484449244        3.5784035008064728E-002
  0.73450589772852948        3.9548488594215503E-002
  0.73058255161828034        4.3358048418499696E-002
  0.71957315277137857        4.2603212804593699E-002
  0.71696153257267992        2.7928430177202611E-002
  0.72002533336025709        2.3101013106994993E-002
  0.72617337906654378        2.3053919096627538E-002
           7
  0.40823268853502193       0.22351751401502193     
  0.40706671018459140       0.22835492409006053     
  0.40344886185541545       0.23146532378942769     
  0.39263923499774700       0.22743579485457394     
  0.39259262829976804       0.21648455673929534     
  0.40270377376267613       0.21277389385950207     
  0.40737525631209187       0.21626492765480393     
           3
  0.90726638261294346       0.25695801457933304     
  0.89740932642487048       0.25181347150259065     
  0.89833052346648024       0.24527186628112205     
           6
  0.57214480975197646       0.19099407904036433     
  0.56973203065064804       0.19914870002426208     
  0.56006166891511977       0.20055809438299688     
  0.55630113761434963       0.18532278966255566     
  0.56971742232157807       0.18324929396720727     
  0.57369203987350137       0.18529212659102523     
           5
  0.84615118011720425        3.9366141448086006E-002
  0.83589078922799653        3.9684713105496310E-002
  0.83847855157177043        2.9126896302425469E-002
  0.83817998182689979        2.1016771453837575E-002
  0.85063183525875607        2.9465061734155269E-002
           7
  0.76062176165803108        5.9067357512953368E-002
  0.75773962580461496        6.9416789493870146E-002
  0.75505263370294640        6.1329126186713677E-002
  0.75154031133953558        6.3656582246802623E-002
  0.75383135445600680        5.5215491119535554E-002
  0.75723181836855691        5.1614892892650942E-002
  0.76116027886762128        5.0263672932682482E-002
           7
  0.40085106428243461       0.24848675352183169     
  0.39307738988213126       0.25170328112449586     
  0.38691580827036165       0.25387519230373912     
  0.38235254744806396       0.25315927944972516     
  0.38231566773165465       0.23869103466952274     
  0.39694283131069774       0.23493045522269287     
  0.39745617041114145       0.24132904396359062     
           3
  0.82709270254412182        3.6355453376335091E-002
  0.81343932817027442        4.0749385722066891E-002
  0.82027081099343635        2.5216085733633077E-002
           5
  0.41363501902844424       0.25698269457922374     
  0.39775873802054074       0.26687367489651603     
  0.39955776965226869       0.25561566205546005     
  0.39827438139547988       0.24937581036761733     
  0.41287560162631898       0.24795614065992727     
           7
  0.32732051847712190       0.33505566252070834     
  0.31954544061869494       0.33555906767859811     
  0.31048107791859608       0.33509271020883374     
  0.30888398877590034       0.31693122513319716     
  0.31943522583134437       0.32016138164790564     
  0.32491867401373448       0.31824076099685145     
  0.32879658915025284       0.32324036049778498     
           6
  0.42079093989376259        3.0696960787854249E-002
  0.40720719250829635        3.6322985511148854E-002
  0.40027527255276524        3.3793260836386729E-002
  0.40141261039387460        2.7715170081312857E-002
  0.41109863346032999        1.8153387518269965E-002
  0.41861199009693700        2.3483835513549104E-002
           8
  0.26738765268888598       0.35644058617434737     
  0.26473253701138227       0.36223002784878489     
  0.25645445836169861       0.36309242086555987     
  0.25255930124929832       0.36055410805357524     
  0.24937328373559117       0.35701523640926808     
  0.25074282479251186       0.34998932323353399     
  0.25659641343641515       0.34832956422265121     
  0.26894342649539621       0.34820875960596581     
           7
  0.94103396001013440        7.3622049105437570E-002
  0.94491431820194638        7.7932482448623011E-002
  0.92837157766284650        7.5529977675588320E-002
  0.92874766480914017        7.1362779229117004E-002
  0.92719490281909722        6.7589810449016741E-002
  0.92792601265167263        6.0096604187450636E-002
  0.94474845239232041        6.6573985758064405E-002
           5
  0.28468483634126024       0.27622485020309595     
  0.27815575511774315       0.28077106527896972     
  0.26915875606491518       0.26437162438540351     
  0.27459159637167452       0.26775116577793012     
  0.28242755890305471       0.26767134526848185     
           3
  0.60271352775418385       0.15585330031137887     
  0.59532527111515254       0.14472388950320947     
  0.61039877168510215       0.14849654867294337     
           5
  0.20580706333011400       0.30119959234505439     
  0.20765181437450392       0.30685501153543748     
  0.19783721798005072       0.30558908898352471     
  0.19130683032929374       0.28817818143879009     
  0.20813647604684302       0.29051762736469144     
           5
  0.43091983693940888       0.23778755206313365     
  0.41755300805318846       0.23607310190862435     
  0.41383027027190150       0.22978953199476157     
  0.42144989797658766       0.22598517270312063     
  0.42982480544816909       0.22429052673472294     
           4
  0.31278287502577412       0.30175639125246279     
  0.29969761629133990       0.29381228207576637     
  0.30777202072538862       0.29326424870466322     
  0.31532229232955700       0.29278061861432048     
           5
  0.75609474434856583        4.9436486152453003E-002
  0.74923970214105451        4.4753581672148879E-002
  0.75396290534955868        4.0772206758061945E-002
  0.76367265702603504        3.3396006288956212E-002
  0.77000225969563096        3.7056251826313627E-002
           7
  0.33125528132918852       0.30637291792241245     
  0.33331855321412562       0.31074361424878971     
  0.33051921393972311       0.31404365848714222     
  0.32111455603734856       0.31393055366281852     
  0.31621659066167324       0.30315593829308485     
  0.31455916903359987       0.29385148515248477     
  0.32923912456773047       0.30062376885220615     
           8
  0.19275412341353321       0.26867484913082351     
  0.18690660478919821       0.26797943583472011     
  0.18217803386370207       0.26524478421790643     
  0.17888177373260827       0.26671528536497141     
  0.17824436410290881       0.26254313525228490     
  0.19279790779785769       0.25306625989355763     
  0.19475141827326903       0.24965919129035849     
  0.19604010565859900       0.26146230341726256     
           7
  0.79672316700409551        5.4856768724672884E-002
  0.79039388575537717        5.6598643877898938E-002
  0.78640066526784791        5.5018246098244322E-002
  0.78387348433420323        4.0027911027275771E-002
  0.79243711459025712        3.7227771466795838E-002
  0.79962245593322867        4.0551914241768176E-002
  0.80040641187427297        4.4501727007937593E-002
           3
  0.36402662072430075       0.30182394083066183     
  0.35330974709979679       0.29108813381925036     
  0.36373056994818653       0.29430051813471503     
           8
  0.33794214285615398       0.32808479583604339     
  0.34200862109708807       0.32929515903080125     
  0.34215679667575594       0.33558111934354634     
  0.33095257346207241       0.33775647464285252     
  0.32283253473421891       0.32282165935653556     
  0.32924136754322797       0.32211577075903475     
  0.33528243164552329       0.31926150695947025     
  0.34081352622026817       0.32489146955996440     
           5
  0.22175203293270090       0.36609301259994875     
  0.21743871515159954       0.37033534723491401     
  0.20776966828077939       0.35209407626483386     
  0.21308797129886453       0.35092684483373626     
  0.21902984631419459       0.35098545547293530     
           4
  0.47666036063666800       0.43906418655166735     
  0.46612330064680096       0.44448519056814340     
  0.46857798962448122       0.43096672132694813     
  0.47388278391584021       0.43238110043105038     
           4
  0.38520881001839979       0.15043906274581384     
  0.36857198335946201       0.15321580796776443     
  0.36855244017106908       0.13787541422187283     
  0.38808746417627915       0.14419717785172081     
           8
  0.51394361937915467       0.18065422945174373     
  0.50688062997565642       0.18796890605136046     
  0.50099473917510839       0.18947107253035728     
  0.49631808988180431       0.18264176715721270     
  0.50056531394207637       0.17392657317355895     
  0.50810074021527218       0.17443503502858945     
  0.51174966451728565       0.17174855485183169     
  0.51296341440288773       0.17656500334953454     
           5
  0.28415493223123545        5.5941352027810788E-002
  0.27584840750338030        5.8830868696887348E-002
  0.27006200288004989        6.2413356607994089E-002
  0.26846996510761406        4.5651058537632128E-002
  0.28020823855791410        4.3094787585634439E-002
           5
  0.36322728344677985       0.26666998774709127     
  0.35318392737334309       0.26160301636555094     
  0.34865631325007590       0.25463202520706785     
  0.36816697735156528       0.24815805353033568     
  0.36722358383375675       0.25738986082838344     
           3
  0.60464354193455327       0.30492142506465642     
  0.59585492227979275       0.30466321243523314     
  0.59626929940933848       0.29691702637729056     
           7
  0.61403777019742478       0.36414136657084323     
  0.61082242096300809       0.36861942268058778     
  0.60709743734738519       0.36633971156014866     
  0.59743560387999395       0.36496012082738399     
  0.59847230082582259       0.35826916039101458     
  0.60480376141035186       0.35140578573655984     
  0.61512290082526289       0.35735816837423384     
           5
  0.21245784041535534       0.14538829813410734     
  0.21470494945048649       0.15003983850398081     
  0.19863229195104429       0.13677444894248666     
  0.20583475815628458       0.13566897653156007     
  0.21386301728425089       0.13192432790916772     
           3
  0.51117495156428694        3.5100014477649787E-002
  0.50259067357512954        2.4870466321243522E-002
  0.51009088926766932        1.8089059020440321E-002
           7
  0.56925830247721965       0.11782419421709758     
  0.57110790532825073       0.12152473467218555     
  0.56363714727147285       0.12240547776297790     
  0.55285626780096231       0.12141292531028139     
  0.55907909625525687       0.10487678453349371     
  0.56605432326576521       0.10465024386975086     
  0.57108137113370283       0.11393528991015393     
           3
  0.84248704663212437       0.12124352331606218     
  0.83283121806068838       0.11641423697186622     
  0.84069690192356250       0.11486567716174052     
           8
  0.46391378494640312       0.29759717796914842     
  0.45725272373796150       0.29668439967814886     
  0.45143510263073122       0.29748139864239220     
  0.44775998281880725       0.29827070675721240     
  0.44952313431164570       0.28934434851094304     
  0.45067419604463954       0.28430092803740148     
  0.46742167334253715       0.28337242860471262     
  0.46585102392001954       0.29208735579717882     
           8
  0.22693652236383413       0.20162148158995508     
  0.22989546191815968       0.20874916751621611     
  0.22426527435415708       0.20764719352454261     
  0.21723907133000683       0.20698660067770863     
  0.21099256481273548       0.20131190529425247     
  0.21121825119254889       0.19520961144794194     
  0.22193563595459623       0.19366130891255071     
  0.22599468003760648       0.19517456931100130     
           5
  0.36285695926534117       0.17561469182015507     
  0.35621624039406147       0.18259880239591805     
  0.34766074900921295       0.17606536263686717     
  0.34806529253749868       0.17004421685007695     
  0.36565472667247767       0.16677107267938712     
           6
  0.58536360728618708       0.45033898796777033     
  0.58792902404539316       0.43996529962139752     
  0.58746162385815082       0.43329449024051003     
  0.60462885602020033       0.43150418806387553     
  0.60511606551630270       0.43711327964400770     
  0.60098014727216864       0.43781348401253456     
           4
  0.33761771196207152       0.36335911085124389     
  0.33241868021608578       0.36513798158053690     
  0.33337272136183010       0.34698767285491849     
  0.34543542436649366       0.34879658189427554     
           3
  0.43809388966734875       0.28723613624677802     
  0.43510261109591852       0.27933134403859494     
  0.44672054407776662       0.27906824892867232     
           6
  0.36977342702563243        9.2792091325547096E-002
  0.37129274874372742        9.8153961910298806E-002
  0.35853230009541426       0.10097062997513166     
  0.35468498447723884        8.8387179306401970E-002
  0.35752898518550630        8.4219117458092102E-002
  0.36883785312584222        8.7324630988548618E-002
           4
  0.40975670241587558       0.32218977674761534     
  0.39414681138808905       0.32121553165668382     
  0.39355823049471134       0.30271602337120274     
  0.40613760427214929       0.30429454329900330     
           8
  0.80108710205792577        5.8446521424805740E-002
  0.79719486549541629        6.3244294150555991E-002
  0.79327230677202776        5.9412666701844113E-002
  0.78937470322157022        5.7506665937635926E-002
  0.78857146049201465        4.2525772237996105E-002
  0.79910389043095587        4.2786695263664486E-002
  0.80259043588202617        4.5597436502872922E-002
  0.80613405790838621        4.7453459674209254E-002
           6
  0.51546161448121475       0.18110940623180424     
  0.50678850463484770       0.18086831636931261     
  0.50063035996934890       0.17818058880815082     
  0.50035682626295941       0.17335519794537202     
  0.50313330388691391       0.16156576291545421     
  0.51421993808273214       0.16617761699289171     
           5
  0.18980786382567896       0.30553150001673612     
  0.18237818820958041       0.30801648174080393     
  0.17481889146413990       0.30293815939836938     
  0.17293639460889998       0.28913284440066345     
  0.18454687225166855       0.28881665481159374     
           6
  0.30232205527360756       0.43572599075378676     
  0.30077975356665754       0.44076061401003391     
  0.28665121610716554       0.43326149295692817     
  0.28851751499683931       0.42532517954393340     
  0.29907855524324278       0.42631918060687279     
  0.30311527046109205       0.42829757253429518     
           6
  0.45890486214664838       0.27022302706590368     
  0.45111128451718852       0.27292275404821331     
  0.44208566739015059       0.27653449762616922     
  0.44060989893002045       0.27255429531602265     
  0.45860726216626208       0.25753693566641273     
  0.45791330650110479       0.26323628657603348     
           6
  0.39963600927658099       0.22370179158377859     
  0.39464686261277193       0.22517833618405195     
  0.38807892558475521       0.22379379042174946     
  0.38734419389121238       0.21216397588085181     
  0.38510707091069363       0.20834966947526368     
  0.39500742229032026       0.21053854939445313     
           8
  0.42418946071161112       0.12958697877642114     
  0.42288570455252078       0.13589536315774087     
  0.41677382096958621       0.13835011543587342     
  0.40499370430670917       0.12651585447062347     
  0.41270633179748856       0.12014903217518713     
  0.41712787532030976       0.11874929189363129     
  0.42372675825973100       0.11837181467446017     
  0.42161951691052296       0.12649906892483018     
           4
  0.33798309485100675       0.20288899398692617     
  0.32526982490852185       0.20539583785196633     
  0.33160621761658032       0.19792746113989637     
  0.34074332624668840       0.18942157747423308     
           4
  0.32377407377572398       0.27866950956649872     
  0.30654439708809877       0.27469458230700328     
  0.30772018864169171       0.26778929187580136     
  0.31438211636255919       0.26239074627072823     
           5
  0.36111767648802945       0.14916406786287623     
  0.34542850594997643       0.15172618097419929     
  0.34235908986209657       0.14567643880954573     
  0.34294354351155010       0.13655895493757222     
  0.34977093703023282       0.13579590751890844     
           4
  0.41395338080783373       0.22992012863702266     
  0.40137573271620558       0.23647041187655599     
  0.39610256971528818       0.22393837702935579     
  0.40057118519246854       0.22043464060631529     
           5
  0.13746976961297874        5.4378230895644475E-002
  0.12577470983199168        5.2608703651384967E-002
  0.12802228951842792        4.4295682267467232E-002
  0.13433399554043421        3.9414147101585029E-002
  0.13939556019627325        4.4328496728125569E-002
           3
  0.37938243446432562       0.28109080428062272     
  0.38109680694163678       0.26645266336110685     
  0.38963730569948185       0.27150259067357513     
           4
  0.42296817027344441       0.25676401381216157     
  0.42342583989222093       0.24601674665824039     
  0.43310098252271961       0.24146066111523554     
  0.43995966112347346       0.24463603210915361     
           5
  0.72075375095931660        9.0207114382060305E-002
  0.70768280128628891        9.3132619642597947E-002
  0.70984240800269305        8.8368565848818026E-002
  0.70615288276919930        7.6668734261607877E-002
  0.72095458144253799        8.3847731279811058E-002
           4
  0.30658627539039268       0.19997472796945534     
  0.30885726304361899       0.20933303613752666     
  0.29142964876759769       0.19771398059331202     
  0.30256527902989511       0.19081079445500160     
           8
  0.28646114960569102       0.43222637462888175     
  0.28746369292468971       0.43600975873436731     
  0.27845069704464925       0.44299881821569931     
  0.27091226648843975       0.43374696822725600     
  0.27574947000103806       0.42528726630042929     
  0.28161303420132150       0.42428829746426461     
  0.28450590119653224       0.42729878897691859     
  0.28901682701874271       0.42516188137305361     
           3
  0.32509185290769860       0.33054653765436959     
  0.32770317826160011       0.31939106553869206     
  0.33367875647668394       0.32227979274611401     
           7
  0.32332887629459428       0.24325117190990903     
  0.31311952631365680       0.24554756109562842     
  0.30774761404338230       0.24332041522678347     
  0.30481455083326547       0.23272568341185768     
  0.31256841333903296       0.23052741615807387     
  0.31888415810875376       0.23090071911484911     
  0.32381771316250552       0.23446190500455677     
           4
  0.86751824054988957        1.5335500262425101E-002
  0.85420408021592453        2.2079881857655890E-002
  0.85186101424680527        1.2039616298546068E-002
  0.85687111730687815        7.9056536515083181E-003
           6
  0.33225037914277122       0.22620971591219077     
  0.32478328175153776       0.22599087009303170     
  0.31831473692211876       0.22510714709845397     
  0.31923567893013999       0.21427918309514676     
  0.32122636545400729       0.20944601374214661     
  0.33135034125370533       0.21262683890794343     
           5
  0.27064907602757288       0.25738941330333731     
  0.26554125639369730       0.24743518263365821     
  0.26953523134446428       0.24082104581136840     
  0.28142280592973906       0.24259316178361465     
  0.28498516485109282       0.24623820554044137     
           3
  0.33836205263456776       0.14798229659309270     
  0.33782383419689122       0.14093264248704662     
  0.34662353088644871       0.13948939480383676     
           6
  0.30726476531166114       0.30764564881825135     
  0.30262826742136439       0.30764743016413332     
  0.29137202012051849       0.31219547853269758     
  0.29105473638235341       0.30268124195808260     
  0.29548999221012129       0.30212143029401817     
  0.30480271136718406       0.30175511229719376     
           6
  0.32824914131251742       0.19158020482061808     
  0.32161899114774040       0.18831938144335084     
  0.32259220274602962       0.17924489506459113     
  0.33031998553350017       0.17709556539824464     
  0.33561837999554800       0.17532200446097507     
  0.33853753990093516       0.18186667430544037     
           3
   8.1865284974093261E-002  0.22901554404145077     
   7.3594464631531908E-002  0.22661952469179128     
   8.5286463419609965E-002  0.21869254059121646     
           3
  0.32902436198727997       0.30689144698836218     
  0.32568401926374208       0.29808375526741121     
  0.33471502590673574       0.30155440414507773     
