   1000.0000000000000     
   600.00000000000000     
         105
           8
   81.000000000000000     
   64.000000000000000     
   51.000000000000000     
   61.000000000000000     
   71.000000000000000     
   83.000000000000000     
   92.000000000000000     
   66.000000000000000     
   92.000000000000000     
   78.000000000000000     
   98.000000000000000     
   88.000000000000000     
   70.000000000000000     
   72.000000000000000     
   92.000000000000000     
   84.000000000000000     
   51.000000000000000     
   81.000000000000000     
   71.000000000000000     
   98.000000000000000     
   70.000000000000000     
   53.000000000000000     
   76.000000000000000     
   83.000000000000000     
   83.000000000000000     
   77.000000000000000     
   82.000000000000000     
   88.000000000000000     
   58.000000000000000     
   97.000000000000000     
   53.000000000000000     
   52.000000000000000     
   89.000000000000000     
   87.000000000000000     
   50.000000000000000     
   73.000000000000000     
   58.000000000000000     
   100.00000000000000     
   59.000000000000000     
   67.000000000000000     
   75.000000000000000     
   65.000000000000000     
   80.000000000000000     
   65.000000000000000     
   63.000000000000000     
   59.000000000000000     
   75.000000000000000     
   56.000000000000000     
   76.000000000000000     
   83.000000000000000     
   85.000000000000000     
   96.000000000000000     
   58.000000000000000     
   50.000000000000000     
   54.000000000000000     
   81.000000000000000     
   82.000000000000000     
   99.000000000000000     
   67.000000000000000     
   88.000000000000000     
   92.000000000000000     
   97.000000000000000     
   50.000000000000000     
   62.000000000000000     
   59.000000000000000     
   83.000000000000000     
   86.000000000000000     
   86.000000000000000     
   55.000000000000000     
   99.000000000000000     
   88.000000000000000     
   99.000000000000000     
   80.000000000000000     
   98.000000000000000     
   87.000000000000000     
   81.000000000000000     
   58.000000000000000     
   57.000000000000000     
   87.000000000000000     
   50.000000000000000     
   96.000000000000000     
   63.000000000000000     
   75.000000000000000     
   79.000000000000000     
   100.00000000000000     
   99.000000000000000     
   95.000000000000000     
   57.000000000000000     
   59.000000000000000     
   94.000000000000000     
   91.000000000000000     
   85.000000000000000     
   95.000000000000000     
   50.000000000000000     
   53.000000000000000     
   66.000000000000000     
   56.000000000000000     
   63.000000000000000     
   86.000000000000000     
   71.000000000000000     
   50.000000000000000     
   65.000000000000000     
   78.000000000000000     
   56.000000000000000     
   72.000000000000000     
           1
   0.0000000000000000        0.0000000000000000     
           8
  0.61704279184670430       0.20015930245009242     
  0.60795009967235014       0.19784457520929333     
  0.60157325287318575       0.20435333668201658     
  0.60445611810654598       0.19194296818624362     
  0.60524958613579694       0.18154674094623988     
  0.61148974455642979       0.17573989994532388     
  0.62599894530569655       0.17622949933253954     
  0.62674790534116109       0.18379525334015820     
           8
  0.89814767807088980       0.19939431448896386     
  0.90404017350303434       0.21332173099379820     
  0.89469146792761045       0.20961837164133135     
  0.88885762466715557       0.20921729384150106     
  0.87956438833155848       0.19500657709789973     
  0.88956097584972049       0.18678105025848257     
  0.89470433965988805       0.19025885824178934     
  0.90338648201168026       0.18653321304321771     
           3
  0.99428436834963163       0.69451656349995383     
  0.98299999999999998       0.68400000000000005     
  0.99418365340514081       0.68112535569696264     
           3
  0.96900460725585635       0.75171485876244659     
  0.94536412698545602       0.74853346873612570     
  0.94898105323017157       0.72897567383442308     
           3
  0.56899999999999995       0.14599999999999999     
  0.56211378399957102       0.13547412877735629     
  0.57083133964262678       0.13770287537088047     
           6
  0.98187222181359335       0.84614294258075939     
  0.97118130163245953       0.85160793346185881     
  0.96539821838727835       0.84993708037645632     
  0.95637167380809918       0.83981507573942893     
  0.95632737554030733       0.83184008205534055     
  0.96279759024775780       0.83308824978766483     
           8
  0.62053808237900121       0.25676237036367822     
  0.61182490605397721       0.26921314248245903     
  0.60250437843564963       0.26770727246968257     
  0.59808709999885667       0.27034468915806337     
  0.59693787807409715       0.25287681878682938     
  0.60415420090292904       0.24322046025469984     
  0.61516790627820805       0.24182771820224272     
  0.62072342583008655       0.24887474203701654     
           3
  0.93608823155505227       0.28381577264278307     
  0.93600000000000005       0.27400000000000002     
  0.94394794912050106       0.27519957381249738     
           8
  0.65883722162218428       0.23104976965730592     
  0.65392712541580111       0.22967589522043599     
  0.64808274398317423       0.22893079606671018     
  0.63865035548593063       0.23293687643321620     
  0.63795370734480938       0.22072193893860217     
  0.63591627060303713       0.21218037897904063     
  0.65597878364338391       0.21208140968413999     
  0.66106027023193759       0.20675314433326925     
           4
  0.94712378010441289       0.56112519765873992     
  0.93152425626026025       0.56083965070264530     
  0.92991076986764554       0.54786639588382435     
  0.95036680896686443       0.53284596020684794     
           5
  0.80172504343113504       0.17831040539886575     
  0.78694969793891645       0.18292574923237892     
  0.78093133867579101       0.17485738554096095     
  0.78242036348076305       0.15833351751289318     
  0.79942952770606757       0.16312581258856174     
           3
  0.63187982605080217       0.22210338983888009     
  0.63200000000000001       0.20899999999999999     
  0.63986892864063238       0.20788515622862411     
           7
  0.86127975235419352       0.16861056507911498     
  0.83625516520797494       0.17759829494257973     
  0.83662810840350155       0.17028272099825575     
  0.83574777854030491       0.16442225157745863     
  0.83841834200576093       0.14873867649109801     
  0.84736205296628164       0.15138251935297589     
  0.86046379144181384       0.15451098225943491     
           5
  0.82769115205567834       0.29318688650136632     
  0.82031312096382170       0.29550172296102084     
  0.81981720058850849       0.26880677717074503     
  0.84092816171243412       0.27179459378076176     
  0.83725080677815278       0.27742995375650031     
           8
  0.63166501845076439       0.15992446837692412     
  0.61739574076840753       0.15554981238925533     
  0.61375697425100606       0.16158022094376576     
  0.60419059272536757       0.15266529208071566     
  0.61571510856884504       0.13360688970145013     
  0.62098655971437011       0.13913424320453097     
  0.62968963627919861       0.13370783982112250     
  0.62930450651758940       0.14243667568250715     
           4
  0.93308150283144986       0.63373697472316071     
  0.91731152930585291       0.62650208493584725     
  0.93035814032893993       0.61642048603459054     
  0.93826725056806604       0.61301544143354714     
           5
  0.93391959567380078       0.20180398816013423     
  0.91242163997337256       0.20566490322288264     
  0.91552501876186509       0.18723405064208812     
  0.91561916005104804       0.17852735285689339     
  0.93447769432569150       0.18344115860809845     
           8
  0.91314479362855661       0.46788004683475787     
  0.90293751470667261       0.47043591816838748     
  0.89043185408341874       0.46856241242573932     
  0.89507512029833958       0.46352425836664163     
  0.89037860191364571       0.45740838676427581     
  0.89525139175224122       0.45047277199274571     
  0.91290543014193526       0.45170812961961043     
  0.91587178296260119       0.45776717395591587     
           8
  0.67970151392925793       0.37560534121856148     
  0.67477944434003501       0.37922769945845725     
  0.66588147772361062       0.37940121500550483     
  0.65404731204714706       0.37945866576978449     
  0.65303870398655073       0.36834083248768451     
  0.65816600837200212       0.36706444677924588     
  0.65537841745855163       0.36034912519072460     
  0.67867748777717440       0.37051220182460737     
           8
  0.90823209701592933       0.63193259144860270     
  0.89955326373067623       0.63235003852214433     
  0.89295168899102961       0.63297178895167405     
  0.89677932632657398       0.61941453076048114     
  0.89428082595241531       0.61024034862965970     
  0.91142827500912604       0.61170046697226665     
  0.91700773471401142       0.60864388626140031     
  0.91776387962428496       0.61911847228869421     
           8
  0.84621222729951595       0.18901823807339338     
  0.84525202983464820       0.19606761466148703     
  0.83997752359312194       0.19811694211396957     
  0.83097408479031964       0.19332980463499769     
  0.82103780845644825       0.18404101551394225     
  0.82434361287623226       0.17966617981797203     
  0.84710717252785239       0.17536259188514233     
  0.84197327246771581       0.18363283205418443     
           6
  0.42202475861489364       0.14360803087521423     
  0.41479053168629393       0.14696858184651343     
  0.40249511800460153       0.14329465607698252     
  0.40353073467674400       0.13695678803446384     
  0.40557201912978624       0.12178131213812943     
  0.42156960835831803       0.12451415706255353     
           7
  0.99888332988968498       0.69427310645994988     
  0.99849977262716050       0.69996909471273194     
  0.98560859531862199       0.70032139861768627     
  0.97634098348806553       0.70431598196074185     
  0.97603344741926956       0.69137922536426211     
  0.99484552119186243       0.68143920596946972     
   1.0017344124361069       0.67800423361852979     
           7
  0.60761084491730843       0.22887293998125660     
  0.60063620831072451       0.23481575395730811     
  0.59280210915897469       0.23207303596938073     
  0.59130638883070163       0.22445076304929992     
  0.58638351079420892       0.21448554802657280     
  0.59544946119620035       0.20927890302282887     
  0.61361791061328619       0.22390135896463029     
           7
  0.44006482942290159       0.50345578741847419     
  0.44241615731387435       0.51389658143920025     
  0.43680668499188480       0.51338238178411155     
  0.41929278532797670       0.51051141054035964     
  0.41516233883228759       0.50219154666566868     
  0.41537893175839868       0.48920073006951187     
  0.44113305983855672       0.48548215184261601     
           7
  0.53669883090588877       0.22372496463446712     
  0.53206602868321895       0.22786039811440642     
  0.51442458005429959       0.23198827175903697     
  0.51740247161861941       0.22574610261941239     
  0.51025680224924763       0.21493972562355240     
  0.51292595469105295       0.20500291576222585     
  0.53577464436973998       0.21731138600177316     
           5
  0.76970993973647472       0.35182693410725835     
  0.76739120579215392       0.35887948643833406     
  0.74649230249435761       0.35506494701042857     
  0.75199531112690410       0.33395430162105122     
  0.76939213170360510       0.34302031566658869     
           6
  0.68564205326907701       0.19491170097256161     
  0.67956977947135744       0.19401878579362355     
  0.66810008958634592       0.19175820095024620     
  0.66324368210961515       0.17941377434339043     
  0.68402075779003368       0.16853848944162583     
  0.68269438360884038       0.17878029701085468     
           5
  0.71502597241026566       0.11321944842744383     
  0.71132865085338115       0.10735601927307038     
  0.71182589399648577        9.7359043884605465E-002
  0.71072626748830603        8.8509827703159627E-002
  0.73110466987118061        9.4431887997630595E-002
           6
  0.96356386287860818       0.71283811366760019     
  0.95856595007533407       0.70862268147123020     
  0.94767549504359383       0.71915516671726265     
  0.93707037740658439       0.69361153050822610     
  0.95253126076179928       0.69125171806413088     
  0.95904901427598577       0.69601493806799664     
           3
  0.90083337922006812       0.16427157116080293     
  0.88591573146447733       0.16362179212180400     
  0.89800000000000002       0.15400000000000000     
           4
  0.95104804226763928       0.67493585754661523     
  0.93848961283081334       0.67003209381133211     
  0.94145994171994218       0.65453140163068235     
  0.95299999999999996       0.66100000000000003     
           3
  0.42499999999999999       0.21199999999999999     
  0.41565495679501979       0.21092643431587607     
  0.41222747093634116       0.20306826744964238     
           8
  0.78948544107892071       0.17262658908101314     
  0.76670765622357651       0.17354189581278645     
  0.76108546036452052       0.16541608674874944     
  0.76599157513821869       0.15879770149725186     
  0.76051521976150993       0.15648018217196749     
  0.76186117934883402       0.15133005848155240     
  0.76074068516592330       0.14529990978313306     
  0.78611666376428169       0.14978037127979138     
           3
  0.91192092962972648       0.66355417833122110     
  0.89041999954357554       0.64688643227551779     
  0.90824597454690981       0.65060016242545049     
           5
  0.95448716975085790       0.29142630595533314     
  0.93779623207750418       0.30247467951632889     
  0.93368682238731471       0.29417832898914381     
  0.93298666921405549       0.28197799580196359     
  0.95076681833986076       0.28150403513902422     
           8
  0.72192515297329263       0.32586426812633007     
  0.71311308044946919       0.32602965155376584     
  0.71447644439958979       0.31877625614668481     
  0.71527180444898353       0.31071737172175629     
  0.71484005899330105       0.30198407011113904     
  0.72003078548262445       0.30601675412471746     
  0.73488699422278925       0.30522539123025560     
  0.73870876871047708       0.31097860800937743     
           5
  0.93009631950567229       0.71523299274524754     
  0.91474873182846406       0.70673368340229681     
  0.91308100103589140       0.69539182992777593     
  0.92282913511176556       0.69499053932884158     
  0.93312070914903622       0.69501436555729434     
           3
  0.87684530315220077       0.82735907867697611     
  0.85056256959945875       0.81481923603665030     
  0.86499999999999999       0.81699999999999995     
           3
  0.88562252777492323       0.16686783288501206     
  0.87200000000000000       0.16100000000000000     
  0.88388975604952658       0.15247109121460534     
           6
  0.97517829834738468       0.47546754396856278     
  0.97536989353185310       0.48426727943997966     
  0.96230008448423132       0.48746359639534026     
  0.95619196098628034       0.47328156390360260     
  0.95758163592468359       0.46630935270742419     
  0.97105121996583588       0.46483189500377137     
           7
  0.98667405751488491       0.69778346297227489     
  0.96706776038666153       0.70542493914910587     
  0.96001884160954731       0.70030458141761109     
  0.96543849981973162       0.69249169412884060     
  0.96108539892294398       0.68367295590734001     
  0.97056200805081028       0.68633702132421004     
  0.98401206422431697       0.68073492906063160     
           3
  0.66009055245887371       0.17244650521544136     
  0.66900000000000004       0.15900000000000000     
  0.68205567317593985       0.15391681854283884     
           7
  0.61228198028292879       0.14180129095764543     
  0.61762863573758131       0.14442835984200367     
  0.60605421708427265       0.14970174965308153     
  0.59542570097093894       0.14336567799389596     
  0.58902356141163315       0.13724477590357556     
  0.61140673208044527       0.13296277397107065     
  0.61609216651423215       0.12956172102354474     
           7
  0.61238555398070249       0.13614899358139540     
  0.59633200810896769       0.13573171750443888     
  0.58585953024841464       0.12982682491590514     
  0.58643406955521316       0.12262552488614972     
  0.58416488541100497       0.10806821572109528     
  0.60352991346413754       0.11115127637266298     
  0.61021973520061656       0.12060481551764488     
           5
  0.72627544301110447       0.23781759749347170     
  0.72123786786270183       0.24461944436930591     
  0.71499999999999997       0.23000000000000001     
  0.72317193201031327       0.22456451824604415     
  0.72634952216434778       0.21600681793198012     
           5
  0.78955154150729101       0.69998570400445226     
  0.77628387200092952       0.70692917970741220     
  0.76563346200012694       0.68616461804385398     
  0.78970813378406868       0.68026652466862370     
  0.79011532660507322       0.68880945137985428     
           6
  0.89874222167331963       0.23532497417340884     
  0.89748234704063867       0.24367478408574095     
  0.87711413233083813       0.23220590680492842     
  0.87653309962627535       0.21865818978142773     
  0.89621371159053531       0.22262889447482131     
  0.90344826944088008       0.22483014527293099     
           8
  0.78701708615153065       0.24025565548626476     
  0.78272782637158866       0.24378833803529854     
  0.77091121484456460       0.24425998118964110     
  0.76057754701529523       0.24384994620893177     
  0.76199885238453102       0.23817727098905844     
  0.76614917757622558       0.22705630194183654     
  0.76811886659319240       0.21651176059967700     
  0.77847389471387940       0.22238213675098795     
           4
  0.90025107723870501       0.86364858271423539     
  0.89745211077193932       0.84251537489891071     
  0.89413511978134652       0.83564855335417298     
  0.92106941251284236       0.83913913607474322     
           4
  0.62690421760796788       0.14662741018412076     
  0.61821315588551717       0.14775439134419222     
  0.61191727219663405       0.13030368029644093     
  0.63078937946241664       0.12764403033407615     
           3
  0.49220745805980448       0.19329141199164712     
  0.48041785738056236       0.17634493823695965     
  0.50411774195244918       0.17623187274033186     
           5
  0.65495008107652852       0.16665126942776087     
  0.64849440367175226       0.17403682995309439     
  0.62969620243614588       0.15197602096554377     
  0.64087314085802383       0.15408999879157684     
  0.65126850589878249       0.16028067694119630     
           4
  0.84546863169147346       0.19689989503308797     
  0.83761925151714545       0.17302374836381987     
  0.85341655984289644       0.16828518875924822     
  0.86160866450525031       0.17781121982392697     
           4
   1.0069546181451252       0.68418986923521374     
  0.99757800114996498       0.68276871395444394     
  0.98370657764431491       0.67729158858549021     
   1.0061048504505581       0.66167465294271399     
           4
  0.62708009477115445       0.50753354506333070     
  0.60582579127353020       0.48179947132658496     
  0.62148149126869734       0.48345871722305422     
  0.62944894248603256       0.48834978250003841     
           3
  0.84399999999999997        6.7000000000000004E-002
  0.83532101866281006        6.4929151239482910E-002
  0.83150253869926871        5.5623322344386619E-002
           8
  0.87462295410025093       0.28903308266671190     
  0.86480440931311775       0.28451513808475842     
  0.85735290349649595       0.28933754381520749     
  0.84996045718946589       0.28507057664495467     
  0.85191726935687917       0.26433770292327574     
  0.85783362590549928       0.26683314789960999     
  0.86239272672043088       0.26139542296180790     
  0.86979106843106979       0.27636091941428764     
           3
  0.89048643470808542       0.69161942357087702     
  0.87670659869658163       0.69343764668277663     
  0.88800000000000001       0.67900000000000005     
           4
  0.65554801165711496       0.14562406673704315     
  0.63038639604616853       0.14959788837276383     
  0.62967593145230660       0.14086454745652913     
  0.64100000000000001       0.14099999999999999     
           8
  0.88132895261555488       0.77358784551307691     
  0.87886997632404185       0.78053444648594161     
  0.86693553921862077       0.77465485501256526     
  0.85761538720559716       0.77946178334326033     
  0.85883124001313638       0.76778315136715358     
  0.86260641939932747       0.75642033010862042     
  0.86860688918739315       0.75843868370557299     
  0.87974035318173427       0.76642395101376304     
           7
  0.50505040199071460       0.25637913470791851     
  0.49642579012569538       0.25477896021562046     
  0.48491947540349323       0.25566337090738300     
  0.48165158442778805       0.24908898731374698     
  0.48093886167475380       0.23186460491231625     
  0.49613189561679122       0.23542118293079803     
  0.50874807261989641       0.23864758223815069     
           3
  0.86539655094474754       0.11845257248664758     
  0.84584964310916422       0.12254733945553622     
  0.84966445793705769        9.9715073241551558E-002
           5
  0.98603266265899780       0.15185258378033722     
  0.96135493253717974       0.15702205744103603     
  0.96730153834604404       0.13760370431409860     
  0.96814606686932414       0.13098784823160509     
  0.98975286856375444       0.12986749148802290     
           3
  0.93007011064359013       0.78879086916589869     
  0.90872975562510638       0.78988087053092904     
  0.92621080185669080       0.77089731973917619     
           4
  0.69390990620790727       0.22293194058056684     
  0.67960372901549138       0.21708585322926363     
  0.68142771641624011       0.20306694518263513     
  0.69783758369349147       0.21142461985406460     
           8
  0.86765484186959874       0.20586547441766140     
  0.85962655009744704       0.20959159467229482     
  0.85152772814690991       0.20639059575250734     
  0.84440228155203811       0.21138815281593448     
  0.84831576220528282       0.19696938874995445     
  0.85493256103266901       0.18706232344553653     
  0.86250689583386619       0.18429788081066295     
  0.86675496678392006       0.19558868770246240     
           3
  0.74893410063965682       0.64206451505325801     
  0.76802962480807901       0.62325726311272567     
  0.76607560746899872       0.63203913717864402     
           3
  0.98138306738862102       0.22261769561214889     
  0.97749560219754850       0.20288889682665484     
   1.0007275023301372       0.20367256628786615     
           6
  0.98693240777556890       0.80527537263102988     
  0.98757443160358760       0.81273651124613600     
  0.96025090203701391       0.80787086004851671     
  0.96192762869871729       0.79363524766184357     
  0.98242487705576997       0.79359649475129734     
  0.98076186323912018       0.80260917616372973     
           3
  0.75996092318470410       0.24910354319239739     
  0.73540940134278099       0.25420311693651448     
  0.74800000000000000       0.23999999999999999     
           7
  0.75055428661027690       0.10295032789921574     
  0.74431393414473868       0.10549585617567923     
  0.73374359863171945       0.10476042311702893     
  0.72671958254936542       0.10571390008958208     
  0.72335849184951551        9.4209258154095921E-002
  0.73186679623844275        8.5511103736397823E-002
  0.74871786794711270        8.4808046872650478E-002
           5
  0.94018615834584274       0.67768230396380025     
  0.91907698238291324       0.67523584849388985     
  0.92351302058836182       0.66381362663806442     
  0.92829631275693036       0.65524449763607551     
  0.94182368873237843       0.65283536875610981     
           7
  0.78036555773813654       0.17807063135032142     
  0.77041620466541072       0.18469581009420008     
  0.75984758172489819       0.18328174343406398     
  0.76100898928283200       0.16985883277638161     
  0.75630878842137328       0.16077525363345266     
  0.77571751233054753       0.16170857368384928     
  0.78376342557244061       0.15952809813396263     
           7
  0.63062176827106775       0.25685420904354828     
  0.62815578754016688       0.26392455611834403     
  0.61889808809245039       0.25774551951063041     
  0.61490160717296061       0.26188527581277848     
  0.60475520062080645       0.25635867486479086     
  0.60307668894901845       0.24059362275920462     
  0.62956538776510851       0.23829455908822222     
           8
  0.65252770882390476       0.15114419300700760     
  0.64685397062373506       0.16060144855643055     
  0.62761864328837447       0.15722221194151989     
  0.62895229261696428       0.15140644776971640     
  0.63132189530152150       0.14491146060423399     
  0.62691603235474624       0.13317613995381136     
  0.63893957817607150       0.13415209371682682     
  0.65320363578432095       0.13917848335080199     
           3
  0.86737070685602513       0.21302196056949499     
  0.86699999999999999       0.19900000000000001     
  0.86772869667182073       0.19007965127565829     
           6
  0.55777146547133316       0.33180731992499357     
  0.54804843819132631       0.34171277253295890     
  0.53527781815358355       0.33540418576239345     
  0.53354707160725567       0.32558278897886167     
  0.55611732232204614       0.31313826936174127     
  0.55309048592114207       0.32169608229703178     
           3
  0.72430204512168594       0.28803254937242012     
  0.70281603543421722       0.28643722618110623     
  0.70223809400328685       0.26592086564932588     
           3
  0.88007441556149169       0.78930847804498439     
  0.88406508433942943       0.77586957784838528     
  0.89300000000000002       0.77800000000000002     
           6
   1.0021569171821780       0.87340773448334974     
  0.99001792693459856       0.87663873043518670     
  0.97822559169563694       0.87265619092325930     
  0.98065625201451700       0.86119247348909844     
  0.99101766410832426       0.85651092697766884     
   1.0008625094982768       0.86113550728831267     
           6
  0.69541140370063037        2.1595890165781062E-002
  0.67330489923690995        2.0836124721103196E-002
  0.67444864227413293        5.1440117137835188E-003
  0.67924099610929878        1.5651145937635152E-003
  0.69304702587819467       -1.9422238851779551E-003
  0.69767709447405324        6.9019562657410801E-003
           4
  0.85717683208255180       0.21212576125857388     
  0.86160004015245295       0.19130032932432928     
  0.87318376992926749       0.19520979365686628     
  0.88056206095953060       0.19726374199572716     
           8
  0.65527888745902252       0.26874387901217345     
  0.65105620347911886       0.27166612330211215     
  0.64221622679303614       0.27423568721748054     
  0.63198040734202798       0.26850032114285144     
  0.63654289911363160       0.26113072554412131     
  0.64331050555587754       0.25212902694437167     
  0.64721761129069921       0.24841436783738075     
  0.65912035159161320       0.25187888098710320     
           6
  0.86327277516127643       0.18923311780963195     
  0.85695540953249039       0.19373935922286153     
  0.85364792403957046       0.19932223844787292     
  0.83583535350025318       0.18520261724025455     
  0.83559269023501692       0.17249500029341014     
  0.85823453369691205       0.18483619231547110     
           8
  0.92637575755267265       0.40268700072407487     
  0.92348032342549924       0.41008484896743436     
  0.91306097136681597       0.41321011669075070     
  0.90822415438605331       0.40604291885953930     
  0.90493157620366249       0.39701640863333265     
  0.91142411563753889       0.39047233699685951     
  0.93188074218081907       0.38532507365785912     
  0.92843294708900115       0.38967170210615931     
           4
  0.65688733025498247       0.15362444175943887     
  0.63505572591881798       0.14760228351577750     
  0.63700244551491647       0.13401460204952276     
  0.65749258052926818       0.13226925725966440     
           6
  0.93081151796396677       0.34522462439394547     
  0.91699520657265343       0.35269977324603202     
  0.91199139894197845       0.33779549609537823     
  0.91680247911201640       0.32486987220797797     
  0.92126934304637986       0.33068440092122220     
  0.92969394555350027       0.32937702571732208     
           7
  0.94055930844126467       0.69388497175317432     
  0.91796714378147914       0.69156389452180811     
  0.92075198962627369       0.68160468693398912     
  0.92044303044717801       0.67421155525497534     
  0.92574756730544916       0.67603552812705081     
  0.93892781984260953       0.67296703725159435     
  0.93436519120788553       0.67803637438460485     
           6
  0.59631879701812340       0.22371463301933692     
  0.58084895109036894       0.22274968740843720     
  0.56767608699407424       0.20268650529456178     
  0.57619363780657984       0.20208379334001200     
  0.59587570974473258       0.20113043952506035     
  0.59199510059204818       0.20824555875757453     
           7
   1.0101391672043323       0.31070225406805807     
  0.99878230423839598       0.31916595580045509     
  0.98936492604200288       0.31029360504595133     
  0.98731367172251250       0.30521473416735639     
   1.0023377631511778       0.29769110342066013     
   1.0100105932475951       0.30047406302111129     
   1.0133922929596586       0.30481229654407233     
           6
  0.58664641748918267       0.20066786176958545     
  0.57901085000990238       0.20545907419157000     
  0.55821161611345216       0.19746329893468975     
  0.56395534051049279       0.18579046524370446     
  0.56478233409126699       0.17908322770258425     
  0.58057854335512504       0.18533457458728070     
           5
  0.68507759509168487       0.19673462939903152     
  0.66548657626963059       0.19600203984457137     
  0.67613069819478810       0.17000659358816902     
  0.68281844967078142       0.17412710447434784     
  0.68974461887027116       0.17852409173251915     
           4
  0.99813125343322451        6.1253344219666279E-002
  0.98706028793620004        7.2515930981430998E-002
  0.98899999999999999        5.8999999999999997E-002
  0.99613027972394741        4.6847337206851650E-002
           7
  0.80875447951090851       0.64415044765563323     
  0.80929824234085734       0.65000201624046261     
  0.79403721335730715       0.65266452474330261     
  0.78770170498260439       0.64686403277260718     
  0.78350285891994431       0.63796439604471822     
  0.78834079455367212       0.63447095453672642     
  0.79593452536691645       0.63361504941746905     
           4
  0.59093361480084761        4.8728738646116959E-002
  0.58151327662393182        4.9031674695495957E-002
  0.57424788120496961        2.9394683447009969E-002
  0.59381281185288903        3.3590926174464089E-002
           8
  0.69667454152954555       0.20187742218004703     
  0.68338002310357082       0.19949870179952356     
  0.67807369909501403       0.19709993379801447     
  0.67676914287902534       0.19103236615173866     
  0.67175892631993583       0.18626058803219514     
  0.67613734235294243       0.17862322482810511     
  0.68192038140845734       0.17955138219196770     
  0.69353769896725959       0.18819574364124150     
           3
  0.99985812819082798       0.73180264178159760     
  0.98168226853300689       0.71048362869819071     
  0.99607222974430876       0.71031941472605920     
           6
  0.81204283747714567       0.18808971404917016     
  0.81598381468036307       0.19387786951622860     
  0.78840791337475080       0.18990532051820280     
  0.78960060448629810       0.17195198041508783     
  0.80059343003160122       0.17317401264190546     
  0.80946340923742877       0.17400552277425135     
           3
  0.60990206781035805       0.13779070932324541     
  0.60299999999999998       0.12600000000000000     
  0.61325667799480843       0.12876284810877445     
           5
  0.66854734746067990       0.19613052432437311     
  0.64504008694753168       0.19287377542798714     
  0.65889245340235325       0.17267744475970601     
  0.66585710421445332       0.17567442123862720     
  0.67145105968015972       0.18055337485656953     
           6
  0.58441671131719686       0.20641548262911349     
  0.57851627947037365       0.20640994323973644     
  0.56644371592215159       0.20652456578758660     
  0.57380128138155329       0.18432408161987102     
  0.58679103433889024       0.19086968253982839     
  0.58145361318000954       0.19613422407334019     
           6
  0.67316555414238155       0.17530080119797409     
  0.65920023718558696       0.18269578752592572     
  0.65091409174118930       0.18356567773479998     
  0.64844854732322144       0.16850729655188498     
  0.64749801031482235       0.16114892666495026     
  0.66085892779588928       0.15994665647945550     
           6
  0.62753844980763918       0.20193774348205262     
  0.61546787010242121       0.20593297567647972     
  0.60788807501697462       0.20531194010157661     
  0.60277420540133730       0.19669178428628850     
  0.60208611228906506       0.18095201804006678     
  0.60669308929423904       0.18469974996371968     
           6
  0.96737430493222776       0.17169377343889283     
  0.96027652816130726       0.17034862607162904     
  0.94942734512547722       0.16745539320994704     
  0.94961579468069146       0.15284837752992181     
  0.95591047124124229       0.15001088269538176     
  0.96994635620036218       0.15017872249754363     
