   992.00000000000000     
   21.000000000000000     
         119
           8
   1.0000000000000000     
   1.0000000000000000     
   1.0000000000000000     
   1.0000000000000000     
   1.0000000000000000     
   1.0000000000000000     
   1.0000000000000000     
   1.0000000000000000     
   1.0000000000000000     
   1.0000000000000000     
   1.0000000000000000     
   1.0000000000000000     
   1.0000000000000000     
   1.0000000000000000     
   1.0000000000000000     
   1.0000000000000000     
   1.0000000000000000     
   1.0000000000000000     
   1.0000000000000000     
   1.0000000000000000     
   1.0000000000000000     
   1.0000000000000000     
   1.0000000000000000     
   1.0000000000000000     
   1.0000000000000000     
   1.0000000000000000     
   1.0000000000000000     
   1.0000000000000000     
   1.0000000000000000     
   1.0000000000000000     
   1.0000000000000000     
   1.0000000000000000     
   1.0000000000000000     
   1.0000000000000000     
   1.0000000000000000     
   1.0000000000000000     
   1.0000000000000000     
   1.0000000000000000     
   1.0000000000000000     
   1.0000000000000000     
   1.0000000000000000     
   1.0000000000000000     
   1.0000000000000000     
   1.0000000000000000     
   1.0000000000000000     
   1.0000000000000000     
   1.0000000000000000     
   1.0000000000000000     
   1.0000000000000000     
   1.0000000000000000     
   1.0000000000000000     
   1.0000000000000000     
   1.0000000000000000     
   1.0000000000000000     
   1.0000000000000000     
   1.0000000000000000     
   1.0000000000000000     
   1.0000000000000000     
   1.0000000000000000     
   1.0000000000000000     
   1.0000000000000000     
   1.0000000000000000     
   1.0000000000000000     
   1.0000000000000000     
   1.0000000000000000     
   1.0000000000000000     
   1.0000000000000000     
   1.0000000000000000     
   1.0000000000000000     
   1.0000000000000000     
   1.0000000000000000     
   1.0000000000000000     
   1.0000000000000000     
   1.0000000000000000     
   1.0000000000000000     
   1.0000000000000000     
   1.0000000000000000     
   1.0000000000000000     
   1.0000000000000000     
   1.0000000000000000     
   1.0000000000000000     
   1.0000000000000000     
   1.0000000000000000     
   1.0000000000000000     
   1.0000000000000000     
   1.0000000000000000     
   1.0000000000000000     
   1.0000000000000000     
   1.0000000000000000     
   1.0000000000000000     
   1.0000000000000000     
   1.0000000000000000     
   1.0000000000000000     
   1.0000000000000000     
   1.0000000000000000     
   1.0000000000000000     
   1.0000000000000000     
   1.0000000000000000     
   1.0000000000000000     
   1.0000000000000000     
   1.0000000000000000     
   1.0000000000000000     
   1.0000000000000000     
   1.0000000000000000     
   1.0000000000000000     
   1.0000000000000000     
   1.0000000000000000     
   1.0000000000000000     
   1.0000000000000000     
   1.0000000000000000     
   1.0000000000000000     
   1.0000000000000000     
   1.0000000000000000     
   1.0000000000000000     
   1.0000000000000000     
   1.0000000000000000     
   1.0000000000000000     
   1.0000000000000000     
   1.0000000000000000     
           1
   0.0000000000000000        0.0000000000000000     
           8
  0.94253719477000786       0.32918682960060913     
  0.93336163385470450       0.32981475762295048     
  0.92705013298969319       0.33513563364746457     
  0.92137380549966952       0.32337594069229392     
  0.91935361660265791       0.31777717290219498     
  0.94105751306784424       0.30529094375546273     
  0.94894240646076911       0.30902586142335725     
  0.94361239405879072       0.31955136424952618     
           4
  0.31700328675792050       0.49370212885502596     
  0.30866565950893821       0.48715277261806911     
  0.30665041598948867       0.47115108665860955     
  0.33413696206387966       0.48050270930063482     
           8
  0.48513302341043713       0.27991034031929690     
  0.47901504227655839       0.29569487052289051     
  0.46935515905843994       0.29254731549900942     
  0.46654445161619901       0.28052615541823905     
  0.46018046915842903       0.27664110459114810     
  0.47462530187887403       0.27333913010934335     
  0.47885397228162480       0.26949465951064855     
  0.48946885415557517       0.26905875303191062     
           5
  0.91568707736200627       0.63406904020963484     
  0.89960779809762881       0.63089904117294915     
  0.88658875780753998       0.62523211287611347     
  0.88936055161130056       0.60669761004966982     
  0.91030323546591441       0.61273443811549988     
           6
  0.72690296001784938       0.84315514590534402     
  0.72976918925230216       0.85313227914408685     
  0.70563443521120151       0.84720899648546644     
  0.70261784170520003       0.83509628040658934     
  0.71488314529809938       0.82906747738731068     
  0.72399022561003412       0.83089788775425100     
           4
  0.69799048846519141       0.22405292590578535     
  0.68021414574013306       0.22190039391196537     
  0.67350999185480509       0.20546677025974588     
  0.69358665025756827       0.21414163746313894     
           3
  0.34770614082784213       0.98788809214702578     
  0.33870967741935482       0.97479838709677424     
  0.33890190527356734       0.96354947970793292     
           3
  0.50758516317656632       0.37827948946313150     
  0.48529717124205618       0.36228715248533894     
  0.48492723585031750       0.34826832089973103     
           3
  0.38335168985221635       0.69890205598222832     
  0.35634560062094361       0.69070572116633677     
  0.36591165686923016       0.67556804180429031     
           5
  0.16821609619803554       0.18534009349395922     
  0.15153013752991909       0.17937615098560913     
  0.13884741859485888       0.18389621241758494     
  0.16024085969322213       0.15952655599068791     
  0.16885853201123177       0.16562615168041059     
           3
  0.79396682987568767        7.4636841543277543E-002
  0.80544354838709675        6.3508064516129031E-002
  0.81712281832916989        5.8772278588073275E-002
           3
  0.26387847401129766       0.45987316964586650     
  0.24899193548387097       0.45866935483870969     
  0.25854904443457793       0.44902092364255031     
           5
  0.50106352202569626       0.60145799393679356     
  0.49285793583503773       0.60081890538413885     
  0.48743875819432486       0.57788900952436029     
  0.49923164842622603       0.58119855086351435     
  0.50833275194134331       0.57609681597495654     
           3
  0.14295902949747138       0.70966377611047560     
  0.13612096473716359       0.71824046213854587     
  0.11791304989521866       0.69485932640054227     
           7
  0.32510867667029852       0.74024009260482571     
  0.31344189517752741       0.73665620911639673     
  0.30270295613838977       0.74067396805003771     
  0.30332079293694392       0.71277719551813090     
  0.30800062545465923       0.71650420389161873     
  0.32045545135225906       0.71610089490943607     
  0.32281706999873949       0.72422355892875578     
           4
  0.21169354838709678       0.25806451612903225     
  0.20326961652541117       0.26613831673833105     
  0.19787914980049207       0.25815338835027507     
  0.21297248542168817       0.24358713373481605     
           6
  0.52588438171770946       0.76115228721401940     
  0.50847242479921284       0.77326658759049871     
  0.50120228794068877       0.75221148366771695     
  0.50859719729349329       0.75053397825496715     
  0.52292867137210297       0.74358418049255159     
  0.52867135870736370       0.74841524609064636     
           7
  0.45802667838459399       0.81693368566718250     
  0.44498365251977851       0.81339401131092082     
  0.44228259912815737       0.80510419585259496     
  0.43983554433749650       0.79502773236550772     
  0.44928178641751110       0.79243736871152326     
  0.45306340778226090       0.78780331776384549     
  0.45925871493434545       0.79353216453067199     
           8
  0.41226307346169078       0.87510023819522331     
  0.39516749756627711       0.87399729880478494     
  0.38215456230907874       0.87741777944401278     
  0.38364712787528071       0.86846642456858325     
  0.38656605198895616       0.86006089730599666     
  0.38786776569757447       0.85431154603527737     
  0.40779717269631782       0.85082220905547035     
  0.41223793233971906       0.85780620958794629     
           3
  0.14610529684769386        2.5525898302109367E-002
  0.11662445622914328        9.3557949316977786E-003
  0.12310274410406674        1.6278288582199443E-003
           4
  0.18909676994168989       0.43999927526948784     
  0.17738364598759432       0.43686996809074347     
  0.17821345951176584       0.41791062652835215     
  0.19327813222222751       0.42037951842419030     
           5
  0.91228666793690838       0.59350308415602382     
  0.90809905210828179       0.60153933712345775     
  0.88482075593797338       0.58804214523471388     
  0.88670263600270038       0.57590804723500899     
  0.90472001889498310       0.57669458606356494     
           3
  0.16229838709677419       0.65625000000000000     
  0.14825781262253468       0.65814246883755823     
  0.15839526667534928       0.64511346108876699     
           6
  0.98230377489489296       0.36783316674763367     
  0.98698757001468684       0.37581304235279539     
  0.96124729685450694       0.38200162140783622     
  0.95930401233827989       0.35965647749781726     
  0.95865071765583387       0.35273186858662492     
  0.96607729526544006       0.35335677506282465     
           6
   7.6563615654571759E-002  0.37001586763086330     
   7.4072021459258328E-002  0.35952466098647418     
   6.7353858936981925E-002  0.35703421975452299     
   7.9129166194543341E-002  0.34538634792928441     
   9.2794920932004310E-002  0.34090375310333354     
   9.1649327645577039E-002  0.35201243220428013     
           7
  0.71491621689158180       0.86417003437091067     
  0.70994144243639001       0.85990746213335323     
  0.69803897102517154       0.85409132415414513     
  0.70361538088350661       0.83871990775197947     
  0.71267408707639446       0.83803211604166938     
  0.71952540984116942       0.83406966043149444     
  0.72190919464595193       0.84065943161544288     
           8
  0.79890265766602830        6.8014944790598650E-002
  0.78488576184415371        6.2621701727116189E-002
  0.78896229024944531        5.7936701864689903E-002
  0.78572538859244789        5.2726753236969036E-002
  0.79398610966063732        4.4818939903246334E-002
  0.79392822778177463        3.8370283358023220E-002
  0.81113316831841376        3.8340463680683244E-002
  0.80680446778345738        4.4336321685680725E-002
           7
  0.37462421354478848       0.85896261544641139     
  0.36192822986974638       0.85875524266291625     
  0.35667310572315974       0.84982264284301845     
  0.35184444110383911       0.83853793891551964     
  0.35997377861027419       0.83577040274099967     
  0.36906022323545518       0.83368304830633921     
  0.38045988734763214       0.83677930117836485     
           5
  0.12701612903225806       0.30846774193548387     
  0.11148200078727592       0.30270281193348864     
  0.11324735470367775       0.29603119498314739     
  0.12243209287405267       0.29377892818912399     
  0.13566614031981236       0.29696913946061765     
           7
   9.4610676857153395E-002  0.49641066686558405     
   8.0897885435823269E-002  0.48968003969248591     
   7.2241039174911426E-002  0.47982313762876982     
   7.4744367348334451E-002  0.46931426369997614     
   9.1248277157380306E-002  0.47056574106486199     
  0.10016576737398049       0.46563130020790089     
   9.5609162217639584E-002  0.47554921964875774     
           5
   6.5773210574941010E-002  0.28522024203558355     
   4.1889517637432282E-002  0.29048637898115959     
   3.7904921170684475E-002  0.28160682237111728     
   4.3945148348907156E-002  0.26828986342342270     
   6.2963855592140267E-002  0.26475657481424458     
           3
  0.19354838709677419       0.36290322580645162     
  0.17998984309385130       0.36122565864824052     
  0.18509156259524165       0.34809640868562408     
           8
   4.9552407929975201E-002  0.58171486704953357     
   4.3455775663546484E-002  0.58223029706625207     
   3.9475708220834738E-002  0.58712346152710204     
   4.2818857775704385E-002  0.56999083850017151     
   4.1358406200610265E-002  0.55756276879648048     
   4.3743995426587100E-002  0.56330615404139972     
   4.7330803652648371E-002  0.55764344107361030     
   5.7124334349375097E-002  0.56252707655196632     
           3
  0.68773260587200213        5.8108188843497124E-002
  0.67464622701121124        4.2920449015945765E-002
  0.69846187213121080        4.7386482401282889E-002
           6
  0.78427419354838712       0.30241935483870969     
  0.77534514310445946       0.30010082653859443     
  0.76890525545920563       0.29858230068697938     
  0.78359627179792801       0.28684043602985643     
  0.78338525682834270       0.29406723869087859     
  0.79185588607877377       0.29150414076378933     
           8
   2.5108039068186559E-002  0.74233346161768499     
   1.6910565471255953E-002  0.75334956404325426     
  -2.9169250156464224E-003  0.75521860319736611     
  -2.1594688481407290E-003  0.73590759326426736     
  -4.4986440914967368E-003  0.73091169013779866     
   1.1261225998786973E-002  0.72757808785582967     
   2.0166161346408897E-002  0.72984701474253300     
   1.8500996703266485E-002  0.73704192797799528     
           6
  0.94108775406842549       0.45147753831978565     
  0.92938060913212528       0.45531770437289520     
  0.92322097823106497       0.45690704249181852     
  0.92564607699987322       0.44087486916808011     
  0.93638272439622294       0.42951476285056905     
  0.94406047871640386       0.44327209549107621     
           8
  0.11027849790978053       0.25147516895935640     
   9.8710314686184186E-002  0.25284786905705076     
   8.4513738191926910E-002  0.25137098156288740     
   8.4338997264822371E-002  0.24478975716659743     
   8.8448517702353166E-002  0.23348257001804928     
   9.9634606202533865E-002  0.23194220150155404     
  0.10500777336731867       0.22973305927664997     
  0.10921865883189841       0.23871006235380046     
           6
  0.39263477570678129       0.38130385795755878     
  0.38179746030755307       0.38409465928252734     
  0.38156316696326481       0.37416133373055888     
  0.38168502897481721       0.36485882708679562     
  0.38777015503676360       0.35799837604459361     
  0.40644836027511333       0.36753379445371631     
           4
  0.59652071103162729       0.18096507709652529     
  0.57947730428237543       0.18381677460291648     
  0.58401092262180465       0.16163893874713933     
  0.59196209288539181       0.15705067537920420     
           6
  0.65590225846787464       0.75211593992773107     
  0.64538739219541796       0.75015624132479330     
  0.63872417973046836       0.73601262503678422     
  0.63698398002964673       0.72902504192171780     
  0.64406704632538092       0.72331449219541533     
  0.66295688352969939       0.73599296615935750     
           3
  0.38407258064516131       0.39919354838709675     
  0.36988371963150063       0.40269758530056066     
  0.39817380603353492       0.38794235365226154     
           6
  0.40360404223031165       0.50632615225966049     
  0.37525383151653041       0.50811745082753257     
  0.37556373113079994       0.47948705198761499     
  0.39378323984053326       0.47951327298390334     
  0.39265775450456381       0.48567005296218657     
  0.40133591911988226       0.47974502211811421     
           7
  0.40656902294304537       0.77250550789021444     
  0.39792923623148757       0.76880881525602329     
  0.38382369193293031       0.76981868626398631     
  0.37577182252922486       0.76531432104929376     
  0.38113187209018767       0.76085066204906016     
  0.38015526083666168       0.74409741657499573     
  0.40366367211109211       0.75965083744570538     
           7
  0.44086634657588164       0.29175067740784466     
  0.43303360755163139       0.29172203140847819     
  0.42215523097340996       0.29021004233044717     
  0.42195641611149537       0.28427100395265725     
  0.44033236205939158       0.26380798586655901     
  0.44663302549557404       0.26338220122626504     
  0.44029603192633049       0.27667329854061279     
           5
  0.55822441156180835        1.0055994767810372     
  0.54542272208170750        1.0056723366158185     
  0.53647356908091148        1.0083963436693602     
  0.54242312393444247       0.99864097825767517     
  0.55141129032258063       0.99697580645161288     
           7
  0.85956935290975700       0.96748958802896579     
  0.85021905883351379       0.96166681758541139     
  0.84627055845520327       0.96716165326085946     
  0.83345898344580871       0.95695488701537113     
  0.83496980813623145       0.94315170340289456     
  0.85855907152894073       0.94596178631484651     
  0.86228206531785301       0.95351944271867761     
           4
   9.8631007809739255E-002  0.97867040307914677     
   7.5093651313599755E-002  0.97540732816962872     
   7.6135417277793188E-002  0.96497724957385667     
  0.10350830921866844       0.96571472026404792     
           3
  0.32798352328241920       0.43994039812502428     
  0.33148554873826991       0.41213184905010525     
  0.34199354326140996       0.42329122869369135     
           7
   6.5865769241908526E-002  0.13659734177961524     
   6.3592452410840467E-002  0.14741852067082745     
   5.1291389752020029E-002  0.14473726883632079     
   4.7417000301336013E-002  0.11770945411489980     
   5.3083743792483790E-002  0.12425734272091955     
   6.6608636923027265E-002  0.12148398475352024     
   6.7493923726284571E-002  0.13083854918970783     
           3
  0.89628598358448930       0.79123222575271102     
  0.90165084908209681       0.77419013508531287     
  0.91129032258064513       0.77721774193548387     
           8
   7.7744191350163028E-002  0.20309256802933900     
   6.9768683552167587E-002  0.20389269896712303     
   5.6523784364610127E-002  0.20535702101000144     
   5.0573241945251007E-002  0.19851436754957694     
   5.4317270964688365E-002  0.18553162796822043     
   6.0313331949650766E-002  0.17807248973319606     
   7.6145615516213017E-002  0.17603375815259620     
   7.5547523966450120E-002  0.19288270465187782     
           6
  0.74985099722868942       0.53554142760111034     
  0.73178057874755398       0.54741124252195394     
  0.72475182452234410       0.53074597300374005     
  0.72940688194396319       0.52333074965759541     
  0.74382184153843556       0.51672383417874224     
  0.74801063314988403       0.52844896309928935     
           7
  0.33492242947172107        8.5955038696278713E-002
  0.33289013194810424        9.5059634212925084E-002
  0.30837183583177630        9.5816334188246491E-002
  0.31092834003824565        7.5011552073724133E-002
  0.31562253104774274        7.0675388210926407E-002
  0.32259487970571210        7.4531077666009041E-002
  0.33236949777360236        7.3283089805866716E-002
           4
  0.31048387096774194       0.27822580645161288     
  0.30122036502252020       0.26590639918913034     
  0.31121780872716742       0.26889373411230555     
  0.32125956102895509       0.26841663033620711     
           4
  0.90849062893621912       0.18322522839534414     
  0.89818548387096775       0.18346774193548387     
  0.88433892099463696       0.17291737690796341     
  0.91156910376526668       0.17548538055436796     
           8
  0.84463453344299033       0.48894961824946365     
  0.83696878661507890       0.48996245047425885     
  0.82763003919995548       0.49116465576274615     
  0.83312346793668079       0.48392771128899470     
  0.83147034248917950       0.47525233500261732     
  0.82996941591359208       0.46837337694312003     
  0.84041900584417728       0.46429885101799717     
  0.85787990151818605       0.46419259779268118     
           4
  0.22344266526428563       0.74701457672006333     
  0.21783259027223165       0.75769536383554914     
  0.19827094476330270       0.73866676275975840     
  0.22405599819537095       0.73694118249385310     
           5
  0.88055537396031125       0.54187857541629902     
  0.86014962241153858       0.55098134861328174     
  0.85647624564738400       0.53565811761961835     
  0.87511985980743756       0.52494055623354685     
  0.88258961508640710       0.53426681381224894     
           8
  0.87293743848351946       0.60175873242854894     
  0.85811296691868511       0.61499570433613315     
  0.84349300844678665       0.60524871159033888     
  0.85320414465040573       0.59695299127746171     
  0.84782886010976277       0.59474869040706102     
  0.86616679053620860       0.58999795528775145     
  0.86252800765197590       0.59497479101370476     
  0.87244346365086844       0.59161964518758481     
           5
  0.19683035761001544       0.16400011660742331     
  0.18171932263813836       0.16165302089218991     
  0.16979856751226363       0.16027542019939733     
  0.16710226768119410       0.13835881807782491     
  0.18937901508016614       0.15240400397646284     
           8
  0.55922096371239893       0.14272654625324829     
  0.55984483275963826       0.15386719146881678     
  0.53890445991241731       0.15549817170488645     
  0.54047697435565101       0.14979599618319134     
  0.53289256094500415       0.14615468250184613     
  0.53567415406637187       0.13645084594144541     
  0.53368524032758158       0.12654768219903414     
  0.54115451109948620       0.12773082953704948     
           8
  0.97917185359821057       0.90032984608998556     
  0.97369061324006978       0.89420381877397437     
  0.96753879193618397       0.90235588479613427     
  0.94979487965530041       0.88414255491963056     
  0.95726184644565082       0.87777597722735523     
  0.97060320527481436       0.87649761817604843     
  0.97663151924345881       0.88116839650699963     
  0.97650943821154512       0.88678982793994465     
           6
  0.43844667912981661       0.50309536947781519     
  0.42193188935948850       0.50602414055125222     
  0.42934208248090699       0.48066129766886190     
  0.44290615344469314       0.48171063102750394     
  0.44942544739513074       0.47735933118548096     
  0.44541983921409500       0.48941540795733401     
           4
  0.14258766130331268       0.97160155979036333     
  0.11558446111434696       0.98078806607692703     
  0.12456976527802695       0.96219079458142465     
  0.13483616598623727       0.96541101040852717     
           7
  0.60620194384188031       0.98441781766441072     
  0.59984177753229018       0.98232418339283079     
  0.58792287856333125       0.98096971903376584     
  0.58966154110063818       0.96212219495774143     
  0.59457820374042691       0.95607156721560049     
  0.61052744513794310       0.95582564452594154     
  0.61340840723686563       0.96403168729450439     
           5
   6.3208598594120702E-002  0.44162825179567555     
   5.5448009519131675E-002  0.43846537791753543     
   4.9230620155904903E-002  0.43568032390284595     
   3.6332713570796170E-002  0.43964353335358136     
   6.2511348377446777E-002  0.41292871700421663     
           8
  0.83820682788777001       0.62131402204705810     
  0.83086953234324146       0.62493472165626507     
  0.82240022441501071       0.61853198885270044     
  0.82174134027139789       0.61118518496770824     
  0.82173160843958470       0.60348875244073574     
  0.82837867117226394       0.59559016207358484     
  0.84899515623610289       0.60570347306546535     
  0.84558818361378130       0.61005376178187454     
           7
  0.79685738614641344       0.62980176751795891     
  0.77961392261663731       0.63701479352535662     
  0.77326693026274107       0.63812278193899452     
  0.77526975912514695       0.63251108467497030     
  0.77398937532582701       0.62267270610443171     
  0.77007545142251976       0.61700179107960018     
  0.79052867974266761       0.62650879059523867     
           7
  0.36617518490797540       0.30065664815924892     
  0.36787092302546975       0.30853743113167398     
  0.35876433492870002       0.31497968104100788     
  0.35128947369401120       0.31335750454377731     
  0.34694791291286697       0.29025096257878535     
  0.35464135908095634       0.28718154645103872     
  0.36985993113404858       0.28885337495705876     
           6
  0.31824016418527890       0.13936915629697438     
  0.30155280217845626       0.14099259310483461     
  0.30557702337404852       0.13003252246898198     
  0.29821278984929206       0.11733268970851186     
  0.30710477342611203       0.12013425538777987     
  0.31565698658528113       0.11712702175059211     
           4
  0.54552779570329135       0.12095465811739718     
  0.54338686336922182       0.11228498554916309     
  0.56573399167222982        9.3463600467437402E-002
  0.55645161290322576       0.10685483870967742     
           8
   3.4480424326468515E-002  0.32500573344548789     
   3.9449792195527439E-002  0.33191969140290178     
   2.1840668090429036E-002  0.33461413943191415     
   9.3580096955877858E-003  0.33483606155161633     
   2.4193548387096774E-002  0.32056451612903225     
   3.8379955058802359E-002  0.30698367458171966     
   3.6757355937049235E-002  0.31259156792020087     
   3.6839415280229881E-002  0.32013805888724439     
           7
  0.16356881667337020       0.96372662960930966     
  0.15415200329147971       0.96215243540997053     
  0.14229638866491676       0.96452595334499758     
  0.13779644457537743       0.96037434102051189     
  0.13999347162687198       0.94545584785269321     
  0.14473961467830751       0.94142545020452739     
  0.16313791417407650       0.95375228874952656     
           8
  0.51911197157377942       0.88217012530414440     
  0.51412487990876587       0.88910525825401587     
  0.49815714605369882       0.89028137640005556     
  0.49582333190271827       0.88186947397269211     
  0.49078158858981363       0.87429985641228825     
  0.49666278936313785       0.86912930417365297     
  0.50237879584354561       0.86196134357977638     
  0.51596202239373623       0.87322568812179113     
           6
  0.40970833642369386       0.49661254427244089     
  0.40797643047872284       0.50432494393245764     
  0.38808049229666741       0.50920540985754026     
  0.39182948547762408       0.48613545407678599     
  0.41009132506895885       0.48063106426227659     
  0.41359000846106614       0.49017232870632554     
           7
  0.83268879394845208       0.51268460140794725     
  0.83494642828004184       0.51884729034886512     
  0.81809554833961828       0.51547459686630970     
  0.80785457594179599       0.50320189240875912     
  0.81693661792094097       0.48946585194995762     
  0.83474637041080291       0.49201702787065393     
  0.83125226047680689       0.49699528799831355     
           6
  0.44327148831292990       0.34512930732379882     
  0.43670058963505293       0.35501215573737999     
  0.42621342222373970       0.35098782209933560     
  0.42029452329655237       0.34603136139280916     
  0.41682490279443674       0.32617740181331711     
  0.42353920074250434       0.32606253022098153     
           8
  0.17774669046762520       0.53044013049108307     
  0.17497718940988333       0.52516222975113147     
  0.16823129021177355       0.52410087206143285     
  0.16780753455822187       0.50955039578137629     
  0.17844606224082157       0.50127678690074340     
  0.19092316794401992       0.50125065519357492     
  0.19477621683051788       0.51251383010763474     
  0.18837733542045643       0.51437465419819306     
           4
  0.17925269853092740       0.28884851729794170     
  0.15872583277242547       0.28864880942869803     
  0.16153332567570247       0.27781650609443503     
  0.18310027996488382       0.27056680324915738     
           3
  0.78667049066608463       0.62168753738360327     
  0.76615064274789324       0.61474349980733245     
  0.78125000000000000       0.60786290322580649     
           7
  0.49918502581796537       0.46997523944914854     
  0.48215677965289050       0.47824453160510799     
  0.47435187809042062       0.47848071147419363     
  0.47514311867122566       0.46586506273440870     
  0.48338511393401762       0.45496556760269879     
  0.49385196880361037       0.46050323501204971     
  0.50020801826202610       0.45575153749799541     
           3
  0.28326612903225806       0.78326612903225812     
  0.29198602463930845       0.79290144511973570     
  0.26917086551640718       0.77002537110403546     
           3
  0.22968389950395565       0.22763088994154634     
  0.21774193548387097       0.21270161290322581     
  0.22921582696451578       0.21640554337710916     
           5
  0.80339332401635088       0.74775616547561319     
  0.79385666450152548       0.75819205689325564     
  0.77872330848353788       0.75477465461655957     
  0.78003320784589714       0.73073512101298399     
  0.80191776144440441       0.73074391528726346     
           7
  0.13707212087721515        1.0051916115724806     
  0.11999557961926309        1.0122708944830887     
  0.11549722065474913        1.0035871855084237     
  0.11531647225810560       0.98955829942500384     
  0.12870247907306584       0.99051960681950102     
  0.14000196087975736       0.99320967078320788     
  0.13658023765417487       0.99903291410635453     
           6
  0.55982960875420218       0.12419819184567836     
  0.55066538022645339       0.12824979978968970     
  0.53776548120638323       0.12989944779540624     
  0.53995287163779238       0.10888474560987785     
  0.54745160945961013       0.10654791361438552     
  0.55383588621224267       0.10861295572716903     
           3
  0.10117244532897478       0.18033348324121093     
   7.8823088702824756E-002  0.16170344127416492     
  0.10820445574011409       0.15820559082136873     
           5
  0.85352827122318187       0.77577894669157677     
  0.83953526312235838       0.76661382296455338     
  0.83976264616231411       0.75392554245393850     
  0.84683271474348687       0.74797545475441074     
  0.85915591480402564       0.74864050185053499     
           5
  0.62743563337968755       0.33291923339513729     
  0.60888068971738551       0.33760378881519887     
  0.60903014383797804       0.32444246453423747     
  0.60482495976895023       0.31776893764447511     
  0.61501498547300193       0.31545946959245835     
           3
  0.18664956191289056       0.38936216890027708     
  0.17062040540301399       0.38692639506628934     
  0.18145161290322581       0.37500000000000000     
           4
  0.72413033112424263       0.26413204721199124     
  0.71685919116756114       0.25739116550790392     
  0.72289211344770266       0.24599395631668436     
  0.73438254563339833       0.24713786618892494     
           7
  0.26822363128661175       0.30233612524677472     
  0.25449655656739373       0.30493245408462005     
  0.24970774723765438       0.30885645016646568     
  0.25118513225991024       0.29415203680166968     
  0.26140810373308521       0.28444283727630426     
  0.27613514273732681       0.28584134592161770     
  0.27862460952609092       0.29175052364284709     
           8
  0.17847631426133340       0.19790471088242031     
  0.16945822113247641       0.19536382482513354     
  0.15839038969179997       0.18935984352797194     
  0.16395639026198311       0.18607927886712305     
  0.16041525287641833       0.17999948426999662     
  0.17564842820790100       0.17772226907101610     
  0.18613686945893831       0.17198273400023953     
  0.18365576344730053       0.18189996563471023     
           6
  0.88138870415521753       0.63207337367139915     
  0.86838274107037794       0.62798198333814148     
  0.86449000014343591       0.60425383666373389     
  0.88209035497114385       0.61004060829187867     
  0.88988396847852091       0.60712584418602755     
  0.88886429674487977       0.61481414025464642     
           6
  0.30234284655023885       0.12647697492028021     
  0.29445309505112077       0.13461174531619483     
  0.28661445417717168       0.12891059028305968     
  0.28163761263022380       0.12107969985278734     
  0.27873052018865518       0.11012708955443974     
  0.30852762104102405       0.11104984798632575     
           5
  0.44481472117551968       0.98748211862270485     
  0.42342746834591327       0.99116483623945684     
  0.41604654109445138       0.97845317530528308     
  0.43050599777886572       0.97154981964335951     
  0.44189048004063897       0.96887105639286819     
           6
  0.50042036777806609       0.56369639258400550     
  0.49509368556558297       0.56784580435483156     
  0.47090591633088469       0.57492165849645915     
  0.47267849963211750       0.56506114059354817     
  0.47014420860190814       0.55394996774082061     
  0.49573447567766904       0.55164585693438739     
           3
  0.40277123830747846       0.66375143770798806     
  0.39522198373257522       0.65873211029001688     
  0.40625000000000000       0.65020161290322576     
           5
  0.83390928967878342       0.51612329441056581     
  0.82124476238215016       0.51465729336642430     
  0.81292400007840193       0.51099743511438545     
  0.82703026387220069       0.49090682767817356     
  0.84017936091472145       0.50030708748722841     
           8
  0.93373636919670533       0.93510048928535827     
  0.91874799349488268       0.93685041056955898     
  0.90710942154302088       0.93978488687082362     
  0.90941227228559973       0.92656747151600227     
  0.91486853527897283       0.91815173755329160     
  0.92882538773140788       0.91194144489686679     
  0.92938030548763173       0.91762958122502136     
  0.93721486508960217       0.91708338401531886     
           8
  0.59734721515664657        9.7910429441314464E-002
  0.59028239028989060        9.8471746488232509E-002
  0.58400747092038574        9.5151958456834954E-002
  0.57627859344755883        9.5020001940835139E-002
  0.57571969778918608        8.4821850099444970E-002
  0.57170162045730788        7.4348666371739730E-002
  0.59895594819049336        7.7468247321922437E-002
  0.59432329021695807        8.7271479192257001E-002
           4
  0.54472646999673913       0.74287659823470498     
  0.53125000000000000       0.74899193548387100     
  0.51820086735226967       0.73633545335967177     
  0.53660780542160269       0.73798433303766431     
           3
  0.96068548387096775       0.90020161290322576     
  0.94990235566586734       0.90969110416581922     
  0.94846184670176170       0.88953227487742748     
           4
  0.96016490962159362       0.93004755592351240     
  0.95206960980704103       0.91259401348651659     
  0.96124300013011277       0.90665823477854313     
  0.97416904868323972       0.90807768753622098     
           5
  0.28238038896317330       0.94391955716592513     
  0.27387600080439878       0.94021595569353722     
  0.26182279987963086       0.92612561256644022     
  0.27316828409124561       0.92264577228510802     
  0.28220103412132008       0.92213885349136837     
           3
  0.23278422286242650        8.4995567150539603E-002
  0.20304556398181645        9.9934946569166447E-002
  0.21571192564655589        6.9884586469234553E-002
           6
  0.62062227328818320       0.96503906432472886     
  0.59648101420590249       0.97447872635838007     
  0.59702387390994704       0.96454693741831077     
  0.59438148416690961       0.94467168925712963     
  0.61178151122575142       0.95026528832347901     
  0.61794288286545529       0.94675925163629393     
           7
  0.45358419081832446       0.45133636652145787     
  0.44897713185112281       0.45495599651929852     
  0.43788013417965732       0.45752786157538122     
  0.43479868730469551       0.44648982668774495     
  0.42913013611169321       0.44073318596417671     
  0.43679906835907989       0.43091111295726964     
  0.45593129952555300       0.43380353219593298     
           5
  0.18087734206597531       0.96716012686003494     
  0.16352892369749428       0.95610158404268364     
  0.15839586454242502       0.94127796184949397     
  0.17227523259044258       0.94206558811530461     
  0.18590822568220694       0.94807728719470263     
           4
  0.63354031763472696       0.10715330737797109     
  0.61582889004504171       0.10496420229352205     
  0.60658934554219390        9.0111934812259584E-002
  0.62324853458892049        8.2584951942917623E-002
           5
  0.45416432474941548       0.21528721413887475     
  0.43575257260151073       0.22624799476186067     
  0.42772767957337104       0.20753617940617372     
  0.44958210701409790       0.19998732708957043     
  0.45320673563490649       0.20650612960871773     
           3
  0.41633064516129031       0.51310483870967738     
  0.40690873843017383       0.51944661675088866     
  0.40486206095983790       0.50508049842115788     
           4
  0.54065989313195972       0.35126755564044992     
  0.53528786183045851       0.34139385912214626     
  0.54700740290113670       0.32768247289759539     
  0.54939516129032262       0.33870967741935482     
           8
   5.9493561402720579E-002  0.81346162456529303     
   6.4661559589297729E-002  0.82321298323114822     
   5.0301848534168830E-002  0.82318331090771113     
   4.2092142879420660E-002  0.81565497530312125     
   3.8597081307180953E-002  0.80463905147030812     
   4.6572317144249351E-002  0.79926807323171023     
   5.0992482399473765E-002  0.80302841414384041     
   6.2809602194319442E-002  0.80831141152011365     
           8
  0.18156949116915028       0.10193456911912785     
  0.16453660670211787        9.4594506178012586E-002
  0.16050834164278327        9.9935944800234822E-002
  0.15436646772170107        8.8233915893893677E-002
  0.15943704905420930        8.1711441706262655E-002
  0.16718047820035078        7.7027028007820020E-002
  0.17385958546414126        7.7754891850643298E-002
  0.18246226041807875        8.1180133192391049E-002
           7
  0.67433377217548585       0.88796624096910981     
  0.66475020119349570       0.88929342753832086     
  0.65409355679055536       0.87363895421780491     
  0.65471620190475155       0.86420895677694831     
  0.66250616904537396       0.86235629253033508     
  0.67181374134789706       0.86713994994607946     
  0.67183641024560603       0.87405659832069416     
           8
  0.13295213928831592       0.52653032359862850     
  0.12458169319982587       0.52951400488243505     
  0.11172780665891878       0.52516306639207244     
  0.11743170788047874       0.50158177805213655     
  0.12200580081394781       0.50502129224011127     
  0.13355148895676294       0.49965328487161575     
  0.13486131496878517       0.50555424510508684     
  0.13342423622527963       0.51187384049116236     
           4
  0.18803123305274339       0.18308794199273865     
  0.16557697156715032       0.17819962560739067     
  0.16862359464016594       0.16507329431463669     
  0.18038648085355755       0.16287798378877127     
