   972.00000000000000     
   12.000000000000000     
         156
           8
   1.0000000000000000     
   1.0000000000000000     
   1.0000000000000000     
   1.0000000000000000     
   1.0000000000000000     
   1.0000000000000000     
   1.0000000000000000     
   1.0000000000000000     
   1.0000000000000000     
   1.0000000000000000     
   1.0000000000000000     
   1.0000000000000000     
   1.0000000000000000     
   1.0000000000000000     
   1.0000000000000000     
   1.0000000000000000     
   1.0000000000000000     
   1.0000000000000000     
   1.0000000000000000     
   1.0000000000000000     
   1.0000000000000000     
   1.0000000000000000     
   1.0000000000000000     
   1.0000000000000000     
   1.0000000000000000     
   1.0000000000000000     
   1.0000000000000000     
   1.0000000000000000     
   1.0000000000000000     
   1.0000000000000000     
   1.0000000000000000     
   1.0000000000000000     
   1.0000000000000000     
   1.0000000000000000     
   1.0000000000000000     
   1.0000000000000000     
   1.0000000000000000     
   1.0000000000000000     
   1.0000000000000000     
   1.0000000000000000     
   1.0000000000000000     
   1.0000000000000000     
   1.0000000000000000     
   1.0000000000000000     
   1.0000000000000000     
   1.0000000000000000     
   1.0000000000000000     
   1.0000000000000000     
   1.0000000000000000     
   1.0000000000000000     
   1.0000000000000000     
   1.0000000000000000     
   1.0000000000000000     
   1.0000000000000000     
   1.0000000000000000     
   1.0000000000000000     
   1.0000000000000000     
   1.0000000000000000     
   1.0000000000000000     
   1.0000000000000000     
   1.0000000000000000     
   1.0000000000000000     
   1.0000000000000000     
   1.0000000000000000     
   1.0000000000000000     
   1.0000000000000000     
   1.0000000000000000     
   1.0000000000000000     
   1.0000000000000000     
   1.0000000000000000     
   1.0000000000000000     
   1.0000000000000000     
   1.0000000000000000     
   1.0000000000000000     
   1.0000000000000000     
   1.0000000000000000     
   1.0000000000000000     
   1.0000000000000000     
   1.0000000000000000     
   1.0000000000000000     
   1.0000000000000000     
   1.0000000000000000     
   1.0000000000000000     
   1.0000000000000000     
   1.0000000000000000     
   1.0000000000000000     
   1.0000000000000000     
   1.0000000000000000     
   1.0000000000000000     
   1.0000000000000000     
   1.0000000000000000     
   1.0000000000000000     
   1.0000000000000000     
   1.0000000000000000     
   1.0000000000000000     
   1.0000000000000000     
   1.0000000000000000     
   1.0000000000000000     
   1.0000000000000000     
   1.0000000000000000     
   1.0000000000000000     
   1.0000000000000000     
   1.0000000000000000     
   1.0000000000000000     
   1.0000000000000000     
   1.0000000000000000     
   1.0000000000000000     
   1.0000000000000000     
   1.0000000000000000     
   1.0000000000000000     
   1.0000000000000000     
   1.0000000000000000     
   1.0000000000000000     
   1.0000000000000000     
   1.0000000000000000     
   1.0000000000000000     
   1.0000000000000000     
   1.0000000000000000     
   1.0000000000000000     
   1.0000000000000000     
   1.0000000000000000     
   1.0000000000000000     
   1.0000000000000000     
   1.0000000000000000     
   1.0000000000000000     
   1.0000000000000000     
   1.0000000000000000     
   1.0000000000000000     
   1.0000000000000000     
   1.0000000000000000     
   1.0000000000000000     
   1.0000000000000000     
   1.0000000000000000     
   1.0000000000000000     
   1.0000000000000000     
   1.0000000000000000     
   1.0000000000000000     
   1.0000000000000000     
   1.0000000000000000     
   1.0000000000000000     
   1.0000000000000000     
   1.0000000000000000     
   1.0000000000000000     
   1.0000000000000000     
   1.0000000000000000     
   1.0000000000000000     
   1.0000000000000000     
   1.0000000000000000     
   1.0000000000000000     
   1.0000000000000000     
   1.0000000000000000     
   1.0000000000000000     
   1.0000000000000000     
   1.0000000000000000     
   1.0000000000000000     
   1.0000000000000000     
           1
  0.79115226337448563       0.26646090534979422     
           8
  0.10556695871404634       0.39110034030134727     
  0.10501340965757662       0.39873508672016672     
   9.7156979424824708E-002  0.39645632328369579     
   9.0343894226498411E-002  0.40109880126778974     
   8.1410238954810962E-002  0.38410150039523039     
   8.5495251357520202E-002  0.37498852559253160     
   9.3066761887179605E-002  0.37720490467021411     
  0.10467456063819403       0.37905732523631674     
           5
  0.12034493474025819       0.35504806527626159     
  0.10303821279040681       0.34305475219897563     
  0.10017272843796826       0.33472228846386776     
  0.10929006123612406       0.33507653052168734     
  0.11689328393561822       0.33821456295474678     
           3
  0.85179694843821696       0.59502561278420285     
  0.83950617283950613       0.58333333333333337     
  0.84700353508530424       0.58082401713262899     
           3
  0.74659058185863392       0.54427674364680789     
  0.73331752124758498       0.54688776644629211     
  0.74931699676877417       0.52088315925659689     
           5
  0.12280514689822131       0.37870292734585687     
  0.10646643454133915       0.37851174432465112     
  0.11152062849244290       0.37133879968517569     
  0.10680787073253598       0.35299463831399003     
  0.12803064601003589       0.35385865568255287     
           5
  0.78765339414740643       0.58946594484474124     
  0.77846899350459553       0.58515031723567923     
  0.77804773596248455       0.56971278635058464     
  0.79709326448663909       0.57182417030468824     
  0.79556005806509678       0.57880676400401465     
           4
   8.9644015019551271E-002  0.44297156320397313     
   8.1725371686592357E-002  0.42964763997798217     
   9.9292942658232894E-002  0.42141640817867021     
  0.10622259376709066       0.42499297661959734     
           6
  0.26988559707483445       0.44569341278517105     
  0.26157615448754840       0.45589792584974187     
  0.25174450933122045       0.45111269851111857     
  0.25655174649458595       0.43161868391332475     
  0.27279735605482436       0.43366636418989907     
  0.27502972468542258       0.44251859210379973     
           6
   7.7754431918132513E-002  0.40450508209479563     
   6.6213764851774784E-002  0.40768700598804775     
   5.7715622341304021E-002  0.40924146570691278     
   5.2683559494428246E-002  0.40410286767556397     
   5.5459468685192567E-002  0.38490332542266531     
   6.6696128507362590E-002  0.38600541596331317     
           8
   3.5827543653318479E-002  0.29174053032913433     
   3.1102102696494514E-002  0.29670311617651834     
   2.2290521717164620E-002  0.29182677090370951     
   3.4503910275300746E-002  0.27391869949654996     
   3.8984975656148814E-002  0.27045831505483769     
   3.9275520492014847E-002  0.27638484176183725     
   4.4627270447292505E-002  0.27473851067839183     
   4.9938734622368475E-002  0.27586963042952856     
           7
  0.13426757066231809       0.32573142844472058     
  0.13934917485082823       0.33585502301330322     
  0.11168576046848612       0.33279417502800990     
  0.11267516706072229       0.31994666033341446     
  0.11758717333368926       0.31731694200733429     
  0.12925640582209594       0.31711577153582804     
  0.13772112637112183       0.31546234559558606     
           8
   9.9480153740839183E-002  0.33209979217025842     
  0.10049706101736641       0.33806895747397669     
   9.5810275484375429E-002  0.34241184772313205     
   7.4383205511949768E-002  0.33682884088552106     
   7.9351331578573395E-002  0.33151154333373339     
   7.4373327049388233E-002  0.31859729424080474     
   8.1980142779248200E-002  0.32300507858118171     
   8.9445803447816025E-002  0.31975212581755630     
           6
  0.28352218520146855       0.36122118825874394     
  0.28251140480323900       0.36954900232749455     
  0.26707960590515090       0.35932848294478120     
  0.26035197646782166       0.35182735446157132     
  0.26831166956879016       0.34565501521421149     
  0.28418291822090180       0.35191886911773362     
           3
  0.97830588285007081       0.55707037727385988     
  0.96399176954732513       0.56172839506172845     
  0.95014814623640709       0.55205826530843827     
           8
  0.89699569746930352       0.48822078108981404     
  0.87641641360695599       0.48386634868397854     
  0.87728807784599072       0.47258647033689866     
  0.87791547195929820       0.46458109572301276     
  0.88349421634122194       0.46489913370019420     
  0.89353631784003673       0.45972554216697120     
  0.90261168819766235       0.46423675964309830     
  0.90193842028061733       0.46977913770158525     
           3
  0.89717297938754381       0.56889421795684181     
  0.87920206661087230       0.56720616472068608     
  0.90165151394866194       0.55245750103915126     
           8
  0.74045626833201772       0.45468394705052911     
  0.73501793955201367       0.44959855250300634     
  0.73413620356854936       0.43939839585096885     
  0.73111436925713724       0.43405694220881991     
  0.74017892586451828       0.43417638767782268     
  0.74582421830024248       0.42971968631468932     
  0.75638192011766348       0.42940831504785071     
  0.75684500668048227       0.43844648355984439     
           3
  0.14264025521291723       0.16007720280118506     
  0.15226337448559671       0.14814814814814814     
  0.16514554906290743       0.13804791846193312     
           7
  0.25916336823138908       0.59298231833033277     
  0.25057742598024790       0.59684427287250175     
  0.24124003011686965       0.59278443429751548     
  0.23684973479863267       0.58474121532237933     
  0.23645159105355679       0.57350825977570086     
  0.25874725125469095       0.57526480616231868     
  0.26347873403863309       0.58316974451421999     
           3
  0.90601535690921109       0.53092104272730234     
  0.89609053497942381       0.52674897119341568     
  0.89355900719314385       0.51498513016860648     
           5
  0.81369384735543571       0.62227685249280429     
  0.80426712244060949       0.62438053722983688     
  0.79323296699911394       0.62746677926195338     
  0.79600892892188491       0.60915350384324574     
  0.80749835073246268       0.60190805309392748     
           4
   9.0170629250554510E-002  0.29402046313797547     
   6.8603365712230607E-002  0.26737741755597699     
   8.2372564636097670E-002  0.26768138572259575     
   9.3143581735174910E-002  0.27590223147765108     
           3
  0.80140267815177879       0.68336447214755980     
  0.78886689492863682       0.66255156882729305     
  0.80623309567756274       0.66919379728655026     
           5
  0.17595520176444202       0.39601354327854699     
  0.16403968349654235       0.39517127936990731     
  0.16694528446281337       0.36832395837712334     
  0.17711440903786707       0.36976806896005704     
  0.17993593068478117       0.37819820908147572     
           5
   6.6549412689976939E-002  0.25966422132158606     
   5.8274263346642402E-002  0.25505219097151099     
   5.8024070209427403E-002  0.24745610480788302     
   8.5466599025619955E-002  0.23298758319402441     
   7.9974384631784912E-002  0.23858047347696551     
           5
   1.0138962250757035       0.63145897167199683     
  0.99945038697892052       0.63915499359089523     
  0.98568416243753765       0.62972316238439585     
  0.99029528212471685       0.62470805477025415     
  0.99946454978281041       0.61115684603859277     
           8
  0.34154738861795902       0.54456984061220437     
  0.34339788572527896       0.54964395220336426     
  0.33485357107812630       0.54372133356984353     
  0.33531996092744820       0.54915952888873154     
  0.31556049065573938       0.54884601230602814     
  0.31973189826402404       0.54337867606353063     
  0.32188004754845706       0.52603662507327109     
  0.33685380156458283       0.52327704192371072     
           6
  0.10503251150004346       0.45327102638953315     
   9.1944270749567764E-002  0.45843819967637844     
   8.3882219386874762E-002  0.45870620819330987     
   8.9081443162528709E-002  0.43563968255971464     
  0.10793844607781092       0.43203071381760222     
  0.10575459418297287       0.44050208623878168     
           4
   3.1341847856190146E-002  0.32159159857964348     
   1.9736220133227442E-002  0.32666849175317897     
   7.1746539733168191E-003  0.31590909104302189     
   2.5329222074230988E-002  0.30058093265745522     
           7
   8.3054158328032937E-002  0.28661788473010907     
   7.2102600066243500E-002  0.28863465398895238     
   7.5436887345738612E-002  0.28384360107811957     
   8.5030004452763916E-002  0.27017379171825368     
   9.0480186330724049E-002  0.26756012053598333     
   9.5652495337859106E-002  0.26508355601189776     
   9.7877927706852580E-002  0.27559465403622185     
           6
  0.81274961596090023       0.69522926678307273     
  0.80159777351347505       0.70081336676027250     
  0.78437091628664768       0.70094449090280253     
  0.78847677908441804       0.68755424918824348     
  0.78827937711381268       0.68044465846897906     
  0.79976045441126109       0.68074874918142247     
           4
  0.84930925211059982       0.57990043797423207     
  0.83955547822575594       0.58329486254906737     
  0.83974403322195101       0.55994997325570783     
  0.86381954800353489       0.56185787114114238     
           3
  0.15106820649495128       0.26303680761463516     
  0.13987498727500611       0.25306205053165981     
  0.15226337448559671       0.25000000000000000     
           6
  0.17486447375318329       0.21123596909616218     
  0.17566681942274345       0.21728508260492468     
  0.16460905349794239       0.20781893004115226     
  0.16523991938199667       0.19904531002871212     
  0.17300498223931460       0.20278864026764370     
  0.17637965470662073       0.19689088021226461     
           6
  0.76495277803909711       0.55302712261714448     
  0.75868295395296070       0.55448030302261853     
  0.74824638743754923       0.55113101911007845     
  0.75295401510686899       0.54237205743313632     
  0.75032430742078904       0.53581129198186073     
  0.77080163501521304       0.54101770346999278     
           5
  0.91351785994817802       0.58226658861832647     
  0.91153613401889455       0.58856627069251566     
  0.89810481510356976       0.59165389881522468     
  0.90011508385906025       0.56256786647157286     
  0.90803676930987376       0.56790235502914077     
           7
  0.60315914258549286       0.57796234240077371     
  0.59336472044468092       0.57804208760617481     
  0.59045190934347325       0.57238613489498380     
  0.59620810814557035       0.56970598545896645     
  0.59900353295506070       0.55335474515557237     
  0.61248097203211138       0.55687065229835120     
  0.61604295384476504       0.56581065860409896     
           6
  0.84393538066385176       0.45164917454915515     
  0.83336934541376739       0.45969631666995692     
  0.82017744610543997       0.43710508221631783     
  0.82953556194472977       0.43469569923210372     
  0.83536220165050934       0.43354962897294264     
  0.84366014417312163       0.43697761201230534     
           3
   2.4800966459319628E-002  0.29743611337076964     
   2.3723199675065889E-002  0.27361246237161924     
   3.2188137965572239E-002  0.27561861749378080     
           3
   5.4617031882399650E-002  0.41998405996058025     
   5.9670781893004114E-002  0.40534979423868311     
   7.3950410596967886E-002  0.41229221923144216     
           8
  0.78755321697817204       0.46186156274847112     
  0.78843472080866772       0.46815992445781324     
  0.78195374635746473       0.46790748623924577     
  0.76731374833807842       0.46386470876017871     
  0.76382693149287928       0.44717865726933187     
  0.76905910869832284       0.44589564105315449     
  0.77805506589288453       0.44587178955860979     
  0.79079181061407322       0.44494179712710236     
           3
  0.84920079985210495       0.58153388585710908     
  0.82670403380404578       0.56953500889931519     
  0.84053497942386834       0.57304526748971196     
           5
  0.17918422819337146       0.39058418110537352     
  0.16975308641975309       0.37757201646090532     
  0.16399949851189907       0.36501516909904452     
  0.17640738755523475       0.36456973264494175     
  0.18317153460221416       0.36508007728516950     
           7
  0.22295983960071641       0.53654082153898053     
  0.21153843076413276       0.53407329191676167     
  0.21446645111945170       0.52931878594784376     
  0.20779526198342013       0.52451685016117600     
  0.22015507170099416       0.51409936321718297     
  0.22997263150657787       0.51862533840122582     
  0.23613013487711948       0.52118379341904819     
           6
  0.12525979949320465       0.34836407372410783     
  0.11431895414253677       0.35307781185061227     
  0.11284984516112147       0.34365735692415222     
  0.11339573344491957       0.32550462311523953     
  0.12455687164627517       0.32835848582069832     
  0.13857792193694790       0.33456925015584366     
           5
  0.10849186582764976       0.61395552795038355     
  0.10166787256435461       0.61262108635547197     
   9.1957979788758706E-002  0.61454644592664220     
   9.3310776182495253E-002  0.59044629688785411     
  0.10779476483303337       0.60320438269669108     
           6
  0.14729119048809147       0.39017074425706488     
  0.13264600632885387       0.38764197847386256     
  0.12617573973718105       0.39000160702738107     
  0.12610300995333498       0.37955747366861486     
  0.14475200876402117       0.36800377657987177     
  0.14403874236054656       0.38115215190030594     
           3
  0.18148194434258899       0.23574649718219989     
  0.16769547325102882       0.24074074074074073     
  0.17744341814239137       0.22805590001169720     
           7
  0.95583419564564598       0.50577553645110218     
  0.94570959421369927       0.51365302393263346     
  0.93677908911161567       0.52004146886710423     
  0.92833633848388997       0.50667435066735544     
  0.93180393226219471       0.49586986411912182     
  0.94262559665729495       0.49810432709544117     
  0.94892853648484243       0.49160347280164740     
           8
  0.78603348709660659       0.67610042652019653     
  0.78353335418732395       0.68948463974549024     
  0.77107603641017053       0.68683767923701777     
  0.76491442350813710       0.67432863788583131     
  0.76028654961953568       0.66378827472656199     
  0.77295987870025296       0.66116118300774329     
  0.77884823266503633       0.66267624843527861     
  0.78116654122482021       0.66752228462806951     
           4
  0.17170802511989411       0.34081014288625533     
  0.16603930472495324       0.33578214512512644     
  0.16065816348259243       0.31639558980890620     
  0.17305591925394204       0.32299517943744732     
           4
   4.5472599946893205E-002  0.24529212162038999     
   2.7359114676447416E-002  0.24167969827803187     
   3.0616994517252374E-002  0.22375247649458790     
   4.7244906940599213E-002  0.23682780161988692     
           5
  0.93248154120569027       0.77986837502484052     
  0.90925912811590193       0.77985056932160557     
  0.91838197213138195       0.75459522204587526     
  0.92813267336859040       0.75867711811225447     
  0.93568118452595250       0.75861205841968304     
           7
  0.80026129144744629       0.54862041363950442     
  0.79390724182109529       0.55333436647928735     
  0.78092945008215509       0.55259132894209617     
  0.77935115310129421       0.54071576031022384     
  0.79930512114658536       0.52888718297117387     
  0.80001961584380499       0.53638274062277591     
  0.80581472324117764       0.53733794802425838     
           3
  0.75950234946811834       0.61189199034560982     
  0.76646090534979427       0.59876543209876543     
  0.77952842182215509       0.59999518635162874     
           8
  0.72413119336143550       0.48823260391015372     
  0.71360549945905749       0.49443621824769907     
  0.71015282852202344       0.49001650550349080     
  0.70449350806492261       0.49517748939343392     
  0.70394611641653149       0.48806317448651665     
  0.70280600892089018       0.48060875731133523     
  0.71354794856471659       0.47307128827193384     
  0.72694800914131819       0.47668954628487181     
           8
  0.13589275355911731       0.36749375427370740     
  0.13429616877151598       0.37340571973427111     
  0.12203108532467742       0.37969328375660333     
  0.11286612023218177       0.37688024831513794     
  0.11993185760530367       0.36204459166097447     
  0.11297912817066659       0.35485961327753562     
  0.11882147762350723       0.35171486934427448     
  0.12915760512402316       0.35185744925714341     
           3
   8.6180099767242530E-003  0.30467356168124554     
   2.7609914046377061E-003  0.29774765625165794     
   1.2995998269541748E-002  0.28322753278371771     
           6
  0.27339417089673063       0.42194835514656709     
  0.26858958952148126       0.42695989116175365     
  0.25487684394770910       0.42957442682684099     
  0.26069003023342080       0.40923080856466537     
  0.26958200413677169       0.40554991048881844     
  0.27974650338119966       0.41793355342160943     
           8
   8.2414403266874395E-002  0.35105125435344903     
   8.5983374899012574E-002  0.35923253783455711     
   7.7812072853094896E-002  0.35599190637019373     
   6.1174574642899222E-002  0.35916319002916963     
   6.0818130628075028E-002  0.33935788741256007     
   6.7047396382075117E-002  0.33610137747523217     
   6.9576168400620420E-002  0.33110819802073349     
   7.5587631710932052E-002  0.33258120296282012     
           8
  0.74505886776279084       0.41085709202723925     
  0.74514750521422057       0.42262900193608516     
  0.73626384768925068       0.41828749783258062     
  0.72301515212825784       0.41657375077137920     
  0.72018669499055399       0.40981543584853702     
  0.72235488298806050       0.40411333350570994     
  0.73281735015470684       0.39938754184181341     
  0.74424023474418821       0.39709889568953366     
           7
  0.89853557445753474       0.64582012024106605     
  0.90024218644191278       0.65646765803093143     
  0.88941023513487416       0.65869599445930238     
  0.88498028483841840       0.63447296051980429     
  0.89833425992620575       0.63207043089328585     
  0.89873210846289098       0.63834181901816966     
  0.90470274287122732       0.63346402714578864     
           3
  0.22555746920927958       0.36334172823370642     
  0.21045736883745014       0.34129809657671767     
  0.22805364369434467       0.34254658863478477     
           7
  0.23209804730179151       0.36453208719567981     
  0.22101842601041130       0.37201181307744929     
  0.21537804573109010       0.37034966292885457     
  0.20886491549223987       0.36171968678191541     
  0.21376941007642011       0.35107763391907615     
  0.22591502219065884       0.34685790421959012     
  0.23263029984023884       0.35367661907922820     
           5
  0.89802257443758560       0.60278394015864556     
  0.89105806118199293       0.60446236605276382     
  0.88335466023707976       0.60250038221041413     
  0.88655085267352585       0.58236337075789490     
  0.90334369146041771       0.58879554379483101     
           4
  0.11224120720328579       0.45969008776637449     
  0.10115768674409320       0.46075480967628901     
   9.1556489017968729E-002  0.45685027273807549     
  0.10292776430674468       0.44437959666768728     
           4
  0.72422417745242584       0.53433920982270799     
  0.71302227637766069       0.52624429240761439     
  0.72253448198109138       0.51241595950051622     
  0.73550379972374225       0.51853231503060071     
           8
  0.92132971677180320       0.57899407677673609     
  0.91577602404342073       0.58589101371128260     
  0.90895224603022184       0.58817428048313680     
  0.90120675013341656       0.58814215360105315     
  0.89539099945622758       0.56538604430459494     
  0.91160479615891832       0.56481981283578775     
  0.91684396815285052       0.56286158784538642     
  0.92394794133737523       0.56991296420504023     
           4
  0.85896244651299569       0.54636925270386993     
  0.85673893344588947       0.53855670677374268     
  0.86442173522638199       0.51945923617702416     
  0.87609457945118341       0.52084220984140905     
           4
  0.13095472765638116       0.40184348496759953     
  0.11829604172119632       0.38454553112126377     
  0.12471667463860621       0.37564907154245258     
  0.14185225844684560       0.37856164691190758     
           6
  0.35385839868697438       0.42838033883361665     
  0.34800377083898670       0.43207617860817332     
  0.34861538394613684       0.42487182603680124     
  0.34875021719551691       0.41495933451074835     
  0.35574996210729787       0.41423625966499861     
  0.36213991769547327       0.42181069958847739     
           7
  0.22032909361785133       0.24243259002691128     
  0.21513038966058098       0.24467654850836945     
  0.20636467201016295       0.24208714939659273     
  0.20194753859197312       0.22636330539507021     
  0.21050886719144740       0.22264787344333789     
  0.22315960872155993       0.22466083014094287     
  0.22397781114361837       0.23118199035909789     
           8
  0.85973361347446642       0.62038902477713032     
  0.84584640837219049       0.61721858269675345     
  0.83618952175177386       0.62324375060271520     
  0.84091501566083726       0.61917113304328031     
  0.83505084739397084       0.61031692635085422     
  0.84714507938732919       0.59976699205022155     
  0.86108158270792123       0.60383625705981447     
  0.86185948774625887       0.61293984776767485     
           4
  0.10932416011803836       0.27333552265098654     
   9.0565383785821338E-002  0.27252600834662022     
   8.3963428002910345E-002  0.24896284944060793     
  0.10380047980224047       0.25258629283634665     
           3
  0.88225230867692261       0.54001323792377054     
  0.88429284242456452       0.51708529833509997     
  0.89711233086290176       0.51754868792457620     
           4
  0.11294598387758582       0.35597159549031443     
   8.7998727183588671E-002  0.36403811947967057     
   8.8717623234610521E-002  0.35682976630948732     
   8.6872021614818551E-002  0.34535664942528754     
           3
  0.11831275720164609       0.33539094650205764     
  0.11635228775539944       0.34423849538214485     
  0.10695937438019142       0.32342963197225560     
           4
   8.5710696906259695E-002  0.41569122039207551     
   7.0455442494970572E-002  0.41673841809764994     
   6.4474512379145865E-002  0.39637202783984532     
   8.4213129213827079E-002  0.40091168500437602     
           7
  0.11137600143987841       0.26184358089935755     
  0.11211329367973930       0.26822842629282850     
  0.10669641943483812       0.26901954651433257     
   8.9905331788276782E-002  0.26245963428646879     
   9.8765432098765427E-002  0.25514403292181070     
  0.10724795473705069       0.25709878702083633     
  0.11317821713025421       0.25354909549590449     
           6
   8.1447471353768161E-002  0.42167658712621142     
   7.4101317103648437E-002  0.42345139341881860     
   5.7602782871737958E-002  0.42701703680931719     
   5.5878843970372960E-002  0.42074755247366824     
   6.8964618566993610E-002  0.40369088607054959     
   7.6127985416826124E-002  0.40396033459383185     
           3
   8.8678357796099228E-002  0.34968729417899019     
   7.7160493827160490E-002  0.35185185185185186     
   8.4759166136363306E-002  0.33762979722017783     
           7
  0.15418791860499109       0.30911372553564243     
  0.14863798951862192       0.32014788433568919     
  0.13722360037060510       0.31742364155476499     
  0.12980441600783454       0.30370668826693692     
  0.13488839400380664       0.29460855539746011     
  0.14027210700168113       0.29810029618152045     
  0.14785573884539679       0.29712551752498445     
           7
  0.14083951980212431       0.34722591410074771     
  0.14209740521857464       0.35371047971033726     
  0.12181380821654859       0.35302711485972887     
  0.12474143330893352       0.34162942475856611     
  0.12042343007548845       0.33667393113894878     
  0.12898149807234172       0.33727586038680252     
  0.14429124340749064       0.33572382350474095     
           4
  0.14649267508793806       0.28775347413930707     
  0.13660015749896737       0.29445568676324069     
  0.12326096455117917       0.27926925082764859     
  0.13982058240528517       0.26776563028769490     
           7
  0.88173751806089706       0.72288364015834172     
  0.85662486470983679       0.72968909307662333     
  0.85934481239931604       0.71583754993802440     
  0.86230228097191364       0.70351360143981168     
  0.86837172855355049       0.70407614860549517     
  0.87794642176368942       0.70590660625645563     
  0.88267780792046213       0.71218753177201621     
           5
  0.12628611197286205       0.48714322523812831     
  0.11213991769547325       0.47633744855967081     
  0.10393319436520831       0.46895439869005523     
  0.10922482240015266       0.46185021322857800     
  0.11455230946589423       0.46624566386782973     
           6
  0.89946106835067563       0.60846858034065099     
  0.88343406007378444       0.61511748332851779     
  0.87483325162251246       0.60559645007611074     
  0.87352071086460426       0.59685335707177067     
  0.87957748093408483       0.59125904050573908     
  0.89462898064766805       0.59456858660497414     
           5
  0.15417637852448771       0.37873359332472578     
  0.14609859887387935       0.38068865937750224     
  0.13590355199594725       0.35739657047300355     
  0.14642065870234341       0.35466372689671816     
  0.15044511536726943       0.36236088256063981     
           4
   9.2832760100743983E-002  0.36516912815993963     
   8.3814318562203768E-002  0.37156762183827013     
   6.7263675431334213E-002  0.35655448746054336     
   9.2619068881587552E-002  0.35031852957306908     
           8
  0.17312705576099638       0.33263392728676283     
  0.16615588112194329       0.34059110026305983     
  0.15163741834744890       0.33960950762921727     
  0.14718696124673009       0.32543847114584379     
  0.14650069985219072       0.31951355603412579     
  0.15640759411869204       0.31796692486408168     
  0.16337048964001202       0.31865839377482474     
  0.17259549813982472       0.32560971532958016     
           8
  0.24540390536228590       0.34193340411845602     
  0.24969369186557383       0.34559678959348189     
  0.23153809849808688       0.34369329269020665     
  0.22443465603347257       0.34556172586485295     
  0.22611215180161554       0.33979949299884626     
  0.22355750666094343       0.32377127502412256     
  0.23449155455176954       0.32304924823904713     
  0.24031132227641180       0.32464240990593779     
           3
  0.11831275720164609       0.40534979423868311     
  0.11907718261830710       0.39481547961597185     
  0.13125628725109478       0.39188056938559529     
           7
  0.87224609131359854       0.58735054074388882     
  0.86998403666928592       0.58207111066403772     
  0.85873201227377671       0.58876902854064017     
  0.86004192525443635       0.58290622405202430     
  0.86418241869290713       0.56037006608013884     
  0.87883662266806017       0.56669910432803372     
  0.87582977388169791       0.57674613239473960     
           8
  0.11197893638565085       0.47042180204384687     
  0.10939922062388203       0.47641897617789797     
   9.8472126048943148E-002  0.47576876417793829     
   8.9794455295528000E-002  0.47502582672281957     
   8.9081005906071889E-002  0.45553960192662696     
  0.10496930428458109       0.45276666013971789     
  0.10409208679127399       0.45939045810886742     
  0.10984868044336840       0.46334655257929852     
           8
  0.77394374184808068       0.59803147186010630     
  0.75558226254816185       0.59422421144790849     
  0.74914532912279574       0.59519042633573371     
  0.75074184676690248       0.58814998016068709     
  0.74922709961715039       0.58022685285907261     
  0.75204239442757537       0.57268001628359133     
  0.76794852127589186       0.57395861929468539     
  0.77028091310797242       0.57902897517221519     
           4
  0.17677574633748039       0.46924726254633414     
  0.17576930445786385       0.46181509476795818     
  0.17430543026023379       0.45169818674444079     
  0.19836345489098420       0.45524066682680336     
           6
  0.90007868913281452       0.64552631683533057     
  0.87969863828463912       0.64949666964942121     
  0.88297309798502466       0.64419475530817893     
  0.88122035321682479       0.62673154268431785     
  0.89110616434342049       0.62555043582646397     
  0.89605211108858329       0.63173429391334934     
           8
  0.79583971444594159       0.78808480333264130     
  0.79966354268749973       0.79356368615024087     
  0.79029832358127095       0.79482508059198365     
  0.77760690644502151       0.78903777023636779     
  0.77670949106533782       0.78134639385446036     
  0.77305979620117526       0.77617086710752570     
  0.78897979515976469       0.77412478967197651     
  0.79405756721384069       0.77896001025630812     
           7
  0.88295104408659819       0.57480175661507438     
  0.87580864010199799       0.57214532734599166     
  0.86001570666953198       0.58152256210955988     
  0.86053761686618180       0.57419828375507154     
  0.86452190490102565       0.55708267758657937     
  0.87268766107047202       0.55579122737390685     
  0.88166780203538264       0.55597639666144916     
           7
  0.19170604326385574       0.34274496867159332     
  0.17242848065558822       0.34264515678354479     
  0.16489913106509296       0.33960796882784944     
  0.17125491385526687       0.33446414563413857     
  0.16498079988068681       0.32293548041927256     
  0.18884125327811066       0.31652357122845604     
  0.18715375328067582       0.33149965073845905     
           5
  0.73478299959897153       0.32664488663465036     
  0.72090709328229574       0.33601820578176417     
  0.71178767401174381       0.33015577688653458     
  0.72339652020402756       0.32005338814132772     
  0.73586591674900059       0.31879411631770005     
           5
  0.16347026821102709       0.47223808177516635     
  0.14716184893975104       0.47867715820395212     
  0.14437465460405974       0.45600304329608465     
  0.16541251748188945       0.45275560557632949     
  0.16448798948198703       0.46232889678405137     
           4
  0.89949438493069478       0.58930668900464878     
  0.89151005389738602       0.59521746556562116     
  0.88786008230452673       0.58539094650205759     
  0.90106591769311184       0.57617350242914034     
           7
   8.8508456034977340E-002  0.49330031294184645     
   8.4646616674596623E-002  0.49926996003248547     
   7.7321259316716490E-002  0.49586827749088819     
   7.1292333673735178E-002  0.49649739462354225     
   5.9932482317884679E-002  0.49405602829401407     
   7.7731487748370312E-002  0.47373532254979972     
   8.3835218360659561E-002  0.48886882610822235     
           4
  0.64653786176244887       0.60557274513532244     
  0.64267172640216252       0.59845783126383578     
  0.63953479070124053       0.57995238128050697     
  0.66011443553901805       0.59037372773663221     
           8
  0.85951352312335605       0.59991504017568464     
  0.85397366836915245       0.60291357133109169     
  0.83961557269743681       0.60733879508615585     
  0.83452727074574984       0.60288251370709556     
  0.83581961321810938       0.59730372347544236     
  0.83267058643009184       0.58249745575462331     
  0.84205019405136783       0.58659059590626472     
  0.84919762215325356       0.58500990021786370     
           8
   3.5486671760870565E-002   4.7862651011709431E-002
   3.1042642032428822E-002   5.3038996212792414E-002
   2.2300101179409761E-002   5.5713019555091656E-002
   1.7144112115781214E-002   3.6887327338896304E-002
   1.2912408493083671E-002   3.3970810007630359E-002
   1.8647510638483043E-002   3.1429008159403422E-002
   3.1313884930505811E-002   3.0149401753612970E-002
   3.9743762093883972E-002   3.4066287740429482E-002
           5
   5.6957884113939455E-002  0.39559232940654571     
   6.2681096588962620E-002  0.40013492062341721     
   3.4331757589425013E-002  0.39680937434503077     
   3.6379853665647957E-002  0.38274487231660898     
   6.3020029930003316E-002  0.39167072148946319     
           4
   7.5682461681546825E-002  0.35982887422978743     
   5.9027141002889368E-002  0.35904947770566681     
   5.8282050592578363E-002  0.33983740045880462     
   8.6374200854303723E-002  0.33622842023705413     
           7
  0.78877894631564860       0.50016270648665140     
  0.77052735130890637       0.51051316851763340     
  0.76622115620461928       0.49710281857900285     
  0.76887107145355726       0.48858223628041508     
  0.76481336579257253       0.48369314364033822     
  0.78805712389290716       0.48774668489055412     
  0.78722036500754233       0.49449774786174439     
           5
  0.15375783260874690       0.48954462782750302     
  0.12723713867487005       0.47873578567884484     
  0.13301793364765030       0.47561531076034635     
  0.12666298375064181       0.46519841465983580     
  0.15469561605313634       0.46628235430976228     
           5
   8.6512096214344247E-002  0.37634825189374776     
   8.0242365107770358E-002  0.37936413980769490     
   7.4504660911073828E-002  0.36773242023007707     
   6.9559820023947755E-002  0.35057556344120266     
   9.5227533283988225E-002  0.36152826224770507     
           4
  0.18108319071056117       0.31618759352540488     
  0.16372067548980423       0.31236972755184250     
  0.17389054479605467       0.29677138063303887     
  0.18835142533431853       0.30542043487858911     
           8
   4.0449531610009221E-002  0.32034016696100387     
   2.1550618724676805E-002  0.32898798247927713     
   1.7788113594790038E-002  0.31959622213323258     
   1.5220046775111689E-002  0.31446308290378616     
   1.6011139302333024E-002  0.30873556147641207     
   3.2286328159698299E-002  0.30541685823230585     
   4.2975985815298455E-002  0.30595065483713257     
   4.0674107356747070E-002  0.31121293753107515     
           6
  0.77699400615041991       0.60430579000176710     
  0.77533587624265488       0.61039933626181020     
  0.76217583840827996       0.59123910947064029     
  0.76157908388946216       0.58213936361566199     
  0.77007918442151080       0.58393421782982935     
  0.78532430929100805       0.58999473957992565     
           3
  0.53721476181959193       0.69119502402737576     
  0.54621302939455052       0.67088342641245569     
  0.55999610864612925       0.66800082462577826     
           6
   8.8390079830596199E-002  0.40489217822531198     
   8.0120537161768202E-002  0.40583406213035222     
   7.8519443477903850E-002  0.39508331754906356     
   8.0893174546565499E-002  0.38552250923646819     
   9.3628009256940842E-002  0.38205011979118136     
  0.10185422064163224       0.39181821153761648     
           7
  0.89766010352096159       0.50306218778043832     
  0.89364342169556654       0.50780014121241557     
  0.88261592228311991       0.50451764456786075     
  0.87917896541521678       0.49817189917955401     
  0.87686202425376103       0.48674857196330817     
  0.88988190908637854       0.48553052152414994     
  0.90281068539976539       0.49012763409831023     
           3
  0.10920451308090610       0.35989885056827725     
   9.5679012345679007E-002  0.34670781893004116     
   9.5771366631975802E-002  0.33227112138417930     
           6
  0.98037261118858909       0.58693795362492684     
  0.97056820026231494       0.59649110991910692     
  0.95983184671498678       0.57967748390269247     
  0.96413837730274965       0.56916714989370532     
  0.97875710893472234       0.57049561081741229     
  0.98112308148861416       0.57833321839414709     
           7
  0.81265601593322745       0.59522954244315529     
  0.80707916387466516       0.59715662847481055     
  0.80372138742498156       0.59143420945750536     
  0.79707840684296205       0.58778696534466179     
  0.79770225350034207       0.57927780841051313     
  0.81517143881196630       0.57279145334007464     
  0.81911305123720557       0.57740574468332662     
           4
  0.85638448436959491       0.46619177700170283     
  0.83375709186398650       0.47569063241922088     
  0.83797897992813453       0.46143283083541109     
  0.84302769312287207       0.45082227812698056     
           6
  0.94433756303688354       0.94133337493710478     
  0.93813089394562299       0.94010298410724802     
  0.94103754005448281       0.93082137460496917     
  0.94311761953107809       0.92223709757581218     
  0.95328465592693079       0.91814433505471094     
  0.96719615303077455       0.91576228133103177     
           3
  0.19719284678836807       0.52872906156970967     
  0.18724279835390947       0.51440329218106995     
  0.19329377367611916       0.50009413552020565     
           5
  0.11551422475005010       0.40209588351431208     
  0.10585029202688737       0.40793382146887414     
   8.7249245963123820E-002  0.39777300377465907     
   9.8637914637918225E-002  0.38204141926240331     
  0.11145558786192583       0.38155565634007704     
           3
  0.12025543545348691       0.38745925023589950     
  0.10392399720918861       0.39128745850996566     
  0.10302584091108970       0.37114346632256762     
           3
   4.9382716049382713E-002  0.47530864197530864     
   3.9918284879179214E-002  0.46442555492938431     
   5.0475935189638929E-002  0.46324850616488378     
           5
  0.98965127386020069       0.65263966227462777     
  0.97337612507145221       0.65663179876183764     
  0.97056867273957692       0.64819139869324205     
  0.96982409931215130       0.63766825280252204     
  0.98587256523493472       0.63694814761801444     
           3
  0.24588477366255143       0.33333333333333331     
  0.23676037429985985       0.33244797313512586     
  0.23834435988185293       0.32169524209469075     
           3
  0.15617931561552306       0.53787585261454451     
  0.13409819711781085       0.53570483913949951     
  0.13451242294113472       0.52163773654635237     
           8
  0.77436534659170542       0.63543711542560499     
  0.77043776626215077       0.63018701845006697     
  0.76393064431996505       0.63386102016775137     
  0.75616775666135871       0.63711709994900079     
  0.75488948055842331       0.61307696856404903     
  0.77203552106437523       0.61438033403540382     
  0.77538741501165376       0.60991299930650666     
  0.78149962209785195       0.61971482622681406     
           4
  0.13991769547325103       0.47325102880658437     
  0.14655766210579566       0.48536114665681029     
  0.13032897812944186       0.47219020747456886     
  0.12944540828067724       0.46072743144559475     
           8
  0.78098807380470192       0.64433726444357153     
  0.77776985406252985       0.64897120526583774     
  0.78145654546023624       0.65520522204837106     
  0.76513887993236607       0.65403823752661805     
  0.75984287662744943       0.64672557001393460     
  0.76048906272934758       0.62940644566406878     
  0.76453085290448197       0.63283636014565536     
  0.77589752510615151       0.63167906325468659     
           4
   5.8273321668221668E-002  0.27383542161395008     
   3.9905861779685609E-002  0.28774902721347650     
   3.1098491859198257E-002  0.26497048373107474     
   4.8736690065289523E-002  0.26140499232878189     
           8
  0.82832900569774037       0.61465880322360134     
  0.82292083436742691       0.61392403529283635     
  0.81349128766396273       0.62772022784235237     
  0.80556131955792576       0.60141577184542183     
  0.81704245364792416       0.60267437494572029     
  0.82429186267004995       0.60065603165506343     
  0.82940289722321214       0.60291013459909004     
  0.82390890239807557       0.60813847072313942     
           6
  0.10914942990035653       0.36778823231031538     
  0.10983236290184623       0.37689115488672237     
   9.6314261639098828E-002  0.36982645142431320     
   8.4955392246534089E-002  0.35432978731303788     
  0.11041100219390217       0.34756067708445365     
  0.11138787884376608       0.36059565874230498     
           7
  0.12604835760161331       0.43025106637353155     
  0.11374993961201262       0.43790890997556936     
  0.10268027515856469       0.43537828263278400     
  0.10154847685620706       0.41978070334939505     
  0.10596606897816052       0.41365482678092397     
  0.11611582712848946       0.41475813899456632     
  0.12434664654176214       0.41329590293027801     
           4
   7.4360026154761560E-002  0.24309998764162710     
   5.5229809037029884E-002  0.23646683825469053     
   5.6664444045899015E-002  0.22810717638018960     
   8.0883468260686611E-002  0.21812743063741988     
           8
  0.11778916981650170       0.39532851980570999     
  0.12023423915518253       0.40238382668883027     
  0.10239376962984595       0.40567804895780607     
   9.8701855437280897E-002  0.40034198316128344     
   9.9874120372315855E-002  0.38664254444260765     
  0.10569188092215778       0.38406027396584308     
  0.11834417531419975       0.38261302638598371     
  0.11664730133887374       0.38783643310664384     
           4
  0.85381909954361201       0.69726924928090228     
  0.84216763688801244       0.70053645248733309     
  0.82609756185418426       0.69278208504638850     
  0.83180205194796653       0.67824916200222685     
           4
  0.18293260051191385       0.37931673604383576     
  0.17911576085103040       0.37305830972420750     
  0.18241940380102922       0.35573364130102691     
  0.19807991755737367       0.36727466909505257     
           4
  0.95782348569503417       0.67965121252228911     
  0.93524628017123224       0.67542718412504488     
  0.94839554557655392       0.66133096944502900     
  0.95735853232833712       0.66879682595567180     
           7
  0.81409683742800454       0.44132605162532373     
  0.79978776176543864       0.44197423684975812     
  0.78788621580000084       0.43949122261352425     
  0.79337850449489855       0.43514711029220232     
  0.79104731264287542       0.42068566451252654     
  0.81285556197421449       0.41841358119307404     
  0.80908710345446921       0.42719981639787180     
           7
  0.90158075058277165       0.75407529994236921     
  0.89253181249098734       0.75042385357999775     
  0.87737166576622638       0.75375158359111916     
  0.88018491766906870       0.74142875399974051     
  0.87665088741243846       0.72932407417304246     
  0.89246029069816912       0.73072327069953424     
  0.89625598165857601       0.73624534481575576     
           5
   4.8762620041976450E-002  0.47393782923184341     
   3.5408959419190811E-002  0.48162557214312512     
   2.7058034650429774E-002  0.47449961984257821     
   2.9473801538459292E-002  0.46201511423568276     
   5.2323676931656286E-002  0.46733265511725686     
           4
   7.8050024787127137E-002  0.42077306282429977     
   6.6403536407362934E-002  0.41896545581963007     
   5.3942675248590206E-002  0.41588318988541856     
   6.0302805490572722E-002  0.39512952506264176     
           7
  0.89662430051708086       0.48438932550500502     
  0.89269217697622993       0.49145894044935401     
  0.87737501254644934       0.48655487275905301     
  0.87780374476446121       0.47982350788328182     
  0.87663908689280801       0.47357908723139436     
  0.88065020548462902       0.46401733129807560     
  0.89583871759673095       0.46448019071822355     
           5
  0.40803079692052835       0.36825847504860881     
  0.38650392536970513       0.37018215943225774     
  0.39074150070339742       0.35354790455016777     
  0.39682690284845351       0.35622640657553389     
  0.40445997814029516       0.35859132826078233     
           5
  0.32364731623162990       0.44923160309829008     
  0.31197699237926185       0.46064937419723634     
  0.30465951206272657       0.44184135191071483     
  0.31018874184754436       0.43762388864140461     
  0.32267737705465149       0.43455810932568456     
           5
  0.25344666686324552       0.44534093868129371     
  0.22924286720875334       0.44516747678013824     
  0.22537795715530382       0.42908714018868033     
  0.22955262203518736       0.41924645825850632     
  0.24855098211670881       0.42669500446597886     
           4
  0.35284688192922486       0.29822168437555757     
  0.32784742188389876       0.28612196961620834     
  0.32460898151630690       0.27605856098689985     
  0.34063634128485026       0.27531717819686713     
           4
  0.64352548138054888       0.58114351397160791     
  0.63564966163991510       0.57813599354383083     
  0.62617104044719629       0.56523442277516711     
  0.65496702760829406       0.56735032014030751     
           4
  0.11421722758486086       0.35731958532008390     
  0.10596707818930041       0.35905349794238683     
   9.4072640190616688E-002  0.35779747515149235     
  0.11654153797196894       0.34480171444794167     
           4
  0.75761400541890300       0.72149996928736271     
  0.74857326553680315       0.70784005946359063     
  0.75720164609053497       0.70781893004115226     
  0.76898713538498498       0.71064169997404603     
           7
   9.0221074602263293E-002  0.27656066077887087     
   6.8900354584706891E-002  0.28485206190364026     
   6.7723064045814504E-002  0.27320448604151898     
   6.4736364928595913E-002  0.26719714670171646     
   7.3318617632318284E-002  0.26044327814276830     
   8.3920500722617405E-002  0.26370769200361510     
   8.8712880192346549E-002  0.26053281298806374     
           3
  0.19069649782141532       0.43177570280265304     
  0.16730392295112731       0.40952770587986992     
  0.17606069654573531       0.40959013261972027     
