   998.00000000000000     
   39.000000000000000     
         128
           8
   9.0000000000000000     
   8.0000000000000000     
   8.0000000000000000     
   4.0000000000000000     
   4.0000000000000000     
   3.0000000000000000     
   6.0000000000000000     
   10.000000000000000     
   8.0000000000000000     
   8.0000000000000000     
   3.0000000000000000     
   2.0000000000000000     
   8.0000000000000000     
   4.0000000000000000     
   9.0000000000000000     
   4.0000000000000000     
   6.0000000000000000     
   5.0000000000000000     
   1.0000000000000000     
   2.0000000000000000     
   2.0000000000000000     
   4.0000000000000000     
   2.0000000000000000     
   3.0000000000000000     
   6.0000000000000000     
   7.0000000000000000     
   8.0000000000000000     
   9.0000000000000000     
   8.0000000000000000     
   7.0000000000000000     
   9.0000000000000000     
   5.0000000000000000     
   4.0000000000000000     
   8.0000000000000000     
   2.0000000000000000     
   8.0000000000000000     
   8.0000000000000000     
   9.0000000000000000     
   10.000000000000000     
   9.0000000000000000     
   5.0000000000000000     
   1.0000000000000000     
   3.0000000000000000     
   10.000000000000000     
   10.000000000000000     
   2.0000000000000000     
   10.000000000000000     
   4.0000000000000000     
   6.0000000000000000     
   7.0000000000000000     
   3.0000000000000000     
   7.0000000000000000     
   3.0000000000000000     
   3.0000000000000000     
   6.0000000000000000     
   5.0000000000000000     
   4.0000000000000000     
   1.0000000000000000     
   6.0000000000000000     
   10.000000000000000     
   3.0000000000000000     
   5.0000000000000000     
   3.0000000000000000     
   1.0000000000000000     
   9.0000000000000000     
   2.0000000000000000     
   8.0000000000000000     
   9.0000000000000000     
   2.0000000000000000     
   4.0000000000000000     
   7.0000000000000000     
   10.000000000000000     
   7.0000000000000000     
   1.0000000000000000     
   7.0000000000000000     
   1.0000000000000000     
   5.0000000000000000     
   4.0000000000000000     
   1.0000000000000000     
   5.0000000000000000     
   10.000000000000000     
   10.000000000000000     
   2.0000000000000000     
   4.0000000000000000     
   2.0000000000000000     
   2.0000000000000000     
   2.0000000000000000     
   6.0000000000000000     
   7.0000000000000000     
   6.0000000000000000     
   8.0000000000000000     
   3.0000000000000000     
   1.0000000000000000     
   2.0000000000000000     
   1.0000000000000000     
   9.0000000000000000     
   1.0000000000000000     
   6.0000000000000000     
   5.0000000000000000     
   6.0000000000000000     
   1.0000000000000000     
   1.0000000000000000     
   3.0000000000000000     
   7.0000000000000000     
   2.0000000000000000     
   4.0000000000000000     
   4.0000000000000000     
   4.0000000000000000     
   6.0000000000000000     
   2.0000000000000000     
   9.0000000000000000     
   9.0000000000000000     
   5.0000000000000000     
   1.0000000000000000     
   9.0000000000000000     
   1.0000000000000000     
   10.000000000000000     
   4.0000000000000000     
   4.0000000000000000     
   10.000000000000000     
   1.0000000000000000     
   6.0000000000000000     
   2.0000000000000000     
   9.0000000000000000     
   7.0000000000000000     
   1.0000000000000000     
   7.0000000000000000     
   3.0000000000000000     
           1
   0.0000000000000000        0.0000000000000000     
           8
   6.0264932653853506E-002  0.57153610826845158     
   6.3437973151614341E-002  0.58306531718463750     
   4.8689992671058141E-002  0.58463168842580338     
   3.7700667771604995E-002  0.57700415707861730     
   4.0975760608732259E-002  0.57058463772621482     
   5.2644348015861354E-002  0.55583732198208835     
   6.6082032536816895E-002  0.55879102689799098     
   6.2461900303394914E-002  0.56428251934395635     
           5
  0.70548317050033105       0.99120294570403344     
  0.69392304594755294        1.0012080187429151     
  0.68681519315939410        1.0003048124588025     
  0.67880103070227471       0.98719640482969673     
  0.70619654572146495       0.97495023501007483     
           6
   7.8268908738408347E-002  0.12471354822577060     
   7.1549757059491140E-002  0.13379214001971984     
   5.9876332444263838E-002  0.13026385911190375     
   5.1472049484184261E-002  0.11482958310336579     
   7.4676202132253289E-002  0.11847235923747874     
   8.1324521398353264E-002  0.11635724246086347     
           8
  0.51277285165348785       0.42276458812010709     
  0.50641134173232216       0.42399733633369330     
  0.49367869114293217       0.42215726658450881     
  0.49448065851341388       0.41382385339666344     
  0.49301034005021699       0.40733850543084643     
  0.49928003299707108       0.40701018639864478     
  0.50461587434340116       0.40425462114213090     
  0.51661369755582565       0.40842949772403742     
           5
  0.43077001800342013       0.30160433388202523     
  0.42570701371212577       0.28922701374093984     
  0.42015095569745098       0.27766758561993343     
  0.44525785164225512       0.27636182379639684     
  0.44847195913433291       0.28484704779700176     
           6
  0.44115838845245864       0.58789410734306080     
  0.43146008137843450       0.59836737801649753     
  0.41974720891663242       0.59358441819829444     
  0.41883703885773199       0.57952100298819564     
  0.41344445799219437       0.57400586674154153     
  0.44190959887290515       0.57730399295054846     
           8
  0.35826461686340233       0.58699537795994139     
  0.34015515924106959       0.59265753696838452     
  0.33735934963110153       0.58740019380278974     
  0.33148914512705535       0.58994294659893665     
  0.32832588572379484       0.58524619331266603     
  0.32742311456096762       0.56948930469543158     
  0.33672988932465164       0.56447359893747273     
  0.35397423670311007       0.57729969753466970     
           4
  0.79838435555603504       0.10189854362048095     
  0.78601521655499829        9.6331833432330247E-002
  0.77742730285985095        8.2760426013999369E-002
  0.79997472636342981        7.7844445247529995E-002
           4
  0.32673071236211876       0.48408132468028559     
  0.31651100731545873       0.49166588904413916     
  0.29810552601336260       0.46939181085094839     
  0.30395101098268196       0.46103967695608516     
           7
  0.91669747875618068       0.54307026940497405     
  0.90114890592538255       0.54456833907703439     
  0.90164352412203996       0.53853286949841284     
  0.89653937685565044       0.52792252533375894     
  0.90005069833432161       0.52132611357328273     
  0.91465795676425665       0.51802023208636405     
  0.91816636077473879       0.52541329232806799     
           6
  0.85368160507333424       0.57828620602834757     
  0.84547500552112997       0.57659057381625090     
  0.83234084702608568       0.57010663817139562     
  0.83331657779939172       0.55162850301615463     
  0.84210473970122846       0.55902176804498493     
  0.85566975262833100       0.55918976001950549     
           3
  0.85969766230699829       0.24040823029886005     
  0.84983353256983352       0.23692783516863272     
  0.86472945891783570       0.23246492985971945     
           3
  0.29878722756920140       0.84502720566325962     
  0.27335382811899422       0.84182085952403407     
  0.29463277976509766       0.81959400100734181     
           8
  0.52429672570899255       0.17603278337906964     
  0.52098794075266097       0.18339909395536996     
  0.51882085824490476       0.18874538202773000     
  0.50953235964639321       0.18581179656657024     
  0.50572378126035289       0.17525679468479721     
  0.50048450129951472       0.16231220968405646     
  0.51047401446403373       0.16182931323192995     
  0.52530456590340413       0.16151912998094850     
           5
   2.1432389585589844E-002  0.25269368991301439     
   7.6685863054661851E-003  0.25169430700431861     
  -2.7182160119699084E-003  0.25541455496236293     
  -1.4355371283061146E-003  0.22789780251600672     
   5.8766637177256331E-003  0.22850570539700299     
           8
  0.77147847364489897       0.22176178352019538     
  0.76148261991525434       0.21021384168841539     
  0.75452720330656131       0.21885942957786270     
  0.75656300526315023       0.21289851294630169     
  0.75768551782560345       0.20347087365995462     
  0.75985443787081242       0.19749639762901972     
  0.76676342598330793       0.19631907233067747     
  0.77876670594505049       0.19767049491879410     
           6
  0.79017229397832178       0.58463525315034381     
  0.79305833676396997       0.59388094346233944     
  0.76977000915267468       0.59353515711248483     
  0.77510105948393282       0.57328036139569361     
  0.78155623401241625       0.57068467200779782     
  0.79140880871374475       0.56902965940146144     
           7
   9.8709097445854432E-002  0.52250651756500943     
   8.9186135210809328E-002  0.51790258379432652     
   7.7629321750085606E-002  0.52053382113706992     
   7.0078862454656110E-002  0.51749950999203942     
   7.0274789089505685E-002  0.50171206954497871     
   9.1416199180494206E-002  0.49968860883011929     
   9.3805605172390949E-002  0.51255488728955367     
           3
  0.37309001927539637       0.53487849849648339     
  0.37049430464861716       0.52086778556738289     
  0.39586980206490607       0.52777672538850318     
           4
  0.25519486290700460       0.27932237486389472     
  0.24029760970624256       0.26148485185977671     
  0.25080982302304583       0.25426471513835536     
  0.25768352091078028       0.25868650089967810     
           6
  0.55427017813567192       0.96996354533246965     
  0.53975288493838702       0.97275445545886197     
  0.53236181391689064       0.97006607049003524     
  0.53276057100435559       0.95998861500404831     
  0.55589835630623863       0.95110420124521255     
  0.55405578823041568       0.95904391939986033     
           6
  0.42371630776881064       0.67250463955997386     
  0.41693103272447202       0.67315662617152638     
  0.40806068974587534       0.67105992083756405     
  0.39449743790588671       0.66897884005994013     
  0.41743584519962990       0.64938631578503303     
  0.42044918365424550       0.65529607937750012     
           3
   5.7114228456913829E-002  0.58917835671342689     
   4.6118517979715654E-002  0.60027515389158215     
   5.5720271768168655E-002  0.57412648891591334     
           3
  0.27376763860280501        5.9713564186672133E-002
  0.26539097673927514        3.5831858979954584E-002
  0.29206944410370439        4.1139167739198221E-002
           6
  0.17864961214128411       0.73876962843545857     
  0.16750503233397071       0.73724229464488367     
  0.15592003593273893       0.73887804977771587     
  0.15500807212291381       0.72617874270278937     
  0.18120193045958441       0.71667554315913062     
  0.18243457237638472       0.73051452660191607     
           8
  0.73869707571761767       0.40986304461147732     
  0.73517837193890656       0.41843185930983040     
  0.72927609487426370       0.41762964492111382     
  0.72489466550062487       0.42174215221607925     
  0.71354866079705015       0.40661633917916162     
  0.71720056825647849       0.39947251145881180     
  0.72173572363391758       0.39507519599824181     
  0.74102088061289517       0.39156880971910119     
           7
  0.23146415756704611       0.38798052960123369     
  0.23135972295588372       0.39740209572255580     
  0.20986560833165446       0.39571629258818553     
  0.21469250766660763       0.37883760241132269     
  0.21489835663098841       0.37225635475897328     
  0.22530413475892422       0.37234575459661273     
  0.23235990037582621       0.38014691153058050     
           6
  0.50593849110872724        7.1623795621248654E-002
  0.51126163964448568        7.6121922577893103E-002
  0.50827902119576795        8.2336419275219938E-002
  0.48075654068209661        7.1956078478790986E-002
  0.49301743885758792        5.4484989578991866E-002
  0.51080143060077654        6.1750107141212110E-002
           8
  0.57630604247311634       0.64577521538039584     
  0.55975430275000015       0.64579608695386548     
  0.55373384776846857       0.64401345883440897     
  0.54861743951119468       0.64791440036713344     
  0.54645109978964790       0.63423301633372164     
  0.54707271458917772       0.61983521617523840     
  0.56226522205060225       0.62116566962399233     
  0.57376098205063863       0.63229435611020623     
           8
  0.24989142081432325       0.66497170440084219     
  0.22426886761298753       0.66533793569899347     
  0.22663649376910716       0.65877899345282143     
  0.22203330359169099       0.65413590308053970     
  0.22890814488888833       0.64626329175668917     
  0.24557586526398256       0.64180508248604351     
  0.24986222789293791       0.64700147358669780     
  0.24457899088019508       0.65155103548022097     
           6
  0.65469894109115589       0.14139425335344954     
  0.64697218294162684       0.13740301452067252     
  0.63005116690776619       0.13879787708640595     
  0.63261744633455275       0.13076638264780921     
  0.64148493240360693       0.11635868922853200     
  0.65987102437370659       0.12787306382955943     
           3
  0.77672593117362776       0.28152574963877991     
  0.76653306613226457       0.26753507014028055     
  0.77609089421848976       0.25940746005311793     
           7
  0.46913002013611754       0.98808705976842615     
  0.45192340127866787       0.97913061521936995     
  0.44500503455849422       0.98024008090786852     
  0.44881611579069397       0.96983705833774969     
  0.45597599158171587       0.96276383577754965     
  0.46872350074200525       0.96223846721496531     
  0.47411999037690067       0.97042493020281151     
           7
  0.59899893976539631       0.96910892982445163     
  0.58813025919402184       0.97240310515038253     
  0.57574285177556295       0.97491590262010497     
  0.57232069912537875       0.96761217825307955     
  0.57374467537414253       0.95150424649612864     
  0.58511608577257723       0.95246005406168455     
  0.59689640797649479       0.95645035223247110     
           8
  0.16938114785474459       0.79922240396292510     
  0.16069922576053519       0.81274750979849053     
  0.14296801832471612       0.81030120823184815     
  0.14484449365187729       0.80503042462712837     
  0.14969578727745747       0.78849473796376590     
  0.15074912975973906       0.78245771854161539     
  0.16412316350412010       0.78702993909764152     
  0.16248112578222546       0.79353356350743265     
           3
  0.66566496599178193       0.45361920294064084     
  0.65130260521042083       0.44488977955911824     
  0.65724331963368454       0.42996341579267017     
           3
  0.94518854919550366        6.6941371775179490E-002
  0.91763536469969076        4.4706081960017040E-002
  0.93862299772216129        4.2109184700789233E-002
           6
  0.38708216345260327        3.2989532268880385E-002
  0.37445990750463820        2.7363085238679790E-002
  0.36490539604898370        2.8209959450141084E-002
  0.36894695421596968        1.5496148777471956E-002
  0.36995697603305383        6.1373477093267254E-003
  0.38432436260329284        4.8001510031922667E-003
           5
  0.16429577352675437       0.64965110464792408     
  0.16853248660570719       0.63969118696498140     
  0.16783259599174427       0.63048625096394939     
  0.16520148005976928       0.62020772022827952     
  0.19134781648431209       0.63130742166172615     
           7
  0.92671123459188964       0.81797538443540541     
  0.91349090448848425       0.81274250372009682     
  0.90727001510480276       0.81400863088529973     
  0.90931429700340749       0.79301170007827315     
  0.91619712188769542       0.79327251727647785     
  0.93062259971010963       0.79141291813416748     
  0.93059866645464484       0.79881853259269053     
           5
  0.87662554124085157       0.69269565899550656     
  0.87010426475597635       0.68722456476188221     
  0.86306315979017156       0.67373153139887088     
  0.86607559350418428       0.66443531968018721     
  0.88688143114264828       0.66303635636817027     
           4
  0.67303381408567775       0.17241485357659697     
  0.66491383574613039       0.17702466583540558     
  0.65305542850145626       0.15263796468739080     
  0.67723477553786293       0.16029926343021844     
           4
  0.21529455932052854       0.66139770317860469     
  0.20439938889751239       0.66064046094381546     
  0.19855784060706028       0.64062131677856338     
  0.20814783941489451       0.63748845203438453     
           3
   4.5723463716997662E-002  0.43891741488923586     
   2.1051860197778403E-002  0.44547323038991904     
   2.1405075099394273E-002  0.42624857559278434     
           3
  0.50440819852132468       0.69524201191937685     
  0.49220920404874369       0.68173151810603672     
  0.50400801603206413       0.68136272545090182     
           3
  0.46292585170340683       0.87174348697394788     
  0.45054537440461373       0.86468409993594664     
  0.47852483577673716       0.86669182648140997     
           5
  0.33644475777476496       0.12492736509466738     
  0.32005670940847220       0.13459271712760024     
  0.30708594063624661       0.13268369922433321     
  0.30994753303344719       0.10913187002479824     
  0.31810368864179239       0.11383149583350208     
           8
  0.68860140256813507       0.83333261150531523     
  0.69370192751182025       0.84608593783204789     
  0.66614962731604921       0.83871307882200397     
  0.66920894389953034       0.82958525607667322     
  0.66396229673796092       0.81886684809615473     
  0.67349625005186109       0.81912776462110481     
  0.68272840180123562       0.82039025445233715     
  0.69141460429268775       0.81578242522140543     
           8
  0.88991096742387032       0.41897353901167833     
  0.88056835981410486       0.42046851929766677     
  0.86452091045875568       0.41945570149653089     
  0.86782759254653541       0.40825815909554919     
  0.86758161425637914       0.40213110691206166     
  0.87187836638366356       0.39287371686618916     
  0.89521946251335238       0.39777295389325074     
  0.88980117640262535       0.40139328073020314     
           6
  0.23736482302626435       0.25893963447192114     
  0.23081238067300655       0.26536234909631584     
  0.21008256573569842       0.25249597371663424     
  0.20923817470754558       0.24107193082564876     
  0.22308810303615986       0.24003772706205526     
  0.23553950255774442       0.24164308929665804     
           5
  0.67668777078471565       0.10730686909858186     
  0.66500522047890032       0.10796150611571939     
  0.66181100891603550        8.7238685195837856E-002
  0.67139725106280601        8.3990977809196746E-002
  0.68342159682003056        9.2766745863840497E-002
           7
  0.23001494504582673       0.35972418092559416     
  0.22239367709441274       0.36405262588566956     
  0.21662065866757130       0.36139442204323152     
  0.20328588815907167       0.35497412847340543     
  0.21283587372532051       0.34108399087631969     
  0.22044972572974122       0.33816244450930272     
  0.23051093331766367       0.34520388496149845     
           3
  0.38887368184218501       0.21465278429890550     
  0.37575150300601201       0.22044088176352705     
  0.38416344485851706       0.20703977710741317     
           3
  0.37785701264479910       0.58083943998711407     
  0.35217542573909788       0.56588827975953460     
  0.37900890787515040       0.56105942122690622     
           6
   1.0004459862093213       0.87042487340282138     
  0.99835039806279591       0.87993305344393713     
  0.97278432666525494       0.88423856330236683     
  0.98565213407277064       0.85730664059921202     
  0.99363735750873738       0.85671211862585805     
   1.0029838013700920       0.85666965894408298     
           4
  0.23336489801994950       0.77994583364909431     
  0.22302646442320223       0.77729549211504234     
  0.22148434501970954       0.76149557783407140     
  0.23647294589178355       0.77054108216432871     
           6
  0.21137337318229113        1.0142827260438132     
  0.20048383373025760        1.0136301733329092     
  0.19329106452797618        1.0035623916174730     
  0.19620375597947282       0.98801700993533770     
  0.20789938056984400       0.98652011395940042     
  0.21476774800539408       0.99588802963943768     
           8
  0.77673895108818303       0.71641524403115464     
  0.77791136617642409       0.72639567755137435     
  0.76667662026723071       0.72200730597338880     
  0.75878343109475355       0.72534937797951915     
  0.75023506753702784       0.71475185173399525     
  0.75300918822989438       0.70211204437300445     
  0.76325735253881488       0.70016710191259701     
  0.77358090697736426       0.70483687103195458     
           8
   8.9612396117435891E-002  0.53589416040520266     
   7.5488629439780144E-002  0.53523250121167487     
   6.8596264052115816E-002  0.53218284340215183     
   6.1584192415779761E-002  0.53397777951257619     
   6.1058134464833005E-002  0.51579217758756024     
   7.3175438889000965E-002  0.51134026459660398     
   9.0884040663972238E-002  0.51199338342153322     
   8.9978923634971092E-002  0.51983288187322829     
           5
   2.5266229130798696E-002  0.73744140697256733     
   1.2149921921932498E-002  0.74737891877803320     
   3.9788916455628341E-003  0.74477418689982222     
   4.0380492258900239E-003  0.73066188178609137     
   1.1895349131642266E-002  0.72285082255228772     
           4
  0.90486505722281740       0.63268156473568360     
  0.89679358717434865       0.63326653306613223     
  0.88419007857279819       0.62760995193080538     
  0.90586574371984330       0.62398243908482698     
           8
  0.24018408709852668       0.74176158452912233     
  0.21340840436804887       0.74116297481044469     
  0.21362269686882354       0.71893384369370927     
  0.20946935446911980       0.71207917078827598     
  0.21593786556111433       0.71304934483987281     
  0.22209885817333275       0.71347193736745540     
  0.23533006867135037       0.71250153076596034     
  0.23453935298586914       0.72087193419345219     
           6
  0.34254548349722408       0.39921650764667937     
  0.33254305536126394       0.40321923857949549     
  0.31532723057705503       0.39709718262374566     
  0.31382095807711485       0.38505425773203089     
  0.31775014071716945       0.37434576155995097     
  0.32900519846889692       0.37348679140816404     
           6
   4.0966472065837749E-002  0.31408355861142084     
   3.5692023364375720E-002  0.30877986856513429     
   2.6596884180727656E-002  0.30993493620574492     
   2.2375627232587458E-002  0.29606092511062898     
   2.9653395080795501E-002  0.28516367225962175     
   4.7259024045516712E-002  0.28829516521179005     
           7
  0.83404557514550892       0.53638662375794510     
  0.83101422045687279       0.54279481425599363     
  0.80428005265219804       0.54668060410927399     
  0.80598153448911591       0.53088046322128157     
  0.80864907550050713       0.52312170516098833     
  0.83305073329889634       0.51727006919697083     
  0.82793265799869686       0.52466470020699896     
           8
   4.5426039319539174E-002  0.28690782439360873     
   3.9674397742744526E-002  0.29690186008724018     
   2.9952849692350656E-002  0.29490420004109291     
   1.8747398364417349E-002  0.27868297686454313     
   2.1998057335761410E-002  0.27125531434841116     
   3.6731330385243510E-002  0.27459458846289975     
   4.2295893698207736E-002  0.27154416529890990     
   4.4384914819323704E-002  0.27771070891006749     
           5
  0.22301270399399259       0.58758205924486606     
  0.20279188588926403       0.58976018873853897     
  0.20149115005186954       0.56588715925126931     
  0.21450483641551962       0.56434349789873550     
  0.21879878253656779       0.57094892089439808     
           3
  0.49098196392785570       0.39579158316633267     
  0.47756370045541763       0.40413065538791310     
  0.48181648948520450       0.38075412402727354     
           7
  0.67485315329829465       0.12214083099996771     
  0.67350779244433656       0.13604714631047862     
  0.65228907136860359       0.13068376344345053     
  0.64941994956682436       0.12222392967155253     
  0.64764376155934544       0.11139297910323752     
  0.66472769677225996       0.10666460522314290     
  0.67251460576957012       0.11323738503933622     
           3
  0.42549529907705785       0.21714060345366931     
  0.41082164328657317       0.20741482965931865     
  0.39564159998087622       0.19498769601003613     
           3
  0.76091330563347204       0.46235730273763753     
  0.74810262965219831       0.44112334861640884     
  0.77125385203291319       0.43749415929227109     
           3
  0.77026140626155692       0.35686910160659441     
  0.75406596024634065       0.35789913567186182     
  0.76953907815631262       0.34869739478957917     
           8
  0.88529039923242425       0.35194510166639636     
  0.88765146914835491       0.36124215027417295     
  0.87981433713545854       0.36138650553543550     
  0.87440718947225315       0.36314064030546500     
  0.86213429104408679       0.33648188213185859     
  0.86846592803204348       0.33736162431026323     
  0.87446213710410470       0.34129509101600297     
  0.89040974173000564       0.33433657712675019     
           3
  0.44258988691203510       0.19409233059948530     
  0.42880867536150669       0.18411726634357023     
  0.44016762659980058       0.16474204898722150     
           7
   6.3564911661033410E-002  0.27212340352333425     
   4.7397875266715572E-002  0.27795873712025509     
   4.2358507820743088E-002  0.28470571717738918     
   3.7188579836122553E-002  0.27142763915866602     
   4.3146501111126341E-002  0.26209169926571602     
   5.9885298173277784E-002  0.25477553212915027     
   6.2763722132396324E-002  0.26201832466636338     
           4
  0.89389797697551343       0.57309494060005506     
  0.87408345416709010       0.56584357087775594     
  0.87631772632439831       0.55533324544410845     
  0.89914327378344949       0.56111795506469286     
           6
  0.16458665387504706       0.75826064963049000     
  0.13985336470513143       0.76795117147743897     
  0.14239893332426642       0.75846161203888596     
  0.13786133941579931       0.75338621643896075     
  0.15731084136531290       0.73899791635761902     
  0.16354757365102210       0.75191000415354914     
           8
  0.21994432668344802       0.19513968839501503     
  0.21883287490025474       0.20139576514033375     
  0.20511583596956365       0.19857280496290705     
  0.19721683704089688       0.19880534447207429     
  0.19490640645006543       0.18978807477150961     
  0.20831510550738808       0.17825829131855475     
  0.21693210234945146       0.17644327011935559     
  0.22250803315280465       0.17537617835912347     
           3
  0.91368433596247844       0.54680974044127306     
  0.89879759519038072       0.54809619238476959     
  0.90511715358891243       0.53504117563914622     
           6
  0.47924921649648494       0.40332530041359588     
  0.46639312830961188       0.40664040496623649     
  0.46128142669323563       0.39511082028416256     
  0.46175143913557459       0.38517827692898876     
  0.47188885893638532       0.38113950237606686     
  0.48098458341267530       0.38982144816841391     
           8
  0.62354577512667075       0.43863605968168867     
  0.62322756403251001       0.44744778775997363     
  0.61830378895590221       0.44323156423757665     
  0.59820321716792990       0.44964202410743903     
  0.59449152454572884       0.42883869885308468     
  0.59625925136426927       0.42350916664066601     
  0.61827471448118387       0.42725206655530074     
  0.62302794820658869       0.43274267379145048     
           3
  0.20240480961923848       0.43386773547094187     
  0.18922054270257868       0.43602692974826657     
  0.21204535155744475       0.42939791882962952     
           3
  0.64282421899475450       0.11279913191563377     
  0.64256595134931749        8.9194965092945028E-002
  0.64328657314629256       0.10020040080160321     
           3
  0.17275861221701286       0.71562117746840737     
  0.16487199924105106       0.70344266459919913     
  0.18036072144288579       0.70440881763527052     
           3
  0.87341905622357774       0.60873343746322406     
  0.86582283578031138       0.59287183287997181     
  0.88819001358200123       0.58368761348273046     
           8
  0.11465129078827327       0.19113839314929598     
  0.10279837216434438       0.19597558101237067     
   9.4737891220277121E-002  0.19218436143145839     
   8.9495998286639664E-002  0.19834690244917638     
   9.2133128145632334E-002  0.18365478486216721     
   8.8204647029147459E-002  0.17464210774329028     
  0.10358055814905752       0.17029321648493137     
  0.10975491605602758       0.17476455841238792     
           3
  0.46449717602694468       0.42854004156819836     
  0.45703615872689424       0.41619671024993554     
  0.48105513827938506       0.40705450063669801     
           7
  0.13640237582435533       0.32315547385407367     
  0.12326088935156557       0.31955693595063545     
  0.11176616282511127       0.32579783995965089     
  0.11562768929246182       0.31241252653271723     
  0.11741553095818147       0.29852475166196651     
  0.12834065500546488       0.29852567811974812     
  0.13984945338334345       0.30820862150770711     
           7
   8.3007150113095507E-002  0.32852791803973863     
   8.0272141883129394E-002  0.33678561089412135     
   5.5641043866439165E-002  0.33086044900016698     
   6.1544336869509664E-002  0.31722586061533797     
   6.9210252479113485E-002  0.30701028859725421     
   7.9860068496628966E-002  0.31212610805485524     
   8.5428252635573090E-002  0.30690754728039094     
           3
   8.6671934734135689E-003  0.36723231593230976     
  -7.5177389474054453E-003  0.35589425146951065     
   2.0965453208287257E-002  0.34746335702691439     
           5
   5.1768587975661723E-002  0.21366304934584884     
   4.3882632516635066E-002  0.21253542360571540     
   4.1528422734658510E-002  0.19248992665650194     
   4.5836528617683718E-002  0.18498502978204959     
   6.4201524476293667E-002  0.18856553777551421     
           3
  0.90080160320641278       0.47194388777555113     
  0.89515175495411148       0.45963594620605891     
  0.91634797104572885       0.46489822016905341     
           3
   6.7134268537074146E-002  0.23647294589178355     
   5.5196956419975879E-002  0.24093430476148237     
   6.1047828452882147E-002  0.22858750879016784     
           7
  0.49414101182635634       0.44282231078178197     
  0.48856339229224632       0.44701858463962235     
  0.46829751557574079       0.44817694425236582     
  0.48300099748360475       0.42349170009978504     
  0.48998860178328951       0.42012607594533002     
  0.49617414402265830       0.42350241293462387     
  0.49515837827591425       0.43085802799113326     
           7
   1.0057168098303482       0.39166322062508757     
   1.0046749219126034       0.40114702665472562     
  0.99589088621604016       0.40007953380167943     
  0.98255465037024980       0.40054299631355034     
  0.98372557058290222       0.38539905581543987     
  0.98400456630701738       0.37923988185553292     
  0.99347065585839722       0.37333501908195454     
           8
  0.94609336435022540       0.31616641917516364     
  0.94427133752664805       0.32271448462179703     
  0.93027492314403593       0.31966861317304707     
  0.92626478527392098       0.32476479459293328     
  0.92609892288888651       0.31014352291860919     
  0.92520968805826764       0.30131001023557208     
  0.93305030024906377       0.29663364508076284     
  0.94769978360981022       0.30974521734303012     
           6
  0.66423939023152678       0.14266117211350407     
  0.65850383897118647       0.13948003710962942     
  0.63505060705461147       0.14061542552325437     
  0.63575097235034228       0.12628665806911318     
  0.64236135201326006       0.11675422915442575     
  0.66363811086995239       0.12069651886023725     
           3
  0.49221443137548587       0.41614138217488250     
  0.49379564045351493       0.39566449798904213     
  0.50531860951065499       0.39142060830694952     
           8
  0.63528188427192633       0.20998491900840230     
  0.62886954315145205       0.20771305847925739     
  0.61518248019317912       0.20450938789645781     
  0.61830001913896548       0.19706273067001112     
  0.61946899507716624       0.18075304938899747     
  0.63300217035604722       0.18152424646657336     
  0.63384058192586679       0.18698657293219414     
  0.64237168095743313       0.19102432736466407     
           5
  0.82406472769105144       0.37703918022226773     
  0.80946358550832853       0.38860578882028912     
  0.79388088148979663       0.38367122494273798     
  0.80208411201790475       0.36025534909755563     
  0.81772146872552220       0.36989894054669692     
           5
  0.79289616838575083       0.63585394239174042     
  0.78204268201840443       0.64242366539763007     
  0.76415600963438923       0.64254741346272715     
  0.76456410444841061       0.63185072857451929     
  0.79108970825983893       0.62042637615504115     
           3
  0.63942759101978131       0.29009111483478128     
  0.61485167192289669       0.26620766029463916     
  0.62933317089546137       0.26054513391370421     
           6
   6.7469573115387760E-002  0.28722348810765741     
   6.9554967585037375E-002  0.29546026037818052     
   4.6682936896628710E-002  0.29622391312795426     
   4.2669958258117632E-002  0.28508698004200622     
   3.9360081118452336E-002  0.27409696532865135     
   6.0096932539075859E-002  0.27917879608082002     
           8
  0.89177162048307090       0.52153205163672556     
  0.88287749945346883       0.52944948211110954     
  0.87630407082188566       0.52978429612051259     
  0.86824896647900773       0.52182257294642176     
  0.86371118473161790       0.51359016857282858     
  0.86602619424285776       0.50503031379549002     
  0.88549902095596467       0.50452115629980876     
  0.89210291111499695       0.51196635529106915     
           7
  0.83741954797412321       0.53297432681288448     
  0.83073552422807695       0.53372616775053039     
  0.82942170634370249       0.54207661408853836     
  0.81029911364399088       0.53628468831900544     
  0.81759725191242061       0.52112460893426382     
  0.82942987537789137       0.52181517206396133     
  0.83474698856292862       0.51941219923308957     
           3
  0.45903714959944036       0.33308552183022716     
  0.44153297761523780       0.30199910445494904     
  0.46323725898985513       0.30664932950741131     
           3
  0.63462422947945918       0.41474393984128066     
  0.62625250501002006       0.41082164328657317     
  0.62585630609533061       0.40087096273332878     
           6
  0.79172643112381325       0.41634623069908333     
  0.78096452400103955       0.41801600080339518     
  0.77358234035344164       0.40713930930769771     
  0.77096397977164366       0.39065818950654330     
  0.77892134545250702       0.39453357642032172     
  0.78577941844640653       0.38844121091478412     
           6
  0.67203390968495180        9.9810771224346645E-002
  0.65087243909842607       0.11130596264516456     
  0.65273168356105515       0.10004115819425241     
  0.64813384759265613        9.0851218991028090E-002
  0.65462842707628632        8.8789332281550587E-002
  0.67674670976527662        8.7478384072897999E-002
           8
  0.74836454999859536       0.54456115784616277     
  0.74308503007175997       0.54856042273191907     
  0.72104163671132093       0.54806911881152398     
  0.71975678757715589       0.53911047108402799     
  0.71980998668264018       0.51938911906655916     
  0.73819550184153659       0.52120902777553824     
  0.75004506384070446       0.52298040740887597     
  0.74846130949464840       0.53219065179274294     
           4
  0.50686469744427398       0.48165162990182309     
  0.49476992237735273       0.48661429101039494     
  0.50001603262569805       0.45679711850676663     
  0.50758915963734641       0.46266757701376188     
           4
  0.77954256755530016       0.34989217666351052     
  0.75680145838026791       0.34523610982201991     
  0.76045295378557642       0.33116688850950010     
  0.77729899280043957       0.33010046474327454     
           3
  0.21093591140498993       0.39910183469718136     
  0.19587201498389978       0.38503122116676392     
  0.20502638369336665       0.37097303628972056     
           6
  0.83213315328083848       0.28553483614255942     
  0.83163499236667582       0.29505121246705379     
  0.81728451923798828       0.29704750198313479     
  0.81217189842734638       0.27006901927746074     
  0.82071994569197160       0.27535060738405703     
  0.83159834291065093       0.27780572367476519     
           6
  0.58712508897444327       0.30859889071920366     
  0.56971146642967374       0.31832794531244335     
  0.56172161237760887       0.30411906237859887     
  0.57182487237683544       0.29316674129202902     
  0.58245371232896903       0.29236630907663308     
  0.58743219272947356       0.30217619343920443     
           3
  0.94611147309961507       0.47577537847950280     
  0.93587174348697399       0.46192384769539080     
  0.94804199478103457       0.46502295300361629     
           5
  0.53790676048465125       0.25383330565160522     
  0.53115128289165170       0.25110417808148272     
  0.52534785742106715       0.24158166888439550     
  0.52901272460693338       0.23167020391479792     
  0.54268826178886631       0.23023023111496660     
           5
  0.44670584408999847        3.8715394264107361E-002
  0.43111785292157589        3.9454741954446093E-002
  0.42795722159042326        1.5904636732062140E-002
  0.43098856003519659        9.2234356323066952E-003
  0.45270050317179300        1.6598174557649524E-002
           7
  0.31223193795616144       0.25149966989851857     
  0.31913397511874364       0.25954444911689400     
  0.31188203348628035       0.26333939100757570     
  0.29987135094534856       0.26361953969377766     
  0.29562902520827733       0.24227087223534305     
  0.29954346374750795       0.23585171293322144     
  0.31309001077759913       0.24078017310963340     
           6
  0.68748065569118000        9.7824376318108655E-002
  0.68082690585376671       0.10320292081339653     
  0.66508149522040516       0.10517443516649073     
  0.66965673754577359        8.1261495154021757E-002
  0.67962382359987150        8.1986312980570464E-002
  0.69035992078011077        8.7692357682377292E-002
           6
  0.47975979921686568       0.44496116911573796     
  0.47195464933012482       0.44693055991026531     
  0.45439746530165093       0.43870943235783971     
  0.45231712349505632       0.42085772827075768     
  0.46111049322038616       0.42124384296672279     
  0.47692341462407023       0.41950536804344712     
           8
  0.59019413711746405       0.34878535940513250     
  0.58020273432361069       0.34902093556284419     
  0.57077756332669605       0.34938698483288555     
  0.56298784987856920       0.32719148006751980     
  0.58255261396426605       0.32780142725405415     
  0.58620896968885972       0.33239623231135262     
  0.59178655867218166       0.32768649135978700     
  0.59137636100428215       0.33455219104535655     
           4
  0.39426131508138490       0.24219018472633072     
  0.39988848337137511       0.25145617283806315     
  0.38577154308617234       0.23947895791583165     
  0.38747138628041372       0.22764984346872291     
           6
  0.28099986237405711       0.52621753345132227     
  0.27247813735727905       0.52217044592920703     
  0.25970970579358266       0.51768145963039536     
  0.26559213679048121       0.50004761271355225     
  0.28143356742061076       0.50478850775046347     
  0.28645875121570957       0.51175034687728438     
           5
  0.57716977995195473       0.12713360853003719     
  0.56173046482425093       0.13724845832725988     
  0.55470819350946732       0.12517579840642132     
  0.55500956128802081       0.11688358426214417     
  0.55649779909433850       0.10942253278688469     
           5
  0.75023765250209173       0.45525629412661328     
  0.73246918261352911       0.45677354784463547     
  0.73386863186209494       0.43809216281642693     
  0.74585490240116004       0.43717133781070816     
  0.75458681795450655       0.44458262158277351     
           4
  0.39525650949646540       0.17921471051516485     
  0.36986088207499335       0.18060925278185880     
  0.37975951903807614       0.16533066132264529     
  0.38848380093621726       0.17048983574454821     
           4
  0.61122244488977950       0.40881763527054110     
  0.59938106452139983       0.41850821856306791     
  0.59899232106365963       0.40781466926863191     
  0.59673597393704947       0.39393946484388942     
