   990.00000000000000     
   133.00000000000000     
         166
           8
   6.0000000000000000     
   9.0000000000000000     
   7.0000000000000000     
   5.0000000000000000     
   9.0000000000000000     
   5.0000000000000000     
   9.0000000000000000     
   7.0000000000000000     
   10.000000000000000     
   8.0000000000000000     
   6.0000000000000000     
   5.0000000000000000     
   9.0000000000000000     
   8.0000000000000000     
   9.0000000000000000     
   10.000000000000000     
   5.0000000000000000     
   7.0000000000000000     
   8.0000000000000000     
   5.0000000000000000     
   9.0000000000000000     
   9.0000000000000000     
   7.0000000000000000     
   5.0000000000000000     
   7.0000000000000000     
   8.0000000000000000     
   5.0000000000000000     
   10.000000000000000     
   9.0000000000000000     
   9.0000000000000000     
   9.0000000000000000     
   9.0000000000000000     
   7.0000000000000000     
   9.0000000000000000     
   5.0000000000000000     
   10.000000000000000     
   6.0000000000000000     
   9.0000000000000000     
   9.0000000000000000     
   5.0000000000000000     
   6.0000000000000000     
   10.000000000000000     
   6.0000000000000000     
   6.0000000000000000     
   8.0000000000000000     
   6.0000000000000000     
   6.0000000000000000     
   10.000000000000000     
   9.0000000000000000     
   7.0000000000000000     
   8.0000000000000000     
   6.0000000000000000     
   6.0000000000000000     
   6.0000000000000000     
   8.0000000000000000     
   5.0000000000000000     
   10.000000000000000     
   6.0000000000000000     
   9.0000000000000000     
   9.0000000000000000     
   9.0000000000000000     
   7.0000000000000000     
   9.0000000000000000     
   6.0000000000000000     
   7.0000000000000000     
   5.0000000000000000     
   9.0000000000000000     
   6.0000000000000000     
   5.0000000000000000     
   6.0000000000000000     
   9.0000000000000000     
   6.0000000000000000     
   8.0000000000000000     
   8.0000000000000000     
   5.0000000000000000     
   7.0000000000000000     
   7.0000000000000000     
   7.0000000000000000     
   10.000000000000000     
   5.0000000000000000     
   10.000000000000000     
   8.0000000000000000     
   7.0000000000000000     
   9.0000000000000000     
   10.000000000000000     
   8.0000000000000000     
   9.0000000000000000     
   8.0000000000000000     
   7.0000000000000000     
   10.000000000000000     
   7.0000000000000000     
   9.0000000000000000     
   6.0000000000000000     
   5.0000000000000000     
   8.0000000000000000     
   8.0000000000000000     
   6.0000000000000000     
   7.0000000000000000     
   10.000000000000000     
   6.0000000000000000     
   9.0000000000000000     
   5.0000000000000000     
   9.0000000000000000     
   9.0000000000000000     
   5.0000000000000000     
   10.000000000000000     
   5.0000000000000000     
   6.0000000000000000     
   10.000000000000000     
   7.0000000000000000     
   10.000000000000000     
   8.0000000000000000     
   8.0000000000000000     
   5.0000000000000000     
   8.0000000000000000     
   7.0000000000000000     
   6.0000000000000000     
   9.0000000000000000     
   9.0000000000000000     
   7.0000000000000000     
   7.0000000000000000     
   10.000000000000000     
   9.0000000000000000     
   8.0000000000000000     
   9.0000000000000000     
   8.0000000000000000     
   7.0000000000000000     
   8.0000000000000000     
   7.0000000000000000     
   7.0000000000000000     
   5.0000000000000000     
   7.0000000000000000     
   5.0000000000000000     
   5.0000000000000000     
   9.0000000000000000     
   7.0000000000000000     
   5.0000000000000000     
   5.0000000000000000     
   9.0000000000000000     
   10.000000000000000     
   10.000000000000000     
   5.0000000000000000     
   7.0000000000000000     
   5.0000000000000000     
   6.0000000000000000     
   5.0000000000000000     
   7.0000000000000000     
   6.0000000000000000     
   7.0000000000000000     
   7.0000000000000000     
   9.0000000000000000     
   6.0000000000000000     
   10.000000000000000     
   7.0000000000000000     
   10.000000000000000     
   7.0000000000000000     
   7.0000000000000000     
   7.0000000000000000     
   5.0000000000000000     
   6.0000000000000000     
   6.0000000000000000     
   9.0000000000000000     
   9.0000000000000000     
   6.0000000000000000     
   10.000000000000000     
   9.0000000000000000     
           1
   0.0000000000000000        0.0000000000000000     
           8
  0.85035707024101292       0.90590185780588217     
  0.84320440683156950       0.90654348918350014     
  0.83365120996417330       0.90619229891385411     
  0.82760803995319043       0.90919828411057457     
  0.83105894902233601       0.89530001676703419     
  0.83081661170984089       0.88515938005311445     
  0.84556052015376326       0.88534630781808321     
  0.85428191030895151       0.88919048158695713     
           8
  0.79915812825453281       0.64665997274012343     
  0.78947190737926298       0.64670143548546577     
  0.78340245866852920       0.64896779491015688     
  0.77772647953993990       0.65038020731304336     
  0.76953388779195875       0.65253174736116837     
  0.77812798180339993       0.62705779196579425     
  0.79622593630710448       0.62309678322908746     
  0.79558007336696357       0.63376662862835265     
           6
  0.41039965336110268       0.27122821238960110     
  0.40203840211473618       0.27324694055721599     
  0.39584095263780084       0.26584732986358450     
  0.39527463465780788       0.25915512900792770     
  0.40232726111101025       0.24641405193867386     
  0.42546892643344580       0.25973218688898297     
           4
  0.63547087556223891       0.46956835373717126     
  0.61098723522369136       0.48341089693528183     
  0.62575388733172754       0.45641885515714653     
  0.63032661528790868       0.46307093628123241     
           7
   6.7663877186090696E-002   8.4403292946998582E-002
   6.0919465471133465E-002   8.0675950318161591E-002
   5.3843552012102384E-002   7.9969304088831683E-002
   4.3427880761278299E-002   7.1595525345987371E-002
   5.3154550279926466E-002   5.8489941808635371E-002
   7.1061600833198332E-002   5.8470599295292774E-002
   6.7716990158655732E-002   6.3725312325529374E-002
           6
  0.13206975300286425       0.43530927771913663     
  0.11875576701681270       0.43733588806675300     
  0.10382271225546948       0.43913641591841007     
  0.10649817258806346       0.43109716977147533     
  0.11569793326681983       0.41225908164546865     
  0.13263303257809059       0.42242975830138974     
           5
  0.11100256868255375       0.45850675081687381     
   9.5580359924235025E-002  0.45922544620016975     
   9.6336938271620404E-002  0.45115928067428906     
  0.10158667883347949       0.43526321822105823     
  0.11495890960531632       0.43581951476703890     
           6
  0.72966944068603612       0.73566073492701312     
  0.71804947917196116       0.73790387640752897     
  0.70553149652721803       0.73309047268098482     
  0.70666836759887119       0.72317015026771347     
  0.72850292854046139       0.71982475752017672     
  0.73011496143065713       0.72777771376369804     
           7
  0.20466372573963562       0.51187157151813034     
  0.18934863162042664       0.51766533401335080     
  0.17656125501155695       0.52039137918388712     
  0.18047479205243908       0.50267851905926275     
  0.18527343262963117       0.49537943623304759     
  0.19529337510669073       0.49813167707975864     
  0.20310415348343117       0.50377152888271004     
           8
  0.87411927884485185       0.60363387766757881     
  0.87849179236003894       0.61521995334591240     
  0.85531445774222625       0.60080819512750983     
  0.85890794097970269       0.58955307837950699     
  0.86737988698374724       0.58979097282340509     
  0.87374532339623845       0.58601963192299689     
  0.87456457325086656       0.59194678354796892     
  0.87891980171508011       0.59647574526154856     
           6
  0.94141414141414137       0.45252525252525255     
  0.93299536238895286       0.46401182380147027     
  0.92669256216825280       0.44968818641958724     
  0.93340843958498099       0.44626080829393894     
  0.94535590581744289       0.43680845697169840     
  0.94184465884737600       0.44443957997063077     
           8
  0.76643032893205176       0.99911083381151911     
  0.77181058023836935        1.0035711974016532     
  0.76308027909133280        1.0074337268311204     
  0.75650645725723464        1.0047883856803057     
  0.74317156302793641        1.0018523868063944     
  0.74668016199910070       0.98121109489131675     
  0.75982761043503311       0.98322050853525200     
  0.77081803756557365       0.98262852559347202     
           7
  0.83752702392660161       0.90377728319649031     
  0.81859519880999632       0.90803804513031172     
  0.81078486878403233       0.90993362482783924     
  0.81141180641126709       0.89613353179978994     
  0.81632657745116466       0.88796472006603433     
  0.83031891101976052       0.88582692233365612     
  0.83809250030477223       0.89632468222508932     
           4
  0.39062594695785824       0.50586807314432458     
  0.36666067240508210       0.50783900488408462     
  0.36615701607685697       0.48347973157469404     
  0.38455699040490005       0.48491137966461534     
           6
  0.35272724835243724       0.42992127785945600     
  0.33909098942389249       0.43260330957922982     
  0.32541183245848426       0.43867725442505567     
  0.33073484259487262       0.42592773417635965     
  0.32709893356203629       0.41701697836077162     
  0.35580904498557830       0.41681578041085010     
           7
  0.78312879322487150       0.62592405989075139     
  0.77189222990692397       0.61551721275107174     
  0.76638885957961644       0.62044887353767320     
  0.76570714176198706       0.59541126848489434     
  0.77617140678084662       0.60163704199526258     
  0.78899420701685052       0.59587567393258545     
  0.79489207475553503       0.60736479203592797     
           5
  0.38515529618219563       0.45274985952233521     
  0.38871618847893280       0.46064427726638840     
  0.36647066354871316       0.45426786499340771     
  0.36181517817289183       0.44248077207819014     
  0.37473920903619901       0.43738613061460974     
           5
  0.52430516390853721       0.12827019038399656     
  0.51338363392417563       0.12151080952266378     
  0.51392237540557018       0.10565127937882474     
  0.51727817205873949        9.9430817294772808E-002
  0.52792933760801908        9.7418941703354717E-002
           7
  0.87285990397050461       0.28624625006852600     
  0.85966003908889299       0.28512659577815086     
  0.85185716857211902       0.28641515187666666     
  0.84714003280131212       0.27779657551642351     
  0.84482135165789429       0.26672666415716551     
  0.86772393634497080       0.26164963774164163     
  0.86832587795077432       0.26866789346094028     
           7
  0.55029875489320013       0.85786468947504557     
  0.54606212862132042       0.86251361007800131     
  0.53484282360377189       0.85871427999565109     
  0.52270183957882133       0.85967220274648759     
  0.52375784980844253       0.84499789976700168     
  0.52470554515757495       0.83657082145753492     
  0.55118979972626403       0.84215484676184360     
           7
  0.63031170378552459       0.42488785943717844     
  0.62367660783905754       0.43173521677872279     
  0.61474364557073069       0.43090513366000716     
  0.60332046310203657       0.43346508379417847     
  0.60392324856820878       0.42317135208985868     
  0.60159714955204913       0.41340824811260479     
  0.60059977807788734       0.40579215766066967     
           7
   8.3896063126958423E-002  0.59734174529928286     
   5.7721767407580303E-002  0.60460257497980019     
   5.7927223523940564E-002  0.59328117239047629     
   6.1196638890565744E-002  0.58400886474002045     
   6.0677129561727550E-002  0.57666094787457245     
   7.5808786865954048E-002  0.57433000256064570     
   8.1674392165061990E-002  0.57899502555759230     
           3
  0.57878787878787874       0.19696969696969696     
  0.56588812221496199       0.20061061869126978     
  0.58945552111370247       0.18843028097793010     
           7
   1.0074720147483276       0.34205811493828281     
  0.99512663524383460       0.34066881463587811     
  0.98792637253069937       0.32867766483240962     
  0.98571670134273359       0.32304265371019136     
  0.98970389851066787       0.31504035204268610     
   1.0106540946365858       0.31369685975275469     
   1.0061684340370585       0.32162740452912797     
           3
  0.10348129996744580       0.56793613470161974     
  0.10975934009680999       0.54405390066406589     
  0.12529764714088210       0.54192467833875069     
           4
  0.28115326286611797       0.69695652029246746     
  0.26668300150769636       0.69772285729053407     
  0.26423215813848522       0.67003482173145779     
  0.28658819442948846       0.67558550501104853     
           8
  0.70900669784542114       0.14202371520416582     
  0.70147728924268138       0.14115335922737188     
  0.69571907443331793       0.14619962496063196     
  0.68981035282497716       0.14125801137636101     
  0.68848305429750145       0.13163369628780158     
  0.70197831213522799       0.12125247908777506     
  0.71156514362641787       0.11999531596183172     
  0.71637338393475913       0.11656517136626021     
           7
  0.80752762896050889       0.59951242808298466     
  0.81166387311453947       0.60845767927783478     
  0.80442662185098979       0.60469493543133623     
  0.79739599179105247       0.60919241044267114     
  0.78698804355137775       0.60464028553266558     
  0.78391746976689869       0.58590495997366698     
  0.80705435810254067       0.58192577516013111     
           3
  0.78861981166462847       0.62867228795132524     
  0.79768260674687042       0.60697006983123869     
  0.80363267786525394       0.61398842865171022     
           6
  0.33752893768817355       0.31674445642324567     
  0.33086341321241075       0.31609550011060034     
  0.31112753856590142       0.31794297894582801     
  0.30965613802217229       0.31149172186492041     
  0.31207867901946296       0.30442827349902557     
  0.31674805954422069       0.29779314547826763     
           7
  0.99816696543398531       0.30657229474416875     
  0.98375305480627295       0.30958290361051893     
  0.97311288405114049       0.30741579260141921     
  0.97083682802712845       0.28836704440434269     
  0.98459867964218828       0.28637313615020954     
  0.99244057751673986       0.27962766080659396     
  0.99364405316339710       0.28681422813481511     
           6
  0.82119175062135141       0.57557333615135997     
  0.81081227062475880       0.57706574314110304     
  0.80142200083053106       0.57498674004787809     
  0.80174388241387762       0.56775374549884450     
  0.79903538975606336       0.55602942852663806     
  0.81946813523278061       0.55044349939977366     
           4
  0.37256320246153524       0.91273465840889223     
  0.36064891093070717       0.91284874459385945     
  0.36665339839353944       0.88960014540401522     
  0.37871783544392884       0.89340191539102276     
           3
  0.86028191403397702        3.8914755647239757E-002
  0.88306905456311191        1.4747433667139461E-002
  0.87575757575757573        2.3232323232323233E-002
           5
  0.24951856947800616       0.68021994964571753     
  0.24082171065567659       0.67924215492841677     
  0.24274707559277725       0.66224905220249930     
  0.26748950292597246       0.65156421590735081     
  0.26739817118454456       0.65979432102444846     
           3
  0.60455545490970786        4.0729138179820164E-002
  0.58436042537839994        4.1773884686957252E-002
  0.59393939393939399        3.4343434343434343E-002
           6
  0.95508350999387737       0.70261323129846021     
  0.94500564090741201       0.70262567396745801     
  0.93747794488408487       0.69904389153984237     
  0.93343136375773228       0.68531721187066075     
  0.94220474981434155       0.68120353893926577     
  0.96282967480685677       0.69311437068511361     
           4
  0.53110265116557098       0.53563735842995286     
  0.52229199824404382       0.54330180545856210     
  0.50576324547010798       0.52823692719471016     
  0.52504015034462193       0.52869790691160656     
           8
  0.97022443910543621       0.48067555593746070     
  0.97017300791392491       0.49812448208969184     
  0.95138110780814300       0.49199875302983198     
  0.94927045070425475       0.48127177514951280     
  0.94216011516605580       0.46893871984299695     
  0.95638868685747280       0.46891672388970840     
  0.96192042407192968       0.46832610584320061     
  0.96838917269947455       0.46871198822029275     
           7
  0.93050192837929180       0.24361299989403545     
  0.92083434319502722       0.24191703497878780     
  0.91443481852824704       0.23967256154257796     
  0.90998947045801748       0.23225131617507397     
  0.91261236289033587       0.22255633197875385     
  0.92471379450415270       0.21823075671714900     
  0.93248366408070082       0.22920087373790488     
           4
  0.38383838383838381       0.81515151515151518     
  0.37884197662160313       0.80553530744412627     
  0.37252471800864539       0.80016746049951437     
  0.39528547349569576       0.80496796578534624     
           8
  0.32364427889544983       0.14939815168102510     
  0.31903308321700452       0.15760878387572891     
  0.31350088294188833       0.15041674142058081     
  0.30691994061520256       0.15407627590387868     
  0.29972217937411089       0.15263261809655659     
  0.29915967162042501       0.14698939350665602     
  0.31576513213635554       0.12850184865010378     
  0.32169117795358343       0.14115870325111518     
           3
  0.56620227894985165       0.77569446805870090     
  0.55219543229991230       0.75437414812266912     
  0.57735242758703453       0.75099346432760039     
           6
  0.25748740027116179       0.23787895608694326     
  0.24828855315972639       0.24057662153768053     
  0.24204474292777037       0.24136051717880913     
  0.23199844274583631       0.23654081144806460     
  0.23533335608776371       0.22577677234786975     
  0.23939904322539415       0.21417594853805058     
           5
  0.94166428252659218        8.4882087367172412E-002
  0.93911865563854624       0.10189437996389922     
  0.91434769993213971        7.4029328637031086E-002
  0.92385051781195837        7.8019087935110074E-002
  0.93294277230180189        7.9019903795072580E-002
           3
  0.28244873272244975       0.34946583042685025     
  0.27171717171717169       0.35454545454545455     
  0.25809297372580053       0.33947243084079765     
           6
  0.17285016755330540       0.78715073646495126     
  0.15171847175585187       0.79301986720820750     
  0.14366627683488689       0.79271473101525669     
  0.14649843857238140       0.77279711138094986     
  0.15875363435160830       0.77021647579299402     
  0.17053710142002756       0.77596805461195328     
           6
  0.26900669263428556       0.52332320583882297     
  0.26591341281835423       0.53239934196352656     
  0.24087734489700327       0.52104760076144907     
  0.24434561472242183       0.51547882634983655     
  0.23987192342111568       0.50411412585828919     
  0.24587978675073305       0.50610897108649611     
           8
  0.62319891813075834       0.89817767490110900     
  0.61788789656356424       0.89195583712769344     
  0.60875847545012807       0.89619055132012415     
  0.60154163475767664       0.88902604089661041     
  0.60211067735115642       0.87852132334791289     
  0.60959265218405057       0.86954102549784196     
  0.62672753433397976       0.86752376714524193     
  0.62447007236452490       0.87753255614327641     
           3
  0.86774834769046438       0.28455099068854905     
  0.85207820111407107       0.27548559799938616     
  0.86161616161616161       0.27171717171717169     
           3
  0.90606060606060601       0.57777777777777772     
  0.89044538528401740       0.57850260585413127     
  0.90315555446951767       0.56943609030079967     
           6
  0.32869486670999887       0.47182516917704731     
  0.33378473233072459       0.47745935402329337     
  0.31690644889337805       0.47735061125093797     
  0.30394799172712805       0.47074785465194957     
  0.31997252655743086       0.45201438944582278     
  0.33133856501768522       0.46537229726485191     
           5
  0.84872220274262689       0.54019578935907997     
  0.82772167954636500       0.54605042362277467     
  0.81808068515188848       0.51884463309414852     
  0.82823561328696271       0.52267892620684220     
  0.84720383914530362       0.53180520648896956     
           6
  0.48872539732469750       0.15675738482665394     
  0.48074471073744207       0.16149236501996189     
  0.46359674422737407       0.16406402298895295     
  0.46536705978354681       0.15522011201956637     
  0.46793907458819073       0.14078305274398625     
  0.48774090138313525       0.14507713030393243     
           4
  0.50505188996414951       0.46987041004838714     
  0.50088191824861072       0.46097150808117193     
  0.51118206176061343       0.44885024741327095     
  0.52999260266112880       0.45332432716987842     
           6
   2.8203785944115621E-002  0.85505560317109297     
   2.1232918017112423E-002  0.85614328996750877     
   1.5843877255137213E-002  0.86143228833219954     
   4.2525844667950716E-003  0.84159472498412835     
   1.3736162875780548E-002  0.83717418437604396     
   2.7751019841560334E-002  0.83565013944944788     
           3
  0.78585858585858581       0.93737373737373741     
  0.77316568747532044       0.92176315367139772     
  0.80152922355797862       0.92319869964562196     
           7
   1.0732058371669824E-002  0.90723195736593665     
   2.7331273352286176E-003  0.92027996648045007     
  -1.2177836995193602E-002  0.91541738315708610     
   4.7461814038520728E-003  0.89682491123952657     
   8.3174493743926325E-003  0.89013478676523072     
   1.3159856663494526E-002  0.89404361231716245     
   1.5401457727424144E-002  0.90091332190501039     
           7
  0.82584763386797244       0.49790623031076092     
  0.80759853308869800       0.51262642527957880     
  0.80506277000573023       0.50645119799187710     
  0.80273236050991925       0.48723135979259030     
  0.81777221786433274       0.48526134126816994     
  0.82408921863636275       0.48629565574050676     
  0.82024069521525811       0.49437622111243129     
           6
  0.64606876231939259       0.29971844954211463     
  0.63185188199300635       0.30726872573426728     
  0.62581401631005129       0.30494030617908985     
  0.63222925844999944       0.28789561340079262     
  0.63874847433908488       0.28612654724604603     
  0.65122667223574104       0.28366741128670198     
           3
   3.6307244773825993E-003  0.98981944692339308     
  -1.3315724469127786E-002  0.97786394262723597     
   2.0202020202020202E-003  0.97575757575757571     
           8
  0.27014202125747505       0.54295194647405121     
  0.26705606411802474       0.54912131166077904     
  0.27195870779079051       0.55759108101280563     
  0.24197219853688465       0.55329776698817479     
  0.24493002590900717       0.53529430975455750     
  0.25802679592398386       0.53590971564025613     
  0.25910954034641859       0.52963051033564446     
  0.26830475407279064       0.52885603940299097     
           3
  0.18120479663436176        3.2176949296787015E-002
  0.16868686868686869        2.8282828282828285E-002
  0.17397995204972755        1.6470017512477474E-002
           6
  0.66103317923191640       0.89444414107996884     
  0.64729026931155664       0.89984362577077726     
  0.63881728876130406       0.88221811320920929     
  0.65158565910158117       0.87500119819005173     
  0.66728339276534199       0.87530153868253924     
  0.66128541053188128       0.88190453336750807     
           5
  0.88565588158025210        5.9451257655904630E-002
  0.86741350480135893        6.1202732477331087E-002
  0.85670340842551607        4.9101413820162046E-002
  0.86327859376162730        4.3168384665704898E-002
  0.86523627601804698        3.3921740877094632E-002
           5
  0.52659185132556274       0.77115263965605052     
  0.51089851660607288       0.78179585824611375     
  0.50085369405607050       0.77031596375262856     
  0.49746118468845557       0.75790605828370683     
  0.51045111864281201       0.75812846572882286     
           5
   7.6344067949932662E-002  0.17806439929927953     
   5.6276443515233032E-002  0.17876369706950221     
   4.9339247668694346E-002  0.17887256473653596     
   5.2382706460650595E-002  0.15131794326854789     
   6.4212791890364107E-002  0.15321560439250084     
           5
  0.26035808291256957       0.52973221468386089     
  0.24882286981471222       0.53907829879117031     
  0.23790872730071241       0.53050113774679675     
  0.25413996632887204       0.52142277566336903     
  0.26371538890531432       0.51738447420650457     
           4
   5.4268382487152184E-002  0.62107464227919151     
   3.3925329428546896E-002  0.62237310795501311     
   6.0537101449190708E-002  0.59800529219280341     
   6.2949734453091183E-002  0.61338669074967600     
           5
   1.0062313018516285       0.38823888942005946     
  0.99182124820506501       0.39308428318202848     
  0.98614482333622688       0.38700513922123519     
  0.99775617679697814       0.36606544008532310     
   1.0151183240998491       0.37282902194547413     
           6
  0.55762432096296266       0.28636495952269031     
  0.54835778935406621       0.28530022713915865     
  0.53206951556364579       0.28063779906527592     
  0.53475003773852170       0.26318869023477870     
  0.55663515703146549       0.25921929544225253     
  0.55899890099906369       0.27178612547218406     
           4
  0.84141414141414139       0.56666666666666665     
  0.83377740547946055       0.55714652913088702     
  0.82696920094767579       0.55207476779748232     
  0.84497751050673897       0.55319910912877712     
           3
   6.9250820808393190E-002  0.58911583739981410     
   7.4406901228892125E-002  0.57381121104150168     
   9.4242390850127603E-002  0.57697093457700832     
           8
  0.38631230292406349       0.86384176049123407     
  0.38933338066591761       0.86956056225937095     
  0.37862591449925859       0.87017042071532857     
  0.36979008424196141       0.86411111776131588     
  0.37221454121982661       0.85775480627194034     
  0.37012990372816135       0.84341297008110627     
  0.37764976891675106       0.84136090763236071     
  0.39526094727677730       0.84478789815332900     
           5
  0.73043571802105478       0.49483593247865537     
  0.71145724515272135       0.50245664708419446     
  0.70971752698884649       0.49014020354719440     
  0.73262520950828713       0.47625819976105738     
  0.73450910760826349       0.48671118417699905     
           5
  0.49527641093952712       0.22154956187950545     
  0.48122760871183917       0.21946106541213070     
  0.48363235649989994       0.19679988726714503     
  0.50458247304872472       0.19411894277343886     
  0.50211898602922500       0.20588706592345213     
           6
  0.81948731071152081       0.92971851973262465     
  0.80805980522384357       0.92261098709440770     
  0.81529440510067130       0.91330662294273524     
  0.81180057521854265       0.89871925652953888     
  0.82437100912577643       0.90322806705286585     
  0.83491936205338169       0.90545563411125807     
           6
  0.32058078874373513       0.79682345649382047     
  0.30105623826890926       0.79148969264110591     
  0.30098037538456335       0.77625214098741369     
  0.31610418698284487       0.76803741041109042     
  0.31847510290562187       0.77516429657672958     
  0.32530014751075731       0.77981443296690267     
           6
  0.29620343934675342       0.21770622853918303     
  0.28761149434213673       0.21630904435553416     
  0.27700311082256868       0.21297927461819868     
  0.27665343207771503       0.19395185666054965     
  0.29538120508714805       0.19311493109976391     
  0.30044316680805427       0.20218950125990923     
           6
  0.53273126674152782        6.4577045761240723E-002
  0.50780082999033260        6.4862457599861797E-002
  0.51156310615641787        5.5982714499774697E-002
  0.52409921340073296        5.0468776844876065E-002
  0.53038603678208540        4.8227664418909591E-002
  0.53618412399753168        5.1927206307763575E-002
           4
  0.94124342319677767        8.6882782773370471E-002
  0.92084592174876445        8.6414878192129091E-002
  0.91853619820537813        6.8421607369066786E-002
  0.93863997828553991        7.6990018746329228E-002
           5
  0.87910673828272923       0.41256333942598922     
  0.86668106405403900       0.41593480100445973     
  0.86033442377733715       0.38917056109200115     
  0.88798193333049069       0.38734220566179117     
  0.88287998498558762       0.39909691603849823     
           5
   4.7352284702567408E-002  0.60513509262800746     
   4.7017423018859812E-002  0.61467478088053773     
   2.0497813400715825E-002  0.61327866352271010     
   2.2215308172754425E-002  0.59852879549367499     
   3.4768040195225433E-002  0.58897476655728187     
           4
  0.94285627340208977       0.64071396917566870     
  0.91158855323828303       0.64551696131165659     
  0.93231665066530001       0.62774097596129907     
  0.94301267849744574       0.62385552117206644     
           3
  0.39100401914586608       0.58769374917693906     
  0.39077442906880677       0.57133265796123012     
  0.39898989898989901       0.57575757575757580     
           8
  0.10260769458057367        9.7990448733445951E-002
   9.3741236411271481E-002  0.11257855556852263     
   8.4742669898638212E-002  0.11145414074647703     
   7.7917526577429480E-002  0.10514488331251333     
   7.2420220578986949E-002   8.6020724776310592E-002
   8.3543938049876365E-002   8.9512338731180710E-002
   9.1221282976560125E-002   8.8663348778574153E-002
  0.10006030859292729        8.5437554344959879E-002
           3
  0.33121029037053135       0.10969456688858978     
  0.31122280490832810       0.10301538394194602     
  0.31913125083556232        8.0932079042569299E-002
           3
  0.91011208918335196       0.81915425628257754     
  0.89165073962166141       0.82551576135788174     
  0.91392614869818400       0.79874429368655120     
           5
   9.7671598819152786E-002  0.39766750139043383     
   9.5878863040298495E-002  0.40763171341573290     
   7.0991161827958713E-002  0.40179410810732435     
   7.5317111670937506E-002  0.38665851230895876     
   9.3529436232483373E-002  0.38373539874979251     
           3
  0.48358383693049090       0.92198204005154827     
  0.47008238890127274       0.92280895476709091     
  0.47575757575757577       0.90808080808080804     
           7
  0.58094661631762901       0.91058061181878125     
  0.58770976783671058       0.91432035597880812     
  0.57732666884228800       0.91797776371809525     
  0.55752880242298331       0.91725622225845116     
  0.56163366871030307       0.90274964586572704     
  0.56975839794630867       0.89384381803688673     
  0.58487204809537197       0.90381410228129688     
           7
  0.36425647522932542       0.37316988673856993     
  0.35104015729240767       0.37897646966665927     
  0.35164882816364523       0.37311449498076232     
  0.33716697160440218       0.36796878360508667     
  0.34636107591522236       0.34854836549094659     
  0.35650097798562053       0.35179757870336814     
  0.36192827815562650       0.35963947833782589     
           7
  0.15470647678655119       0.57988141048906872     
  0.14263465672422904       0.57797235350300602     
  0.13504537892759325       0.57871241215330294     
  0.13081561711127732       0.57275324286237828     
  0.12565368856639314       0.55275793995539080     
  0.13054667384446889       0.55637281294645680     
  0.14735223499412423       0.56253326340153564     
           7
  0.47242931192244336       0.98143841707934587     
  0.47573704714987808       0.98631303728133002     
  0.46617641882913030       0.98704040508651980     
  0.45385124212413991       0.97875732099905022     
  0.45226293819622337       0.96018530147969361     
  0.46165472256574763       0.95622502294274514     
  0.47581627730680032       0.96366009320959534     
           6
  0.81750333882872517       0.48002550707894470     
  0.80009624142366742       0.47365952509552395     
  0.79485334208660996       0.47855705823526884     
  0.79331234389536120       0.46768383892336074     
  0.79782595019248082       0.45701540400093887     
  0.81314114764751699       0.45295840675227150     
           7
  0.41039702867780825       0.47951640511558336     
  0.40658774732304059       0.48574865799936767     
  0.39653235432161349       0.48557967824204717     
  0.39101695051817126       0.47723319746330939     
  0.40103759213264428       0.46024109217891040     
  0.41711588906225699       0.46323426819149599     
  0.41037789491867560       0.47288280176025094     
           5
  0.57110757911659893       0.61676778249323427     
  0.54546351604000520       0.62263477470110806     
  0.54651749117273229       0.60525134686149440     
  0.55650896193089505       0.60190063778923564     
  0.57430932033987803       0.60390709861851033     
           3
  0.97357909763615791        8.8489382529140487E-002
  0.96161616161616159        8.9898989898989895E-002
  0.97024835590261493        7.4881397828682458E-002
           4
  0.10283301383100395        2.4312875754494104E-002
   9.4192790653535363E-002   3.0367905054893243E-002
   8.2403743010474581E-002   2.5307854152169910E-002
   8.9748343200650144E-002   6.5885867548524032E-003
           7
  0.87560316879107414       0.19272475341591286     
  0.87236537477418574       0.19804635923512964     
  0.85527933914415766       0.20216361295972363     
  0.84627695385500623       0.19984651847442808     
  0.85189440162641339       0.19103479371134685     
  0.85528552704777128       0.18018471443843181     
  0.86256545297208698       0.17680126308816438     
           6
  0.66279646328141217        8.9624466410646669E-002
  0.64546878384460249        9.5256833948393863E-002
  0.63462590531599894        8.7613027187976839E-002
  0.64219724339121165        6.8812808328122782E-002
  0.66517698838016837        6.9284281427217237E-002
  0.65913033756799178        7.6777938238975593E-002
           4
  0.81378933615576998       0.23842178517498563     
  0.80018031998893979       0.22655168345218954     
  0.79535636506727825       0.21782431108242775     
  0.80388632796391790       0.21681491157317459     
           7
  0.13810677498193963        9.0347296650923073E-002
  0.12839238032523079        8.9293244331642138E-002
  0.12070715638637676        8.3698671293364821E-002
  0.11831906328021186        7.1327601675091667E-002
  0.12062894198866356        6.0433983114148646E-002
  0.13679330981602600        6.1262300225631880E-002
  0.13894724508185616        7.4986127174819436E-002
           8
  0.74741424700937242       0.99012522035443218     
  0.74165776476902312       0.99279602486977603     
  0.72123436775284400       0.99802778706560447     
  0.72001767823161555       0.98921887029156741     
  0.72444926122464459       0.98575370362079862     
  0.72707966146091285       0.97626338585625017     
  0.73630863551238079       0.97599322331174376     
  0.74835961329860790       0.97404838099382018     
           6
  0.57238525472464985        4.8704952292548301E-002
  0.56116146902985220        6.4083125601276797E-002
  0.55049684552167411        6.0370326456163269E-002
  0.54717297726321423        3.6305842924361016E-002
  0.55403884422781469        3.4172904791707731E-002
  0.56542487539876607        3.7106066271474919E-002
           3
  0.30177410606521093       0.97668106128496424     
  0.31139741522070441       0.95860902933465431     
  0.32391548326489711       0.96485774160940718     
           6
  0.66296703796265599       0.89009876994649728     
  0.64459724362115212       0.89198617740214592     
  0.64505556448639101       0.87877154299152216     
  0.64625819709396926       0.87178915251849287     
  0.65584341281525482       0.87487049324792654     
  0.66401767442128290       0.87959174378214666     
           5
  0.76513705383472996       0.17987773518314729     
  0.74665113563016894       0.18274579183599685     
  0.73520430709077889       0.16582321544544770     
  0.74003831141429577       0.15448239296557087     
  0.76485280346088746       0.15818874645413838     
           8
  0.77704973123785082       0.59510619185847036     
  0.77061929704473797       0.60877603620676402     
  0.75768542151533280       0.60588511775609533     
  0.75428573171565749       0.59877268520163507     
  0.74956676996881355       0.59095967822631124     
  0.75220643609668625       0.57972745746230581     
  0.75809646182522883       0.58539490566546171     
  0.76969762138115794       0.58209474001468542     
           3
  0.75745176094932276        1.2606376320376231E-002
  0.73817675683219441        1.2596677345181904E-002
  0.74740866602593115       -1.3320463635043307E-003
           5
  0.99294038796811779       0.96992748739907420     
  0.97889763799927121       0.97507505936227590     
  0.97289014263671358       0.97926463650648121     
  0.97407729062138326       0.96399017791802566     
  0.99106187364126941       0.95547533202921620     
           7
  0.82432759280766454       0.51684246624394137     
  0.81498464567453599       0.52274671227876124     
  0.81689490724307978       0.50386928332634673     
  0.82078822681857411       0.49280371745420798     
  0.84133001134785945       0.49314172379702043     
  0.84400449276194800       0.50014454296818212     
  0.83691949463765603       0.50422567089239034     
           5
  0.56288524967361753       0.31504111231272680     
  0.55022492742671147       0.31152691157471690     
  0.54190860721688083       0.31282760347324856     
  0.54331257976948111       0.28833281600600419     
  0.57057663818266180       0.29826462198337877     
           7
  0.82156788597335551       0.75893103182969868     
  0.82408110735611473       0.76418488737495938     
  0.79701390819604112       0.75591794130491585     
  0.79512971971153779       0.74058446414390600     
  0.80690718504509018       0.73994913097202419     
  0.81938373983463186       0.74136904237932943     
  0.82465713670397489       0.74512755614455939     
           6
  0.53496310020413240       0.61038708753153237     
  0.52948590208758339       0.61426861359410556     
  0.52628377273165250       0.62060595198912072     
  0.51048103829614544       0.61926356452431919     
  0.51142418607692652       0.59739500220914399     
  0.52398475818830847       0.59363035304416956     
           4
  0.58933195838841290       0.61777269877467877     
  0.57964773037228778       0.61981339652632061     
  0.58186883728423933       0.59718538020632161     
  0.59774046704735551       0.59114583916597052     
           4
  0.58330466471407527       0.81228695731422318     
  0.57326626945893067       0.81434636157842999     
  0.57432148286167706       0.78627978931485054     
  0.58360306049551924       0.78826507385249467     
           7
  0.16731906314914397       0.68700170752941037     
  0.15418510910216890       0.69132924862093348     
  0.14560855295223046       0.66511980726627518     
  0.15143613343880730       0.66059677882721035     
  0.16186829770947467       0.66271600432786859     
  0.17526295534763903       0.66226365957619515     
  0.17223693163866197       0.66790223428852902     
           4
  0.26208858627855719       0.38817169626038894     
  0.25281055004534636       0.38271723485632414     
  0.23705209457178750       0.36969739352490272     
  0.26569621958738654       0.36277883963170232     
           4
  0.88865583267096571       0.48235899748532940     
  0.87621727045833941       0.48958535352142657     
  0.86537241241654672       0.48016661722935711     
  0.89243087177964986       0.46752279017284537     
           4
  0.28636303807842145       0.21098596899235111     
  0.26964001958118344       0.20635093761331413     
  0.27254534045909168       0.18772379400322070     
  0.27777777777777779       0.19595959595959597     
           8
  0.95060204292285655       0.94692865887887423     
  0.94187940634341694       0.95363058135385204     
  0.93174557894133270       0.95799407257778801     
  0.93081317337882397       0.93994385692367299     
  0.92612064334091126       0.93544210101377723     
  0.93126599720630332       0.92882475480685645     
  0.94309409375132702       0.92878997958783882     
  0.95190338051631596       0.92965928825910460     
           7
  0.25006270360707578       0.60763807904852862     
  0.23695271704833684       0.60535546262208473     
  0.23101408177126617       0.60157079691434967     
  0.22501723106951238       0.59569669635724121     
  0.24019684188789009       0.58045699877656054     
  0.24363979021188717       0.59023623091576560     
  0.25098003725935136       0.59283793988483557     
           6
  0.21191873972964315        4.7010843345454842E-002
  0.20516508404857997        4.5393905567280589E-002
  0.19680391808433589        4.8845970366843572E-002
  0.18881533651376123        4.6868960468288867E-002
  0.19974236897692568        2.0129508013708067E-002
  0.20740100189133753        1.9735214194149295E-002
           5
  0.44777533415751269       0.66624790304674830     
  0.43283480294788207       0.66837075908728816     
  0.44145717461922707       0.64573820411579574     
  0.45151808312276309       0.64412198190082637     
  0.46253300874924524       0.64584448794717475     
           3
  0.19767980362597765       0.84063564794849832     
  0.17149072407834937       0.81988791669966099     
  0.19667053184191871       0.82197954088704317     
           6
  0.11850623405835788       0.86333259008256857     
  0.10511888189359121       0.86058903167455092     
   9.5853735389556757E-002  0.85130900806723642     
   9.5558548210477115E-002  0.83477362555056356     
  0.12118039056442569       0.83337993151027723     
  0.11891000693816238       0.84667767499913649     
           6
  0.32825608023763692       0.58443606482391286     
  0.31767631483183179       0.58966970351975290     
  0.30894022486924982       0.59072385599236388     
  0.29972556695095304       0.57964727963358076     
  0.30301191767518504       0.57155478953306027     
  0.32177314829117737       0.56613438191845411     
           3
  0.70839772412365420       0.83269467094129201     
  0.69052028452057568       0.82646927513613122     
  0.70101010101010097       0.82121212121212117     
           8
  0.46083428932122467       0.27112896759740585     
  0.45819626706309252       0.27849495845045591     
  0.44715714224205388       0.27948832179685568     
  0.43920986503992726       0.27882936235322281     
  0.43651805466520482       0.26403143955676500     
  0.45323089615272033       0.25509521172377564     
  0.45720146415739904       0.25105930096752366     
  0.45940029867879190       0.26353094883052885     
           4
  0.60484413251385993       0.49807401536503071     
  0.59059506910500181       0.50013395131157368     
  0.58018022404215475       0.47415116525835305     
  0.60229435130850839       0.47675944564393463     
           5
  0.66661724598647054       0.27819570943007998     
  0.64671492288509458       0.28557663616727796     
  0.63909138418736933       0.27739920570343435     
  0.65649196284110933       0.26868878020399928     
  0.66852620780560423       0.26896814078105918     
           4
  0.98667504174588139       0.36600371554000399     
  0.96758225163155931       0.37347414377482024     
  0.98042106680888053       0.35342315668694019     
  0.99207482462346763       0.35228896241798818     
           8
  0.20602087055946008       0.33787010607454115     
  0.21142549724161300       0.34257567902680114     
  0.20540499040836588       0.34854470876431620     
  0.19955460117047674       0.34765803756220531     
  0.18256375467367050       0.34538687277223262     
  0.18311534631568327       0.32503675166624513     
  0.20557371543392633       0.31828408723769686     
  0.21052286489265151       0.32100788524263901     
           6
  0.98081194959861984       0.14718219974103092     
  0.97295661899049235       0.14862696234415110     
  0.96028322508410402       0.14588062115774589     
  0.96286238537200397       0.12555870441156805     
  0.98007395970342359       0.12122224618319066     
  0.98671392693832616       0.13325713629997557     
           5
  0.85454545454545450       0.72424242424242424     
  0.84218006407773904       0.73297111405515547     
  0.84020380520449955       0.71345329670289137     
  0.86024318956795909       0.71054435118078740     
  0.86844157318198989       0.71125245791229508     
           4
   4.6454682452231562E-002  0.49730203959233193     
   1.6773261111182405E-002  0.48697724884297988     
   2.5821890576233051E-002  0.47915149169904314     
   4.5910576761999777E-002  0.48599480908785464     
           3
  0.36580669722646425       0.74342759556125337     
  0.35243509331855860       0.72191225246761237     
  0.36718859080219990       0.72578842759397455     
           3
  0.62528566036760647       0.18591456711369705     
  0.61414141414141410       0.18383838383838383     
  0.62446433395562684       0.17658146471999595     
           7
  0.25468644170572979       0.38036846054395373     
  0.25057908494578035       0.38451241208996589     
  0.24029263894524505       0.37488975888085391     
  0.24525361415250704       0.35590567207299012     
  0.25586370441446543       0.35642591252553735     
  0.25473408676698345       0.36227554042799393     
  0.26243792054088716       0.36569812475974411     
           3
  0.99930564328810356       0.41155625855272010     
  0.98817046565986366       0.40442227184009705     
   1.0008985842022735       0.38208311148053387     
           6
  0.84389469496980896       0.31599352319951640     
  0.81545687086955543       0.32578921104855285     
  0.81641398789132480       0.31823844155468561     
  0.81396620804954156       0.31054436283832121     
  0.81276602015703103       0.29562558217772206     
  0.82584056446296172       0.30063047978993113     
           7
  0.48945471497176379       0.28727234236164478     
  0.48494635697899052       0.29166478251771616     
  0.47499955448869863       0.28988110236567005     
  0.46357008912545256       0.28132868967992430     
  0.47013156105227677       0.26537763111047091     
  0.47504475474688923       0.26219312580744997     
  0.49245175393451379       0.26690836739118778     
           5
  0.42642925474589038        9.7715035362442873E-002
  0.40363438390199535        8.6443203083786516E-002
  0.41251951527763719        7.0748188812457480E-002
  0.42574921640677066        6.9409676983811022E-002
  0.42132357795165620        7.8300446468362025E-002
           6
  0.78339158348526983       0.80983171044057334     
  0.78237629783765705       0.81607959318352741     
  0.76205384503870921       0.81716438789671320     
  0.75419626648769567       0.81232272305338371     
  0.76385534754109907       0.79706875514109143     
  0.78476097544981505       0.80254120366672022     
           8
  0.93870394213369379       0.57321621237324938     
  0.93150845844591035       0.57855664437865439     
  0.92062660864187418       0.57731233283591998     
  0.91677358829371980       0.57280254255813212     
  0.91393542313478160       0.55481015526665789     
  0.92740509096806034       0.55526421425498895     
  0.93921986552160730       0.55178996875598152     
  0.93426420555379175       0.56562303902418642     
           5
  0.60409408863962133       0.84049112701904938     
  0.59376588299756372       0.85339339743385256     
  0.58464156354428776       0.84888746802367332     
  0.58552474552698686       0.82700569378448985     
  0.60190830857462740       0.82696248738272415     
           3
  0.57676767676767682       0.62222222222222223     
  0.56869692763120050       0.62502388628727401     
  0.56820128238144196       0.60932781420964299     
           3
  0.61212121212121207       0.44949494949494950     
  0.59694874185018876       0.45876684587648842     
  0.62371250182155413       0.43778587815688819     
           7
  0.95982968055091167       0.12055600681581856     
  0.95187715134863560       0.12611092677632621     
  0.93883133472529623       0.13151096089519185     
  0.94055781815971129       0.11035979823235509     
  0.95073263024327792       0.10194137863217942     
  0.96150196374269636       0.10180907678715899     
  0.95830375324328410       0.11102113941574465     
           4
  0.55656565656565660       0.53333333333333333     
  0.54283205549978064       0.53771300610954442     
  0.54302443005718615       0.52699308263733413     
  0.54696477112982711       0.51884910334172629     
           7
  0.20214897581167207       0.10407721877502198     
  0.19128098606110905       0.11531558548354334     
  0.18248662356488698       0.11332047286691742     
  0.18477793955977814       0.10539081388067850     
  0.18447556005460514        9.3953001267545355E-002
  0.18265188440570165        8.7826795595748186E-002
  0.20195168742009817        9.5199828654890697E-002
           4
  0.62046203556834012       0.59108054842576652     
  0.59747705411040641       0.59708398714581390     
  0.59824829590845618       0.58350844782718447     
  0.61248199152284721       0.57511997938174120     
           4
  0.64298961889952844       0.25226694134019334     
  0.63155574432589190       0.26409317553778472     
  0.62860105313599268       0.24032220148112449     
  0.63943023278920152       0.23819224995333127     
           7
   6.1680050659214287E-002  0.83901971820859678     
   4.8781847534353939E-002  0.83727467880692841     
   4.4483339381156645E-002  0.84120152518262847     
   4.2413294635923256E-002  0.82016198916248129     
   5.0394206007201146E-002  0.81920495403501492     
   6.8042232257136945E-002  0.81203945749204609     
   6.5931032442166859E-002  0.82368588309732671     
           4
  0.43391496631265453       0.59109741721752929     
  0.41784132379236694       0.57184665281679825     
  0.42401154050972140       0.56247175417552531     
  0.43551543504970780       0.56216539478908523     
           6
  0.18211965668200267       0.49324982935877432     
  0.17423051815798191       0.49339042504052794     
  0.16224328231262655       0.49582461387450205     
  0.16904609824620709       0.47331970246691130     
  0.18533957028630771       0.47086486699975072     
  0.18185290762227688       0.48225268924193232     
           4
  0.68315536062126814       0.38856321075249700     
  0.67615192315105221       0.37766531163030853     
  0.67026547381594292       0.36911681058546603     
  0.69281005631101045       0.36259393306482235     
           7
  0.36599172547174003       0.42344822456570858     
  0.36160891803039358       0.42782062376032060     
  0.35835989091338938       0.43331600776517570     
  0.35273639034050319       0.43488254398497506     
  0.34689597148467988       0.41259959233168875     
  0.35559069114099401       0.40911917246567980     
  0.37307074796644080       0.41341893601865032     
           7
  0.65410502648437063       0.45845797502831009     
  0.64773001924718987       0.45884620856678832     
  0.63938925809035119       0.45879963640303245     
  0.64455826729527887       0.44032584946672876     
  0.64267835538290019       0.43387922272842866     
  0.65818675456593301       0.43300455813455085     
  0.65798849196360276       0.43924835647247396     
           6
  0.55505809725283473       0.92907184434605916     
  0.55484303273778712       0.93637863339098515     
  0.54076260050749014       0.93809540993062768     
  0.52740110993003342       0.92908106849855421     
  0.53223693558050167       0.91685653945193046     
  0.54768169539586387       0.91721647613286106     
           7
  0.25673558508509414       0.54245032007142102     
  0.24682325128215321       0.55307639273109765     
  0.23955636736290001       0.55519358269488528     
  0.23207903640922539       0.54773931267241904     
  0.23069507679157794       0.53065451422713472     
  0.25118786933004689       0.52644759552430009     
  0.25892940221650312       0.53358419175254290     
           5
  0.81505188286771613       0.81082206768224396     
  0.80273665573390052       0.81228768313556243     
  0.79403200675999908       0.80635980550527520     
  0.78911825370852506       0.80014320003572525     
  0.81280987985587072       0.79719681947499765     
           5
  0.90293631029935062        3.6110133206369063E-002
  0.90326290029181167        4.5021873366840055E-002
  0.88109800440930830        3.9503674597659709E-002
  0.89050565299884787        1.8720604109191658E-002
  0.90785616309780226        1.8866191574293614E-002
           4
  0.28941869346847282       0.71284657151455910     
  0.26086229571569808       0.71394404567745939     
  0.27330960618751055       0.69627593858952230     
  0.28432991200864471       0.69393913023600495     
           8
  0.43320160777295835       0.94395065399568900     
  0.43940883069845310       0.95813887143336485     
  0.43196369002819995       0.95629596801700456     
  0.42088689039598054       0.95398375262239554     
  0.41055512899538998       0.93861913801253094     
  0.40952408350486685       0.93194933007167746     
  0.42147956178374363       0.93117644829034674     
  0.43650085574996589       0.93215905082213191     
