   995.00000000000000     
   1190.0000000000000     
         142
           8
   95.000000000000000     
   35.000000000000000     
   81.000000000000000     
   12.000000000000000     
   3.0000000000000000     
   99.000000000000000     
   47.000000000000000     
   64.000000000000000     
   20.000000000000000     
   47.000000000000000     
   27.000000000000000     
   77.000000000000000     
   50.000000000000000     
   75.000000000000000     
   14.000000000000000     
   24.000000000000000     
   3.0000000000000000     
   58.000000000000000     
   65.000000000000000     
   98.000000000000000     
   35.000000000000000     
   35.000000000000000     
   45.000000000000000     
   52.000000000000000     
   11.000000000000000     
   13.000000000000000     
   11.000000000000000     
   76.000000000000000     
   98.000000000000000     
   5.0000000000000000     
   9.0000000000000000     
   87.000000000000000     
   71.000000000000000     
   83.000000000000000     
   2.0000000000000000     
   54.000000000000000     
   63.000000000000000     
   63.000000000000000     
   21.000000000000000     
   36.000000000000000     
   17.000000000000000     
   15.000000000000000     
   44.000000000000000     
   62.000000000000000     
   87.000000000000000     
   90.000000000000000     
   92.000000000000000     
   18.000000000000000     
   41.000000000000000     
   85.000000000000000     
   62.000000000000000     
   72.000000000000000     
   9.0000000000000000     
   18.000000000000000     
   76.000000000000000     
   17.000000000000000     
   42.000000000000000     
   43.000000000000000     
   55.000000000000000     
   42.000000000000000     
   2.0000000000000000     
   78.000000000000000     
   25.000000000000000     
   29.000000000000000     
   78.000000000000000     
   67.000000000000000     
   40.000000000000000     
   71.000000000000000     
   21.000000000000000     
   57.000000000000000     
   35.000000000000000     
   17.000000000000000     
   14.000000000000000     
   11.000000000000000     
   3.0000000000000000     
   45.000000000000000     
   54.000000000000000     
   39.000000000000000     
   96.000000000000000     
   56.000000000000000     
   73.000000000000000     
   55.000000000000000     
   53.000000000000000     
   92.000000000000000     
   71.000000000000000     
   63.000000000000000     
   47.000000000000000     
   86.000000000000000     
   86.000000000000000     
   58.000000000000000     
   68.000000000000000     
   27.000000000000000     
   77.000000000000000     
   67.000000000000000     
   19.000000000000000     
   60.000000000000000     
   42.000000000000000     
   3.0000000000000000     
   47.000000000000000     
   4.0000000000000000     
   57.000000000000000     
   44.000000000000000     
   90.000000000000000     
   97.000000000000000     
   37.000000000000000     
   49.000000000000000     
   58.000000000000000     
   67.000000000000000     
   30.000000000000000     
   85.000000000000000     
   31.000000000000000     
   28.000000000000000     
   26.000000000000000     
   86.000000000000000     
   90.000000000000000     
   99.000000000000000     
   99.000000000000000     
   35.000000000000000     
   62.000000000000000     
   49.000000000000000     
   71.000000000000000     
   74.000000000000000     
   3.0000000000000000     
   71.000000000000000     
   99.000000000000000     
   38.000000000000000     
   96.000000000000000     
   71.000000000000000     
   92.000000000000000     
   6.0000000000000000     
   77.000000000000000     
   94.000000000000000     
   47.000000000000000     
   92.000000000000000     
   90.000000000000000     
   67.000000000000000     
   16.000000000000000     
   47.000000000000000     
   61.000000000000000     
   68.000000000000000     
   93.000000000000000     
   96.000000000000000     
           1
   0.0000000000000000        0.0000000000000000     
           8
  0.18654783785504048       0.82377110571685885     
  0.17497537550617318       0.83414677670064519     
  0.16737590267761540       0.83321615068722932     
  0.16270488314112971       0.83888509981815218     
  0.16376603532562614       0.81578166865640511     
  0.16160489062332292       0.80972980252652127     
  0.17402618324090083       0.81094078272993741     
  0.18152029947051745       0.81112842905721627     
           6
   6.3873270793366771E-002  0.51148605338540987     
   5.3056130995275799E-002  0.51060136661349287     
   4.9926427729295647E-002  0.50352982861824513     
   5.5426194037731254E-002  0.48797301824575906     
   6.3350991287437680E-002  0.48864064553643122     
   7.3336928716128930E-002  0.48974884897384879     
           4
  0.65632139607856166       0.97815614593762978     
  0.65211570844682587       0.96615174102134160     
  0.66371612414950421       0.95148486109757957     
  0.67415222409526843       0.96442974766527356     
           8
  0.12384793998816448       0.22183967664348922     
  0.11988046298549948       0.23097421240399935     
  0.11178833655513233       0.23101752263937936     
   9.6583582311047356E-002  0.22635199470611631     
   9.7309128406246240E-002  0.22034885626504092     
  0.10603997406911837       0.20891988738205747     
  0.12006127141539759       0.20395396270779106     
  0.12153993895461183       0.21291022870481641     
           3
  0.16913209819962127       0.75681091092768060     
  0.14176542410927659       0.74846288706709063     
  0.16096585361904250       0.74381885930670655     
           5
  0.17984875072370310       0.97567643384869684     
  0.17047963567237279       0.97444470851099607     
  0.16736265165703540       0.95989744372943786     
  0.17113092610614000       0.95309505713839260     
  0.18918678467752442       0.96023826155726266     
           3
  0.36282380541429360       0.18822008497072240     
  0.34874371859296482       0.18492462311557789     
  0.36031428356433354       0.17426662429509202     
           8
   9.9059228506759633E-002  0.82407279715206905     
  0.10373273385695700       0.82857603731061280     
   9.1937793410686239E-002  0.82937437324738494     
   8.0312195875690093E-002  0.83169966032291054     
   8.0403824047939609E-002  0.82295714494247807     
   8.0702464404329544E-002  0.81671141449964135     
   7.4761299545804613E-002  0.80969312602073307     
   8.5341140471761445E-002  0.80476277094972537     
           4
  0.26320040715227505       0.27709066657082893     
  0.24860540961083516       0.27997634883987865     
  0.24926668976449481       0.26848951088483258     
  0.26197305760910450       0.25671380386194825     
           8
  0.67599732684739577       0.90138400992548684     
  0.67489577955352653       0.90931135487852066     
  0.66671687165108973       0.90473502512955351     
  0.65922120703306664       0.91013049661759071     
  0.65593102918885149       0.89254767206580665     
  0.65574820752875496       0.88573156181673451     
  0.67317562372296413       0.88734224183448474     
  0.68015411445607532       0.88169777140802830     
           8
  0.89717732171155806        7.4926153007954133E-002
  0.89083805382022252        7.7649125799247362E-002
  0.88110980027544838        7.7291157851114622E-002
  0.87112381638171144        7.5402016391185628E-002
  0.87245407574251610        5.5398805356881228E-002
  0.89238637708437407        5.6247653831883092E-002
  0.89337031656427934        6.2919330643534582E-002
  0.89989582340861540        6.1233146413105066E-002
           4
  0.48369761757044388        2.3063983566005447E-002
  0.46890924975855602       -1.2252977608712134E-004
  0.48147709323319177       -1.1680725016789701E-003
  0.49596157997022106        3.3971795064784809E-003
           3
   8.0678012792758741E-002   9.3886291713875789E-002
   7.1619161114843358E-002   9.2115592495943421E-002
   7.6381909547738699E-002   7.9396984924623118E-002
           4
  0.90561432615567261       0.66485480109681183     
  0.89450741205292561       0.66119316744513734     
  0.90043027072844328       0.64500137398599589     
  0.91263331365608202       0.64448809986806521     
           6
  0.71594281072517696       0.78472854169907069     
  0.70824159816803500       0.78062991256447867     
  0.70634356719571867       0.77176705953025171     
  0.70297879624816439       0.76477321767034911     
  0.70873473471490089       0.75616595211785065     
  0.71949342509147862       0.75450454616412055     
           8
  0.33682836887811324       0.17369071724352805     
  0.33156096119338024       0.17524557759650700     
  0.31292806633369585       0.17316617690478309     
  0.31639912454988806       0.16493788228111786     
  0.32922382341180317       0.15071803205298581     
  0.33502921335941366       0.15146287971637992     
  0.34220544750824483       0.15056941219884387     
  0.33641764654528550       0.16098069370221027     
           5
   4.7721695824965993E-002  0.42223747564125513     
   2.8651106401990596E-002  0.42822900045545409     
   2.7226147407257720E-002  0.40535267043502377     
   2.9920557029650543E-002  0.39763362786960449     
   5.6377116120027257E-002  0.40740962047360763     
           7
  0.73523809148154740       0.22538748511820597     
  0.72068469271051916       0.23207230291297365     
  0.71639536998352793       0.23672253136526264     
  0.71006015779745646       0.21278909724162348     
  0.72368121206956626       0.21320364048184598     
  0.73861072542751693       0.20650033252780531     
  0.73412621851240656       0.21780561459418096     
           4
  0.38319783714852118       0.19023355195882183     
  0.38353137513853880       0.20158847816601694     
  0.35753725243141571       0.18868786525117492     
  0.35419858858433273       0.17797971633389595     
           8
  0.39283246987643389       0.52755916342328690     
  0.39300038407218335       0.53668057449361894     
  0.38381359969980977       0.53401303938821509     
  0.36948876066336883       0.52606174132882877     
  0.36496389321170558       0.52277200256972833     
  0.37210738844553837       0.50895258064307003     
  0.37658544662458332       0.51569091857590488     
  0.39416480959669675       0.51091367204140603     
           6
  0.92724738473807611       0.49831945312123277     
  0.91192903365698152       0.51245167309911388     
  0.89824303826515550       0.49520571072354280     
  0.90063267917872114       0.48555382447562384     
  0.90809872400063651       0.48804854801067571     
  0.92435464067988926       0.49135421839319909     
           8
  0.93656967654094769       0.73872288683573717     
  0.94407371182885258       0.74758573699993436     
  0.93838742736503555       0.75741320439690929     
  0.91814741868353533       0.73684882589558975     
  0.92356514547135460       0.73315659008813927     
  0.92782254070698789       0.72921800435028783     
  0.93996925425257261       0.73018325893572233     
  0.94392070389056593       0.73613874100386156     
           8
  0.97019276078809291       0.53680212459022003     
  0.96692465039653352       0.54243127743243791     
  0.96242607140178527       0.53847528936489553     
  0.94721728953457340       0.52933126306361511     
  0.95043463896107194       0.52394837803951122     
  0.95535377588058401       0.51627989274063146     
  0.95752176697261249       0.51097150393060609     
  0.97045331869036056       0.52264222296939522     
           6
  0.60826843194224012       0.72825514057664509     
  0.59780158052556265       0.73578727233717756     
  0.58273998070118094       0.73499506238322854     
  0.58415938629138398       0.72774908599646082     
  0.59900001522552138       0.71268870986445376     
  0.60597705440061422       0.71425478558720723     
           5
  0.26787774008865811        9.6141898934845538E-002
  0.26352831166806501       0.10201595142992068     
  0.24195764712011236        9.4790713539573843E-002
  0.25260845459454068        8.1533631641621571E-002
  0.26694424978555675        8.3983729069450619E-002
           4
  0.76498940954754424       0.98358019229042082     
  0.74554075291658894       0.98837938691377436     
  0.73927558599944088       0.97224216236044125     
  0.74974874371859301       0.97587939698492465     
           8
  0.66812889193528369       0.72176364590379294     
  0.67353022699711662       0.72703760730880762     
  0.66256476802097419       0.73029615429027761     
  0.65212944657445793       0.73043550458122153     
  0.64534330015711039       0.71330206847741096     
  0.65078919388782619       0.70890841548883354     
  0.65911617129044453       0.70514517552816280     
  0.67313477060271010       0.71804715671128805     
           6
  0.64244075726493355       0.30962901557446754     
  0.63342164391584044       0.31199589185363896     
  0.62372178417877555       0.31474942363251729     
  0.61614953456846178       0.29725620020248716     
  0.62901435781499504       0.29366236523404210     
  0.63247048117645377       0.28727902120677340     
           3
   1.0096372612517304       0.96437733283372684     
  0.98510315220039002       0.96298598471318309     
   1.0085042276710245       0.94882476312888331     
           8
  0.39523481188334586       0.83822031467610414     
  0.39811660730790721       0.85081315463800855     
  0.38630247847563987       0.84518110475832997     
  0.37231103610600830       0.84620951374486064     
  0.37087328973054190       0.82966384807608595     
  0.37746814788532712       0.82411051333949292     
  0.38464097966540894       0.82924719777776945     
  0.39005665801733153       0.82273378161812583     
           6
  0.24806774439409857       0.99232013436448363     
  0.23973136294899103       0.99606404102473289     
  0.22958755472135800       0.99659938784968138     
  0.22451321676344535       0.98756832530100325     
  0.22149030232955769       0.97370442780386179     
  0.25080722098971925       0.98347654853168553     
           6
  0.35171284618052973       0.17612714527231904     
  0.33778223409134306       0.18810986128551582     
  0.32575383053089713       0.18434697586918622     
  0.32989524272791831       0.15910124771124276     
  0.34009569487814728       0.16237385507146007     
  0.35426806133251659       0.16787588904191053     
           7
  0.88144674537525403       0.39114413322339708     
  0.87639226150305771       0.39973187168223473     
  0.85769921683962191       0.39813493575123593     
  0.87669514015747596       0.36989857091213652     
  0.87791261286859079       0.38230992607379960     
  0.88379084281706355       0.37460827947985165     
  0.88495366483388127       0.38510498671210852     
           5
  0.50282515363127134       0.89193825860742437     
  0.49153595116410870       0.89042361521592062     
  0.47564393042791353       0.87138199781598047     
  0.49533941225147726       0.87447230443385893     
  0.50357406140064176       0.86768531505198010     
           3
  0.54119493200745039       0.30112466451189174     
  0.52171557210736352       0.29560412304424499     
  0.53366834170854272       0.29246231155778896     
           8
  0.30239603692457351       0.15548954472935247     
  0.29219265491551799       0.16618856359631534     
  0.28287027173431151       0.16020733535970186     
  0.27536765422638254       0.14356623148795972     
  0.28089455993347540       0.14164494966877428     
  0.28888122760656060       0.13914168451309453     
  0.30458408226849548       0.13955726810230432     
  0.29891628572680007       0.14404242496876618     
           6
  0.94850940299826980       0.67708409185104368     
  0.95458026940209817       0.68312141060964582     
  0.93647005677974748       0.67904924272247758     
  0.92941752777156017       0.67300081269523115     
  0.92825102116640157       0.66379099274293729     
  0.95495151839079861       0.66454057466021776     
           7
  0.67645938793872407       0.80802994016628737     
  0.67299949006132576       0.81418875832257054     
  0.65118392715570872       0.79985145233317856     
  0.65231745332182733       0.79207602330890869     
  0.65841619111436089       0.79244454559273414     
  0.66853386195167019       0.79511442427611922     
  0.67587401840867378       0.79946447684723232     
           3
  0.96373611521653990       0.91309222511295707     
  0.95767551483551883       0.88995466109955990     
  0.97995155658748612       0.89987390580730431     
           4
  0.26063741951829406       0.44701094018198217     
  0.23457612831288294       0.44305712000244618     
  0.23627523968713549       0.42740087347555789     
  0.25546835328502804       0.42622584191066198     
           6
  0.10901231050369892       0.63770507647019992     
   8.8460988459440101E-002  0.63163938271362197     
   8.3232613164520769E-002  0.62546710164519381     
  0.10077782056023565       0.61556095431083147     
  0.10614658851146616       0.61079647778970658     
  0.11316730625714108       0.61951000873974449     
           8
  0.96897517085385387       0.94585327672230224     
  0.96655708825459574       0.95158897797642850     
  0.95718243516443324       0.95210007927578877     
  0.94937575437155208       0.94538219079058428     
  0.94903663083267153       0.93497159013186382     
  0.96046440019040258       0.92647071285833227     
  0.96796764093632925       0.92197969599457330     
  0.97315448695971107       0.92552090911482510     
           4
   4.5314736008944340E-002  0.82883222151981162     
   2.5634455584927857E-002  0.82837678299026329     
   2.0890010414330883E-002  0.80104260659995541     
   4.4790905318169545E-002  0.81152293173186418     
           8
  0.69650835752504225       0.12156883412123752     
  0.70121959125600009       0.12803533446392781     
  0.69494966980342210       0.12680927822975083     
  0.67470493023848077       0.12155358702198586     
  0.67533965761284487       0.10629053212695513     
  0.68615134177875270       0.11030305408456849     
  0.69102741153232705       0.10576299141496046     
  0.69584774769258617       0.11271487878266215     
           3
  0.57213916659232289        9.7136780420390090E-002
  0.56444104258457528        8.1733637430717487E-002
  0.59461080335876981        7.5698848389923051E-002
           4
  0.38062088407551520       0.76884052244191226     
  0.36758468915991194       0.76841695576929903     
  0.36931577605068688       0.75285622546603292     
  0.38706815639636216       0.74814885420638788     
           5
  0.81064365640354985       0.31586812522008284     
  0.79839334677942386       0.31214207554639062     
  0.79436290289899081       0.30601939483243068     
  0.80142180962840504       0.29283065846876005     
  0.81875591662242975       0.30653769912639145     
           8
  0.27647748134536854       0.69317825712220593     
  0.27746535139724099       0.70269729346106369     
  0.26730074363722112       0.70133059885187510     
  0.25402404838281656       0.70449870358682232     
  0.25490672249854113       0.68436813804394947     
  0.26279751070526514       0.68236965165928276     
  0.27038924691974320       0.67969853188672746     
  0.28182733527072801       0.68659456541422670     
           4
  0.43160068893661158       0.40266478229230163     
  0.41265412643612781       0.40712259707713383     
  0.42713567839195982       0.39396984924623113     
  0.43797341251447663       0.39330766127189276     
           4
  0.40416540043716570       0.38858716541551352     
  0.39021108770121743       0.38151569245955530     
  0.39479449965332808       0.35734263382716630     
  0.40590365570556702       0.36707783082754336     
           3
  0.43396209779752948       0.43341540623583175     
  0.43035004156952139       0.41079936671920536     
  0.44020100502512560       0.41909547738693470     
           6
  0.38457244615002284       0.51241320658743383     
  0.37922873402944524       0.52740156597557231     
  0.35990789595407291       0.49957238264737280     
  0.37165025234823451       0.49998657227049453     
  0.38001309303910408       0.49844686445296671     
  0.38758813489399779       0.49965557901074792     
           6
   2.0013947594584903E-002  0.93015843343871019     
   1.3209992171690534E-002  0.92977785873725549     
   5.3713047629391029E-003  0.92244176728735594     
   5.6523923412069611E-003  0.90564843081218316     
   2.3861951352260265E-002  0.90427062019512161     
   3.4843242545769718E-002  0.91424909640012575     
           8
  0.42687037494547952        5.4258272548933902E-002
  0.43212494482526409        5.8186596767716980E-002
  0.40147743561758353        6.2851431964108181E-002
  0.40255444437790466        5.3394416585368823E-002
  0.40390587273959189        4.1502903994737418E-002
  0.40560922016000323        3.3828121732852351E-002
  0.41646033241187691        3.6763967500360553E-002
  0.42092696956511849        4.1190415332721123E-002
           8
  0.67819309041593645       0.47380303494835174     
  0.67215829454594311       0.47347242485965324     
  0.66052340769605711       0.47770660539607396     
  0.65139070015921263       0.46730887390657577     
  0.66359097446482396       0.45187025113821649     
  0.66949202594787038       0.44844755496904326     
  0.67209326326313856       0.45512563469931100     
  0.68064197725050102       0.44847712651921506     
           8
  0.60152223589588438       0.36874795025226165     
  0.59713087481003457       0.36521109656001144     
  0.57059059626024600       0.37067182894795087     
  0.57637119012225457       0.36555832881600769     
  0.57957053279079784       0.34199779870211905     
  0.58796566761564584       0.34590861069114903     
  0.59382169308594024       0.34429888050606339     
  0.60050706641543983       0.34290376257937250     
           5
  0.57981282959502578       0.53415117832871917     
  0.56532117574612684       0.53555580417825788     
  0.55794007148561220       0.53834741677754927     
  0.57198624803061116       0.50902984030657017     
  0.57994540274491102       0.51821950328934174     
           8
  0.31702294857509555       0.69461371131862615     
  0.31257201314853539       0.70123112971753332     
  0.30780458332264854       0.69848331478769932     
  0.30065664863849761       0.70090265874295332     
  0.29934480216693443       0.68269559986632422     
  0.30435640321741120       0.68033455731263914     
  0.32380527261323822       0.67911130188897695     
  0.32528579099783972       0.68756784454728115     
           7
  0.30080778275179693       0.51008626562909065     
  0.29055190809004100       0.52353395991967744     
  0.28096776821721964       0.51156458074337030     
  0.27610928431334086       0.49560120161869387     
  0.28751884796854194       0.49718589955152481     
  0.30261979095544528       0.49547412498787713     
  0.30485824423605135       0.50496911437776881     
           5
  0.19098643278818911       0.88910355013867082     
  0.17770961466707530       0.89020663409061973     
  0.16333723845960030       0.87347014653175725     
  0.16954631326520475       0.86346682349313797     
  0.19268904655540714       0.86909825865659951     
           5
  0.62080944444077257       0.12519917145432014     
  0.59877676797960655       0.12823262184099210     
  0.60413766426346027       0.11759655876906704     
  0.60408013462024890        9.8902298199132127E-002
  0.62529581340174534       0.11358241243349043     
           5
  0.92506332124237267       0.32417413402177353     
  0.89628981037875488       0.31306802034824527     
  0.89751127745008774       0.29779194240624374     
  0.91435005947748882       0.29918217264284269     
  0.92475358124463847       0.30190260120428036     
           7
  0.71663377517631444       0.90348054826634805     
  0.71400701746824546       0.91037757140953957     
  0.70462317162865551       0.91442054189538813     
  0.69237864651268521       0.91309407550702204     
  0.69892133980160309       0.88419164773479686     
  0.70445040915788926       0.88702793614433906     
  0.72028295251622521       0.88624659851066034     
           8
  0.65457681839652737       0.11531357274470672     
  0.65581655566510999       0.12264276411324763     
  0.63857920523325462       0.12317229393247281     
  0.62961651524129203       0.12564008061937687     
  0.63434911529871607       0.11192784872553327     
  0.63342134867385802       0.10114689380620590     
  0.64405021665480289        9.8435326086294281E-002
  0.65026927308534410        9.8158764544934260E-002
           8
  0.51775222607862714        9.6012145645538630E-002
  0.51855369667660478       0.10179685489471188     
  0.50802111595645261       0.11085744485397614     
  0.49460639935262080       0.10160309845072316     
  0.49099714259578031        9.4430889084425360E-002
  0.49751894112619621        9.3632836323921428E-002
  0.50706974536804006        8.2647255628109442E-002
  0.51786791020732070        8.0688627304018753E-002
           3
  0.48170513385066682       0.60963258431819778     
  0.46834170854271356       0.60904522613065326     
  0.47872367062350757       0.59708771952330275     
           8
  0.38141440641321533       0.73635501884122201     
  0.38086754261516137       0.74281775792898197     
  0.36984142464783659       0.73800085651729486     
  0.35505266533445534       0.73984125933814804     
  0.35915744662065441       0.73107744824869914     
  0.35329547608243766       0.72758906715112648     
  0.35348098110260096       0.71629064651637553     
  0.37951558357761528       0.71418331959630121     
           5
  0.17280307436879638        1.0857230358773340E-002
  0.16163279099539296        1.6782244720991490E-002
  0.14894447813995645        1.5939337148689336E-002
  0.16051252698651813       -5.4003035601636225E-003
  0.17477876550541832       -2.5345691605715061E-003
           8
  0.95751682809961491       0.90003048079033487     
  0.95959352529690956       0.90908280956767251     
  0.94947215123814310       0.90738665138043706     
  0.93308106353167042       0.90795701343664226     
  0.93861143741214337       0.90111155809010435     
  0.93465815544413411       0.89596698720747736     
  0.93894899183953096       0.88515010188535714     
  0.95958314626852081       0.89267688825228486     
           8
  0.23380204811796965       0.39879541773561383     
  0.22398608933421871       0.40989894115578396     
  0.21581295756533808       0.40758144279641645     
  0.21018079061788206       0.41036243655057725     
  0.21523519103844418       0.40037212647702941     
  0.21080918960609474       0.38355884089607856     
  0.22069738471306688       0.38546969486693339     
  0.23537157134988898       0.38602610464884501     
           3
  0.32818484646384494       0.38596737187141589     
  0.31686693357317885       0.37601986709934831     
  0.34459552954125017       0.36706070968717686     
           5
  0.14166429282074089       0.89649180627439684     
  0.13326777865959749       0.90100537093076416     
  0.12551452035018176       0.90716647268876582     
  0.12082336465556907       0.89047582980760154     
  0.13040236339259492       0.87925190319393209     
           5
  0.46322378368688844       0.45506588025339212     
  0.43675265935745505       0.45334696892659954     
  0.46067472860484709       0.44042190500675765     
  0.46793556317975893       0.43909811929976394     
  0.46560216726937281       0.44585332110055542     
           7
  0.86654474012737925       0.14203036914585943     
  0.85808756353101767       0.13841060150116102     
  0.85009864088292098       0.13462138340002211     
  0.85001918714136004       0.12673138302382217     
  0.84979684830663071       0.11949463574019203     
  0.86434504567123871       0.12021042552986633     
  0.87332711753335701       0.12742491292166680     
           4
  0.70966573293276591       0.98581640247684832     
  0.69872574283607014       0.97463406163750699     
  0.72197297002370853       0.96650905229023876     
  0.72596973054330372       0.97543935913314661     
           6
  0.65559218833912458       0.97705856005660396     
  0.64831464917554804       0.98209025994010291     
  0.63622096191686095       0.98734511988422702     
  0.63600665427900793       0.95705428968696160     
  0.64375652598276079       0.95718827007866225     
  0.65845705222189987       0.95793803132128841     
           3
  0.88743278074807941       0.71849775338139654     
  0.86353083510427397       0.72196452339047912     
  0.87638190954773865       0.70854271356783916     
           3
   1.1577313235512853E-002  0.42401983337133398     
  -1.4714799405669490E-002  0.42829659901172201     
  -1.2765978635531963E-002  0.40579089466840396     
           3
  0.20868775107537257       0.92618460938572778     
  0.19975599447005482       0.91123283544419664     
  0.20804020100502513       0.91557788944723617     
           5
   1.0109235482310497       0.87376030563320128     
  0.98688203551338682       0.87043251576953418     
  0.98534880341020403       0.86100919427507505     
   1.0115901832714895       0.85745240450256632     
   1.0073931599210375       0.86464104807129072     
           5
  0.89900465310865507       0.14822986194566365     
  0.89141366416161394       0.16346030553163393     
  0.87686303008288002       0.15339754319088333     
  0.87668125434993105       0.13255344875002448     
  0.88703962741423659       0.13502479091808522     
           7
  0.74836817903739061       0.50584372950903844     
  0.73944649449974176       0.50213878806518875     
  0.73677079526357103       0.50825447423701620     
  0.73063948940375856       0.49783143516374312     
  0.72962875241197012       0.48327032081080185     
  0.74828765196357738       0.47991423396981370     
  0.75946207773186125       0.48039668683831294     
           8
  0.61622857555588573       0.38321560365303214     
  0.59433520765984671       0.38869885767951395     
  0.58803884777290194       0.38561837972134583     
  0.59453388311404676       0.37750774956161631     
  0.58921525918922679       0.37165707036801277     
  0.59112936374105274       0.36620663835492895     
  0.60267948906052171       0.35969509542690464     
  0.61787341970125131       0.37208961234482540     
           3
  0.18492462311557789        4.8241206030150752E-002
  0.17140927441511497        5.4434840759284758E-002
  0.17790182638575297        3.6193084253305932E-002
           3
  0.49580046128523597       0.27575128683937833     
  0.49145728643216080       0.26030150753768844     
  0.49211662960191138       0.24786667680499300     
           8
  0.12664671073267664       0.74965924512975546     
  0.11826325258705089       0.75235709025134356     
  0.10924216657084641       0.75317623215231277     
  0.10421522306253997       0.75053164006469020     
  0.10328764179744911       0.74286602675306290     
  0.10494411645135326       0.73757270187551904     
  0.12041133478315383       0.72850870524981992     
  0.12699014345196116       0.73767359554877066     
           4
  0.25407281750821548       0.79442884620879317     
  0.24709624212992937       0.80065780341774084     
  0.23435018420243331       0.77749992262567802     
  0.24636527463685082       0.77875727122098948     
           7
  0.43501944127613362       0.45125885064140209     
  0.42093414546036934       0.45523647861547689     
  0.41008502208023651       0.45412071843389507     
  0.41209281760507543       0.44299038170931915     
  0.41677641867493043       0.42753109157712232     
  0.43349471647096660       0.42678327808386213     
  0.43266213898936651       0.43550216576044276     
           3
  0.52275653219032836        5.5172639910980911E-002
  0.51712251726751479        2.6894711830966339E-002
  0.53566155380937497        3.1841452990927652E-002
           8
  0.63211764634940193       0.18205146258848875     
  0.63552191049580209       0.18906298043173900     
  0.60859038738648930       0.19310780756190665     
  0.60849753827414998       0.18132998285445925     
  0.60741568384391609       0.17255958753410483     
  0.60558149959746088       0.16213467611229851     
  0.61132864678041798       0.16380671289169363     
  0.63428312978605639       0.16620379167131960     
           3
  0.57788944723618085       0.34170854271356782     
  0.56743712145867442       0.34051805193866985     
  0.57646716341005722       0.33218690376467169     
           3
  0.62079304900421128       0.82574338550194737     
  0.61005025125628143       0.81005025125628138     
  0.62566230050907001       0.80142966195781018     
           7
  0.15616141363133743       0.51755267764958901     
  0.15163002145405188       0.53102940240879115     
  0.13885703558285931       0.52939679835156384     
  0.13580255584064943       0.52233175385012753     
  0.13441528514928724       0.50074510332480393     
  0.13809401531794491       0.50610231987729015     
  0.15661024121662637       0.50695316228705967     
           7
  0.70854777506244615       0.97653910476125882     
  0.71085784057462587       0.98855936322144289     
  0.68718671833881717       0.98382869460572864     
  0.68364518093464044       0.97696790199685080     
  0.68407127760470521       0.96361247561550267     
  0.69062550654399901       0.97055531489799407     
  0.69269001619677684       0.96441287355826077     
           4
  0.60603015075376887       0.50954773869346737     
  0.59224107189195696       0.49815640723990345     
  0.60888776119481736       0.49494615592681585     
  0.61683510523630114       0.49527513146734314     
           8
  0.87302286011503583       0.32019807105274334     
  0.85593858981375381       0.33338793262997307     
  0.85008031516737970       0.32880264220659911     
  0.84521635405458140       0.31560445805824244     
  0.84562383644762529       0.30546769541511698     
  0.85832549015799309       0.30928217947724046     
  0.86369436100346941       0.30624704654666907     
  0.87376150817566445       0.31315149324992664     
           3
  0.33884561064204100       0.21847639502725158     
  0.33029937552144639       0.20357345344966513     
  0.35312567749410417       0.20089987079419985     
           5
  0.25673548243806793       0.93722741442698032     
  0.23376078950717899       0.94283782135347960     
  0.23073414643367338       0.92952044132275147     
  0.24151506161412736       0.92210873296367135     
  0.25624552946065809       0.92037698143287994     
           6
  0.43272714248278243       0.52291172737102287     
  0.40678076114563022       0.52222827548696005     
  0.40700408990513198       0.51449580665746797     
  0.40917575648971471       0.50774765768248997     
  0.41307562661544583       0.50019208475532084     
  0.43120477283874220       0.50641246610933721     
           3
  0.96643432743852475        5.2575835192334566E-002
  0.98655112596384453        2.5187551588336632E-002
  0.99533193735804859        3.1753703367096188E-002
           8
  0.44072785622025823       0.68877843494027025     
  0.43514071319558389       0.68971133657819372     
  0.42657460222120114       0.68843061977387376     
  0.42761970135793920       0.67998555080273926     
  0.42681005074836342       0.66314691367504497     
  0.43784531282179101       0.66361439754281581     
  0.44794968501568344       0.66402214865895248     
  0.44640606052007598       0.66957517825987023     
           8
  0.13537522817338776       0.99749412945427252     
  0.13526648720593512        1.0030838317212658     
  0.12495551152013795        1.0070481860726959     
  0.11373021013278441        1.0048850110966328     
  0.11122665245484217       0.99635074423556436     
  0.10716204070839602       0.98489261117001570     
  0.11413300769532603       0.97922406572717413     
  0.13116175166359476       0.98100957808114264     
           5
  0.70166649154181970       0.87270212213226905     
  0.68970770808850612       0.86958975206505840     
  0.67963704599824148       0.86682384089121345     
  0.68438490431123788       0.85670205630044871     
  0.70260751907288299       0.85350407354030722     
           3
   1.0054996063587343       0.42747661201532383     
  0.99095477386934672       0.42010050251256281     
  0.98457498447610969       0.40552312388419881     
           3
  0.58185821964443307       0.98655115617194056     
  0.56884422110552768       0.97989949748743721     
  0.57588442041358301       0.96836396199277885     
           3
  0.61757817813520399       0.74817419113825334     
  0.61259739665629498       0.73120278306411102     
  0.62814070351758799       0.73668341708542717     
           4
  0.18038367476151196       0.78988385576021236     
  0.16024153318179329       0.80222088699789018     
  0.15222924769679491       0.78505505024520250     
  0.15956889524601134       0.78085188963786190     
           4
  0.61741367525539226       0.81329308429511671     
  0.60070281326488228       0.81258695421606852     
  0.60930137347259450       0.79031806385703862     
  0.62306578605426421       0.79803270189819409     
           4
  0.22482833297639671       0.20331746612631682     
  0.21549906917116152       0.20812111689031526     
  0.20046930243623637       0.20503065146412419     
  0.20341504765752197       0.18618686327171616     
           7
   3.3175513887075229E-002  0.89893212570544712     
   1.7305663350600665E-002  0.90482935561878419     
   7.3857672932850990E-003  0.90743761919369303     
   3.5976779380496315E-003  0.89727969607146552     
   6.7149819690626045E-003  0.88559858255028134     
   3.2702436110559917E-002  0.88124125828047106     
   3.3970575252371217E-002  0.89181750656206549     
           8
  0.18481388508018459       0.85894806841206062     
  0.16925744832669889       0.85404149462829126     
  0.15952940145350264       0.85715705588893454     
  0.15874109869917596       0.85143612254211920     
  0.15837173992678361       0.83857206045691035     
  0.16192383781881955       0.83328168193718466     
  0.17342157204048680       0.83122564761470663     
  0.17954883820832931       0.83696734727515432     
           5
  0.75979899497487435       0.91758793969849251     
  0.75130057280490192       0.91610522917697856     
  0.74610610301112279       0.91085883403971191     
  0.75472248482307647       0.90365571030255609     
  0.76592518937710830       0.90531648879419335     
           4
  0.67986545658149899       0.94354963258201074     
  0.65887072056395535       0.94424938585235441     
  0.66641441842661542       0.92436973114397214     
  0.68288288250296525       0.92838186533848976     
           4
   1.7146868618011991E-002  0.84470855715403115     
   7.9225445803722677E-003  0.84324950317732250     
   3.7202694728757091E-003  0.82538562962341400     
   1.0110186309803449E-002  0.82053367780420805     
           5
  0.11619845158794344       0.30759926156485584     
   9.2522414330528838E-002  0.31508247010660467     
   9.1465122100549773E-002  0.30823951155348195     
   9.6648902578929566E-002  0.29186499158676860     
  0.11488494696037461       0.29313045646429969     
           6
   7.3892670083637757E-002  0.38112367863216140     
   7.6575163489710441E-002  0.39437696071375800     
   5.0605389496783469E-002  0.37981572437719352     
   5.9184444526087621E-002  0.37739899990544684     
   4.9363648196815740E-002  0.37041165928107694     
   7.4518364002584325E-002  0.37206974734795889     
           7
  0.57656876400691492       0.80304190001107212     
  0.56682183685645382       0.80490545890894039     
  0.55694136352771528       0.80634700465921938     
  0.55357100997491826       0.80034696177335451     
  0.56775877603750446       0.78020827517959712     
  0.57917748192960949       0.77741213994327929     
  0.57614872872192679       0.79184349832337875     
           3
  0.28251322340277796        5.1124621969953120E-002
  0.27236180904522611        5.0251256281407038E-002
  0.28000197657663262        3.9786368310116366E-002
           7
  0.96438302346993099       0.74497852238410212     
  0.95611446790710408       0.75082428907289511     
  0.94084064491067787       0.75477486576558483     
  0.94064453296704598       0.74583713247786321     
  0.95484590541382819       0.73313277272683464     
  0.96356201506351480       0.72689068433702619     
  0.96866985356872959       0.73004157366216826     
           4
  0.37389218529886770       0.24480601252842107     
  0.34973206574668186       0.23928670589475165     
  0.34672633206147085       0.22971771554017059     
  0.37068080350314070       0.22405934087930304     
           6
  0.37531577421983137       0.90094155988964797     
  0.37071878261159658       0.91812951038341994     
  0.35272425581052114       0.89876227137443054     
  0.35146553991832108       0.88852817049505595     
  0.37256204576296598       0.89150228612226978     
  0.37977415457714053       0.89302356553767748     
           4
  0.92037656134247803       0.71627844375031158     
  0.91152308106005697       0.72103467645686947     
  0.91634517353133904       0.69429111966107493     
  0.92838907364813483       0.70564957354693336     
           5
  0.77671901880823035       0.47803267045496178     
  0.76214056793022877       0.47455618926605303     
  0.75504724739532947       0.47827596857234900     
  0.76884422110552764       0.46432160804020101     
  0.77680034475114346       0.45417499543207945     
           3
  0.16545358165100049       0.36386168895118420     
  0.15446210419207446       0.34071705870378327     
  0.18016227291871056       0.34380667657339542     
           7
  0.86777859504196719       0.41772174073714463     
  0.85724722544493115       0.41553079514721586     
  0.83944782660882811       0.42017044185870750     
  0.84256550833575550       0.41483726357150769     
  0.83824255036139950       0.39149687953075091     
  0.84390725904545127       0.39832786277437687     
  0.86061613619698019       0.39728168586052004     
           3
   2.0108187320708685E-002   9.0208052737350150E-002
  -5.7785494115177609E-003   8.0551259430317990E-002
   6.8317479846487904E-003   6.6070495327921377E-002
           6
  0.20069810415626180        6.1382334603500004E-002
  0.20280900436639537        7.6360828433648276E-002
  0.17628115467911182        6.9465280603490442E-002
  0.17370181224676223        5.1491916930775261E-002
  0.18044546244275594        4.9742759523230359E-002
  0.19700959497204934        4.9703612435253633E-002
           3
  0.23015075376884422        4.1206030150753768E-002
  0.22196799048102633        3.5046015846188293E-002
  0.24165920607160563        2.9647508219915360E-002
           6
  0.64372314243629614       0.97343662531212416     
  0.64724224798234820       0.98256775957225295     
  0.61990058155031103       0.98363398596933860     
  0.62775081725228743       0.96381406931110691     
  0.63562088257849592       0.96120182949396271     
  0.64539219205929654       0.95824263369430096     
           8
   8.3900023713403299E-002  0.10249634573475783     
   8.9760195861545641E-002  0.10736606661458373     
   7.2752287529166085E-002  0.10808938725928215     
   6.2345232151958238E-002  0.10919333797493221     
   6.1635605640775519E-002   9.8294989110370171E-002
   7.1723905064653912E-002   8.1422748703027015E-002
   8.5531220278607475E-002   8.3243646993068590E-002
   8.6955390603884519E-002   9.2864809469540871E-002
           6
  0.94552226168299280       0.91933863167260410     
  0.93754284882694261       0.91734607968523629     
  0.92883987826173720       0.92316858860965245     
  0.92923972998159421       0.91121062876656711     
  0.92615703892141255       0.90410118955589591     
  0.94875335023624263       0.89201419585417063     
           4
  0.99725557170866119       0.49924369255645012     
  0.98145369083559841       0.50965931196995407     
  0.97143101084456884       0.49154961680660736     
   1.0000812595088002       0.48543525997368536     
           4
  0.66938042368183226       0.26883943683471445     
  0.67642346367993178       0.27344048313266434     
  0.65575773570048301       0.27257402416986537     
  0.66130653266331663       0.25929648241206033     
           4
  0.60301507537688437       0.83718592964824123     
  0.58754768490869635       0.84335684402974775     
  0.60033438457678789       0.82262217846567620     
  0.61539403556266414       0.82226714142135515     
           8
  0.31568448545926675       0.59704191294763997     
  0.31169270241018115       0.60855418943340778     
  0.29809231064493552       0.60773869966736627     
  0.29187438730213766       0.59545218514785903     
  0.28774789996625921       0.58707811866679926     
  0.29282531882015356       0.58467603645393307     
  0.30030265856318072       0.58736320853834167     
  0.30536485451438189       0.58196485486340788     
           6
   5.1397960987785346E-002  0.29137189464660790     
   5.0720553106721557E-002  0.28465507222291353     
   5.6205031502610713E-002  0.26500936978480166     
   6.9948521331949939E-002  0.26875100879775415     
   7.8540885793039167E-002  0.26877773199794408     
   7.7490034822330120E-002  0.27537237270750131     
           3
  0.70266220635960686       0.47878312020048708     
  0.69849246231155782       0.47035175879396984     
  0.69613894960387279       0.45507278003848034     
           5
  0.52048805744533666        1.0033236372756673     
  0.51925489226522614        1.0116308915689525     
  0.50238367417719632        1.0024047803122771     
  0.49717387718825840       0.99240927024524683     
  0.50249371163275236       0.98699827183741695     
           3
  0.64035190551103094       0.53454439455452396     
  0.65427135678391957       0.52462311557788943     
  0.66230487167941299       0.51930908738671155     
           8
  0.84267036255710248       0.87455772525849296     
  0.83867445573153454       0.87997545393022913     
  0.82700003364790553       0.88348547796626309     
  0.81391880347658263       0.88471953072146980     
  0.81757400840880934       0.87397067973409825     
  0.81525305132508286       0.86853706886232307     
  0.83747903981717009       0.85899010059920966     
  0.84136032318872966       0.85511576793927702     
           3
  0.85766012977558403       0.81777565447322798     
  0.83632869217103001       0.81716367040672921     
  0.84623115577889452       0.80603015075376883     
           4
  0.68439525012258384       0.44829045120262973     
  0.67666551966942090       0.43899477008641979     
  0.67519401214795161       0.42394939527609160     
  0.69133858207879673       0.42065628917732284     
