   997.00000000000000     
   138.00000000000000     
         189
           8
   3.0000000000000000     
   7.0000000000000000     
   2.0000000000000000     
   4.0000000000000000     
   3.0000000000000000     
   2.0000000000000000     
   4.0000000000000000     
   1.0000000000000000     
   6.0000000000000000     
   6.0000000000000000     
   9.0000000000000000     
   2.0000000000000000     
   4.0000000000000000     
   1.0000000000000000     
   8.0000000000000000     
   4.0000000000000000     
   2.0000000000000000     
   5.0000000000000000     
   4.0000000000000000     
   9.0000000000000000     
   10.000000000000000     
   8.0000000000000000     
   1.0000000000000000     
   8.0000000000000000     
   5.0000000000000000     
   7.0000000000000000     
   10.000000000000000     
   3.0000000000000000     
   3.0000000000000000     
   9.0000000000000000     
   1.0000000000000000     
   3.0000000000000000     
   9.0000000000000000     
   6.0000000000000000     
   5.0000000000000000     
   7.0000000000000000     
   8.0000000000000000     
   6.0000000000000000     
   5.0000000000000000     
   4.0000000000000000     
   10.000000000000000     
   8.0000000000000000     
   5.0000000000000000     
   7.0000000000000000     
   5.0000000000000000     
   6.0000000000000000     
   2.0000000000000000     
   1.0000000000000000     
   3.0000000000000000     
   6.0000000000000000     
   2.0000000000000000     
   3.0000000000000000     
   4.0000000000000000     
   1.0000000000000000     
   7.0000000000000000     
   3.0000000000000000     
   5.0000000000000000     
   10.000000000000000     
   5.0000000000000000     
   9.0000000000000000     
   1.0000000000000000     
   8.0000000000000000     
   6.0000000000000000     
   3.0000000000000000     
   2.0000000000000000     
   8.0000000000000000     
   1.0000000000000000     
   4.0000000000000000     
   4.0000000000000000     
   9.0000000000000000     
   5.0000000000000000     
   4.0000000000000000     
   4.0000000000000000     
   5.0000000000000000     
   4.0000000000000000     
   9.0000000000000000     
   6.0000000000000000     
   1.0000000000000000     
   10.000000000000000     
   10.000000000000000     
   9.0000000000000000     
   3.0000000000000000     
   3.0000000000000000     
   10.000000000000000     
   10.000000000000000     
   8.0000000000000000     
   4.0000000000000000     
   7.0000000000000000     
   7.0000000000000000     
   6.0000000000000000     
   8.0000000000000000     
   7.0000000000000000     
   6.0000000000000000     
   7.0000000000000000     
   2.0000000000000000     
   3.0000000000000000     
   9.0000000000000000     
   9.0000000000000000     
   10.000000000000000     
   4.0000000000000000     
   5.0000000000000000     
   1.0000000000000000     
   8.0000000000000000     
   6.0000000000000000     
   5.0000000000000000     
   1.0000000000000000     
   5.0000000000000000     
   7.0000000000000000     
   1.0000000000000000     
   7.0000000000000000     
   6.0000000000000000     
   6.0000000000000000     
   8.0000000000000000     
   4.0000000000000000     
   8.0000000000000000     
   9.0000000000000000     
   3.0000000000000000     
   1.0000000000000000     
   7.0000000000000000     
   5.0000000000000000     
   1.0000000000000000     
   10.000000000000000     
   7.0000000000000000     
   5.0000000000000000     
   2.0000000000000000     
   8.0000000000000000     
   5.0000000000000000     
   6.0000000000000000     
   7.0000000000000000     
   7.0000000000000000     
   3.0000000000000000     
   5.0000000000000000     
   2.0000000000000000     
   4.0000000000000000     
   10.000000000000000     
   3.0000000000000000     
   2.0000000000000000     
   4.0000000000000000     
   8.0000000000000000     
   10.000000000000000     
   3.0000000000000000     
   7.0000000000000000     
   6.0000000000000000     
   3.0000000000000000     
   8.0000000000000000     
   4.0000000000000000     
   6.0000000000000000     
   10.000000000000000     
   4.0000000000000000     
   10.000000000000000     
   1.0000000000000000     
   1.0000000000000000     
   5.0000000000000000     
   9.0000000000000000     
   4.0000000000000000     
   3.0000000000000000     
   10.000000000000000     
   3.0000000000000000     
   9.0000000000000000     
   7.0000000000000000     
   6.0000000000000000     
   8.0000000000000000     
   10.000000000000000     
   7.0000000000000000     
   10.000000000000000     
   10.000000000000000     
   6.0000000000000000     
   1.0000000000000000     
   1.0000000000000000     
   1.0000000000000000     
   4.0000000000000000     
   8.0000000000000000     
   4.0000000000000000     
   10.000000000000000     
   5.0000000000000000     
   4.0000000000000000     
   7.0000000000000000     
   10.000000000000000     
   9.0000000000000000     
   1.0000000000000000     
   6.0000000000000000     
   9.0000000000000000     
   3.0000000000000000     
   8.0000000000000000     
   5.0000000000000000     
   9.0000000000000000     
   8.0000000000000000     
   1.0000000000000000     
   5.0000000000000000     
           1
   0.0000000000000000        0.0000000000000000     
           8
  0.43391510972588881       0.32519689886109859     
  0.43668691837075452       0.33323848519841759     
  0.42412402751382200       0.33523315537094300     
  0.41530201279082091       0.33314980613725798     
  0.41501668098268751       0.32622252291545650     
  0.42368194070808912       0.31112033317593379     
  0.43373922079395233       0.31360178869647015     
  0.43837780467511717       0.31752943635551273     
           5
  0.82116544734856245       0.51879480335541472     
  0.81370858728788742       0.52891030610561052     
  0.79671702100144604       0.51547584632588939     
  0.80652577682161142       0.50504859093867160     
  0.81906221297200343       0.50457666322628791     
           5
  0.86827389984352887       0.65312777069139116     
  0.84937893372598294       0.65286347809618128     
  0.84786892127135982       0.64497661854327271     
  0.85973175855474560       0.62571908031926826     
  0.86328564826346521       0.63173231240295658     
           5
  0.57641313266618077       0.32177307130646143     
  0.55851475291247599       0.32575190603377846     
  0.55092795892691004       0.32331664353641487     
  0.55495849568774014       0.30969096528424295     
  0.56960410085631508       0.30420816739609430     
           6
  0.88343398187224842       0.50693376818408742     
  0.88034636180944414       0.51507049097325530     
  0.86091457302439189       0.50459693038988751     
  0.86251539482952655       0.49207362699572477     
  0.87044175134783075       0.49085483755655135     
  0.88473897324587969       0.48949161670427649     
           7
  0.81865725043661619       0.53097692265632168     
  0.81968411429392019       0.53846062128254024     
  0.80964117650448941       0.53908507774852898     
  0.80308622540768460       0.53858669652072411     
  0.79488281097057656       0.52322179560475246     
  0.79796500084467448       0.51304929028429913     
  0.81574936087357652       0.52604458704091506     
           3
  0.81949254783776326       0.69544278671121729     
  0.81230501146675338       0.68138218974062881     
  0.82447342026078230       0.68204613841524575     
           7
  0.83879512327279482       0.57659860645796590     
  0.84334371053468737       0.58485285798199727     
  0.83641724512715787       0.58637139041675879     
  0.81779129728795197       0.58654108297935792     
  0.82077723206902853       0.56473841228238564     
  0.83113698072252873       0.56473333780902368     
  0.84211299350281643       0.57166915160638609     
           8
  0.84679166871112399       0.65227009071659814     
  0.84591606362483729       0.65882624995473327     
  0.82172106944011702       0.66167362458569989     
  0.82770214812808462       0.65387352867699922     
  0.82223502213032706       0.64442478038626594     
  0.82598805614465731       0.63648232570917673     
  0.84149033557874053       0.63344752697201856     
  0.85090914096976156       0.64235580617709642     
           3
  0.63711079485646671       0.41247544817698234     
  0.62410280758132552       0.39926100531143149     
  0.63791374122367106       0.40421263791374124     
           7
  0.70904621552096392       0.73541182991865262     
  0.69240590491718912       0.73639129093557631     
  0.68739967740630203       0.74004882650856085     
  0.69236415240100113       0.71874881080351194     
  0.70195036028906677       0.71559322102164802     
  0.71515586140740883       0.71719192842363955     
  0.70991254988948282       0.72175838225497402     
           4
  0.83985466524066632       0.49024000841276094     
  0.82748282284466523       0.49092779539548792     
  0.82502193114190825       0.47367584371788396     
  0.83564497892778500       0.46721246725195686     
           6
  0.49724251796474556       0.27187867997938686     
  0.49065369859268504       0.26727572389228987     
  0.47374097977089896       0.27033274973467197     
  0.47581101204035403       0.26189947011121789     
  0.47387966108278268       0.25144205005447517     
  0.48646172164918494       0.24445822372980078     
           8
  0.41712861910399807       0.39344993419238189     
  0.42328928826594930       0.39997049959720243     
  0.41129246281962994       0.39802395983125921     
  0.39908688569249823       0.39727761690622065     
  0.40094252103998135       0.38439436501228741     
  0.39899004623075779       0.37582596646578004     
  0.40615532606481419       0.37273854309002974     
  0.42601391287629897       0.38831147631994545     
           3
  0.88597178547669542       0.65691823326760557     
  0.88365095285857576       0.64393179538615852     
  0.89160234532784932       0.64708838481419650     
           6
  0.43849540683496036       0.42353634758056435     
  0.42709587976438129       0.43694778144329899     
  0.41571199567877259       0.41583953351064890     
  0.42818261201137631       0.40962984993761520     
  0.43854599226328422       0.41117478386635037     
  0.43604404019551429       0.41765646987348526     
           3
  0.81209959340149807       0.73445551713195922     
  0.80315761875812997       0.70899569857136790     
  0.80942828485456364       0.72016048144433298     
           7
  0.96102801944998872       0.61659646711248228     
  0.96218594063783369       0.62576887672662806     
  0.94270859742196123       0.62298345584457249     
  0.94411671810184294       0.61373383940809700     
  0.94166511314156476       0.60384850347446073     
  0.95869807693521114       0.59921567438974010     
  0.95798882888938885       0.60588010891620248     
           5
  0.37544151530800551       0.13256156821816772     
  0.35556651384623023       0.13853893774646406     
  0.35026413459245576       0.13187734480154037     
  0.36111364973037868       0.12452972773060619     
  0.37362356424993998       0.12445574593331131     
           7
  0.85271960281316261       0.67317848146283821     
  0.83951058531643963       0.67196626865094633     
  0.83324072791468939       0.67439320412951487     
  0.82676552303753048       0.67574855062991857     
  0.83830245847345719       0.65179513767589570     
  0.84650483318797842       0.64968542107519289     
  0.85156519304531775       0.66353624175297832     
           7
  0.80382860642408727       0.57562592327738649     
  0.78705084993470364       0.58651676035568345     
  0.77934209206732674       0.58651071457984927     
  0.77973010742604931       0.56439558442729099     
  0.78548001208135010       0.56760394698976024     
  0.78976586585408015       0.56208013298806936     
  0.80477486101263651       0.56675062780290530     
           4
  0.82730028495748731       0.52086012495728551     
  0.81602849734050187       0.50993984497242095     
  0.81003769562794858       0.50304073176605202     
  0.83610020203332325       0.50846591451616452     
           5
  0.81042323236378466       0.63135491000596977     
  0.80334839371354227       0.63758752577151312     
  0.78442142115116942       0.63476730931389624     
  0.79185612863468446       0.60925103846636142     
  0.80612699661428477       0.61110450553332385     
           4
  0.81247180281765907       0.47892367444452993     
  0.81592300702290754       0.45446023177975142     
  0.82866138108326737       0.45724159271747161     
  0.83741279917031697       0.46253260227948673     
           5
  0.81632538202026617       0.38123533293766981     
  0.80877208077493856       0.37659302826264424     
  0.79653044034724474       0.36459345317258385     
  0.79059635395126970       0.35912840908534016     
  0.81623060694850413       0.36473675184498322     
           5
  0.40379141637697452       0.50394708612793793     
  0.39816445837394382       0.51482692994975754     
  0.37693731117120449       0.48930132467341719     
  0.38464781674315107       0.48893790813255311     
  0.40287734785682822       0.48865410588793595     
           3
  0.87909234108141254       0.65572265949065744     
  0.86273661377802824       0.65104923409273308     
  0.87273677000720817       0.64523028694914752     
           4
  0.74095631151994512       0.46707455528122721     
  0.73399986288084640       0.47029817605554886     
  0.72149541040551035       0.44320020307148406     
  0.73420260782347047       0.45737211634904712     
           6
  0.36964214540482965       0.26793761831346774     
  0.35883434768662298       0.26259471609728435     
  0.34284694943292621       0.26185596082444679     
  0.34572570777487560       0.25306999188147233     
  0.36809209613071681       0.24150086001717391     
  0.36556544923532430       0.24934044043991735     
           3
  0.80837906521061575       0.48693193094719395     
  0.79638916750250754       0.48244734202607825     
  0.79272522033381965       0.47077264063196872     
           7
  0.36996421763720533       0.32693295097166997     
  0.36318781907797704       0.32245869618093470     
  0.34748693286553939       0.31874026925444521     
  0.34948637038267366       0.31354630814022494     
  0.34779422840300639       0.30815122213813084     
  0.35843848596733513       0.30124299588496256     
  0.37179453510466653       0.30493595181718597     
           7
   1.0058311331331828       0.68765740893070537     
  0.99548405400126616       0.69239720152118467     
  0.99647294114933904       0.68621214150251253     
  0.99177166348785828       0.66959978374263263     
   1.0022780651306487       0.66571145968571155     
   1.0089234338935846       0.66895977160349573     
   1.0075009756263471       0.67518262150570563     
           4
  0.83349723471315806       0.65881880429124262     
  0.81461893270231622       0.67093995590000388     
  0.81268163053825115       0.64969000736168658     
  0.83416211188533995       0.64999142196870463     
           8
  0.60326594847664095       0.34151536560108220     
  0.60231947048395251       0.34663590770807534     
  0.57872025736890598       0.33933989290747918     
  0.58047006102336751       0.33233135754485077     
  0.57805200895485742       0.32124994619579683     
  0.59170702910390138       0.32315921575251771     
  0.59886382523156045       0.32620180405046589     
  0.60135411313792408       0.33188248842213564     
           7
  0.79288608411735417       0.54554760501367150     
  0.77863842522397408       0.54710852080084715     
  0.76811192324735422       0.54034499739750186     
  0.76758938982991631       0.53235009115423992     
  0.77452410427947060       0.52075754293509491     
  0.78140319626449894       0.52609849003957998     
  0.78602603385186065       0.53306637492077236     
           4
  0.82459311904015442       0.51438460617367954     
  0.81863336285762511       0.52363445475378667     
  0.81344032096288865       0.51053159478435306     
  0.82698462528148964       0.49571416246254713     
           8
  0.31308286683485237       0.25285883602993148     
  0.31252573864242422       0.25829220690877663     
  0.29787290958397400       0.26133561973835623     
  0.28921330267580536       0.25247217663599719     
  0.28539212386171353       0.24534403644508623     
  0.28810656013529773       0.24090843526565855     
  0.28995720434622646       0.23336855035992971     
  0.30955508825012645       0.23954826962080228     
           6
  0.82799733804870879       0.52489703376086272     
  0.81659904248479076       0.52926326705480498     
  0.80192320575010123       0.53227739457953427     
  0.80238255784543133       0.51939347582493800     
  0.80514276865762135       0.51096908649510453     
  0.82941776990328653       0.51435939930529762     
           4
  0.79856349749431976       0.50208153965577484     
  0.79123877510948437       0.50229998380757512     
  0.78146963597606478       0.49447283389307151     
  0.79538615847542626       0.48946840521564694     
           6
  0.95736547492602742       0.66745000523248588     
  0.94616683629227050       0.66647623258632438     
  0.93486206997232024       0.66640241923547350     
  0.93594830960834074       0.66054830810032539     
  0.95985747984486081       0.64250225214421242     
  0.96125255413852018       0.65192708662154575     
           8
  0.91820336923726764       0.56116144334489948     
  0.91091967037584498       0.56677018605750762     
  0.90248916276424629       0.57151446094110236     
  0.89571998089277605       0.56935854522312745     
  0.89780861648057453       0.54641677378664055     
  0.90727813516520228       0.54511252108709218     
  0.91330949935485806       0.54965312751657891     
  0.91375408186044527       0.55622491112498107     
           7
  0.86363759413247621       0.60365771786881517     
  0.85890576058799784       0.60886902891136141     
  0.85188371139403252       0.61004004575068116     
  0.84230931666810038       0.60353752037552821     
  0.85053386484592164       0.58743647221190298     
  0.86127953621370579       0.58963145854377830     
  0.86401399265601353       0.59450036989026966     
           6
  0.71080115869039739       0.43905808262748969     
  0.70206954988853598       0.43952726601461906     
  0.69522430836737326       0.43799153773529165     
  0.68824663614114756       0.44142792589714053     
  0.70526426222264649       0.41695923290268549     
  0.70867701937885230       0.43040829641569772     
           8
  0.46812454921908153       0.31695049663560138     
  0.45846356092971202       0.31248346850478659     
  0.45208744269954965       0.31357264200639900     
  0.44205653359561309       0.30816128444069518     
  0.44475132608035495       0.30074698739756106     
  0.46427772657375810       0.29523034720332969     
  0.46951094252372977       0.29944648087933695     
  0.46708854878344497       0.30462399106952581     
           4
  0.38248245725549423       0.33507614964972449     
  0.36635741918532949       0.34098937448961997     
  0.36057197532200397       0.33533620303712874     
  0.37855264105277664       0.31641053299152350     
           7
  0.73363759006278229       0.54703646658801730     
  0.71451118700758676       0.55336198842047712     
  0.71073391450286760       0.54058886437949882     
  0.71157554328213879       0.52811244049494155     
  0.72006477950681180       0.52889657592121053     
  0.73294105307536994       0.52939059565756774     
  0.73313430491329379       0.53537273656088857     
           8
  0.88645006792873116       0.50660143294838000     
  0.88662414313207238       0.51745633963287996     
  0.87840910307873599       0.51490163790053123     
  0.86859990295718303       0.51786151986706408     
  0.86415556836564023       0.50693705078451012     
  0.87236584366435999       0.48889678771296186     
  0.88793740857508618       0.49036080716937058     
  0.89043294991357702       0.49510652624369078     
           6
  0.86352473475698921       0.57925918523771136     
  0.84814082921238687       0.57901403220003000     
  0.84932956914666147       0.57078071871302405     
  0.85109298326548399       0.55457819371356665     
  0.86831193450911925       0.55280746958416593     
  0.87569694961300792       0.55466223191037778     
           6
  0.39301117993193602       0.52013049385297827     
  0.37808045012690250       0.52216794285726020     
  0.37404312841754728       0.51098839030531074     
  0.36855485944097593       0.50310719332019394     
  0.37730589958306898       0.50204608199615741     
  0.39524877890671056       0.50239319371902003     
           8
  0.78635303230573383       0.57897119078023496     
  0.78393099091518881       0.59007064304537082     
  0.76539166486618004       0.58867924551570505     
  0.76395361985973853       0.57088083376810395     
  0.76929415583412641       0.56449350364180262     
  0.77975126517490767       0.56495718425119312     
  0.78709358720763700       0.56310469206006120     
  0.78747273822806174       0.57046542625031993     
           7
  0.68082662362104840       0.56778460467409486     
  0.68773068135796267       0.57632108145605476     
  0.67301905717151456       0.57271815446339014     
  0.66365190202030300       0.56934461137401171     
  0.65899364707920149       0.56197992257038332     
  0.67302906501827986       0.56246125012618808     
  0.68215167974727953       0.56039628692850696     
           3
  0.90371113340020059       0.48345035105315948     
  0.89020277493067845       0.47780390182766169     
  0.91417647762036591       0.47360199756874810     
           5
  0.86769534607721710       0.68370072980578189     
  0.85866846874750558       0.68869497980775829     
  0.84997036096831746       0.68709632390090569     
  0.84689558660196629       0.67318560282555784     
  0.86462571165424429       0.66694763803363022     
           7
  0.90275797823355242       0.58386057178573836     
  0.88692839830082648       0.58843549836794184     
  0.87562448213542499       0.57290709949972962     
  0.88128373789507808       0.56947925688553547     
  0.88681021976877783       0.56525568948873484     
  0.89305574008038302       0.57019914220933643     
  0.90225276171165236       0.56947939865644492     
           8
  0.80770950520903262       0.61905788643161819     
  0.79866820364495406       0.61956909357775403     
  0.79313776600831587       0.61679441930735801     
  0.79617762751539523       0.60904424196631823     
  0.79476126622827614       0.59876650463991199     
  0.80243798133553457       0.59560627544797329     
  0.80616167357764468       0.60014991639264159     
  0.81779206771834023       0.60031403749423307     
           4
  0.83573055740420388       0.59032412776937326     
  0.81704611587945064       0.58891383696689081     
  0.84280413705508739       0.56293150978076545     
  0.83810638843109386       0.57588855204802525     
           3
  0.44372623317002025       0.17994691557019957     
  0.43530591775325977       0.17753259779338015     
  0.44311136788831945       0.16677328365479882     
           3
  0.72497329262525734       0.44834180318805816     
  0.70843067305049501       0.45534207276373900     
  0.70262341314279153       0.43994423968156060     
           5
  0.84432793334227940       0.63463903277625366     
  0.83752358059568444       0.63622887921940241     
  0.81849149587336079       0.62163343859849540     
  0.81485414370785880       0.61079394727050784     
  0.82173295458870810       0.61141037643658391     
           8
  0.76919726895890039       0.75393592461365833     
  0.76895697158871668       0.76032411453426552     
  0.75509298780885770       0.75605279812454540     
  0.74722073565955005       0.74456659369666411     
  0.74700077699942879       0.73586988740795589     
  0.75300888348857242       0.73617905057909616     
  0.75994790826684089       0.73754393102080529     
  0.76950296792545969       0.74625644327008867     
           5
  0.98777964344347624       0.65179230569238322     
  0.96985500562873417       0.66059890385390241     
  0.96902815444463641       0.65375417264430247     
  0.97107840403518653       0.64000787187697017     
  0.99413752859952642       0.64169118577823026     
           4
  0.83710996279513794       0.61058268449694630     
  0.81791775691638102       0.61145607243911626     
  0.82525709277121628       0.58915802140117268     
  0.84297743784678092       0.59700678610242575     
           7
  0.45478828780689046       0.21485539633589748     
  0.44204357471986955       0.22450654638065445     
  0.43549208738443851       0.22273733652412084     
  0.42659357502606016       0.21391294932672272     
  0.42662313439917493       0.20508407194158057     
  0.42923658784677432       0.19878869652404829     
  0.44140527182322586       0.20407764936910996     
           5
  0.52759364476732840       0.19705768621266512     
  0.51796998494123014       0.19536434688099327     
  0.50211185089861499       0.19592047685996078     
  0.50994492782326806       0.17359447391993782     
  0.52762213990295703       0.17034216939761512     
           4
  0.84807976993250189       0.67699902326843686     
  0.84050002490846176       0.67406312505894339     
  0.82909429084542230       0.67238303569796021     
  0.84278180038281036       0.65522192778867838     
           4
  0.51868232666926695       0.23894721004688049     
  0.49876079103941173       0.23614627515315550     
  0.50622412405842965       0.21584925119503989     
  0.51792172310872620       0.21528723323585869     
           7
  0.51111695247900824       0.46286715531104183     
  0.50209854114125563       0.46143366707037892     
  0.49710418888306340       0.45647664355246248     
  0.48771777387897364       0.45657720315710315     
  0.49719340742436102       0.43907288316678278     
  0.50327753345294390       0.43808772587061823     
  0.51076530328373126       0.44183946807440516     
           6
  0.80726200115944036       0.57977883280828957     
  0.78152531471899100       0.57767332504184765     
  0.78943788711880536       0.55298678727795603     
  0.80010369941530524       0.55143134839629782     
  0.80716296156166023       0.55109262896834355     
  0.80611037196289037       0.55738338881203930     
           6
  0.80731006866323152       0.61290638977833678     
  0.78997777740846609       0.61333206006399865     
  0.78198513290704730       0.60094463900347495     
  0.79452107132188132       0.59210726976800276     
  0.80266311967515125       0.58735892226711617     
  0.80441906896557358       0.59441069144141245     
           3
  0.94386864089449807       0.58189813695881731     
  0.93562600637185467       0.59145331789001154     
  0.92956891781190543       0.57096708220478443     
           7
  0.92126732405572043       0.49108115810191011     
  0.90075716139937900       0.49968908441671489     
  0.89194750596675765       0.49712639746143888     
  0.89475560206423677       0.49044540647222595     
  0.89915239629650912       0.47568051579232012     
  0.91157918475356770       0.47643405341095840     
  0.92006334036922899       0.48105779223250095     
           5
  0.46805936304019857       0.37425613877636993     
  0.46150604290441172       0.37142618635805680     
  0.44186830116748765       0.34970479388188624     
  0.44882492690942144       0.34945774045474803     
  0.45679419443218511       0.35560901050734017     
           7
  0.64794096981634297       0.37816466010104671     
  0.64713445516782220       0.38594161912475333     
  0.63648078159685917       0.38331068696943016     
  0.62990627589281467       0.38133248507526885     
  0.62804537895542156       0.36527046139044261     
  0.63586909991416840       0.36415753757734359     
  0.65020008913317850       0.36520215275636214     
           8
  0.79485536275739022       0.65060400910668270     
  0.79116712141426626       0.64702096704142853     
  0.79058890859402486       0.65500259449168230     
  0.78290114233634600       0.65088493668157221     
  0.77123612632961891       0.63395064055174721     
  0.77128347112370377       0.62661000321891125     
  0.79074301113491652       0.62760829357601000     
  0.79430613039853315       0.64002698972019700     
           8
  0.73958309039212033       0.60085442531246858     
  0.73780132973813739       0.60613806406141502     
  0.73122149151717752       0.60376564942812727     
  0.72620805844026359       0.60529176886412905     
  0.72444692577215541       0.60035236997991348     
  0.71458833743578076       0.60605224997482510     
  0.71798112812058779       0.58135615887931225     
  0.73532566728221860       0.57857912814537993     
           8
  0.92724290293691269       0.62720616600442536     
  0.91991290609530763       0.62800621428731063     
  0.91203606777619239       0.62866965296120980     
  0.90521549804972690       0.62538891589242807     
  0.90161368452439050       0.61698468944404283     
  0.91914324606613929       0.60084983434781125     
  0.92242827191268417       0.60902435376557662     
  0.92213497182044946       0.61688978474801925     
           7
  0.84475999324264150       0.51460797018383964     
  0.84494797378164721       0.52122478922740778     
  0.82566191572706193       0.52111070803530379     
  0.82605941541558192       0.50968304369122563     
  0.82675610860583870       0.50021108281016513     
  0.83456394436686965       0.49980383815830215     
  0.85038837337298834       0.49788668714454432     
           5
  0.80249482009596107       0.45946192521628287     
  0.79341456323496051       0.45960038341488213     
  0.77523412216844789       0.45213288381864175     
  0.77450242017840654       0.43833147408389822     
  0.79768692806520913       0.43556984426069295     
           7
  0.78657874924363957       0.74590658630767648     
  0.77837278431518464       0.74716184336319824     
  0.76846413980915762       0.74437540454496065     
  0.76010228006521541       0.74290220338618429     
  0.76374873419733613       0.72825964956081501     
  0.77965064964798958       0.71995931900096777     
  0.78498888636027297       0.73441455672420475     
           3
  0.77601901266140216       0.47126480901038886     
  0.76881242659312765       0.46421041332085727     
  0.77833500501504516       0.46238716148445336     
           4
  0.75982679180900270       0.54579151629059131     
  0.74692234732474749       0.54771904473824495     
  0.73733043451490021       0.54422141319170680     
  0.76366220911208604       0.52453774378808260     
           6
  0.83741975328948071       0.89326313166600746     
  0.84132218719449758       0.89786146615441986     
  0.81705760962863150       0.89120314161343761     
  0.82039779863852047       0.87472469074336723     
  0.83834965742353518       0.87727394466952258     
  0.83494174227850460       0.88571829693894732     
           7
  0.41456311828927050       0.28494186406821637     
  0.39116277167200930       0.28876417940412191     
  0.39471588087896470       0.28165951833727992     
  0.39101343509070396       0.27728743101002695     
  0.40064848158893818       0.26215463779813142     
  0.40697001598299359       0.26571205443910378     
  0.41048348668909779       0.27649516900542814     
           3
  0.97251263491489948       0.60986001626514552     
  0.96021671895712102       0.60768873063324869     
  0.97731405742216459       0.58450508201444329     
           4
  0.77634386032247571       0.48673040885856689     
  0.76257937347484672       0.48908858336853656     
  0.76228686058174522       0.48044132397191575     
  0.76506818188625980       0.46990339610546111     
           3
  0.84448340103083919       0.51456712889069722     
  0.82988255031790314       0.49891660420383616     
  0.84353059177532597       0.50250752256770315     
           6
  0.90560889389648180       0.54361987108900434     
  0.89574237019799219       0.53492265209264422     
  0.88901881605273614       0.52631047235970230     
  0.89513474053730779       0.52438557052423551     
  0.91477257266080425       0.51788295710319832     
  0.91005837297427694       0.52203518853900410     
           7
  0.45766942203835825       0.31996850807739546     
  0.45841502109547938       0.32939286006826918     
  0.45041236986145344       0.32728108219388868     
  0.43385180892603076       0.33017223334376383     
  0.43634117393646071       0.32034180575702076     
  0.43206484335726103       0.30746313530996816     
  0.45026239294266712       0.30504218175769365     
           8
  0.78213681508118271       0.51713429718948756     
  0.78038521330733035       0.52366497296815351     
  0.76902562688027432       0.52426674308313737     
  0.76350697278013702       0.51133603564871533     
  0.75905381249242587       0.50079375615988375     
  0.76975149009995369       0.49942220538026655     
  0.77473684109651753       0.50181068980707710     
  0.78687740923961924       0.51044695984684407     
           3
  0.85511914490814589       0.62658680781046905     
  0.84710905675392434       0.61845524428574439     
  0.86093481550385720       0.60488427612833617     
           4
  0.83206618380161446       0.63965118439974111     
  0.81292022234421746       0.64443310364255302     
  0.81274587449918489       0.62899590805296923     
  0.83613915944041328       0.62546053570809290     
           5
  0.74723235658322373       0.54648827163875946     
  0.73408198288079340       0.54937891987309218     
  0.72234447056886975       0.53346767608773260     
  0.73087769416828607       0.52996929334650755     
  0.74699768233538921       0.52841174680676617     
           8
  0.71446273110268921       0.59057580256372522     
  0.70766014711300684       0.59215001341792417     
  0.70174051384296965       0.59165359281420737     
  0.69475711988078825       0.58815416382693930     
  0.69861742169033392       0.56873042916968675     
  0.71093967201004260       0.56735634047472749     
  0.71835977076033508       0.56399928752707928     
  0.72186972482490408       0.57516447384940639     
           3
  0.78391797857282097       0.57756811794959861     
  0.77532597793380142       0.57472417251755270     
  0.76191300757472769       0.56613651256537190     
           7
  0.65213492118482042       0.33588940129823996     
  0.65225743134723013       0.34264152260029784     
  0.64693218253166629       0.33827193390914700     
  0.63450922630738371       0.34244046652034482     
  0.63536455412320869       0.32225868584366330     
  0.63714807466995993       0.31681043183092567     
  0.64794383149448342       0.32798395185556672     
           5
  0.85790399915357374       0.63881082895974606     
  0.83515087513060582       0.63451660158991219     
  0.83115966446493783       0.62500390179372489     
  0.84466409703874812       0.62415410102123403     
  0.85924597445226392       0.61835171254258503     
           3
  0.79876005136964690       0.45087703651679129     
  0.80443063362220557       0.42961162903530159     
  0.81595831993286638       0.42866696585152592     
           5
  0.96239220900202438       0.59160085989948508     
  0.94944309965923990       0.58642443652265008     
  0.95191082384449621       0.56979425647249959     
  0.96076627923088731       0.56879530793882915     
  0.97205015529709060       0.57468422279347109     
           8
  0.36062415882769761       0.34693675104280336     
  0.35484281843996673       0.35076442787029621     
  0.34707537292848284       0.34591853721925625     
  0.33865147391048644       0.34276091270074699     
  0.33932700230782414       0.33448987345674785     
  0.33892818321911145       0.32374237876216228     
  0.34751296802294684       0.32428230113786199     
  0.35749785871350503       0.32958364354989661     
           8
  0.83979303385177351       0.58314741533886494     
  0.84036320719775393       0.58876200907928489     
  0.83349893241954420       0.59450879282169677     
  0.82015024890144683       0.59563726728031186     
  0.82055647509081930       0.58216023766873892     
  0.82278414508815334       0.57600541180617360     
  0.81825156534916932       0.56910140063371795     
  0.83443917553926816       0.57382813985746106     
           7
  0.89032807839142913       0.50094310899035577     
  0.87883496340732647       0.51780853027502693     
  0.86845147985764093       0.50556193380725045     
  0.86531866659175072       0.49771481780915439     
  0.87116518799716403       0.48888858346256664     
  0.88525021900947687       0.49040910833538442     
  0.89283862880391396       0.49025813751055769     
           8
  0.54434685099204050       0.34153388321916306     
  0.53916365153082479       0.34513715153064767     
  0.53188828910635066       0.34214072494051212     
  0.52447181241166052       0.34688740035906090     
  0.51926071125543327       0.32769387589727456     
  0.52224575458058831       0.32065163854519918     
  0.52938649178715158       0.32148013715823326     
  0.54424685444062182       0.32650729259548100     
           4
  0.53204217303510093       0.38622635071665734     
  0.51955867602808425       0.38415245737211634     
  0.50692943503436472       0.37149631346470513     
  0.51954563114382635       0.37310903197653406     
           8
  0.78529606231090909       0.51432032636247760     
  0.78392840422030285       0.51953262131120148     
  0.77303077819076549       0.52134507453605872     
  0.76390436663016648       0.51908295508030167     
  0.76151119102113773       0.50969633596543695     
  0.77288077954097523       0.49874094111576017     
  0.78084073030782131       0.49702115955660109     
  0.78028729070747938       0.50496243159062526     
           3
  0.25085713943322957        1.7710811499554457E-002
  0.25175526579739216        3.0090270812437310E-003
  0.25590979877287950       -8.6315695727081435E-003
           6
  0.26866202478139789       0.46104629167119821     
  0.25478041363934356       0.45794322903618828     
  0.25057160257761990       0.44962603408152424     
  0.25801943662631344       0.43652601305437633     
  0.26330881345448165       0.43285776996891906     
  0.27106202254065775       0.43637712462482126     
           8
  0.83151600446716567       0.66958201421452601     
  0.82397705622449480       0.66822556103954489     
  0.81126848719870159       0.66074415473646786     
  0.81000638725916096       0.65548431350057690     
  0.80679402808943801       0.64915017764494687     
  0.81305505789753896       0.64707354079845492     
  0.83056411203347724       0.64318831247471264     
  0.82767117263942214       0.65157840282882440     
           5
  0.50638340844741780       0.40595788401701977     
  0.49586779737410802       0.40377897443148059     
  0.48805817432456267       0.40389039403957799     
  0.49741520367891756       0.38579534764712314     
  0.50532220111361714       0.38638290327555658     
           6
  0.79218974084811378       0.52791116880929689     
  0.78650952181632439       0.53592689285577566     
  0.77755146424941957       0.53759270860359520     
  0.77778292172695362       0.53134810801622212     
  0.76576964466409159       0.52058744618914732     
  0.77296096027691430       0.50893636125180386     
           4
  0.53588463541481191       0.26178835850253640     
  0.52246231754617956       0.27455589032101874     
  0.51587994995546693       0.25941549127157598     
  0.52869015172908207       0.24993677510917359     
           4
  0.80692871769080299       0.64498090053139301     
  0.78580408833455362       0.64711415912233894     
  0.78166769654307156       0.63647918533654069     
  0.79538615847542626       0.63390170511534605     
           7
  0.72644031551295840       0.41657250532771295     
  0.71987832103626870       0.41666857045103967     
  0.70826214404136689       0.41750695455180581     
  0.70034945205870458       0.41044053037068307     
  0.70715551528046272       0.40785550697650214     
  0.70494413882704643       0.39042459527333434     
  0.72983341540405233       0.39707324429600477     
           7
  0.82704479644204620       0.64307688398635887     
  0.82009667869980563       0.63760222316116089     
  0.81410344314250571       0.64928374733490180     
  0.80305426957859727       0.63220309700670363     
  0.81789241080543607       0.62067233127842991     
  0.82475877617825111       0.62031903804752209     
  0.82412224519637145       0.62967071247529649     
           5
  0.85340608455954392       0.66428616780937133     
  0.82909184712053108       0.65580207982436178     
  0.84469601549005935       0.64011290400538345     
  0.85208809591259038       0.64174194467569623     
  0.84818981645199831       0.64748109159760625     
           7
  0.76885748404693965       0.56829577894758088     
  0.77330164211735697       0.57625345747411272     
  0.76177197250978868       0.57360798255419154     
  0.74605199155915258       0.57613875393597092     
  0.74746628567239792       0.55167349996638670     
  0.75875680801866741       0.55029391181774268     
  0.77057287753606818       0.54807512219726784     
           3
  0.77768645511215584       0.75945761290453762     
  0.76830491474423268       0.75225677031093274     
  0.75798361092987931       0.74405534309648613     
           3
  0.42224089039641166       0.54796369792241473     
  0.40051113500166130       0.55189511996184104     
  0.42191630523450102       0.53565422418653341     
           6
  0.32955033644197035       0.30525963481373802     
  0.31768118485457608       0.30762206462547548     
  0.31124626121183829       0.30189205860316848     
  0.30584307821549617       0.29638054641342104     
  0.30142038654051106       0.29229097968630757     
  0.33030874503260554       0.29202875242289139     
           6
  0.37763163023852692       0.50563586547053130     
  0.37228697803248667       0.50232795625352211     
  0.34853584098933760       0.49955592147602279     
  0.35556296429655898       0.49443612707345957     
  0.35044043495919436       0.47671251128096576     
  0.37685012988693273       0.48768111765310501     
           7
  0.49468966013665072       0.28982486488912168     
  0.47804383899901076       0.28741818229076743     
  0.47419452997503486       0.28339573288442826     
  0.47128090015828794       0.27121635226793112     
  0.48940227240863438       0.26743764819004201     
  0.49680311744783878       0.26765793619467820     
  0.49530629486777539       0.27325136723356308     
           6
  0.76897892121947131       0.59549344313641728     
  0.75401478113844289       0.60112391085587036     
  0.74496312315126068       0.60603351301565478     
  0.74308928824721143       0.58072501487343509     
  0.76007842851428364       0.58312850013335549     
  0.76531121157545368       0.58006907172003608     
           5
  0.74637343251874955       0.79527565328206640     
  0.75074133511113428       0.80056223233695967     
  0.72346105243829051       0.79124683937850115     
  0.73821464393179537       0.78635907723169507     
  0.75112107905971770       0.78814517707055232     
           7
  0.91644223819570036       0.47031730394036958     
  0.91328542042513283       0.47543034009764268     
  0.90525433980249936       0.47139595620119362     
  0.90570163401605952       0.46405714967428102     
  0.90371517326006345       0.44940647108496140     
  0.91315838774855251       0.45215458916821383     
  0.92175229928321001       0.45737181137625149     
           6
  0.89455555943073073       0.67633976851830724     
  0.89164839593806855       0.68361049773760763     
  0.88465396188565693       0.67301905717151456     
  0.88577333733389152       0.65895902774776138     
  0.89183650779106338       0.66269117797639998     
  0.89271822397084821       0.66961476810479181     
           7
  0.85521493837599938       0.51956338796788326     
  0.84041664628424295       0.51674650758641028     
  0.83353084081785367       0.51754461132531948     
  0.83547813240174384       0.49848480773096238     
  0.83961765257138632       0.50221216722196105     
  0.84265585597100556       0.49633731081722776     
  0.84845855308808227       0.49453458787447441     
           6
  0.90361174604514694       0.59774748360113794     
  0.89579153778062104       0.59841199314678140     
  0.89133518937872636       0.59377334461276332     
  0.88294406309698958       0.57630757104685459     
  0.91092091304768918       0.57403479339927832     
  0.90862601420756417       0.58051351320054445     
           5
  0.46646427720905154       0.30001884717005761     
  0.46499075833994974       0.31061701909201278     
  0.44960346821571351       0.31297350218472969     
  0.44916298634642465       0.28609171378510739     
  0.46631318878195904       0.28884195965082088     
           6
  0.59471186265026965       0.30984982749558754     
  0.58112092446195462       0.31421328322373393     
  0.57257512394356347       0.31453331988845074     
  0.57222885578254223       0.29471527632995537     
  0.59082966362017386       0.28842143957553751     
  0.59148508647599729       0.29915416033140940     
           8
  0.48409907679866426       0.38191552022153186     
  0.47491637480485827       0.38536034646713507     
  0.46286445055719327       0.37940537607771507     
  0.46341981661311665       0.37409890998246698     
  0.46002140597766211       0.36382675658227148     
  0.46643630165399935       0.36012119452094743     
  0.47385848207935177       0.36200772128699399     
  0.48712587721058176       0.36284944762725441     
           3
  0.82315150771064804       0.58240737382214380     
  0.81998056322240975       0.55829459722207730     
  0.83867759294022159       0.56307271762500699     
           7
  0.29258217583136886       0.31053022888307213     
  0.28316907658094947       0.30829565571168716     
  0.28862974481406167       0.29843815266514168     
  0.28772133326621602       0.28899250682494648     
  0.29372397016276136       0.28660362625398278     
  0.29952675702930004       0.28630932251899893     
  0.30959838999316802       0.29207453451290238     
           5
  0.77631157685738483       0.65396816588949991     
  0.75522926334754992       0.65346866271031878     
  0.76049171213771727       0.64336788022921243     
  0.75725807159772607       0.63627535050573703     
  0.77627662624239813       0.63167270717058466     
           6
  0.47504794759811503       0.36854185656496702     
  0.47007907946420274       0.37549264755310408     
  0.45188625093595153       0.36803100964934921     
  0.45395973390601763       0.35810738915751716     
  0.47645756415776425       0.35469035836184487     
  0.47254702252457453       0.36254110156782726     
           4
  0.78611155753773765       0.66399332154956103     
  0.76794065870881567       0.66818654404385092     
  0.76629699757413916       0.64480129526667962     
  0.77621793886447776       0.64605785687495221     
           4
  0.73180183434388202       0.56212025527807175     
  0.71673133331116035       0.56473018903708627     
  0.71547365903116267       0.54462300868107516     
  0.73878548551860324       0.54019952240479630     
           6
  0.89761555900857071       0.41484394057967861     
  0.88610013836076451       0.41373566822635066     
  0.87696295078447684       0.40881985120717779     
  0.87107756128316205       0.38899579113837496     
  0.87671784449130696       0.39387073853784205     
  0.88917451356361332       0.39119451529988858     
           6
  0.85458676359742169       0.53648865915938970     
  0.84287342959665679       0.54028156176836928     
  0.84680667442272572       0.52734265203643382     
  0.84220470816970294       0.51424168715796081     
  0.84783790600407882       0.51900528969899817     
  0.85995678366894812       0.52000728831550369     
           8
  0.76197900774884264       0.47644975745342727     
  0.75372009765987436       0.48014969233428595     
  0.73579849852923185       0.48054118811620378     
  0.73825403142734514       0.46721397618737320     
  0.74053624618929970       0.45575588570921099     
  0.74590180036637777       0.45344562593011023     
  0.75508854924375657       0.45853050585292532     
  0.76409324065881501       0.46731831752686737     
           3
  0.45992131963391952       0.37687328428752859     
  0.44439755801514691       0.37577460117945710     
  0.44467601116412869       0.35632165909717295     
           8
  0.89731171699222723       0.71798147439691340     
  0.89212379929930274       0.73151482143578306     
  0.88002071380018387       0.72824355541443220     
  0.87627911552933901       0.72018461971664649     
  0.87370537252066272       0.70980128267464748     
  0.88233432459982197       0.70908227593990858     
  0.88762184774149411       0.70400225693382668     
  0.89338964722069703       0.71053759462918409     
           6
  0.97019748761658486       0.58695010074298870     
  0.95010080105021499       0.58495754473815254     
  0.94173727189702849       0.58516971543025975     
  0.94361627812906745       0.57842019101780451     
  0.94144567282025293       0.56213784719581872     
  0.95676255899287654       0.56622747011329744     
           8
  0.73942628509181252       0.51242655413568983     
  0.74063953178149600       0.49967441653827549     
  0.73543326886918248       0.50231099149711844     
  0.73558634915262178       0.48747874259946422     
  0.74487723129755534       0.48788660218749436     
  0.75318403223960351       0.48602364350551597     
  0.75374709956112862       0.49117981630127400     
  0.76093395609381398       0.49381437055375021     
           5
  0.83076861986172490       0.43497970305697997     
  0.81060440098027053       0.42821058215420288     
  0.80640574799256937       0.41216133918057124     
  0.83189983475368101       0.41170325993482548     
  0.83161531231118191       0.41837898492975673     
           4
  0.77320805886547506       0.57517145675106007     
  0.76251887996413914       0.57066509740049953     
  0.75004088907890576       0.57190320700414365     
  0.76433314911977734       0.54663231860942729     
           6
  0.76397243500021994       0.55568551517454090     
  0.76524362867934526       0.56506817251546926     
  0.74588472100030789       0.56003890694094793     
  0.74355824944902138       0.54150833157528566     
  0.76442631309858000       0.54002952840190388     
  0.77025631698807706       0.55102473424314169     
           3
  0.91426047821399470       0.53233252729419811     
  0.91775325977933797       0.52256770310932799     
  0.92278553538798203       0.51055356444392064     
           6
  0.81059365915662573       0.47467916651368031     
  0.79037501380532793       0.47520149054340738     
  0.79389513051449379       0.44896831347250049     
  0.80694874197019151       0.45566690045314773     
  0.81159925908109565       0.45195440920704905     
  0.81647683296809759       0.45726412739067285     
           8
   1.0125526041204542       0.50708549273819226     
   1.0055131275338509       0.51278565170434820     
   1.0016784297638388       0.51638948351226199     
  0.99314155178239349       0.51795493353089916     
  0.98581666257159040       0.51536953364603522     
  0.98602277718329556       0.49959124933965210     
   1.0032432518547971       0.49368164433932288     
   1.0127889382208772       0.49357289398825704     
           6
  0.42195657131677539       0.34642243783710480     
  0.39991343816878022       0.34794850547326284     
  0.40058842035477027       0.33049729210938605     
  0.40237013177120112       0.32438611782284388     
  0.41531000047890804       0.32297085254562846     
  0.42438506964095229       0.32487213704562479     
           8
  0.80990137509956039       0.46886268061855374     
  0.81264850861182436       0.47859317558651959     
  0.80299299970716265       0.47698876718236016     
  0.79044041760085715       0.47378381102748046     
  0.78573320945282021       0.47647029779507427     
  0.78630928511399789       0.46231257097891504     
  0.79914255337191020       0.45385152715163907     
  0.80994646925968294       0.45343877130110005     
           7
  0.88628422394710793       0.54945580403468164     
  0.87730324521247305       0.55254628299180664     
  0.86493343276093915       0.55760821361708346     
  0.86730186978948265       0.53787423976466242     
  0.86279406158067073       0.53090147392546061     
  0.87798681456604588       0.53070393009652128     
  0.88797903521150712       0.54022729248889956     
           7
  0.90138793679136864       0.54915878678019725     
  0.89495826864444161       0.54252849979108975     
  0.89030068650574989       0.54647160108866821     
  0.89581799718940336       0.53682350767790299     
  0.89789504448733148       0.52731927952456670     
  0.90297555264183160       0.52288493435284900     
  0.91598855408645230       0.53114312460404134     
           5
  0.99698047623544406       0.61892984873921508     
  0.97835163954387949       0.63003286574771977     
  0.97572326268593157       0.62345554758916111     
  0.97478055606812786       0.60273218832680064     
  0.99516941695269390       0.60768156210195468     
           4
  0.85104297302395004       0.71165067389001990     
  0.83771264538991541       0.69411202858084875     
  0.83105473515073214       0.68828105650518012     
  0.86039058375397792       0.68397247352884705     
           6
  0.80834114430792670       0.70843050616894621     
  0.80355799355845392       0.71370441042532018     
  0.79780840543620946       0.71581601893914182     
  0.78814681374791073       0.70120766500498022     
  0.79383596549656188       0.69460844815774747     
  0.81011898351983036       0.69672545643132988     
           7
  0.47008484266375095       0.38761209843155686     
  0.45620875215237633       0.38806487657269895     
  0.44817952779238079       0.38548556581487536     
  0.45233566008883069       0.37098161036623883     
  0.44589185029368972       0.36461770599908722     
  0.46643457682488842       0.36793443006753812     
  0.47191920467409676       0.37410546550010332     
           3
  0.68122863769972120       0.63726330585693447     
  0.66969078741484178       0.61609771944450498     
  0.69508783585267353       0.62058885688465437     
           7
  0.79306955217278485       0.62423752230111540     
  0.79511219512247477       0.63136207369081565     
  0.77613910748599890       0.62680726528153219     
  0.76877741070505978       0.63020282752113710     
  0.77513261577320203       0.60480060315704087     
  0.78989562062023810       0.60940742190585961     
  0.79775332324603765       0.61430484888631343     
           6
  0.73739250024555714       0.47986344055469798     
  0.73125371701622222       0.48426214840339254     
  0.72138239595968479       0.48416513175571579     
  0.71869903504951049       0.47550797142065121     
  0.71775884625037134       0.46735845743566795     
  0.73237084624257631       0.46219298766211447     
           7
  0.41918112905725319       0.30831199447070717     
  0.41516976641026454       0.31702254084666698     
  0.40988526351804150       0.31337762630562577     
  0.39427846350869439       0.31457996470996602     
  0.39865418218505116       0.30251580198743938     
  0.40732333770191426       0.29340391330251431     
  0.41574868797425124       0.29120963650384712     
           7
  0.79291483820874975       0.64648045786240216     
  0.79515929636925875       0.65479609330936217     
  0.78536946560817777       0.65612235351880743     
  0.77133893769900674       0.64859835955863809     
  0.78069087942228543       0.63422489672529347     
  0.79538453688217003       0.63329236736407468     
  0.79747136847808187       0.63951717032814948     
           8
  0.84274535505735926       0.67591750880118684     
  0.83758182859511188       0.68299040756112883     
  0.83213649663372369       0.68291643230114041     
  0.82304327760972273       0.67340174808617748     
  0.82177223120004639       0.66649424837429438     
  0.83458608728643935       0.65894730103077026     
  0.83851633060241448       0.65504827718980252     
  0.84372849841991737       0.66242604469222954     
           3
  0.57865469032742223       0.31117248760792227     
  0.56382777333727341       0.30314706825115934     
  0.58600650473692995       0.29039957381723097     
           7
  0.79901073131786415       0.62094655530238996     
  0.79016631205439869       0.62897082373310464     
  0.78226680123450409       0.63523827105709529     
  0.78122868027392478       0.61701523579618389     
  0.77723033232384220       0.60651872892077674     
  0.78949779892098781       0.60643173870072797     
  0.80060461488017653       0.61078473687142343     
           4
  0.43979063519650330       0.32209715514958864     
  0.41814692420374455       0.31476332352676595     
  0.43133935782812044       0.30493859097274356     
  0.44156275958371388       0.30357244585308313     
           3
  0.60358168437328219       0.55328211821075945     
  0.59478435305917754       0.54964894684052157     
  0.59576241644212413       0.54000767764981128     
           8
  0.95962978575954772       0.40352832152764007     
  0.96109562980312857       0.41265502217014821     
  0.93612727752359948       0.41542202669805606     
  0.93558182651178967       0.40891184109551992     
  0.93677940993977249       0.40059546126818407     
  0.93386234335574148       0.39014059894645625     
  0.94390012904129583       0.39215413168584817     
  0.96269414290030486       0.39107239714041447     
           6
  0.50320368002239213       0.28399619398308590     
  0.50598246341927477       0.29028990539296190     
  0.48045687150840216       0.29661732695006776     
  0.48088224660420553       0.27780150451195240     
  0.49270889644745708       0.27494745335202675     
  0.50508072010410299       0.27394471402545534     
           7
  0.78464599513356115       0.45775796042087491     
  0.78766728003938247       0.46496530894406973     
  0.77462291690563767       0.46498760392924943     
  0.75975828638824494       0.44771672558593484     
  0.76169364788639704       0.43634990212513936     
  0.76856191880095281       0.43827991591267856     
  0.78666599135774162       0.44117659240231011     
           4
  0.43462962565152485       0.46200049365675794     
  0.41489584190730067       0.46197340053791780     
  0.40657886485823624       0.44152219369375179     
  0.41351929097463214       0.43669623102433364     
           5
  0.50938224023813206       0.26425415745786612     
  0.49304255626048948       0.26153271062943173     
  0.49276427546371526       0.25413924324530751     
  0.50816380596029409       0.24930476698070503     
  0.51512394576762111       0.24863234457956321     
           7
  0.44272223533568289       0.25031668982289268     
  0.43176488808895203       0.25966116832439734     
  0.41884031342363121       0.25043520681290465     
  0.41947165867328656       0.24315632994908118     
  0.41689431597712223       0.23175931133441427     
  0.43200744786578976       0.23181098099995012     
  0.44002130251961663       0.24375983735326501     
           3
  0.73018308668332466       0.62526889398849883     
  0.72216649949849554       0.62688064192577730     
  0.70730917046608222       0.61335330274696420     
           3
  0.86723137802345673       0.57105628291554755     
  0.87362086258776328       0.55667001003009031     
  0.88818345829117484       0.55397439623310951     
           3
  0.70095287978634313       0.71856965231086978     
  0.70310932798395187       0.70511534603811432     
  0.71433432973884736       0.70302711356727254     
           7
  0.86822159600196114       0.50614277925257800     
  0.85837894035572604       0.51193518525036497     
  0.85103052879429986       0.50067036769017004     
  0.84959455596166356       0.48795584806729303     
  0.86277326352769534       0.48538231707787044     
  0.86771801074578403       0.48943515610909899     
  0.87299021300333279       0.49454523481384594     
           4
  0.92507795191363518       0.48505621588583508     
  0.91374838855139739       0.48462237507507738     
  0.92739508456249331       0.46560039021427801     
  0.92778335005015045       0.47743229689067201     
           4
  0.80450176573141663       0.59528528602890807     
  0.77772638231335467       0.59501875774412938     
  0.78348262307291894       0.58574549258757225     
  0.79946755904735578       0.57484385335821087     
           3
  0.80002696738192225       0.60749299772321008     
  0.81917323549716459       0.57812194386857951     
  0.81344032096288865       0.59277833500501509     
           7
   1.0059667134359025       0.64640898419544890     
   1.0013146229393683       0.65342071617629949     
  0.98741904510515022       0.65352452249542825     
  0.98030248042035129       0.64255973490749607     
  0.98051419858403688       0.63173094967925814     
  0.99402190100221210       0.62635115711014022     
   1.0069901355952422       0.62579119815319961     
           3
  0.91684572147539356       0.57698436523889784     
  0.90471414242728188       0.57071213640922769     
  0.89230622393925030       0.55993171821096654     
           3
  0.42063343051244573       0.31019403275847179     
  0.40208901104296646       0.31242691643778536     
  0.39273816490023455       0.28572753548183444     
           4
  0.87239923689946353       0.40246172692585136     
  0.85608970681587038       0.40090351606003821     
  0.86424649595041392       0.37621528225291856     
  0.87282243814695548       0.37685316893643217     
           8
  0.40424657380094031       0.31059463719874897     
  0.39262364469639832       0.31692284665363946     
  0.38422088576251856       0.31214901965444825     
  0.38345779867647184       0.30623469570219852     
  0.39202969832456130       0.29841573658952103     
  0.39705363776712133       0.29501130645211027     
  0.40551969160880919       0.29282986029470104     
  0.40322142523867804       0.30219676931969325     
           7
  0.95749895052967848       0.62233969481440066     
  0.94489364170861800       0.62525083434673157     
  0.93767866824841484       0.62594520761034733     
  0.93216442135931987       0.62760023012664790     
  0.93672765004096747       0.61424462630177057     
  0.93609361873395691       0.60612207021587472     
  0.94027329037525675       0.60058315441292931     
           3
  0.91474423269809424       0.52958876629889673     
  0.91093358837174654       0.52105497670230050     
  0.91797835391630556       0.51501693504187041     
           8
  0.88669682745806466       0.66490208050071442     
  0.89261528441459004       0.67537133292985352     
  0.86678677430235607       0.67662829047452577     
  0.87138858147168752       0.65731240273197244     
  0.86824532225483542       0.65235898703162642     
  0.88992744553257064       0.65093916583349620     
  0.88736536960769818       0.65818570816834832     
  0.89273463306909961       0.65873112397288458     
           3
  0.41486941373951347       0.12427173160316612     
  0.40020060180541622       0.12637913741223672     
  0.40720954114371533       0.11307272071689532     
           8
  0.86575425720208465       0.69854173670594655     
  0.86636000051744089       0.70711814536423656     
  0.85721458734756040       0.71267044192555118     
  0.83987661506265232       0.70684443766265703     
  0.83979027088637748       0.68332825192725566     
  0.85637972300463017       0.69012108229720392     
  0.86701871449157586       0.68393529252399432     
  0.86113331238655577       0.69364253499913286     
