   998.00000000000000     
   144.00000000000000     
         152
           8
   92.000000000000000     
   90.000000000000000     
   65.000000000000000     
   80.000000000000000     
   69.000000000000000     
   64.000000000000000     
   73.000000000000000     
   96.000000000000000     
   74.000000000000000     
   81.000000000000000     
   67.000000000000000     
   58.000000000000000     
   79.000000000000000     
   85.000000000000000     
   57.000000000000000     
   90.000000000000000     
   84.000000000000000     
   84.000000000000000     
   92.000000000000000     
   87.000000000000000     
   95.000000000000000     
   66.000000000000000     
   86.000000000000000     
   90.000000000000000     
   94.000000000000000     
   84.000000000000000     
   98.000000000000000     
   65.000000000000000     
   68.000000000000000     
   73.000000000000000     
   51.000000000000000     
   6.0000000000000000     
   7.0000000000000000     
   6.0000000000000000     
   3.0000000000000000     
   2.0000000000000000     
   3.0000000000000000     
   7.0000000000000000     
   2.0000000000000000     
   9.0000000000000000     
   1.0000000000000000     
   6.0000000000000000     
   4.0000000000000000     
   8.0000000000000000     
   2.0000000000000000     
   8.0000000000000000     
   5.0000000000000000     
   9.0000000000000000     
   2.0000000000000000     
   1.0000000000000000     
   3.0000000000000000     
   9.0000000000000000     
   8.0000000000000000     
   9.0000000000000000     
   6.0000000000000000     
   1.0000000000000000     
   4.0000000000000000     
   8.0000000000000000     
   3.0000000000000000     
   5.0000000000000000     
   3.0000000000000000     
   2.0000000000000000     
   4.0000000000000000     
   10.000000000000000     
   4.0000000000000000     
   7.0000000000000000     
   8.0000000000000000     
   9.0000000000000000     
   8.0000000000000000     
   4.0000000000000000     
   8.0000000000000000     
   5.0000000000000000     
   1.0000000000000000     
   9.0000000000000000     
   5.0000000000000000     
   6.0000000000000000     
   9.0000000000000000     
   3.0000000000000000     
   3.0000000000000000     
   8.0000000000000000     
   6.0000000000000000     
   9.0000000000000000     
   4.0000000000000000     
   3.0000000000000000     
   5.0000000000000000     
   9.0000000000000000     
   5.0000000000000000     
   2.0000000000000000     
   4.0000000000000000     
   4.0000000000000000     
   8.0000000000000000     
   10.000000000000000     
   4.0000000000000000     
   5.0000000000000000     
   2.0000000000000000     
   3.0000000000000000     
   1.0000000000000000     
   3.0000000000000000     
   1.0000000000000000     
   10.000000000000000     
   1.0000000000000000     
   7.0000000000000000     
   5.0000000000000000     
   1.0000000000000000     
   7.0000000000000000     
   8.0000000000000000     
   10.000000000000000     
   9.0000000000000000     
   1.0000000000000000     
   4.0000000000000000     
   7.0000000000000000     
   6.0000000000000000     
   2.0000000000000000     
   4.0000000000000000     
   5.0000000000000000     
   2.0000000000000000     
   1.0000000000000000     
   5.0000000000000000     
   6.0000000000000000     
   3.0000000000000000     
   2.0000000000000000     
   7.0000000000000000     
   9.0000000000000000     
   1.0000000000000000     
   1.0000000000000000     
   5.0000000000000000     
   8.0000000000000000     
   8.0000000000000000     
   2.0000000000000000     
   7.0000000000000000     
   5.0000000000000000     
   9.0000000000000000     
   5.0000000000000000     
   8.0000000000000000     
   5.0000000000000000     
   9.0000000000000000     
   1.0000000000000000     
   6.0000000000000000     
   1.0000000000000000     
   9.0000000000000000     
   9.0000000000000000     
   3.0000000000000000     
   1.0000000000000000     
   8.0000000000000000     
   2.0000000000000000     
   8.0000000000000000     
   8.0000000000000000     
   10.000000000000000     
   9.0000000000000000     
   1.0000000000000000     
   1.0000000000000000     
   8.0000000000000000     
           1
  0.50100200400801598       0.50100200400801598     
           8
  0.24699528444629873       0.45732986874515824     
  0.23398141075971240       0.45840821582185054     
  0.22849331012652851       0.45905750287128055     
  0.23097108928343887       0.45288997397716324     
  0.23235181376339592       0.43442022516164447     
  0.23509617960759668       0.43939865415813062     
  0.24471645050294530       0.43457261456508328     
  0.24931744505968023       0.44053281043599435     
           5
  0.76084886188697498       0.74617357846306720     
  0.75827852074227320       0.75956257755090695     
  0.74032217165902525       0.74608518179211414     
  0.74236101287971767       0.73852995067665728     
  0.74935005803379473       0.73832654059166369     
           6
  0.97530681856701928       0.88629535652111391     
  0.96120644918066855       0.88801928707936362     
  0.95386318158886629       0.88483501761490047     
  0.94838980609241053       0.88619428833697889     
  0.95868628633592579       0.86733136712076420     
  0.96430819779488741       0.86724263736593565     
           5
  0.96511250334290377       0.87995206276379057     
  0.94609595184632156       0.87031971228873140     
  0.94419471737162619       0.85997506871948004     
  0.96683063622179188       0.85647132050305774     
  0.96855220821371957       0.86337226339519779     
           7
  0.20012945696792961       0.34500669236576004     
  0.19194791489991730       0.34655997998282317     
  0.19546812760028806       0.33952037455549688     
  0.19408596468113740       0.33381427584376261     
  0.19585880343602163       0.32493209728930789     
  0.20539606056499854       0.32328755908011714     
  0.21243618404902598       0.33155352171411018     
           3
  0.73000330551223347       0.79450178073508815     
  0.71550198686084965       0.80266538853404223     
  0.71206507537720098       0.78393518291346487     
           8
  0.70953747574339510       0.74848430149171652     
  0.70487030462058642       0.75449355539401797     
  0.69677505217785751       0.75308372695232917     
  0.68768976099902368       0.75572189580764138     
  0.68719799578395313       0.74388972436970924     
  0.68621063189510267       0.73805490406831786     
  0.69385697102026533       0.73493772218056641     
  0.70596523858990257       0.73115304205773657     
           7
  0.74967625360175716       0.61324297208010015     
  0.74135771997210043       0.61561605009311549     
  0.73500664034818552       0.61708643419716158     
  0.73212977668266344       0.60619562610118027     
  0.73188288405353008       0.59701385123485706     
  0.74898668000204593       0.59460329190761152     
  0.75308993026661719       0.59791891844464440     
           6
  0.22805563099880721       0.42210923810860274     
  0.22140139797187230       0.42850509019621902     
  0.20568186854076448       0.41713794874143023     
  0.21022157777116265       0.40759670983840290     
  0.22222921147955013       0.41246696120545090     
  0.22778769938657567       0.41577861443374592     
           3
  0.93595326088426711       0.87738400053524424     
  0.91429937873876899       0.87944704759587489     
  0.92277015221800873       0.85833727755377076     
           3
  0.69740734083696343       0.74508961716327460     
  0.70530067625622606       0.72547701953452615     
  0.71345348133316877       0.73449190164421130     
           6
  0.85806283971230568       0.86793301825358737     
  0.84215327168731480       0.87066729052126846     
  0.83363002087988214       0.85979472438228310     
  0.83242080553538900       0.85435281654669526     
  0.84342920938710009       0.84589334027608198     
  0.85448595697912766       0.85478196415099994     
           3
  0.23346693386773548       0.68336673346693388     
  0.22667294484314521       0.67153999977863654     
  0.23614180073977606       0.67189443300647567     
           4
  0.25965521461133295       0.47282139937082462     
  0.24803938056957386       0.47225109658620701     
  0.26272403859884080       0.44707030256264280     
  0.27286438436164634       0.46374547113414816     
           3
  0.21989177231910537       0.31382016263681484     
  0.21842947057120474       0.30477566651435434     
  0.22645290581162325       0.30561122244488975     
           3
  0.72854371885041580       0.73098599399381092     
  0.72310185034086527       0.71349343959647826     
  0.74267755860162310       0.71598924384261042     
           5
  0.75751595383034942       0.86644950607019366     
  0.73923728057758509       0.86472835821213256     
  0.73567821377784381       0.84939533266045908     
  0.74176198925688219       0.85214016871893827     
  0.75557701439373859       0.85304578473123771     
           7
  0.96435675490408435       0.79442252390981261     
  0.95970865870970823       0.79199024755729741     
  0.93793252108163594       0.79576697663208829     
  0.94243605324327917       0.78142647260460085     
  0.95393552784799196       0.77312734378243564     
  0.96281866494907087       0.77290206512647852     
  0.96146351218659942       0.78244386649398556     
           3
  0.91331116124209011       0.89013570997224456     
  0.90581162324649300       0.89278557114228452     
  0.90563151006490750       0.88176698759824612     
           3
  0.89131568398159866       0.79859418462577458     
  0.87272063555454593       0.79893609666037901     
  0.87485853694381599       0.78369636901689144     
           4
  0.59886225481105160       0.66959273645497897     
  0.58630188159446139       0.67003590164654414     
  0.59138439051113423       0.65263958525111299     
  0.60481142062225812       0.65835087681286175     
           4
  0.99311596532534996       0.92748737856598218     
  0.97353928079571483       0.93600291100017430     
  0.97458295023650832       0.92848307324172785     
  0.99303692232684548       0.91514711238884117     
           6
  0.24915458838864385       0.45124514345728611     
  0.23517164426432910       0.45233233852210569     
  0.23804594338702428       0.44754036302770173     
  0.24145783422843808       0.42962146243165733     
  0.24906659122171118       0.42550960701723939     
  0.25647702144166934       0.43329717212235058     
           7
  0.19451502326953096       0.51395126579282069     
  0.18522069386242115       0.51297835784886525     
  0.17124904066478150       0.51189574362898782     
  0.17445237823946180       0.49851651487806975     
  0.17837061581602867       0.49072600443151537     
  0.18864043817733575       0.48995534787172096     
  0.19623637878949840       0.48979447674856641     
           7
  0.55913628052234665       0.97613984764883743     
  0.55258769565625165       0.97589763835493915     
  0.54477635091351617       0.97513366358255982     
  0.54003186418839377       0.97041551138513404     
  0.55438294148067913       0.95973824978795652     
  0.55952357076930970       0.95948895532109169     
  0.55537360862898566       0.96625197636097637     
           5
  0.75329261087114041       0.78476378328948182     
  0.74438311882602282       0.78075332071606629     
  0.73302604322800446       0.76943763729177939     
  0.74396920176186732       0.76117961201832141     
  0.75546633539482921       0.76837474638199144     
           7
  0.11902885303997270       0.70456785057460791     
  0.11014933186588310       0.71072703873540699     
  0.10302598065885794       0.70204660847273548     
  0.10304669512553886       0.69374130985496407     
  0.12074405163467360       0.68660956938271556     
  0.12155683870178256       0.69221693076965618     
  0.12388850160939016       0.69802749300919620     
           8
  0.20381003975326117       0.44261197972546673     
  0.20114290201094098       0.44689033704933789     
  0.20374386427248389       0.45459967007671032     
  0.17977651157194061       0.45499665969497310     
  0.18392316985270366       0.44754464641678393     
  0.18876741687755053       0.42892591856966128     
  0.19317411813343821       0.43231764361922442     
  0.20335755468665684       0.43289355871456403     
           5
  0.22642553649090005       0.39634876119549856     
  0.20346946397481142       0.39324943580573607     
  0.20675306263369872       0.38526335193197758     
  0.20209334090935699       0.37937720735968400     
  0.22335783767494738       0.38617164092737510     
           4
  0.23246492985971945       0.51703406813627251     
  0.22113631194142039       0.51787532898379329     
  0.22308035215659910       0.50732988490579545     
  0.23559359131710372       0.50986978243708836     
           3
  0.91157869181844287       0.96721604489078139     
  0.90881763527054105       0.95591182364729455     
  0.92172082403033617       0.95907708787778811     
           6
  0.14264125459031579       0.53562244259027292     
  0.13055245773758717       0.53761760937363878     
  0.12097698877493161       0.52768407608754042     
  0.12551028749096327       0.52007927303365498     
  0.14662735938228511       0.51685773793529366     
  0.14063540052218010       0.52178350498827064     
           5
  0.75693787742927032       0.69093311246096778     
  0.74153042716037920       0.68755829933117363     
  0.73950627187805940       0.66774521965797196     
  0.75071282483366664       0.67181972064847117     
  0.75828263739259705       0.67123646207960153     
           3
  0.39255278203968552       0.56444844128059390     
  0.38991542125783185       0.54821790683029448     
  0.40682488413257623       0.54257041314562371     
           8
  0.11235414784579190       0.49389290739087838     
  0.11585389587642811       0.49935693785895291     
   9.7350341109611202E-002  0.50194148617305900     
   9.3710084262944096E-002  0.49302172703166613     
   8.9872574907727931E-002  0.48663706862815981     
   9.6818723245794339E-002  0.47837355209922666     
  0.10601024679418219       0.47891611771896991     
  0.11182963476688740       0.48005714253185344     
           5
  0.67620236638721876       0.73486183108109726     
  0.67338037381812244       0.74134644645281944     
  0.65479920536273595       0.72819365296470706     
  0.66751574494221633       0.72016772949129637     
  0.67743335122149029       0.72231072579853328     
           5
  0.79835883625664383       0.69620274334248933     
  0.77812270234433467       0.69882553271667003     
  0.77655675485868247       0.67523484741939488     
  0.79081572737943351       0.67946348964784686     
  0.79649182280169539       0.68520153692170593     
           5
  0.76732120818988814       0.82677238162313105     
  0.75189303884499803       0.83162539830323534     
  0.74822629093257653       0.81618210025731097     
  0.74650144511187999       0.80909689265073614     
  0.75606007700191957       0.81024462349783499     
           8
  0.29367008999783689       0.46375118609639499     
  0.29256927728389570       0.47054610162510302     
  0.28654896326556112       0.46503801524437138     
  0.27575057227667454       0.46606976346936374     
  0.27242537069224648       0.46032267032590762     
  0.28095050817908956       0.44806568191031632     
  0.29307689303707696       0.44716390237002018     
  0.28979492338267793       0.45510917697640552     
           4
  0.24854581311310037       0.42932010665749998     
  0.24730472231716108       0.43653724040228054     
  0.22880251168365731       0.43429314960842907     
  0.24121145203882641       0.41131075108102921     
           5
  0.29564127450215383       0.46031208942681617     
  0.27476575209553994       0.46517163413974405     
  0.28427268996054883       0.44750200505335175     
  0.29241650126212576       0.44245594309951752     
  0.29632907082034049       0.44908099901573750     
           6
  0.59570919119822097       0.73666468290113607     
  0.58641985114165052       0.73728932636586653     
  0.59196796556780873       0.73077081286925416     
  0.58685459482830260       0.72302325153723290     
  0.60295012610780074       0.71995179976603352     
  0.59919839679358722       0.72945891783567129     
           8
   1.0043721233846350       0.83092781498563395     
   1.0085880501262452       0.83605233968739878     
  0.99780421237589156       0.83490497861996471     
  0.99231432788556317       0.83299246634429758     
  0.98430066392125226       0.83186580958006207     
  0.98912279301230777       0.82538379632796166     
  0.99692039898683393       0.81459619542057438     
   1.0046059609951130       0.81263030522492252     
           3
  0.85470941883767537       0.71142284569138281     
  0.84524668956027904       0.70436056329332186     
  0.86700146615309714       0.69802225482557456     
           8
  0.75532706441581032       0.47689432238370155     
  0.74626669048237682       0.48702431915503580     
  0.74542294180899882       0.48201550753880329     
  0.73810116612643861       0.48359241658279956     
  0.73694063885491645       0.47386632011255603     
  0.73652401342699736       0.46361211704459915     
  0.74885585176620106       0.46091154587580740     
  0.75306510125310500       0.46348940153676532     
           7
  0.89932863889237680       0.91905580637001161     
  0.89102948286119021       0.91807432944850309     
  0.87701441936185209       0.90030145483063029     
  0.88786339607099840       0.89945978825387085     
  0.89380989225714180       0.89818851557973045     
  0.90169934452388412       0.89557023664667057     
  0.89620514318379163       0.90336289349046828     
           4
  0.29942464650490486       0.43470514465189991     
  0.27679182331612961       0.43539869845517370     
  0.28076308401010786       0.41392462818031256     
  0.29766774855926253       0.40989013941544766     
           8
  0.86577978787446563       0.63227323842653582     
  0.87181818809059819       0.64014168647797209     
  0.86108349086693614       0.64231452645948883     
  0.84509844598724182       0.63780573601083723     
  0.84574528711036667       0.62372787474151659     
  0.85474770100205388       0.62656501360621841     
  0.85928770245810693       0.62193521128431484     
  0.86383792316801244       0.62454348225159562     
           6
  0.28540791346966782       0.49519993416398578     
  0.27522781302846810       0.49585507836702486     
  0.26028673655682855       0.48885119291987850     
  0.25913567105328478       0.47363210465332323     
  0.26466818132917092       0.47904951455099992     
  0.28086709150393541       0.48603943030438129     
           6
  0.94725987068715278       0.63848221177171638     
  0.94226746571495013       0.63476421157547025     
  0.93366028501046183       0.63909522611861880     
  0.92248442406070841       0.62989100117947516     
  0.94050756652871148       0.61434633104086356     
  0.94465666069997933       0.62041484177376138     
           6
  0.94822834487942820       0.89782725530249807     
  0.94421527144017814       0.90204170833916297     
  0.92969652590222718       0.89150651062189334     
  0.93198159477174392       0.88195673032061184     
  0.94530556594577364       0.88298419135635453     
  0.95290999731753334       0.88843007827190390     
           4
  0.81984950479923402       0.74313330649081311     
  0.81019793828166264       0.74294408972173342     
  0.80383183634130562       0.73870979069817178     
  0.82114512497642445       0.72012890157256426     
           6
  0.64330189349040157       0.73659862046628000     
  0.62640678714739417       0.73676095373916439     
  0.61903866385288642       0.72711920443055467     
  0.62611509911011498       0.71502892211337410     
  0.63515791007357014       0.71133245363759878     
  0.64120792056167664       0.72239832884120103     
           7
  0.83732415133838300       0.70475677312836738     
  0.82732341872833937       0.70390340837061882     
  0.81243024288961352       0.70680031695149947     
  0.81181159250868484       0.70112920367851550     
  0.81308016003664663       0.68958221410418707     
  0.82538913550731963       0.68649823936497412     
  0.83496955274523454       0.69733897183004390     
           6
  0.77259906979546389       0.78216321479428574     
  0.76715647935945952       0.77995673018760137     
  0.75917032028103859       0.77497339964744560     
  0.76257473574071077       0.76851319662843065     
  0.76237833460256588       0.75793779204717826     
  0.78404299627026697       0.77252924844044157     
           5
  0.98797873079047172       0.85217288814501413     
  0.97233018641450975       0.85481359734742568     
  0.96960002954002855       0.84186993311204394     
  0.97112809416451917       0.83199210030594561     
  0.98875745472932008       0.83367100689260965     
           3
  0.65369757122007455       0.73929681640557865     
  0.62716277541011412       0.74695110873660508     
  0.63294343548427767       0.72784055990294072     
           4
  0.73862455218525069       0.77578359656674445     
  0.72661242806903870       0.77770152399945081     
  0.72845691382765532       0.76653306613226457     
  0.73600389246921105       0.76605299823560646     
           5
  0.96271720176116049       0.90214652623325042     
  0.94803125959632384       0.90574485373549862     
  0.94111234697785096       0.90562781854178764     
  0.93999597925841605       0.89776514605520130     
  0.96118283387513259       0.88834390548619035     
           5
  0.21993961977058765       0.44372397454711182     
  0.21152466757123070       0.44333992601690980     
  0.19918727686797558       0.43498037767963926     
  0.20940571414347270       0.42058470266915482     
  0.21661052741102746       0.42742359916122152     
           6
  0.21867175361812846       0.53672798950942890     
  0.21640927087930681       0.54201004057826208     
  0.20578229211529214       0.54492084353333170     
  0.19870254787845681       0.52881659330107422     
  0.20420175366109386       0.52287513919811113     
  0.20970145470920590       0.52525761193331855     
           4
  0.17416942882189768       0.58667126605453901     
  0.15422090316416065       0.59729615449921813     
  0.15181322365198691       0.57517095360093939     
  0.17101707853994491       0.57957031721836172     
           8
  0.76709802084918577       0.70187204054784347     
  0.76241428690179880       0.70370477878206172     
  0.75794429985001954       0.70602870255534533     
  0.75377743466382141       0.70289710860698140     
  0.74521499783504819       0.69149278664384350     
  0.74224872150784438       0.68591519726331018     
  0.75218244272898938       0.68470714457778969     
  0.76375389235799751       0.67963479020576245     
           4
  0.66872068694510922       0.77823611025605532     
  0.66105622736508418       0.77841717199242955     
  0.65239159586549689       0.77685474287199674     
  0.67239996071115615       0.75742604086750065     
           7
  0.35734898234619572       0.31030602785688088     
  0.35341768433725929       0.31794575308311573     
  0.33625634061921150       0.31283301945095104     
  0.34307176641287468       0.30107471528365709     
  0.34186910551859850       0.29611550143590953     
  0.35143937810721815       0.30097203940514955     
  0.35598429811417504       0.29674985901920370     
           5
  0.25028924494553700       0.46840018783078130     
  0.24225251366837378       0.46345403178515526     
  0.24617358799289435       0.44850176879236248     
  0.25303022508605355       0.44389458270855542     
  0.26428384888241813       0.44392356095464963     
           5
  0.13501676247865077       0.49330911755348622     
  0.11916914324089052       0.49527612413617578     
  0.12020785820108233       0.48674479401142773     
  0.12879658772894870       0.47391921870326686     
  0.14222005329229576       0.47456013118366475     
           4
  0.77647640083288805       0.72841960647988713     
  0.75553066571918015       0.73225215424261758     
  0.76863651336715388       0.71406937719997088     
  0.77659644500472080       0.71695991253684321     
           6
  0.71842142528764497       0.76711583005161132     
  0.71222056368256992       0.77070758822869667     
  0.70674551679122199       0.77139521269976097     
  0.70115737397489586       0.76322427748966493     
  0.70586043526514164       0.75719233826056953     
  0.71219636666545372       0.74790114938228369     
           4
  0.96738136106954420       0.94395259111431673     
  0.95509276430035583       0.93308806158303792     
  0.95875334361738151       0.92711423991689756     
  0.96948323808489067       0.92647994037781300     
           4
  0.69001242143721186       0.74853918455044488     
  0.68180102853196289       0.74194022936352211     
  0.68255718284939093       0.72798354872467286     
  0.70224679687059610       0.72552932968182826     
           8
  0.89370096925083187       0.81048454600629383     
  0.88372992629234448       0.81507437632237401     
  0.87846194604137251       0.81365608745831686     
  0.87854947547105633       0.80411087625523914     
  0.88365727519217974       0.80048479473410050     
  0.88514145420618406       0.79334767443440546     
  0.89391038122968103       0.79295776098753246     
  0.89929114462318405       0.79797767494421545     
           4
  0.82275122000611689       0.68610976614877894     
  0.80058312881637461       0.68300003267634357     
  0.79683621729213872       0.66380180825547941     
  0.81826753671698238       0.67759693030607560     
           3
  0.39378757515030061       0.48496993987975950     
  0.38391604761600651       0.48952676696101899     
  0.38450414036355440       0.47516651463608661     
           3
  0.72845691382765532       0.80961923847695394     
  0.73025203096711644       0.81871654154419449     
  0.72242144772261563       0.79622543232297216     
           8
  0.96636476237594249       0.75828263515490379     
  0.95842833220812651       0.76650847409692935     
  0.94618628640991087       0.77028045805119483     
  0.94347396027997144       0.75540375260809123     
  0.94336900289119219       0.74623213231195007     
  0.94910829357008231       0.74473283736510554     
  0.95241388466418264       0.74992027199266853     
  0.96126404526137854       0.74384864661207584     
           4
  0.84377341087420155       0.65492637448656932     
  0.84654300710375918       0.64524008694677604     
  0.85072043028399535       0.63388347277851875     
  0.86434665156239610       0.64222321313980579     
           3
  0.25891869807529544       0.54988346704781277     
  0.24949899799599198       0.55310621242484970     
  0.25952992862889429       0.54052749319614335     
           5
  0.19556013863534766       0.48310943272816098     
  0.18665448183648678       0.48871897858709934     
  0.17520913013757083       0.47439920327559726     
  0.17502756099316918       0.46632972822042212     
  0.19556596963969555       0.47143317199557161     
           8
  0.20104849475425154       0.51892411619028478     
  0.18957932282762277       0.51555008923649648     
  0.18420401671343073       0.51999220555532433     
  0.17625897183239092       0.52052799785247006     
  0.17608228921626271       0.51232794038382035     
  0.17943453656786293       0.50650195145913590     
  0.17516141679545325       0.49981622767367018     
  0.18872347445186050       0.49911799356122338     
           8
  0.91039349928508717       0.77013445390704360     
  0.90866125003142184       0.77571718690343550     
  0.90799433802243201       0.78149752186107668     
  0.89214299940977515       0.77579196996001631     
  0.89339236302500902       0.77051867159027898     
  0.89408372114581081       0.76431182232788464     
  0.89121516811897372       0.75600048010256804     
  0.90579532323055667       0.75670584918393768     
           7
  0.67568537988358623       0.77180950852587127     
  0.67229729356500678       0.77851870887034147     
  0.65889194567305576       0.78076713482354720     
  0.65624521786322265       0.77162188733414805     
  0.65464435511281405       0.76443907671636147     
  0.66208690824458538       0.76372666662720823     
  0.67360639022616653       0.76265766840935534     
           7
  0.56542123284612944       0.54404118832002402     
  0.55657872342316950       0.54160866057453827     
  0.54796409777631383       0.53049047955789241     
  0.54578564230479487       0.52220545168652588     
  0.55241899716403431       0.52136357526449906     
  0.55785151897257013       0.51886356421766633     
  0.57172852922216888       0.51961243742142360     
           3
  0.71369387258987615       0.75166502063909824     
  0.70748752668799175       0.74534066544521849     
  0.71543086172344694       0.74348697394789576     
           3
  0.98096192384769543       0.68436873747494986     
  0.96836544247795342       0.68117091424629983     
  0.97734282768344349       0.67464323972374918     
           6
  0.20914920175598833       0.42790199006626140     
  0.19238628781910316       0.42884358918568161     
  0.18857793865674494       0.41900351351233911     
  0.18761474817661999       0.40815885813459302     
  0.20915772345291933       0.40660922417453227     
  0.20879454511029161       0.41721657713915467     
           6
  0.30465417527162025       0.40336709551871508     
  0.28155111491100548       0.39759696034343073     
  0.28330939526900639       0.39080719468699632     
  0.28187795489705236       0.37947957776390584     
  0.30489743321728741       0.37888023307097896     
  0.30822268924529445       0.38554235944648435     
           4
  0.35730246877543603       0.48008840825381666     
  0.34264073795362909       0.47931446253065252     
  0.33208387263676875       0.48158400062870776     
  0.33246589378206315       0.45863377966099106     
           7
  0.25317205936313497       0.45297964129245949     
  0.25052796790445153       0.46072405987399101     
  0.23484658747473999       0.45987896774401410     
  0.23333500306461283       0.44512539863564865     
  0.23072917372075585       0.43787347626105927     
  0.23808213313785520       0.43943132728171164     
  0.24771931675736897       0.44466256571394230     
           8
  0.74026844892879995       0.64755969790246326     
  0.73667893980523735       0.64155280222174271     
  0.72780402422084978       0.64285967339946581     
  0.72591754773544548       0.63377716652961313     
  0.72946894406820983       0.62987060440665021     
  0.72650418338946832       0.62234703103216449     
  0.74149372252438284       0.62127826708513412     
  0.74335745955861909       0.63205164599924391     
           3
  0.94722018244900752       0.96084484614385113     
  0.94205062972813935       0.94110930592493947     
  0.95521010722533262       0.94685979825529265     
           6
  0.16622777024206564       0.43234289491697930     
  0.15483877249931588       0.43290147902765647     
  0.14567295467060914       0.42568314085914094     
  0.14898865194343644       0.40878870743825918     
  0.16585465695495993       0.41307107454959824     
  0.16895479117150436       0.42000021852617153     
           5
  0.77612264132939790       0.76381639131610990     
  0.76150420438889699       0.75035654075396951     
  0.75970417396468837       0.74094013620225685     
  0.78030266295201589       0.74129282285607778     
  0.77682313104545087       0.74656733723030200     
           3
  0.80994108868767123       0.94741309663603612     
  0.80676705318601993       0.93230200045152456     
  0.81462925851703405       0.93787575150300606     
           3
  0.53972179097980577       0.72877676220913989     
  0.53507014028056110       0.72144288577154314     
  0.54443426157352104       0.71637006018221061     
           4
  0.99896553080844752       0.92001516621577950     
  0.98491100111528929       0.92442116460812684     
  0.97838152420894475       0.91629258241666123     
  0.98595081583833033       0.90695406098794684     
           6
  0.97305836787380817       0.81154803050466406     
  0.96395638277934892       0.80780643646078365     
  0.95221290796278202       0.80069767222585997     
  0.95653738543322564       0.79312862040869303     
  0.95961385135079702       0.78613749137045019     
  0.97656157655742715       0.79291679254709913     
           6
  0.91844606465275436       0.58558837103395878     
  0.90071108917549048       0.59110633130166490     
  0.89444316707504301       0.59181133952833731     
  0.89597386224115494       0.57130604435011034     
  0.90795493523329007       0.56848214089310800     
  0.91907181685637440       0.57352237977164278     
           7
  0.18895761814800249       0.41071790656900981     
  0.18047727558411403       0.40809750943087875     
  0.17094333067786519       0.41057159962673045     
  0.16645132640780852       0.39930547593447874     
  0.16429877642713309       0.38770222944225818     
  0.18059035884304378       0.38932370313483117     
  0.18523216252670177       0.39567570265604712     
           6
  0.98436828213160554       0.94904904483628527     
  0.96938208383294167       0.95142826824488813     
  0.96628433986060869       0.92983298332508690     
  0.97257525417139157       0.93168522638005979     
  0.98743745605700484       0.92917935417040520     
  0.98417334421571867       0.93564652904466539     
           4
  0.18481784459382417       0.56990848957445817     
  0.17135391901151292       0.57474323090873936     
  0.17585719561775429       0.55610760724254027     
  0.18574983039957191       0.54984696132724065     
           8
  0.37136104653442986       0.40506708439384542     
  0.36595285598780142       0.40521029879017356     
  0.34790287169898804       0.40833628979966985     
  0.34769523492044785       0.40085989100751729     
  0.35122020531801512       0.39152443925691871     
  0.35876544832223450       0.38929299018805275     
  0.36545618497725280       0.39318488585690697     
  0.37025094354212307       0.39281772994096459     
           4
  0.85836445460310462       0.77880076070057658     
  0.84950113281972073       0.78302823143446576     
  0.86072144288577157       0.77154308617234468     
  0.87085080583685059       0.76814707642899016     
           6
  0.67239889080727178       0.76596754373483011     
  0.66475446059094501       0.77374826872692126     
  0.66008021401176542       0.77051827821132368     
  0.65775915697892307       0.75102423923888317     
  0.66724110650522772       0.75208740477975478     
  0.67132336002388637       0.75896406288621343     
           7
  0.30371706179531532       0.47719898524478288     
  0.31140787570650580       0.48124336417606961     
  0.29532191994682594       0.48073365132364182     
  0.28662950950483368       0.47842182813374784     
  0.28908931215550027       0.47173752352027110     
  0.28566282421680728       0.46367891175941939     
  0.29838622936908638       0.46136471950774782     
           5
   2.2095637598824967E-002  0.44135312739661076     
   2.7470181222010906E-002  0.45151531244014287     
   9.4463576427357074E-004  0.45012334837441859     
   3.6699946834426473E-003  0.43726675308380597     
   1.7210223541810520E-002  0.42614525044704132     
           3
  0.28444092109856323       0.56452192741629692     
  0.27555110220440882       0.56212424849699394     
  0.26669378939412047       0.55766659140210084     
           8
  0.86650748670812328       0.92530508078481366     
  0.86184368896769159       0.93317179689458196     
  0.85599988561621732       0.93297381663728252     
  0.84670338576935489       0.92294181547358745     
  0.84844981596655411       0.90892281113502871     
  0.85344545510951519       0.91215854386495343     
  0.86232186192957827       0.90849538298509824     
  0.86575509065751066       0.92016848868419532     
           8
  0.22861926978101746       0.45929930225766191     
  0.23064909942748174       0.46480346930081157     
  0.22411524844432779       0.46541824127898801     
  0.20793175347610141       0.44331682479363815     
  0.21274776524882799       0.44369899319451339     
  0.23067701479803904       0.44042632362445289     
  0.22826127598907808       0.44736544783428811     
  0.23091423355395602       0.45153623755472327     
           6
  0.28390980961656387       0.46862010917695363     
  0.27636310326240443       0.47367652350583050     
  0.26173511774297442       0.46425063309255743     
  0.27055578118190593       0.45597104739572858     
  0.27673387689288320       0.45362573494405090     
  0.28290093204870048       0.45765822583130444     
           8
  0.30725940555735365       0.30536026724874016     
  0.29938953151571296       0.30799592304258339     
  0.29404633442153899       0.30370458476834999     
  0.28169826072362714       0.30773235914860064     
  0.28340598117865645       0.30118642300603538     
  0.29040400619076795       0.28739056069385871     
  0.30591379316386269       0.28331063615761687     
  0.30558485236302485       0.29353911224684970     
           8
  0.76258659646257310       0.77741420699471864     
  0.76818130201567392       0.78620710837079755     
  0.75909908599251119       0.78569044318569303     
  0.74571967474579703       0.78514426240505220     
  0.74651690983347430       0.77614489480014948     
  0.74805478632982136       0.76665826607550469     
  0.76185007044710340       0.76481041852237075     
  0.76921657822033573       0.77471958945600938     
           4
  0.24021854565315690       0.47347921878704996     
  0.21601609807084590       0.47104275959973430     
  0.22680554999607777       0.45686960703902063     
  0.24117848485314350       0.45709909658150027     
           5
  0.96075303777643040       0.77831332243056583     
  0.93996383543447426       0.78072134564975237     
  0.93442704777531138       0.78567241812676203     
  0.93677857463466474       0.76888307723322435     
  0.94880218294970353       0.76804366557058867     
           8
  0.72166059091358514       0.80799193734435160     
  0.72572651516346920       0.81461745217499837     
  0.71664759311728532       0.81462368267059848     
  0.70468387376058872       0.80749577222241531     
  0.69978606250227104       0.80328403458478881     
  0.70068918980204742       0.79174837510995455     
  0.72518353393901303       0.79200192974857053     
  0.72367967646958464       0.79743710215756047     
           8
  0.87304521532685131       0.88471076657852621     
  0.86227149537428127       0.88909630664693140     
  0.85626476167086907       0.89247667155344002     
  0.84954132969313489       0.88746424103522903     
  0.84620454581184590       0.87898989846273534     
  0.85207577451613026       0.87399449246699579     
  0.85706134554235047       0.87253231334482972     
  0.86953374969480290       0.87424542308853737     
           6
  0.67614605070901157       0.35304493034129036     
  0.67862776024799176       0.35809635749022090     
  0.66754388351248550       0.35937951010059133     
  0.66156929262650077       0.35459445347342766     
  0.66295515186118981       0.34016606433267765     
  0.67440292684840308       0.34037507065323691     
           5
  0.99203695482131404       0.80793845254874275     
  0.98585892698605582       0.81142455220998277     
  0.97820933767881935       0.81475489938933943     
  0.97934517656204956       0.79341608166087541     
  0.99013718590545619       0.79480596866064945     
           4
  0.93334190882301860       0.97996430299666715     
  0.91542105325049450       0.98721710023513753     
  0.91228101423989971       0.96767578749703331     
  0.93356140556833356       0.96741526175649561     
           3
  0.27503687894640289       0.55418834799375138     
  0.25683966370665062       0.55055763973878169     
  0.25999884190799821       0.53531799133470570     
           5
  0.76116784075178134       0.77304323713336753     
  0.75132241530732091       0.77758607265605351     
  0.75347862355431672       0.76841533808952645     
  0.74920031389411357       0.75676163326531709     
  0.76152304609218435       0.76553106212424848     
           6
  0.95210270617104487       0.90700994596644557     
  0.94111492001587271       0.90553770784402932     
  0.93101419812131447       0.89675318805948923     
  0.93689648432415207       0.88566474633713765     
  0.94752695488277450       0.88660155995023493     
  0.95550297061425582       0.88562258468819810     
           4
  0.23161341119763088       0.47909820650943891     
  0.21275218981107627       0.47524768359389319     
  0.21200295345434683       0.46837709118395532     
  0.22908976767937736       0.45474958225873141     
           8
  0.67978261424066588       0.76454975874526998     
  0.67511498514827673       0.76286191790856039     
  0.67792631204915554       0.76905583071774852     
  0.65619174209364051       0.75855375221446564     
  0.65792225950778338       0.75128348006825063     
  0.66711332747424301       0.74416908022065098     
  0.67781554731549176       0.74453862805343807     
  0.67670815649187033       0.75045320499323009     
           6
  0.10211510845054375       0.21594557834261097     
   9.4809894341278803E-002  0.22167797274119588     
   8.3606132653318399E-002  0.20967733168744154     
   8.2866452766261950E-002  0.19890539886067354     
   9.6861048391048823E-002  0.20170855831816237     
  0.10043433800123201       0.20930896964959445     
           8
  0.92822308373029061       0.95020141310419381     
  0.92182628597915794       0.95103288870865021     
  0.91496939040668046       0.95129581289057985     
  0.91213474603849365       0.93707805486137330     
  0.92706543770387795       0.93406142778698298     
  0.93196447584518372       0.93147390010419684     
  0.93512155900296401       0.93586182986778099     
  0.93004156231782753       0.94064224629066884     
           7
  0.95144314156452070       0.81718039630954165     
  0.94474317354358361       0.82265385985546291     
  0.92809776022661516       0.82422526338191138     
  0.93013773078129391       0.80823126087360830     
  0.93861623711290632       0.80740958985036970     
  0.94184622741144464       0.80327088775045952     
  0.94937554001250013       0.80749202972472811     
           3
  0.79641563256436343       0.66868368663862721     
  0.79339207928102129       0.66013436500500744     
  0.81851379655659651       0.64814549505139785     
           6
  0.29221012611208874       0.49452986993417419     
  0.26791833656558589       0.49859484217474948     
  0.26981028360922299       0.48994307045536389     
  0.26981313811773444       0.48307981960372692     
  0.28649415750982465       0.47671099120707550     
  0.28765282019091210       0.48251840394175105     
           8
  0.68220162406722007       0.65548504745368974     
  0.67482113998629822       0.65745146249872199     
  0.67122892200101247       0.66075570324139865     
  0.66615332910427272       0.65729212814262261     
  0.66054895248695811       0.65047457673833575     
  0.65880905896664987       0.63725807107326327     
  0.67069416941789983       0.63934151736663447     
  0.67642875003772507       0.64093872282110542     
           5
  0.32064438649972138       0.31350009409426810     
  0.32047193030900778       0.32149459316545193     
  0.31125251456433461       0.31829917550995368     
  0.29550635025930400       0.29799151126400802     
  0.31635486637800142       0.30536857646947785     
           4
   1.0135724327006546       0.88691373152564923     
  0.98920805815492707       0.87750008067755680     
   1.0033455352453848       0.86879711590599829     
   1.0118417815524483       0.86451684756653913     
           7
  0.91069655376706782       0.91194890696010467     
  0.91162716751546224       0.92366618617969320     
  0.90129343370399206       0.91963712022001576     
  0.89458449780158666       0.91148483843473371     
  0.88911698391483962       0.90168223272469705     
  0.89574226465341866       0.90223604887254971     
  0.91091647293531131       0.90649952787967003     
           7
  0.76347718282364618       0.90482530714900744     
  0.76716612709210619       0.90944993330892598     
  0.74669785643320286       0.90411767633529849     
  0.74394516951870260       0.89638445732401439     
  0.75363378793060543       0.88865664497892050     
  0.76239496749491587       0.89515262349422264     
  0.76695500068955125       0.89816239910466866     
           6
  0.88328216774585788       0.71205780654136974     
  0.87972452269728074       0.72062015280534319     
  0.87213666230897513       0.71948790778566307     
  0.86757816751572370       0.71491455653480884     
  0.86560166490799129       0.70083483529713964     
  0.87527414219045729       0.69601793752666696     
           7
  0.21970701397637504       0.47402552745392140     
  0.21417346463763376       0.47856407585119876     
  0.20371436807591065       0.47886381943141620     
  0.19968291069734795       0.47571376916084818     
  0.20102310236686710       0.46149626786171738     
  0.20131478416049953       0.45570387481323610     
  0.20706075674171853       0.45682936150017839     
           7
  0.99672891722585755       0.97531244996293187     
  0.98986420301151246       0.98126489878323864     
  0.98550931871282677       0.97133716696865569     
  0.98039457928677043       0.96800557849101987     
  0.98226225169544035       0.96266233240528576     
  0.98892297519117223       0.95567383858182320     
   1.0039243069023338       0.96086648970609578     
           3
  0.76753507014028055       0.73046092184368738     
  0.75483738731199512       0.72637842238973738     
  0.77161632515352840       0.72055571167331234     
           6
  0.35207922253837903       0.46509072490153486     
  0.34026638718951852       0.47127746558635569     
  0.33409120699348338       0.46778486226677429     
  0.33263351171629019       0.45390285621869825     
  0.33802182901592770       0.44878383206765377     
  0.34488370884443503       0.45003283587518217     
           5
  0.90336640418743530       0.97232509619333451     
  0.89347981891206862       0.97058184622127441     
  0.88648585193842999       0.97032269804118154     
  0.88656831709381234       0.95792069176017181     
  0.90127526679368575       0.95094266549362949     
           4
  0.23202062332930365       0.37288610800350364     
  0.22276741611246428       0.37756665938917205     
  0.21256095175118550       0.37383520205277043     
  0.23056117079111396       0.35688930408960778     
           5
  0.81963927855711427       0.68036072144288573     
  0.80800516239528153       0.67413720346217298     
  0.81417193621671335       0.67344130733371965     
  0.81529563880391542       0.66748366387585123     
  0.82555103207183933       0.67097862414019416     
           5
  0.70841683366733466       0.70440881763527052     
  0.69903477765698230       0.70966723705550772     
  0.69574781374905759       0.71593255575951409     
  0.69798478843260858       0.69322893528465312     
  0.70573574311646226       0.69353823539838455     
           4
  0.27727281639227264       0.46203256446707014     
  0.27209431638503290       0.45643690841130730     
  0.26825158285942258       0.44450808129831343     
  0.28852662033508564       0.43766977636944043     
           7
  0.26603946773701370       0.46448673862319434     
  0.26356328833265930       0.47012182102324401     
  0.25708169772054668       0.47165304263476060     
  0.24146881825554409       0.47048518089128510     
  0.24024467255114162       0.46088410337490432     
  0.24545867353849868       0.45991600282195627     
  0.24237651916069666       0.45355964386904940     
           4
  0.71919605320047053       0.69383603444460129     
  0.71067303462094933       0.68686652281417881     
  0.70879639196869515       0.67854432348711280     
  0.71843687374749499       0.68436873747494986     
           7
  0.46086000573481450       0.24933484964129904     
  0.45369312467749101       0.24937439336359285     
  0.45023745337166804       0.24438170888285654     
  0.45031992534526605       0.23209429635088857     
  0.45879336916458785       0.22844544436463890     
  0.47144993662647883       0.22698918553480105     
  0.46901632131176907       0.23509224234455681     
           4
   1.0031251586295620       0.49740635890427676     
  0.99024987630824879       0.49713332747109190     
  0.98317683744168283       0.48404828454816201     
   1.0012532656943831       0.48665419135665167     
           6
  0.28560205703464531       0.36371928610331189     
  0.27643504338796632       0.36382232297696687     
  0.26700737805528452       0.37027050549470475     
  0.27170941238692292       0.34697847295253353     
  0.28596491704066163       0.34776164970964341     
  0.29195402893825778       0.34982595917437770     
           7
  0.15643139478571119       0.44798276596651065     
  0.14823230321816527       0.45619597964175279     
  0.14279623052382012       0.45385522829538949     
  0.13666213537537925       0.45539182734670042     
  0.13671013220386619       0.43948989267154670     
  0.14273159090355628       0.43681715089229428     
  0.15445666539921765       0.43628608638923483     
           5
   1.0011781616443201       0.83252383497238358     
  0.98433021162512846       0.83007735926459880     
  0.98461178644840597       0.81893404167051698     
  0.98528831825731078       0.81031675767291345     
   1.0036141958550684       0.81023618847941836     
           6
  0.84346101884627045       0.82200846805111938     
  0.82479773402425560       0.82711977343310927     
  0.81982461055709555       0.81843217606397067     
  0.82429886163662047       0.80551530350870160     
  0.84226760585272420       0.80796179555977454     
  0.84383573964899405       0.81345882800427904     
