   981.00000000000000     
   8.0000000000000000     
         180
           8
   1.0000000000000000     
   1.0000000000000000     
   1.0000000000000000     
   1.0000000000000000     
   1.0000000000000000     
   1.0000000000000000     
   1.0000000000000000     
   1.0000000000000000     
   1.0000000000000000     
   1.0000000000000000     
   1.0000000000000000     
   1.0000000000000000     
   1.0000000000000000     
   1.0000000000000000     
   1.0000000000000000     
   1.0000000000000000     
   1.0000000000000000     
   1.0000000000000000     
   1.0000000000000000     
   1.0000000000000000     
   1.0000000000000000     
   1.0000000000000000     
   1.0000000000000000     
   1.0000000000000000     
   1.0000000000000000     
   1.0000000000000000     
   1.0000000000000000     
   1.0000000000000000     
   1.0000000000000000     
   1.0000000000000000     
   1.0000000000000000     
   1.0000000000000000     
   1.0000000000000000     
   1.0000000000000000     
   1.0000000000000000     
   1.0000000000000000     
   1.0000000000000000     
   1.0000000000000000     
   1.0000000000000000     
   1.0000000000000000     
   1.0000000000000000     
   1.0000000000000000     
   1.0000000000000000     
   1.0000000000000000     
   1.0000000000000000     
   1.0000000000000000     
   1.0000000000000000     
   1.0000000000000000     
   1.0000000000000000     
   1.0000000000000000     
   1.0000000000000000     
   1.0000000000000000     
   1.0000000000000000     
   1.0000000000000000     
   1.0000000000000000     
   1.0000000000000000     
   1.0000000000000000     
   1.0000000000000000     
   1.0000000000000000     
   1.0000000000000000     
   1.0000000000000000     
   1.0000000000000000     
   1.0000000000000000     
   1.0000000000000000     
   1.0000000000000000     
   1.0000000000000000     
   1.0000000000000000     
   1.0000000000000000     
   1.0000000000000000     
   1.0000000000000000     
   1.0000000000000000     
   1.0000000000000000     
   1.0000000000000000     
   1.0000000000000000     
   1.0000000000000000     
   1.0000000000000000     
   1.0000000000000000     
   1.0000000000000000     
   1.0000000000000000     
   1.0000000000000000     
   1.0000000000000000     
   1.0000000000000000     
   1.0000000000000000     
   1.0000000000000000     
   1.0000000000000000     
   1.0000000000000000     
   1.0000000000000000     
   1.0000000000000000     
   1.0000000000000000     
   1.0000000000000000     
   1.0000000000000000     
   1.0000000000000000     
   1.0000000000000000     
   1.0000000000000000     
   1.0000000000000000     
   1.0000000000000000     
   1.0000000000000000     
   1.0000000000000000     
   1.0000000000000000     
   1.0000000000000000     
   1.0000000000000000     
   1.0000000000000000     
   1.0000000000000000     
   1.0000000000000000     
   1.0000000000000000     
   1.0000000000000000     
   1.0000000000000000     
   1.0000000000000000     
   1.0000000000000000     
   1.0000000000000000     
   1.0000000000000000     
   1.0000000000000000     
   1.0000000000000000     
   1.0000000000000000     
   1.0000000000000000     
   1.0000000000000000     
   1.0000000000000000     
   1.0000000000000000     
   1.0000000000000000     
   1.0000000000000000     
   1.0000000000000000     
   1.0000000000000000     
   1.0000000000000000     
   1.0000000000000000     
   1.0000000000000000     
   1.0000000000000000     
   1.0000000000000000     
   1.0000000000000000     
   1.0000000000000000     
   1.0000000000000000     
   1.0000000000000000     
   1.0000000000000000     
   1.0000000000000000     
   1.0000000000000000     
   1.0000000000000000     
   1.0000000000000000     
   1.0000000000000000     
   1.0000000000000000     
   1.0000000000000000     
   1.0000000000000000     
   1.0000000000000000     
   1.0000000000000000     
   1.0000000000000000     
   1.0000000000000000     
   1.0000000000000000     
   1.0000000000000000     
   1.0000000000000000     
   1.0000000000000000     
   1.0000000000000000     
   1.0000000000000000     
   1.0000000000000000     
   1.0000000000000000     
   1.0000000000000000     
   1.0000000000000000     
   1.0000000000000000     
   1.0000000000000000     
   1.0000000000000000     
   1.0000000000000000     
   1.0000000000000000     
   1.0000000000000000     
   1.0000000000000000     
   1.0000000000000000     
   1.0000000000000000     
   1.0000000000000000     
   1.0000000000000000     
   1.0000000000000000     
   1.0000000000000000     
   1.0000000000000000     
   1.0000000000000000     
   1.0000000000000000     
   1.0000000000000000     
   1.0000000000000000     
   1.0000000000000000     
   1.0000000000000000     
   1.0000000000000000     
   1.0000000000000000     
   1.0000000000000000     
   1.0000000000000000     
   1.0000000000000000     
   1.0000000000000000     
           1
  0.91131498470948014       0.51987767584097855     
           8
  0.47296633388233583       0.91187886997358703     
  0.46634281983558690       0.91266014940896023     
  0.46256723952282047       0.90908315220972169     
  0.46000845124723622       0.90015783531497151     
  0.46268422476029397       0.89480323749043578     
  0.46743482746333392       0.89474531395379531     
  0.47949276430479920       0.89504403372277053     
  0.47883266704185529       0.90173724593483917     
           5
  0.72162198725940052       0.19204349058549608     
  0.71463382514084928       0.18794697223935727     
  0.70616858466780785       0.19240525118876450     
  0.70958748585402054       0.16868713437792879     
  0.72876719998262851       0.17771607837031467     
           8
  0.44353873872511607       0.38534151668580591     
  0.43095381401270111       0.38786912773722382     
  0.43030388533357794       0.38305578603255019     
  0.42523725183511057       0.38753101754420627     
  0.42475458261877103       0.37952264446104161     
  0.42075110684128753       0.37631535778348046     
  0.42625308728186029       0.36625993140781576     
  0.44084113317551837       0.36252639759553001     
           4
  0.41599199664381320       0.82615639196258639     
  0.41611386873333206       0.81583411005906525     
  0.42813455657492355       0.81549439347604480     
  0.43622350085465106       0.81885685541864239     
           7
  0.51445549855169270       0.62636073641673384     
  0.50372835225643298       0.63441152668398781     
  0.49435053004468343       0.62354366725031618     
  0.49244582799470782       0.61113188632994631     
  0.50295961289173297       0.61319779342466119     
  0.50683705121861733       0.60883726466992016     
  0.50876485151219042       0.61858277817998686     
           6
  0.62557565403923465       0.76963501578032822     
  0.61412091186934237       0.77044806792655784     
  0.60910502478458572       0.76788569005807927     
  0.60923633988978032       0.75992079359479359     
  0.61938534527448830       0.75489978217439524     
  0.62512957705165562       0.75122671539163055     
           8
  0.47067216851976029       0.84329852583785747     
  0.46490440537143468       0.84235828511722854     
  0.45320620404893142       0.84254777705386674     
  0.45599821791325079       0.83645252511814017     
  0.45424739339053694       0.83046259103560149     
  0.46015760494204089       0.82814533231441967     
  0.45989366570207058       0.82207426506939718     
  0.46538390385231093       0.82313467043910471     
           5
  0.35573850942600788       0.47314852827145393     
  0.36161806471015723       0.47676264752655800     
  0.33864022415543538       0.47610262685635135     
  0.33946754411373675       0.46559643313443916     
  0.34662073050251974       0.45498960205268835     
           3
  0.40313277291719674       0.27618153766563441     
  0.39449541284403672       0.28032619775739043     
  0.40165004192890225       0.26790820812251037     
           7
  0.47915475114004086       0.67228305265165422     
  0.48181105674992575       0.67849272741434408     
  0.46381017341950220       0.67756499914634805     
  0.46364223128390408       0.66928634853151614     
  0.46377034889714208       0.65969833109443687     
  0.46672823316787326       0.65312074050944113     
  0.47708867673533523       0.65777667548718644     
           5
  0.62539155422159154       0.36767183317825408     
  0.61640163129229586       0.36158642139494351     
  0.61011001955595290       0.36411731339916198     
  0.60669323618562110       0.34525387220921205     
  0.62592203647843037       0.34539995648613064     
           4
  0.44469786687632124       0.56040038711842410     
  0.44438040934701106       0.56689714189597828     
  0.42389970934286314       0.55533308751068566     
  0.43027938026615437       0.54747484984380956     
           4
  0.77890626075682357       0.87422023661080550     
  0.76641745654414595       0.87661417019529353     
  0.76711289418386397       0.86453971751094150     
  0.78104487048589455       0.85701677821479816     
           3
  0.41360278418080465       0.31142834808717901     
  0.40104250657925083       0.31126294065910959     
  0.41955067490568887       0.29092087711332593     
           3
  0.32110091743119268       0.75229357798165142     
  0.31181019296177864       0.74599794800785013     
  0.32169250811429989       0.74078706950172224     
           3
  0.47870820516430640       0.93001593378867131     
  0.46221296249620314       0.93152597886101407     
  0.46049996557563416       0.90984047477224161     
           7
  0.61551836273035043       0.60056909912869216     
  0.62058869282341633       0.60610540669401969     
  0.61048752418995045       0.60730323796368624     
  0.60067909589840351       0.60351955669483659     
  0.59700080901480657       0.59346374382435663     
  0.61329400340328233       0.58374147517861685     
  0.61840610755384140       0.58779316143670146     
           3
  0.23125950261739400       0.57091475260318636     
  0.21117427508753717       0.56112296522444738     
  0.23547883696874328       0.55385824641377523     
           5
  0.54376694669009629       0.37838608271829016     
  0.52819253639539876       0.37753930451584938     
  0.52742129708840957       0.36642616754372154     
  0.53273085407570575       0.35357159505405589     
  0.53901953627332777       0.35392107210922180     
           5
  0.43378024059871484       0.34844334105749225     
  0.41520920746051965       0.35455904020831497     
  0.41245187228064828       0.34415198874678793     
  0.42837912522119909       0.33387271299783905     
  0.43502759598966018       0.33560204465441834     
           4
  0.41014968218375603       0.42065022112514822     
  0.39935518121582053       0.41718924404878288     
  0.39703165881776131       0.40147592884497235     
  0.41556464473214633       0.40736461837122451     
           3
  0.59297611076907930       0.80647098878780821     
  0.58387676806449373       0.78546683562142394     
  0.60099878795849782       0.79054210549706738     
           8
  0.54002612436569841       0.58574971282477784     
  0.53258689371136669       0.58358619614956642     
  0.51926547123293443       0.58561335959930882     
  0.52100638501705476       0.58138488916141817     
  0.51636869555297460       0.57690050847013408     
  0.51613255771712996       0.56903350330106295     
  0.52141050059101512       0.57207035328843892     
  0.53676746594908920       0.56651892548920713     
           5
  0.54782276784547412       0.60988851572646696     
  0.53979975312380291       0.62014449444502784     
  0.52858298967289707       0.60764714838264922     
  0.52830970574281344       0.60087125342489989     
  0.53739692065727740       0.60045358020837780     
           5
  0.51530426227120596       0.85455909808439856     
  0.50055659764702842       0.83355407141861770     
  0.50591791188529633       0.83065103139438490     
  0.51748131205309267       0.83195352810777823     
  0.52317330651562055       0.83631906196491701     
           8
  0.70890963959735698       0.20946393951907510     
  0.70350808278017252       0.21353259811858499     
  0.69498687565910888       0.21546769788688910     
  0.69014296230069871       0.21076722682920637     
  0.68999073929547938       0.20609436878809451     
  0.69681039824148594       0.19248288855798573     
  0.70893179574543241       0.19096387267050230     
  0.70514749769390817       0.19721921918975702     
           5
  0.69068701369338126       0.23898453114026899     
  0.67163544837571842       0.24695047274494564     
  0.67082952824861553       0.22624518186681719     
  0.67771668296684617       0.22651692908837009     
  0.68917141465256149       0.22552766937993302     
           3
  0.49169693666000114        1.0110955413736038     
  0.49745158002038736        1.0000000000000000     
  0.50513741170028270        1.0034754208192769     
           3
  0.68603465851172274       0.22629969418960244     
  0.67870519696501241       0.21886759577819737     
  0.69236460986930182       0.21667874860337683     
           7
  0.37226720886403442       0.27156418678610467     
  0.36450098340420001       0.27195580293984656     
  0.35569561857485221       0.26676935972537491     
  0.35865161458949396       0.25451441221490906     
  0.35769770793834593       0.24822167605058693     
  0.37298228640081910       0.25081616288805592     
  0.37419217753187733       0.25977712981896900     
           3
  0.55639346951829649       0.69136970213078996     
  0.54793775109269527       0.69951365338693416     
  0.53769417998499769       0.67868234873254607     
           6
  0.81555143085808435       0.10550963090084642     
  0.80859139787126455       0.10512529250114476     
  0.79494859254641026        9.9793532368993784E-002
  0.79789677497334699        8.6508432151765360E-002
  0.80939208110343686        8.9931216621306390E-002
  0.81210665858188802        8.5290785908984493E-002
           6
  0.44360400105540448       0.84435790869326621     
  0.43856062834168097       0.84889870184064820     
  0.43263762074298417       0.84462130075384789     
  0.43371604965060545       0.83301598467667326     
  0.43483960078131695       0.82408154014096879     
  0.44284926262950775       0.82393088536961778     
           5
  0.41723888277053928       0.79122373091359743     
  0.41042944800846781       0.79426312834968937     
  0.39426659251968615       0.77961341468488632     
  0.40639407880647932       0.77619431942005523     
  0.41309095228972148       0.78361262012604083     
           4
  0.46427628923288100       0.82110844991088794     
  0.44155050147036379       0.80915391108051105     
  0.44347731654252959       0.80234080839757971     
  0.46203049711740996       0.80887983565573907     
           4
  0.37855523211865599       0.30135814836596464     
  0.36552337950150315       0.29723465750880679     
  0.36325623916270933       0.29102633825069557     
  0.38103240749571926       0.29366076466951313     
           8
  0.26159545746630775       0.79927518708123768     
  0.25354560948872723       0.80154020762623301     
  0.24840660244256954       0.78832712893589207     
  0.24581979477934696       0.77753410106762655     
  0.25735204844744008       0.77652864067260385     
  0.26468732066045997       0.77738636662493821     
  0.26559779813748358       0.78340474204683452     
  0.27010196841658318       0.78486861340837144     
           4
  0.58769324879862428       0.87749070798258366     
  0.56895238929738357       0.86971810898043400     
  0.57076426798779734       0.85950291278803770     
  0.58614326274946960       0.85937978688074923     
           7
  0.39500475745748515       0.86477386328663886     
  0.38674427446519344       0.87086078272857304     
  0.37522416678891807       0.86753542224290048     
  0.37867340542157618       0.85858606760580614     
  0.37562938010717117       0.85061211152737171     
  0.38597413353348908       0.85214947599865820     
  0.39550833203774655       0.85931880342100142     
           3
  0.38529005683755424       0.75954272121326638     
  0.38657335108917640       0.75137890329119095     
  0.40436760927494630       0.74534672700353488     
           5
  0.58876854573454274       0.80413850060412873     
  0.57515900098785766       0.81058745118720799     
  0.56879889130603689       0.80845015303595569     
  0.56858568675788501       0.79514446656694171     
  0.58507485799542536       0.79582614070291502     
           6
  0.62884165841402329       0.20322606681162247     
  0.62047083402176051       0.20496306202539288     
  0.61375901541706512       0.20694773675838024     
  0.60771685398228192       0.20656117667178522     
  0.61047291143948934       0.19549354332108801     
  0.62279095568772436       0.18957883607198822     
           5
  0.44639728509366666       0.67746186953487164     
  0.42783961553154914       0.67365212329157131     
  0.42749187155694607       0.66623729226570594     
  0.42998774409242740       0.66008029205879981     
  0.43900371585733650       0.66097291010440185     
           7
  0.80014103722347063       0.14718594871674193     
  0.80144374899597071       0.15266964614815559     
  0.79238304360204892       0.15563725722327384     
  0.78871441765696804       0.15160145897090452     
  0.78407921438682926       0.13678541351096205     
  0.79328582458894592       0.13653497576738813     
  0.80136370440412485       0.13634691267602950     
           4
  0.74755551478628857       0.61020443889028231     
  0.72338095485497800       0.61349262329745524     
  0.72377278325263117       0.60613602058956462     
  0.74779213631400587       0.60014229019140153     
           7
  0.45450313815865262       0.90555745099818530     
  0.44956625457726196       0.90182023251947929     
  0.43639045566655066       0.90183776065576260     
  0.43523325440496974       0.89244428224296501     
  0.42939979123948979       0.88174350635875132     
  0.45413581395214281       0.88176042035767321     
  0.45041371957823501       0.89113044976805478     
           3
  0.69622833843017329       0.31702344546381245     
  0.68438855305988189       0.30893910627249899     
  0.69208793106763888       0.30556057937267589     
           8
  0.61577864360556611       0.76438461722655948     
  0.60234402107798113       0.76613366599180033     
  0.59152179164618357       0.76569453384923969     
  0.59100651977018259       0.75696308641117782     
  0.60035182120563435       0.74242552201161083     
  0.60464068331802423       0.74734531614186339     
  0.61114454009404107       0.74199365161773234     
  0.61486174153653705       0.75462237664898990     
           3
  0.50968399592252800       0.32110091743119268     
  0.51643965144898907       0.32624362960785663     
  0.50109097652665491       0.31478103186501366     
           4
  0.44317550575978110       0.93973292356702365     
  0.42366639605835615       0.94502654249394014     
  0.42642831460732633       0.92823202571813912     
  0.43689061736594925       0.92497021730386575     
           7
  0.73529145120312611       0.26486600120802961     
  0.73646252253331534       0.27284665418797788     
  0.71815781889395869       0.27308937504339104     
  0.71240023471655500       0.26081715641672548     
  0.71781395627330424       0.25273277032032887     
  0.72228406806041479       0.25506395656680636     
  0.73208751864918387       0.25336307675803066     
           6
  0.73150749870841869       0.27718354597442535     
  0.73495789266340150       0.28765169364957033     
  0.72077287044822280       0.28977776740941708     
  0.71068275045058482       0.26820151567673367     
  0.72569734355501669       0.26734208153162231     
  0.73232891893882368       0.27175487817985228     
           7
  0.44417575370605056       0.82698280569592608     
  0.42756741392545328       0.82994479250761699     
  0.42352807615912291       0.82335201219464127     
  0.42623160818097577       0.81548053462614534     
  0.43068884268065649       0.80985165640147039     
  0.43676953976356353       0.80644277524896912     
  0.44203348236604095       0.80870413221724269     
           7
  0.42666938041609170       0.65367003407663038     
  0.42988243771085138       0.66218109842387840     
  0.42425890289743268       0.66184010765470258     
  0.41687713584714964       0.66130054692575779     
  0.41361691457223965       0.64186136329915677     
  0.42403322080750111       0.64729288185550982     
  0.42967023483844013       0.63965201295722618     
           7
  0.55048980105920653       0.59245266826241672     
  0.53791408112653405       0.59333363342441769     
  0.53714163194066955       0.58794462536618264     
  0.53645415710616129       0.57749856618947593     
  0.53693592668546863       0.57038673967252373     
  0.54207600828695823       0.57560130665529374     
  0.54735360508592801       0.57282167553832075     
           8
  0.52074971593321140       0.93730685678947145     
  0.52258290186886280       0.94644121009250093     
  0.50160359532819798       0.94565443727603005     
  0.49965869256320689       0.93511188151614077     
  0.50702904371597235       0.92619439485758026     
  0.51340117321545331       0.92188026306351523     
  0.52401730159010074       0.92416782932142083     
  0.51910432133759565       0.93129541186965692     
           3
  0.54582260767866719       0.75234723386948887     
  0.52929102540921091       0.74244455191696501     
  0.53595756598429733       0.73517036548192405     
           7
  0.36665164984489990       0.38430730996488982     
  0.36439136428913199       0.38907307634321547     
  0.35043725598660946       0.38944336775382260     
  0.35102303852737571       0.38455365207201408     
  0.34929369368063395       0.37475274766997674     
  0.36543973057165030       0.36731792039423827     
  0.36743111391590932       0.37730267680389329     
           5
  0.67865581722998269       0.80392192159391174     
  0.67338445136910630       0.80719067656416299     
  0.66288286562498600       0.80168742697999240     
  0.66104496531656165       0.79149429999223642     
  0.68058990628237048       0.78906978865037647     
           7
  0.51212908529590084       0.27651267151299491     
  0.50986729318574542       0.28201634147140453     
  0.50014410148345789       0.27758304152258539     
  0.49455161150720239       0.27784136555143862     
  0.49466561432396061       0.26555303221086540     
  0.50280378595913389       0.26240562412625890     
  0.51210394970005368       0.27099572283481493     
           4
  0.77116796049626291       0.12483418831278736     
  0.75489433729951816       0.12472815516934557     
  0.75464646341045571       0.10202324575943320     
  0.76901456898775966       0.10206878515326394     
           7
  0.47191782133315657       0.61236701021576667     
  0.46627760832985632       0.61835987697985240     
  0.47236477902800372       0.59346023132128256     
  0.48112791907732461       0.59255600221957716     
  0.47962737448947934       0.59759226306951874     
  0.48919519042222559       0.59648132135794263     
  0.48489298303252987       0.60179452007992518     
           4
  0.73397194900865625       0.17890310810604196     
  0.72552052932616440       0.18112034529143714     
  0.72914432647163085       0.16135827719061893     
  0.74214866090304965       0.17203775747868053     
           5
  0.47817287661097002       0.64549360270135525     
  0.47144092508593261       0.64786560645765734     
  0.46395204223105391       0.64507157663414849     
  0.46512065988766549       0.63787190096568680     
  0.48387914576581076       0.62918825855937799     
           5
  0.76395826764568875       0.10753530232960595     
  0.75861059381916196       0.10516567395531932     
  0.75253102532635541       0.10148420575500645     
  0.75816634360234303        9.1401346559562446E-002
  0.77536534422095471        8.7363496405721094E-002
           4
  0.50210143621426606       0.85753521561515511     
  0.49370238517771858       0.85392113739880859     
  0.50417788884992820       0.83800001510500544     
  0.50560652395514782       0.84913353720693174     
           4
  0.58438324973774625       0.46177136246324085     
  0.57594291539245668       0.46788990825688076     
  0.56535281099528534       0.45999176910411832     
  0.58133156396043850       0.45534082222838668     
           6
  0.48755538077914129       0.37062263297334325     
  0.49150809308185750       0.38058078385457633     
  0.46846758331080485       0.36898177112184216     
  0.47155847402473705       0.35680703877738368     
  0.47943787143030542       0.35622120314833711     
  0.49244642063434219       0.35956267731648783     
           6
  0.46772768699667122       0.99963138955347419     
  0.45152978596218912       0.99531814221622683     
  0.44886225814510217       0.98290677320024000     
  0.45462365423091650       0.98107004697402189     
  0.46018958022715500       0.97734648469399465     
  0.46351108387049639       0.98441590773880194     
           7
  0.37680810562023853       0.57572783523553750     
  0.37370910510419880       0.58189393940905865     
  0.36935526708666394       0.57938376065592667     
  0.36198598897242240       0.58027724261469871     
  0.35623338764280937       0.57357605729526040     
  0.35508226829596840       0.56216706723635412     
  0.36021714339935990       0.55805171019540833     
           8
  0.55092554251483905       0.59777206932113069     
  0.54775214443463538       0.60434934476195989     
  0.53562890275910735       0.60093193204978324     
  0.52715896482873592       0.60461573516367373     
  0.53348220930489210       0.58650647462684491     
  0.54350423737622033       0.58417993719063099     
  0.54834469460870661       0.58291042618552658     
  0.55159648785518856       0.59099255187395494     
           7
  0.53467257964167747       0.82371507093291108     
  0.52558290539897567       0.83491594079624820     
  0.51640744605283484       0.83754755152188687     
  0.51812147081104898       0.82439079657257697     
  0.51409729071344457       0.81196732283408468     
  0.52035043013143167       0.81429625548002826     
  0.53756664630253215       0.81295600113180999     
           5
  0.51498963428309696       0.45193342279816717     
  0.49894950653343401       0.44134233005565177     
  0.50314778055162079       0.43514468878616325     
  0.51144583868853222       0.43517770888352336     
  0.51747068522596940       0.43119698414621671     
           6
  0.44756536425071480       0.89955316200347624     
  0.43642580176493961       0.90770284155180825     
  0.42645176644552363       0.90882810210087761     
  0.42523713964570797       0.89845043987450413     
  0.42475726386794010       0.88527426252626162     
  0.44679080849761771       0.88481764163588805     
           7
  0.50252008740726595       0.73790082778620647     
  0.49803016505185149       0.74137474126911063     
  0.48662018607052637       0.73882437172695481     
  0.48084307959114747       0.73720214501462589     
  0.48536216152484829       0.72870056355690249     
  0.49364553579531817       0.71646890890256909     
  0.50024456742015244       0.72114857506969254     
           6
  0.27890618715381998       0.59081026994984198     
  0.26631065733237363       0.59750775570173797     
  0.25668683270568715       0.59538885248794149     
  0.26618373826442143       0.57512259741686333     
  0.27505697241333549       0.57441191509217748     
  0.27774114022101104       0.57984741105889670     
           6
  0.81518241300173777       0.93417362088522538     
  0.80772545367696935       0.94674709822332292     
  0.80160393444887257       0.94158082759675643     
  0.80852413534142664       0.92397123692739702     
  0.82127032783376019       0.92178063326463244     
  0.81889239027598670       0.92962000287129842     
           5
  0.45493952710842839       0.40576563651780018     
  0.44922409861741314       0.39842283342581936     
  0.44748404144151543       0.39098975509038830     
  0.46754017029596107       0.38077424189725240     
  0.46767230868813980       0.38664632977782243     
           3
  0.32086502185273835       0.20893331147033370     
  0.32294495717666627       0.19581452630268426     
  0.34410731212006529       0.19818534978820337     
           4
  0.34566596561539203       0.38190547723627399     
  0.33333333333333331       0.37716615698267075     
  0.33457161295140320       0.36813973644241038     
  0.34410736857435997       0.37542099467323287     
           8
  0.50142169957169969       0.88960365380283390     
  0.49606927097676906       0.88549632237508391     
  0.48866451867901795       0.88952215500467868     
  0.48105009371449819       0.88748550523135827     
  0.48438461874203032       0.87887826383777035     
  0.49281231987925544       0.86890188390933987     
  0.50207640685131416       0.87049668128448077     
  0.50544888715982217       0.87439833116777266     
           3
  0.44036697247706424       0.88990825688073394     
  0.43799283064570588       0.88336672239285197     
  0.45015312403361118       0.88410674894596408     
           3
  0.41997961264016309       0.86952089704383284     
  0.42103481707473656       0.85846032156393182     
  0.43025698169401660       0.85904734138319327     
           3
  0.65754736418099746       0.16654623125550838     
  0.64165517867672028       0.16685695554058477     
  0.66036675589597382       0.15153637824891331     
           4
  0.72798453431301580       0.17665698205748620     
  0.71372466557063685       0.17164850533219334     
  0.71715027288055611       0.15640595697653986     
  0.72495080885306395       0.15938273758078247     
           4
  0.47749737049740826       0.62162207847232731     
  0.45311841912145689       0.62943359126890464     
  0.46176123298771338       0.61271656751051573     
  0.47121737378513850       0.61089817471215491     
           7
  0.31738392064484178       0.94188318937322857     
  0.30964584305235127       0.94630187491327844     
  0.30483647914634671       0.94898566069162149     
  0.29665615354787889       0.94723261328070241     
  0.29656437418906839       0.94215215679534736     
  0.29689872141196894       0.93287628731934225     
  0.31537051873306093       0.92665225300803222     
           3
  0.47681465263631750       0.42054345912880492     
  0.49475680576733211       0.39855956322921776     
  0.48929663608562690       0.40774719673802240     
           3
  0.71355759429153920       0.16819571865443425     
  0.70403477475287024       0.16986273524439635     
  0.70335043152017862       0.15993238145955416     
           7
  0.71129485122137814       0.22283038738822872     
  0.71335118145727849       0.22991789846562627     
  0.69651156295349703       0.22850429708233705     
  0.69080127159998328       0.22932567446594945     
  0.69225132297184522       0.20952395403081636     
  0.69752739429879795       0.20716427789499042     
  0.71180309439107947       0.21766462073022422     
           6
  0.48563984831802531       0.83725107044495684     
  0.47519100662376446       0.83222591906091148     
  0.47795209026093383       0.82745760281911152     
  0.49580194238466174       0.81768446766487002     
  0.49388586539098472       0.82256251331707975     
  0.49897622554054072       0.82598265909886948     
           4
  0.68696081525585340        5.8139241294051069E-002
  0.67004726631623723        6.4987837005314616E-002
  0.67662497000657262        4.9970229263165314E-002
  0.68927035962497751        4.7392329546424972E-002
           4
  0.44589123595641500       0.37278826359202710     
  0.43129860925403002       0.37770783464229218     
  0.43518475101313908       0.36327451226646240     
  0.44648153323375123       0.36560203593124418     
           7
  0.43194466913663609       0.96601147051318226     
  0.42740045989492714       0.96913539700220208     
  0.40939583781477690       0.95748762841751323     
  0.41408726165873322       0.95303602072949722     
  0.41869962251618070       0.94875952046890666     
  0.42887683277594485       0.94872370705431941     
  0.43092693567768781       0.95538266562794760     
           4
  0.73020071088449390       0.24365272606090080     
  0.71648891273431337       0.25139389333063455     
  0.71904906415918857       0.23111253401887580     
  0.72852379898422159       0.22910120518320681     
           6
  0.31281913425847752       0.30993479415563735     
  0.30383421629810059       0.30979220547805431     
  0.29128294370660718       0.30462262311355193     
  0.28959688573312958       0.29270442889606169     
  0.29604373869207617       0.29345644817057576     
  0.30973425819795097       0.29290499043688167     
           8
  0.39919768783017745       0.78960222933365720     
  0.39206438727977905       0.79566902493182856     
  0.38555704728158002       0.79459530058019878     
  0.37960623708958013       0.79209385091154871     
  0.37642581743814174       0.78489383129170276     
  0.38026433475059218       0.77785189220130646     
  0.38794076046808568       0.77959267039492519     
  0.39317489934638561       0.77605553534701988     
           3
  0.46788990825688076       0.43119266055045874     
  0.45744348277035191       0.44071816090636290     
  0.46137882842223271       0.41938064289902072     
           6
  0.51941849069669799       0.93764408007234090     
  0.51003040615025819       0.93670710369243115     
  0.50221440081104562       0.93432230858497389     
  0.50286478916793698       0.92080289136890792     
  0.51133934266014047       0.91651714645472582     
  0.51992025544591125       0.92782975295084802     
           6
  0.48583611301174112       0.96914768459368006     
  0.46328774776251269       0.96845712520267235     
  0.46205610304422468       0.95870350208464949     
  0.47057832050503628       0.94769061929025367     
  0.47471319001904150       0.94425456622108528     
  0.48322075148627552       0.94750403107019676     
           8
  0.70199541354546180       0.72714543760770189     
  0.68612041340312679       0.72964634518130378     
  0.67740833604018835       0.72882855969613392     
  0.67977715383227466       0.72406466720669227     
  0.68091126547786207       0.71021085399931461     
  0.70059890359122834       0.70870948999537919     
  0.69710005162471156       0.71768156391675786     
  0.70254066254713188       0.71853117276203726     
           5
  0.43484847170489477       0.39557227886016433     
  0.41960245578051780       0.38963429054963128     
  0.42103306844472743       0.38188753181592666     
  0.43847549231007094       0.37786977175990366     
  0.43645418821686288       0.38617825116871579     
           8
  0.41809736929526414       0.90135501789503514     
  0.41309079010892574       0.89887910972005536     
  0.39653974532399872       0.90063125146311374     
  0.39592985102065742       0.89115302109941752     
  0.39338492397979158       0.88066640758514314     
  0.40462884820792666       0.88060079947441972     
  0.41686839128320508       0.88430360002617636     
  0.41347630615836606       0.88966512328058800     
           4
  0.57402924275525358       0.51725474331802668     
  0.56472986748216103       0.52191641182466875     
  0.55984087568718655       0.51528100092416351     
  0.57416674073392915       0.50897114877063032     
           5
  0.50370535840346120       0.63698508645851437     
  0.49517473559353492       0.63702208253437387     
  0.48878837190658214       0.63662929402151958     
  0.48569556226063532       0.61655253599568904     
  0.50245441248526790       0.61553895457417940     
           3
  0.60773204853110308       0.83164088176562323     
  0.59132047483724848       0.83221296584337212     
  0.58728220439410928       0.81750012323593235     
           8
  0.44997055773205025       0.35329170623787509     
  0.44039028282325432       0.35347314284401488     
  0.42728421690377461       0.35285771194874926     
  0.42549006224843217       0.34825800754361985     
  0.42492690626037577       0.34255374706729008     
  0.43511288203228282       0.33348851721709261     
  0.44771488741048387       0.33139146115937823     
  0.44534501038889385       0.34441144654975658     
           4
  0.47190590928686948       0.54647127036546994     
  0.46121545426186628       0.54578672374702597     
  0.45872612851244371       0.53168274139243665     
  0.47811638816409030       0.53538569994704999     
           4
  0.48659850498606505       0.37756712288027250     
  0.47532811601356023       0.37583534626266085     
  0.47944950498738859       0.35430035980152635     
  0.48741027227456585       0.36625283952255960     
           5
  0.50554672542599888       0.79316919056923185     
  0.49568575313336727       0.79226963085784097     
  0.49254652749990480       0.77383626576283548     
  0.50268341270280004       0.77357986397870560     
  0.51030134917493786       0.78251729594665909     
           6
  0.42534869670878578       0.67928599127808253     
  0.41886487696657587       0.68263876178287641     
  0.41095310995586315       0.68641847032526304     
  0.40645808623534740       0.68232943006103197     
  0.40346184745977215       0.66968837381749691     
  0.42250902275888680       0.66611507998388786     
           6
  0.70821488497021845       0.72785626528961844     
  0.71249140587153248       0.73382583023020287     
  0.69917600639501709       0.73284733421610815     
  0.68754078073260039       0.72306765524875172     
  0.69050646237939262       0.71724774826969773     
  0.70383234961253727       0.71208402776142921     
           7
  0.47497681529231822       0.76347551325537688     
  0.46456909830397447       0.77211065179401206     
  0.45550795217418294       0.76767081510647051     
  0.45083474355626946       0.76556296885274411     
  0.45377536524132916       0.75549729575944458     
  0.45910097389185761       0.75183739551332995     
  0.46614467637470802       0.75129254250776056     
           4
  0.60448521916411824       0.48012232415902140     
  0.60522525098896718       0.48790258376293238     
  0.59776997819695754       0.47670449083529587     
  0.59201120106825600       0.47044090291567070     
           6
  0.55269604572330344       0.67091820485745712     
  0.53803954053243563       0.67063310995597447     
  0.53852912163658917       0.66451676567636919     
  0.54768372432654688       0.65010865569540954     
  0.55737251544203426       0.64965968303639909     
  0.55833100622675225       0.65482226260168264     
           4
  0.68782422938015408       0.12500270921746745     
  0.67223735350825842       0.12311548040745966     
  0.66842111868792342       0.11378081692903358     
  0.68250181820944777       0.10422696332322597     
           5
  0.47309051369621175       0.82470821026786512     
  0.46812262379244679       0.82101899504951714     
  0.45008079574661186       0.80945607728734015     
  0.45866834335397821       0.80198731449027161     
  0.47021972336434931       0.80973553071872539     
           6
  0.44934923561146428       0.76203622538262150     
  0.43606533665764158       0.76931575086051163     
  0.43107883789795370       0.76557025218755348     
  0.43697255919815570       0.74668697153714070     
  0.44134038362954042       0.74973973933247573     
  0.44548199912896669       0.75544921055396597     
           5
  0.50066435586314673       0.98645241158717056     
  0.48867303710811888       0.98528565425311210     
  0.48051144630917664       0.98570562442660825     
  0.48974938635061427       0.96478596957655438     
  0.49844813184482961       0.97606210596516230     
           7
  0.65961370016249288       0.76483206379101198     
  0.64653420049217480       0.76772000866327772     
  0.64005619091338195       0.76448994303627227     
  0.63842322265210749       0.75885939402937308     
  0.65637829790739666       0.74558913545088823     
  0.66131968327788415       0.74681223376905115     
  0.65997120584020164       0.75390189672377017     
           3
  0.42397842147325315       0.59621877989251704     
  0.41284403669724773       0.58715596330275233     
  0.42068314043105082       0.58687704029844023     
           6
  0.68111688251962255       0.24935056159700894     
  0.66619208310243405       0.24797583336982734     
  0.66956944197514845       0.22963725918919581     
  0.67475399455517571       0.22657723051886000     
  0.67701641731769802       0.23167293489268131     
  0.69081871818399243       0.23361425347674911     
           3
  0.61199879386244227       0.70695563661789929     
  0.61467889908256879       0.69622833843017329     
  0.62639346413569652       0.68441988378501872     
           7
  0.49327379032444518       0.48495941924653524     
  0.48969971146381719       0.48040411601037170     
  0.48367027457996442       0.48541057805059390     
  0.47675402391657695       0.46517741764315762     
  0.48459317069807911       0.46562198575866648     
  0.49016404557774335       0.46689861770413188     
  0.49290401732241235       0.47212260859079663     
           4
  0.38914960943806337       0.89094229949945281     
  0.38179142932264953       0.89594990556481369     
  0.37748909790659652       0.87312003012894235     
  0.39722376181283614       0.88022427184137519     
           5
  0.62799275865937110       0.76236848603480178     
  0.62229495024747361       0.76452215780088728     
  0.61344940223741096       0.76149963873693072     
  0.61716806429321336       0.74655976526960832     
  0.63030726893657407       0.75690790185731760     
           3
  0.35943238009585454       0.70599268399659243     
  0.34862385321100919       0.70132517838939856     
  0.34072072236443179       0.69390153009114608     
           4
  0.46126514406169528       0.29144413752522824     
  0.44616513930409080       0.29001089116053191     
  0.45356933945945749       0.27670520147588501     
  0.46586182933935560       0.28429379948346695     
           6
  0.60413855565277386       0.90804373948345274     
  0.59415538924621569       0.91205419745583494     
  0.58348079827349575       0.91741114585954153     
  0.58677509119415383       0.91014552665950055     
  0.58441960973627338       0.90452611961459239     
  0.59711266771596239       0.89529490972310022     
           3
  0.50252623356251325       0.43402022235108745     
  0.49682161681831821       0.42598050587440550     
  0.50560652395514782       0.42609582059123341     
           6
  0.72477064220183485        2.7522935779816515E-002
  0.72198197803743447        3.7799479471692432E-002
  0.71559157689878716        2.1666366670733891E-002
  0.71660673129874064        1.5007490198889584E-002
  0.72493768417186388        2.0672515232552254E-002
  0.73525881916224378        1.6133274447159597E-002
           5
  0.80689289262044506       0.21346073452911415     
  0.79894803149214133       0.20825743529418989     
  0.80632008154943935       0.20183486238532111     
  0.81794176231586113       0.19243399128621894     
  0.81604591679864347       0.19858114057743947     
           7
  0.68036676972499399       0.85412931096803302     
  0.67140958462115508       0.85103870506210710     
  0.66214554117541902       0.85017545459164023     
  0.66141325619196767       0.84230355406426438     
  0.66432752246417903       0.83227803112166843     
  0.67731902636225805       0.83578324293069040     
  0.68309601809814469       0.83547697576774860     
           8
  0.42698504783871011       0.86498562662709111     
  0.40910524444785601       0.86648051542617133     
  0.41445186577950660       0.85116086241662858     
  0.40934265228884548       0.84357537072264011     
  0.41659720576773324       0.84283861696796869     
  0.42316817773064286       0.84497368223221736     
  0.42838545868337935       0.84474958711176662     
  0.43062623380467785       0.85083326981888752     
           8
  0.51311855988944899       0.61241481464816305     
  0.50692298016833137       0.61332486999145031     
  0.50349902279362713       0.60418075316514552     
  0.50454670663388568       0.59701435332787434     
  0.50788757398175688       0.59076823719208127     
  0.51153140523662444       0.59501668775314231     
  0.51901849663203359       0.59376022144253426     
  0.52459567839940180       0.59680246234759327     
           3
  0.67765072207713095       0.94682833657319354     
  0.67787971457696228       0.93883792048929660     
  0.68901361806371897       0.93981170867647390     
           4
  0.45667686034658511       0.32619775739041795     
  0.44564092069249372       0.33001264820289128     
  0.44650560950952556       0.32215934707869093     
  0.44545712134845011       0.31580752694679415     
           8
  0.55811316736967587       0.65645646039164307     
  0.54959672711507690       0.66033259531933752     
  0.54938853134606536       0.65303377035250143     
  0.55525145500027195       0.63770571685976418     
  0.56128458284833194       0.64261616390941412     
  0.56390149776721632       0.63825057428227849     
  0.56897619482334860       0.63900674059483209     
  0.57314259222326303       0.64428860259725251     
           4
  0.65672701405517486       0.77463070078155094     
  0.63803993610047205       0.78477340665630901     
  0.63836907862117531       0.76619779685937361     
  0.66077449109822606       0.76166892592002289     
           3
  0.75739041794087669       0.16921508664627929     
  0.75036777105199282       0.15882143462355081     
  0.76439002197861605       0.15714744698350747     
           5
  0.51760251358107667       0.89522475532337686     
  0.50545444208606183       0.89142957722013416     
  0.50222724261947149       0.87975809944585048     
  0.51945266037895033       0.87671756195258954     
  0.52569925246482785       0.87323973651261844     
           7
  0.73159531777014064       0.44296113043953284     
  0.73019409773873434       0.44959716846665554     
  0.71327091452001967       0.45087381439102353     
  0.71332285977024334       0.43792648711365262     
  0.71180292521888811       0.42977838929271300     
  0.72574924122969009       0.42873586678607722     
  0.73382436053923272       0.43426911180682315     
           7
  0.68795278023752959       0.35721470916035764     
  0.67957592178885318       0.36177157091068379     
  0.66851641306857856       0.36033960237786161     
  0.66804127402740110       0.34859806739160071     
  0.67282864347706395       0.34107333826200603     
  0.67827851544673678       0.34122198925716957     
  0.68689449975809547       0.34263477339643766     
           3
  0.51759073557316426       0.50449140781020729     
  0.49871270562670222       0.51050725812293607     
  0.51520872172127685       0.49593762858406276     
           7
  0.90545078001140711       0.72373079860822609     
  0.89810823481319135       0.73092882631939038     
  0.89326301257081353       0.73028850558757863     
  0.88778828811447508       0.72938112192565052     
  0.88288958509038584       0.71588045075775830     
  0.88568320887045771       0.71078448970361841     
  0.89341387349457468       0.71206886056129681     
           6
  0.41339316002913779       0.94634531319193427     
  0.40273677350705644       0.94496170543718538     
  0.39708967584567972       0.93947837659011801     
  0.39083929233436687       0.93135084107966637     
  0.40879049777558285       0.93121630688316914     
  0.41619703697024496       0.93116428746710100     
           3
  0.28538131226931285       0.95228970301212323     
  0.27027406054280345       0.93329090294322858     
  0.27907439040683729       0.93203037363787911     
           5
  0.74724745537730597       0.69456508727527777     
  0.73383242629605916       0.68685986743315253     
  0.73103966085943828       0.68032344369706754     
  0.74326149565017963       0.67304730090732479     
  0.75228381234433761       0.67634489215733584     
           7
  0.75311620371619969       0.21188949949813612     
  0.74126162360148895       0.21573551099492810     
  0.73307644062558897       0.21052021059301482     
  0.73251165166629839       0.20342916575339218     
  0.73357338549286411       0.19787381724814485     
  0.74318297729113869       0.19530864187604910     
  0.75464286576005279       0.20281374787840650     
           5
  0.38128431445593469       0.76570877575791396     
  0.37011137397891586       0.76010438304944206     
  0.36636283608381603       0.74197516250838413     
  0.37670279865383388       0.74116829465536793     
  0.38625383018373449       0.74460608919001392     
           8
  0.46214295717053988       0.83195371228185055     
  0.46133854933742596       0.83666554647640112     
  0.45602643781488683       0.83264460830716069     
  0.44098237622511655       0.83333990960404036     
  0.44546916254963498       0.82927585119199643     
  0.44446083827547650       0.82043583604857773     
  0.44455510166829371       0.81514832574435658     
  0.46268345682791151       0.82169290732289235     
           6
  0.78247654667195488       0.31573134798457586     
  0.76037958349852086       0.31871359393930421     
  0.76184258347205802       0.30807051649742240     
  0.75951334242870994       0.30047818260384723     
  0.77188602207718204       0.30077093618446649     
  0.77771753696951318       0.30478564842714728     
           4
  0.46234047936419020       0.88731446977926209     
  0.45883986924730785       0.89279587367562063     
  0.44283332579904677       0.87336774484915525     
  0.45361875637104992       0.88073394495412849     
           7
  0.58170975795550905       0.87200081394775775     
  0.58467294697709393       0.87640448145035987     
  0.56902872480501399       0.87486482274021937     
  0.55945437351687421       0.87037029903243035     
  0.56290193596747140       0.85930791566975051     
  0.57144944064425873       0.85636026105559770     
  0.57576411427854812       0.85209872985775781     
           7
  0.61678324744675650       0.67317094825355028     
  0.61873747387283462       0.68406489688206285     
  0.59703539211608103       0.67888550457996000     
  0.59618849997102263       0.67314471351794714     
  0.61079620065073470       0.66098784770357177     
  0.61834387986212047       0.66174684087301117     
  0.61943728234651318       0.66727536106107610     
           4
  0.40365489404659133       0.71500880368495634     
  0.39313720425475734       0.72548901904822249     
  0.38158990767356504       0.70819530751775839     
  0.40428834720565199       0.70350371140081569     
           8
  0.67331684409957393       0.24702811648670489     
  0.67314376681652655       0.25667729537228107     
  0.66715882405163440       0.25379808284866789     
  0.65243241516189454       0.25127686366260582     
  0.65389108905337467       0.24610101459974451     
  0.65658703008213160       0.24094053191839121     
  0.66300078132731266       0.23258187451056905     
  0.66804623436142307       0.23694646293520819     
           3
  0.36085881977117379       0.31376566859755900     
  0.34927080348393752       0.31567706318064143     
  0.34220745026794402       0.29865480229329378     
           7
  0.22416545057891041       0.38874841144712335     
  0.20538449361480901       0.38458039657168530     
  0.20140618079638911       0.38734995215190815     
  0.20543370221575286       0.37775533118801613     
  0.20451509736591766       0.36543301677333467     
  0.21134976864617389       0.36960676974560752     
  0.22369017797368676       0.37476206553815666     
           8
  0.58869998373339805       0.83184133548067984     
  0.59477955490792123       0.83556787529123322     
  0.59062918357965444       0.83905056776766995     
  0.58088904205750691       0.83638584030579921     
  0.57547268578097610       0.82624705420270295     
  0.57168316494690297       0.82289878393379445     
  0.57195252650854944       0.81586855890896715     
  0.58380120306087324       0.81703562705518840     
           4
  0.46884666956449900       0.37008278801190975     
  0.45305050305516714       0.36855384379085987     
  0.45004968495126968       0.35712370594570841     
  0.47042862149304376       0.35215585427763979     
           7
  0.51913261470344596       0.80824524996850489     
  0.50092528829386784       0.80341759198671003     
  0.49623962260501547       0.80041225982577258     
  0.49375999548375443       0.79296174195991476     
  0.50371824216658134       0.78706249796174976     
  0.51317598076956383       0.78603985999511083     
  0.51855442361688531       0.78437315746259306     
           7
  0.71783956217605549       0.22761067386475428     
  0.72267413237329492       0.23163201414586532     
  0.71342737347661023       0.23462598471101190     
  0.70002214955198505       0.23536465318703895     
  0.70160860011466597       0.21487057386841343     
  0.72280660039819034       0.21698567592493453     
  0.72302706350366019       0.22199311938847680     
           7
  0.30970444662277524       0.81252342586727444     
  0.30250415670774200       0.81321818636749355     
  0.29039177506206676       0.80991535319888375     
  0.29228602340471926       0.80298305416070370     
  0.29370577573571460       0.79511661728498872     
  0.30501605748693994       0.78980368343408802     
  0.31086979070434051       0.80242190073538844     
           7
  0.53260486938250307       0.52693840347028587     
  0.52849902746021848       0.52312849035383546     
  0.52256414979528265       0.52781939134800360     
  0.51621914087155130       0.51889490270323346     
  0.51469603109498097       0.50949792103425340     
  0.52393663025860759       0.50721156964248792     
  0.53103605153091693       0.50502413694574133     
           4
  0.42981074889883442       0.91492061061326446     
  0.42231937447444678       0.92236789839399502     
  0.40971739420245190       0.89882835128868188     
  0.42412659486544613       0.91203635345316947     
           5
  0.34556574923547401       0.90316004077471967     
  0.33554100073188942       0.91188141117673727     
  0.33418016525262945       0.89367941152993069     
  0.33991229063273531       0.89500263469670738     
  0.35274382947055577       0.89400708527083306     
           7
  0.53997426419020234       0.80342612604457064     
  0.52677731881590240       0.81285492503069701     
  0.51866546544998304       0.81533791057117722     
  0.52091915330348082       0.80391881482137761     
  0.52390483015658229       0.79539701906959603     
  0.53829911420197951       0.79242849781259628     
  0.53676601191266227       0.79749729659696800     
           6
  0.74040094153270397       0.11088254155845514     
  0.72519856979302033       0.10883259662316554     
  0.72290041900613455       0.10260293968658084     
  0.72283635057688556        9.4205939277386602E-002
  0.72904716065216890        8.8686814695646210E-002
  0.73815002065251178        9.0630468144753826E-002
           6
  0.63038225412689430       0.67577690219380637     
  0.62584582595252658       0.67938441163644525     
  0.61436769908074340       0.67804922665474654     
  0.60629323718006101       0.65750648917873666     
  0.61893564766619036       0.65697543964783667     
  0.62426298104877043       0.65624454782220587     
           8
  0.23065684415933740       0.32015007615625141     
  0.22454217426589218       0.32586632033807633     
  0.21680559217329240       0.32936130937076097     
  0.21145927081772825       0.32366409729496598     
  0.21026459665652186       0.30986911096227249     
  0.21491265734997281       0.30625280149707484     
  0.22649924326298712       0.30635967053520902     
  0.23104862623974112       0.31201501943800664     
           6
  0.55589000566761870       0.87006730680727817     
  0.53150585845976306       0.86872816230141325     
  0.53400488571321514       0.86347538068776664     
  0.54301696949875833       0.85113985587034757     
  0.54829313667584278       0.85039113289873103     
  0.55584284805806206       0.85924625809523869     
           5
  0.54527409562881335       0.95433734356111799     
  0.53904952109116266       0.96304421766586024     
  0.52583882829128292       0.94988854029336367     
  0.53553518983194959       0.94638288777274093     
  0.54081156915586959       0.94919971666463543     
           8
  0.61864669400187788       0.72961255627701982     
  0.60910802196969038       0.72543233444621646     
  0.59771247547724904       0.73092173704152952     
  0.60081447889697948       0.72310830885620092     
  0.59743890859573212       0.71939027734355532     
  0.60251815514153950       0.71843402711482229     
  0.60017343622522745       0.71129071401767674     
  0.60272206580657917       0.70583023596821548     
           5
  0.50184593355209861       0.79900104761813096     
  0.49035673302322264       0.79396085006895001     
  0.48345856420384886       0.79098504712634365     
  0.47827512200009137       0.78664860659331748     
  0.49202548316161221       0.77557189166409146     
           7
  0.47758948252840366       0.43969609563269274     
  0.47134012731584563       0.44885117729421659     
  0.46226650124165053       0.44312942037682362     
  0.45748462321943667       0.43871431796199867     
  0.45712914061171322       0.43152909593279165     
  0.46384265808991720       0.43203882508896391     
  0.47364926692778597       0.43130151155933011     
           6
  0.38226299694189603       0.73598369011213050     
  0.37549096104032975       0.74218023153130908     
  0.37145764929739777       0.73263257379499358     
  0.37260607720797201       0.72486515768940940     
  0.37904507341692489       0.72386159567061925     
  0.38580979167171253       0.72497019225139891     
           5
  0.47562293062119848       0.69700012513558318     
  0.45857911172991311       0.70332094944141710     
  0.45978650956836853       0.69643571076719868     
  0.46039380043457662       0.68821653640289604     
  0.47367485198786580       0.68519787649895325     
           8
  0.54434312974863930       0.62239572333497617     
  0.54561180687337218       0.62914748548898980     
  0.54286776956145555       0.63376919538068865     
  0.52459381409588446       0.62962520964425972     
  0.52305190432131310       0.61695941961338663     
  0.52799440031075962       0.61079012760694240     
  0.53800427879846879       0.61273404364585260     
  0.54560134236637603       0.60962189542585110     
           3
  0.78472714810198485       0.77805121527899701     
  0.77325402940261878       0.75665413143237736     
  0.78593272171253825       0.76656472986748214     
