   994.00000000000000     
   206.00000000000000     
         100
           8
   38.000000000000000     
   51.000000000000000     
   73.000000000000000     
   70.000000000000000     
   58.000000000000000     
   54.000000000000000     
   1.0000000000000000     
   98.000000000000000     
   62.000000000000000     
   98.000000000000000     
   25.000000000000000     
   86.000000000000000     
   46.000000000000000     
   27.000000000000000     
   17.000000000000000     
   97.000000000000000     
   74.000000000000000     
   81.000000000000000     
   62.000000000000000     
   59.000000000000000     
   23.000000000000000     
   62.000000000000000     
   66.000000000000000     
   35.000000000000000     
   53.000000000000000     
   18.000000000000000     
   87.000000000000000     
   32.000000000000000     
   4.0000000000000000     
   61.000000000000000     
   95.000000000000000     
   23.000000000000000     
   15.000000000000000     
   5.0000000000000000     
   53.000000000000000     
   97.000000000000000     
   70.000000000000000     
   32.000000000000000     
   27.000000000000000     
   42.000000000000000     
   67.000000000000000     
   76.000000000000000     
   15.000000000000000     
   39.000000000000000     
   14.000000000000000     
   43.000000000000000     
   11.000000000000000     
   93.000000000000000     
   53.000000000000000     
   44.000000000000000     
   80.000000000000000     
   87.000000000000000     
   97.000000000000000     
   67.000000000000000     
   72.000000000000000     
   50.000000000000000     
   8.0000000000000000     
   58.000000000000000     
   55.000000000000000     
   67.000000000000000     
   89.000000000000000     
   38.000000000000000     
   65.000000000000000     
   3.0000000000000000     
   5.0000000000000000     
   46.000000000000000     
   100.00000000000000     
   52.000000000000000     
   28.000000000000000     
   96.000000000000000     
   18.000000000000000     
   16.000000000000000     
   7.0000000000000000     
   73.000000000000000     
   76.000000000000000     
   6.0000000000000000     
   64.000000000000000     
   39.000000000000000     
   86.000000000000000     
   70.000000000000000     
   14.000000000000000     
   83.000000000000000     
   96.000000000000000     
   43.000000000000000     
   12.000000000000000     
   73.000000000000000     
   2.0000000000000000     
   21.000000000000000     
   18.000000000000000     
   55.000000000000000     
   75.000000000000000     
   68.000000000000000     
   100.00000000000000     
   61.000000000000000     
   24.000000000000000     
   40.000000000000000     
   48.000000000000000     
   51.000000000000000     
   78.000000000000000     
   35.000000000000000     
           1
  0.36720321931589539       0.69315895372233405     
           8
  0.15553946781046829       0.18807326410616612     
  0.15697636311282645       0.19474511175704995     
  0.14338321594140133       0.19544148624756541     
  0.13346379832046951       0.18598249406106102     
  0.13479995280025558       0.17525434567737028     
  0.13537362634012456       0.16590101584080941     
  0.15999204383600923       0.17230679299910581     
  0.15995175487100591       0.17788353219839140     
           5
  0.80238154841275888        1.7408286498722260E-002
  0.79303499213575168        1.5977813331788899E-002
  0.78210349862985984        2.3289206896413587E-003
  0.80492477655426331       -1.2394931374383215E-003
  0.80848502209327844        5.2897769366095160E-003
           5
  0.66292713668564851       0.52513709076537429     
  0.64737485162722930       0.52400708148600172     
  0.64814728009972367       0.50362588641638051     
  0.65842238075920412       0.50179147185588202     
  0.67022116287424993       0.50671975560514204     
           6
  0.47814848761819023       0.28521155265004200     
  0.45813163026791043       0.28442132298980849     
  0.45049798766524052       0.27383956162108974     
  0.44865811875486622       0.25945917195955503     
  0.46101262907731189       0.26375118397828595     
  0.46754319824580315       0.26133611365170806     
           4
  0.30078884582243187       0.54486825420681750     
  0.29360468288865010       0.54781174763943252     
  0.29170132642547003       0.52149854507863314     
  0.31500714384648221       0.53108981481592288     
           6
  0.82625560550304789       0.23509555119238973     
  0.82321865267373351       0.24137026920219659     
  0.81361545064292795       0.24000183864372487     
  0.80261371827859973       0.22508064373547504     
  0.80863974840749364       0.21473025783700728     
  0.82166459380374945       0.22057318421747119     
           4
  0.64865432016390145        9.8770403402748924E-002
  0.63636201941214399        8.4932158833063320E-002
  0.64649825041746301        7.6547423634526171E-002
  0.66205968244524771        7.6248416584152878E-002
           4
  0.61711597332052004       0.64783189908562244     
  0.60409310479517542       0.64418181601926272     
  0.60754251906261225       0.61888304406861006     
  0.62112311529590691       0.62447003505784515     
           8
  0.25485720261465389        5.5533017854831557E-002
  0.24414944931576110        4.7362227192066328E-002
  0.24812262833618162        4.2801074780942000E-002
  0.24566107452056821        3.7690075556409651E-002
  0.25101735729598362        3.5666590912865510E-002
  0.25535802393407031        3.2017036434984505E-002
  0.26285041741796583        2.7089241506153321E-002
  0.27388495479627267        3.4780636710012268E-002
           6
  0.62764187267818328       0.31198478409956754     
  0.60615520788927257       0.30995210209741741     
  0.61113771598135058       0.29444758505627300     
  0.61816283359407564       0.28721802448040246     
  0.63066684538249751       0.29055466176084233     
  0.63391880872495632       0.29820021157078735     
           6
  0.48936273332564068       0.96026632588323313     
  0.48843659534369777       0.97294316123470748     
  0.47442083332388202       0.97717735374597381     
  0.47203011231524505       0.95228872381107144     
  0.48171608599266447       0.94834104489653270     
  0.49078187707806886       0.94787970868417126     
           4
  0.42285397540507391       0.48582186701567698     
  0.41606749240564822       0.46956798143633849     
  0.42546519881938860       0.46177087212048867     
  0.43762058541545934       0.47089243282356730     
           7
  0.41916068829859543        7.9017320753020398E-002
  0.39516283172587102        7.5483812450159907E-002
  0.39746866002890124        7.0039913363497852E-002
  0.39428472181419127        5.7492920246628887E-002
  0.40125632310567100        5.0754905150362954E-002
  0.40714085611460193        5.1759233071845753E-002
  0.42254594860938055        6.1617912554382405E-002
           7
  0.67462249044812550       0.37926677623193916     
  0.66317484155702755       0.37967363001377585     
  0.66005109790696237       0.38577904995883694     
  0.64468996640457255       0.36999454336201737     
  0.66181659095457523       0.36038893175154940     
  0.66960082761859818       0.35734614278752075     
  0.67403261278632232       0.36453683745007381     
           6
  0.21344512877443605       0.47748029168913364     
  0.21868379872753801       0.48481337227022164     
  0.20513278339161842       0.47987370600050328     
  0.19152471330286033       0.47802001760612234     
  0.19313966467254337       0.46713485792440707     
  0.21446702261344774       0.46048598934226875     
           8
  0.32547765649373706        2.9172985894460504E-002
  0.31383275752654327        3.4867402510239287E-002
  0.31129174586134017        2.8702647160925979E-002
  0.31001493029730198        1.2669891504548008E-002
  0.31831602324395791        7.3513391721445973E-003
  0.32768826549045743        6.0319363186062073E-003
  0.33422837842732567        8.8568506462211906E-003
  0.32934327604616132        1.6740568170596094E-002
           4
  0.59286993561549384       0.59139120906566389     
  0.57507299216190177       0.59971767921585295     
  0.56770721993178808       0.59153148615041307     
  0.57572375277155774       0.58260483545115149     
           3
  0.46958484489730018       0.35630304994948481     
  0.46076458752515093       0.35613682092555332     
  0.47222468536845452       0.34773253798842668     
           3
  0.58935032078315253       0.88488950157828639     
  0.56643028152264674       0.87329472237673056     
  0.58386328460503145       0.86161037334518553     
           7
   5.4651455583637834E-002  0.52554134808544928     
   3.2402072836077253E-002  0.52089991078802533     
   3.8382035552046598E-002  0.51210516815217078     
   3.2412562396190718E-002  0.51100339106682169     
   4.0122558642921136E-002  0.50149895232294928     
   5.6841612198933272E-002  0.50001381090523245     
   5.7311283502629214E-002  0.51154318491607864     
           8
  0.57301517710117822       0.75570641402419603     
  0.56517902264122544       0.75507473735309460     
  0.55605982659089548       0.75789918470958717     
  0.55614943147803886       0.74329964445260510     
  0.56718871605168497       0.73767987344892849     
  0.57704808891733694       0.73100429856936910     
  0.58617328813686076       0.73597783757896118     
  0.58595575962120605       0.74180235375117043     
           4
  0.13493465448717656       0.44847376275374345     
  0.11516857341844793       0.44207054869827839     
  0.13243333584425390       0.42671625886111769     
  0.13838661149655007       0.43487842844073393     
           3
  0.53406185504503845       0.82292611968617901     
  0.54977161198543967       0.80189740557982980     
  0.56055315907694647       0.80902342505260749     
           6
  0.20924000037389714       0.70302861588100918     
  0.20514164537640278       0.71396209582410930     
  0.18509447919424935       0.70029014632563913     
  0.18769724762060558       0.68929829926960673     
  0.20652506113429128       0.69071117013240169     
  0.20677841038843323       0.69730970997878294     
           7
  0.63197485179589852       0.30004529975243682     
  0.63164675024087846       0.30941430879290555     
  0.60939765273370117       0.30956690661773539     
  0.60494574069875617       0.30546064157883990     
  0.60727853425395029       0.28773534424086472     
  0.61817249799230523       0.29126995571694081     
  0.62351027050351526       0.28846872148555380     
           4
  0.86676881531941630       0.57784026324823734     
  0.84612074809575033       0.58139541483532786     
  0.84382791939306367       0.55706418816351577     
  0.85714285714285710       0.56639839034205230     
           3
  0.78471760291290438       0.80714812875225916     
  0.77665995975855129       0.80784708249496984     
  0.76896534569006247       0.79658796988817870     
           7
  0.69370467687780779       0.34606353201099682     
  0.69163345297368195       0.35338544987969539     
  0.67301810042497157       0.35407501685174830     
  0.67294568397679722       0.34723638994786254     
  0.66752041249320848       0.33796642170363966     
  0.67361677590075564       0.33047525865938937     
  0.69727830388870837       0.32923579133445735     
           5
  0.93348530895480353       0.18884597937915168     
  0.91561944203749501       0.18697556022518863     
  0.90877963790107130       0.17449368176972663     
  0.90820125580676614       0.16677518937973040     
  0.93144191311923596       0.16735542804370612     
           5
  0.40477904206850424       0.96311861265089072     
  0.39149984404073096       0.96484580896539884     
  0.37845212942918682       0.94702909433164173     
  0.39584106155012072       0.93942232238751144     
  0.40242049297863175       0.95139217783790087     
           6
  0.12178804124590890       0.79104943712811626     
  0.12426276373387979       0.80025933002514005     
  0.10301060664046172       0.79847937256326540     
  0.10252429698876746       0.78660111856709791     
  0.11284491410316567       0.77395110952527335     
  0.12700361344749170       0.78256772102293859     
           3
  0.24184749212157081       0.74303334134065713     
  0.22736418511066397       0.74044265593561365     
  0.21488366682428511       0.72853978206933734     
           6
  0.13519357201485513       0.93853942145543001     
  0.12918516134296132       0.93469576023920586     
  0.12210805045882528       0.93698233876860171     
  0.10820092216457169       0.93611041741285661     
  0.12524929153057776       0.91463182420859879     
  0.13160478735108339       0.91783947296694979     
           3
  0.58850833673923364       0.59060635815129414     
  0.58752515090543256       0.57545271629778671     
  0.59792958841065813       0.57511285554493774     
           5
  0.13706381562141107       0.56590660345227339     
  0.12005124752893470       0.56844867904286378     
  0.13662705596266747       0.54893957651078928     
  0.14018471076930503       0.54295883360695352     
  0.14804316273547846       0.54595558423266388     
           6
  0.93119687671639895       0.18746953087984747     
  0.91895143607965146       0.18539858699943851     
  0.90638691033943486       0.18907402292007117     
  0.91750503018108653       0.17404426559356137     
  0.92743113686087264       0.17179657934178269     
  0.92658046427354079       0.18049083217642886     
           4
  0.84057669777833310       0.24848471971719019     
  0.82383849781382479       0.23850043445339905     
  0.82341322112165649       0.22833307019505492     
  0.84403914424666582       0.22499116558439783     
           7
  0.86426884974017426       0.68929031384039563     
  0.85280659502124789       0.69247642804082732     
  0.84149160536461964       0.68815235697696442     
  0.84171601320376577       0.67381892635924390     
  0.84773910554023413       0.67615791534885805     
  0.84967549212883176       0.66799234006640484     
  0.87102063054976619       0.68088816452787726     
           4
  0.61334138716327247       0.31908121755904728     
  0.60160965794768617       0.32394366197183100     
  0.58688432462163598       0.31886454344953796     
  0.60117331672690766       0.31400933567381295     
           4
  0.64342974617589888       0.48994766369784859     
  0.62501926146686015       0.48925171589018424     
  0.62092340662538581       0.48014046587769865     
  0.63078470824949695       0.47484909456740443     
           5
  0.10605564920534948       0.44384287846262532     
   7.9128511407958929E-002  0.45634003419302105     
   8.0141222237809936E-002  0.44016902733923857     
   8.7168024833787147E-002  0.43022655419143929     
  0.10622102582536261       0.43040938280045493     
           3
  0.69655534018814624       0.28586817062289971     
  0.69215291750503016       0.27565392354124746     
  0.70547261442807185       0.27187829975663846     
           4
  0.99465054079809023       0.19097148180139287     
  0.97948613393354822       0.19210079782770562     
  0.97457203048531338       0.17804997246867363     
  0.98600234416270327       0.16558201671785042     
           5
  0.61361760022442646       0.47318016739925173     
  0.58756266276605484       0.46641087980398405     
  0.59614022242898956       0.45280451426458984     
  0.61314531165705233       0.44869486884030774     
  0.60917416242563849       0.45633825899370856     
           3
  0.94521103139506590        2.3459266710060597E-002
  0.94231286700754391        3.4919369069995557E-002
  0.92250699098200606        1.1363263841046734E-002
           8
  0.16711452732268620       0.65881507451892618     
  0.15565565161633943       0.65672740096273008     
  0.15883253595876681       0.64381724089963976     
  0.15806776569707631       0.63774785449259397     
  0.16609907173151769       0.62885487790971606     
  0.17806600199040434       0.63589824087825675     
  0.18390603419035204       0.63375569841025270     
  0.18361281862234063       0.63983739536970652     
           3
  0.94668008048289742       0.60462776659959760     
  0.94030917524313207       0.59069343083863779     
  0.95401867132963702       0.59043042833837711     
           8
  0.89347138889980915       0.49614409173954138     
  0.89057296888118209       0.50330780211849102     
  0.88224197771643698       0.50264582048827666     
  0.86592525941320864       0.50111066752546141     
  0.86745350124676301       0.49142236042303894     
  0.86800857796333564       0.47983648235725013     
  0.88757487320812190       0.47994137128220782     
  0.88693306140676076       0.49229470560041649     
           8
  0.81644765061751523       0.10198448912714855     
  0.81333315017780816       0.10827841510500542     
  0.80010186717325815       0.10847032835795105     
  0.79478578726617433       0.10347004704004394     
  0.79018575772806732        9.2546993666894201E-002
  0.80019271268771952        8.3689585341629319E-002
  0.81108855913687949        8.7834491225755262E-002
  0.81072895628651598        9.5312472982274687E-002
           3
  0.45629704401122201       0.83487468669542619     
  0.44232419434714193       0.81555861586379663     
  0.46286717030855606       0.81458290681992895     
           5
  0.88616501266794945       0.98058611647383787     
  0.87666033251236197       0.99035625986447040     
  0.86302929992969590       0.97496104945550399     
  0.86422162804073943       0.96747235674123633     
  0.86915848411682584       0.96050505921399998     
           4
  0.84652252338877165       0.93295899903162571     
  0.82714798975233994       0.92841914822030647     
  0.83147626906198346       0.90277032114713140     
  0.85069908520410620       0.90205318459884398     
           8
  0.11743946727132142       0.91920265297818349     
  0.12005254040572245       0.92623990357434993     
  0.10129537476024092       0.93297356214723381     
   9.4708503093768701E-002  0.92008533164920003     
   9.4656467221990406E-002  0.91442636522963627     
   9.7846545857688136E-002  0.90604570952203844     
  0.10347065069730566       0.90560587467456943     
  0.11130148756785616       0.90996210453605242     
           5
  0.27497436120777302       0.10913818615271079     
  0.26191742194044049       0.12247723823120255     
  0.24684632028470119       0.10913346794527412     
  0.24880823803351887        9.5616137202422929E-002
  0.26863846493766236        9.3983493877082241E-002
           4
  0.33595095804458214        5.9212595718699482E-002
  0.32415690972916988        4.0748004135766229E-002
  0.34004268050592318        2.9903358920659297E-002
  0.34504876768453868        3.8303436219519434E-002
           8
  0.70317878505346676       0.62117536329498191     
  0.69883630866565194       0.62544088018290211     
  0.70380895170917446       0.63032904862001293     
  0.69636248004841361       0.63125427268824175     
  0.68045743536552483       0.62848663839831131     
  0.67734572828450135       0.61966369158814572     
  0.68947377780003283       0.60378490494508186     
  0.69460665092591245       0.60183899760791237     
           8
  0.73865422408391801       0.38375253922650948     
  0.73169724363443966       0.38796363710758602     
  0.71991711938202252       0.38629378964451727     
  0.71852991359315310       0.37687809073155115     
  0.71709816179382513       0.36355582023539984     
  0.72645031545274186       0.36596421288215158     
  0.73182332244161774       0.36573274904648467     
  0.74187471737322941       0.35899972325090185     
           3
  0.49417592413534600       0.51087854518631637     
  0.47782252469048631       0.51349196665241814     
  0.48993963782696176       0.50000000000000000     
           4
  0.72107578671819128       0.45443288561047002     
  0.71276348421030233       0.45754689884821526     
  0.69918888016374603       0.42854088600223816     
  0.71749608726192293       0.43126588917400016     
           5
  0.73273874761821700       0.41506998045080623     
  0.73205238232098679       0.42339093589096544     
  0.71206713734780869       0.42635868462592114     
  0.71155058110297287       0.40264475716020570     
  0.73310018293465107       0.40735782985090163     
           4
  0.63883299798792759       0.79879275653923543     
  0.62374476983489491       0.80792822092191963     
  0.62946556181491586       0.78779057199315439     
  0.64734442421414706       0.79084907318071074     
           6
  0.94730273182701163       0.98780439894233518     
  0.94061494847407900       0.98567688912951656     
  0.92203121034000501       0.99015867933956925     
  0.92301967842508637       0.96996140032992706     
  0.93052688026196206       0.96565818520938107     
  0.94105028883829267       0.97878983290557176     
           5
  0.64860790661465384       0.35937446882443980     
  0.65284048052872201       0.36992364115783982     
  0.62874067684073198       0.35974840161178634     
  0.63337788774242232       0.34389768481026073     
  0.64813618641825876       0.34444178131106479     
           4
  0.65200010287707788       0.54633946996238825     
  0.63782696177062370       0.54325955734406439     
  0.62981330069044605       0.53838703308901459     
  0.64823827601268336       0.53436730819632050     
           7
  0.67049708603122893       0.26982574922966274     
  0.67362158553435092       0.27642395161119404     
  0.65336808408304903       0.27050685576588118     
  0.64651401161254796       0.26647649520306227     
  0.65002874451160353       0.25285305167063088     
  0.65927159163949645       0.24905971679136424     
  0.67433326735704702       0.25914387439669817     
           5
  0.31896912401412075       0.17619901564109913     
  0.31479663619849774       0.18247926495022410     
  0.29024060605902668       0.16951529992961420     
  0.31301527935501910       0.15847354868198715     
  0.32014398324341092       0.15440266212098150     
           7
  0.72652498834103973       0.42236923043691554     
  0.71823122957939534       0.42682372589223477     
  0.70395483913385837       0.42624804619008932     
  0.70849477835394525       0.42027075952283693     
  0.70336341661626611       0.41658614225486246     
  0.69810618035953387       0.40753345747302816     
  0.71985680179288813       0.40824853157395419     
           6
  0.27020678133906545       0.14001984745278820     
  0.26079800576611673       0.14797215450197609     
  0.24199767422913146       0.14296247467311812     
  0.24187657249742922       0.12471336589227237     
  0.24774052739026908       0.12121798367538733     
  0.26681949219301332       0.12332062131867433     
           6
  0.35253363153378825        4.2926988556851592E-002
  0.34588656124205275        4.2350524273857541E-002
  0.33765502783115109        3.7524002556584765E-002
  0.33551267705034921        2.8648695603188352E-002
  0.34088700515638221        1.9588821734811988E-002
  0.35428256371751726        1.8490265875946710E-002
           5
   7.3861650749472235E-002   8.8389495166881410E-002
   6.5990671847614021E-002   9.2079519126654547E-002
   6.4234348688017515E-002   8.5393388676643256E-002
   6.9255704919175556E-002   7.1128597235995517E-002
   8.6637387867974702E-002   6.5814693589194631E-002
           3
  0.88464651338536460        1.0058091789507828     
  0.88802795081895614       0.98622352594303209     
  0.90673031529704007       0.98941942965873553     
           4
  0.74660064426608863       0.37989615930069465     
  0.72554071203834358       0.38146720570296311     
  0.71871186125402398       0.36688375951214963     
  0.74812335146223641       0.37028447958003879     
           7
   3.7569050739826096E-002  0.92004932188561594     
   4.2229952720199936E-002  0.92998545142254807     
   3.1003886633850435E-002  0.93064337364815641     
   1.8176892025111135E-002  0.92960904128222765     
   1.9959557052460233E-002  0.91353655167947145     
   4.2972373583567001E-002  0.90178518721246526     
   4.0183005750962127E-002  0.91087584867552684     
           7
  0.37299596240742677        4.2186702966034190E-002
  0.36387325509263052        4.8062180622400363E-002
  0.35442898896294234        4.9140796286888958E-002
  0.34494393512026006        4.7413693670067987E-002
  0.34896865590311055        4.0207011861331972E-002
  0.34361202020070380        3.6298852561879778E-002
  0.35083271299279084        2.6664165839469539E-002
           7
  0.28970551334339867       0.95699941614649364     
  0.28322849907925335       0.95957140716583722     
  0.27538526762605881       0.96412640944517092     
  0.26483860410458782       0.96357043796192865     
  0.26105053999478112       0.94508285783065649     
  0.27570123470922558       0.93700788851507699     
  0.28752750517368619       0.93844646950876665     
           7
  0.33532374993819386       0.10887594020121716     
  0.32447997771270326       0.11103458096941549     
  0.31283086128024629       0.10791091108966071     
  0.31464526346562366        9.7693592915209015E-002
  0.31528554976054862        9.0733498014726396E-002
  0.31923820887189275        8.2650920761978636E-002
  0.33805002408353269        9.4472163964031311E-002
           4
  0.68192524654845443       0.41334603943506826     
  0.65278228412837125       0.39235764511685106     
  0.65940670822092040       0.38470855277134258     
  0.68145298159335987       0.38925759245876584     
           4
  0.72256903741522827       0.24947628560299009     
  0.69518088565384484       0.24078584525555644     
  0.70578398830371492       0.22790903891015796     
  0.72236449069677844       0.22522645866677760     
           8
  0.43164915967153256       0.85405281371488917     
  0.41728396776328253       0.85054740257965056     
  0.40756671472282663       0.85633407049311017     
  0.40845159549179805       0.83296063074035942     
  0.42176050795493619       0.83412513214120099     
  0.42302859350720645       0.82756228437961987     
  0.42883919331859011       0.82726840477766073     
  0.42828599620594360       0.83941235993799390     
           5
  0.59393057901479096       0.59234769790182373     
  0.56704349131399423       0.59525345307365241     
  0.56479730485462898       0.57902775762264236     
  0.57998034445220714       0.58073452482119059     
  0.58799183933612531       0.58023222839902899     
           7
  0.76581512029460430       0.99837532395531214     
  0.75690770412359454       0.99185520254134996     
  0.74577953499628835       0.99314873256469405     
  0.74319790788368767       0.98707352681453053     
  0.74743094158693035       0.97431794971292418     
  0.74596821479754294       0.96795026484065094     
  0.76306659971146340       0.98023990705781816     
           3
  0.73038229376257546       0.36519114688128773     
  0.71988905272656301       0.36256654561414364     
  0.71510994404758854       0.35200570254307861     
           7
  0.87811400528878147       0.95647490461973828     
  0.87406521985034946       0.96264845925699349     
  0.85875299861287102       0.96205569664860702     
  0.85098767305823275       0.94158081403622185     
  0.86284706564062730       0.94111916150023756     
  0.86803935625016415       0.94476526706798925     
  0.87968465380824368       0.94576996746812447     
           4
  0.30404690664995226       0.13910251843262827     
  0.29794491587550165       0.14511180420392591     
  0.29595764210772968       0.13589206357016487     
  0.31450909900425411       0.11641075741648388     
           5
  0.42832564938792123        1.0070999465472299     
  0.40552076409352233        1.0068874580394118     
  0.40295541370266780       0.99508327985375800     
  0.41164928265713857       0.98124433340400463     
  0.43146507560888392       0.98527966085462682     
           5
  0.21163481793268452       0.14772739914940550     
  0.18971611277626188       0.14597996575295424     
  0.18624432951548867       0.13667975370455540     
  0.18663115431846544       0.12123473814840313     
  0.21466905430940578       0.12682968849893539     
           8
  0.81885652507671192       0.41937876525410067     
  0.79277984929251744       0.41964254865030703     
  0.79718651794552320       0.40812151962945598     
  0.79404910661499906       0.40174121673936947     
  0.80170040400638465       0.39872275114000499     
  0.80709374736727291       0.39892800470952883     
  0.81375907823130533       0.39608564667310481     
  0.81540821870783664       0.40123313614684930     
           6
  0.68402058877616378       0.43939821471610102     
  0.66968357511784937       0.44399825887821476     
  0.66793423094752902       0.43047829682570266     
  0.67474673905756644       0.41864982508697135     
  0.68591557811103032       0.41818236998501540     
  0.69365255958065319       0.42776460711498399     
           4
   1.0043138041649926       0.81921238407701547     
  0.98649982055003282       0.82043669694265886     
  0.98523020032964626       0.80120637767356606     
   1.0000000000000000       0.80885311871227361     
           4
  0.31287726358148893       0.11670020120724346     
  0.30313598987948259       0.12219316339476329     
  0.30497422026528209       0.10903487052718740     
  0.32829766899278584       0.10463124755478284     
           5
  0.75259507269104065       0.90632495870277330     
  0.74429583832268853       0.91184821049646314     
  0.73063971799644778       0.90925725910564126     
  0.73508161625726742       0.90022415287748081     
  0.75333808968498839       0.88814386116265021     
           6
  0.28266820129522252       0.10006834948330671     
  0.27528669828701136       0.10678680375678434     
  0.26648149789681286       0.11142387541249794     
  0.26140294772464201        9.5402882992072363E-002
  0.26003608319208749        8.6505991958552034E-002
  0.28113093714317383        8.2248254016194455E-002
           4
  0.18975100715947965        1.0000031909620792     
  0.16436181657952509        1.0107682960314324     
  0.16377025084204136       0.99869929537921598     
  0.18768017713534407       0.98291262373577859     
           6
  0.70661443074316388       0.60024115527851185     
  0.68876549617130023       0.60366083119484171     
  0.67801357910920657       0.59800789860864390     
  0.67865552518553818       0.58791132371877419     
  0.68263598818958759       0.58164237979280742     
  0.70660600065358836       0.58268634414802301     
           5
  0.11384482283540648       0.85090394528061086     
  0.10334258604914583       0.85224988628439469     
   9.6145084287197605E-002  0.84823467736299751     
   9.8454543187744561E-002  0.84174537855752318     
  0.10764587525150905       0.84104627766599593     
           4
  0.71206404917757937       0.54022342964065606     
  0.70435660518128007       0.53055868919725557     
  0.70036723517452026       0.51125734293403025     
  0.72217507975354889       0.51171661755161568     
           6
  0.68074899568155722       0.88383597074098963     
  0.67233268164575977       0.87664409553671130     
  0.67176148043005612       0.86548492543716782     
  0.67469854091819792       0.85607063827551866     
  0.68659494557540268       0.85702240524824014     
  0.69539706915840860       0.86273828729027047     
           8
   1.0035109213526727       0.89074573699784110     
  0.99314564541198591       0.89759307879816763     
  0.99272249974972415       0.89220950808870170     
  0.98052827429185818       0.88200414511196601     
  0.97683315862000342       0.87407965707081048     
  0.99197347441326800       0.87147324527260750     
   1.0063016669776859       0.87377920644890006     
  0.99973815177181546       0.88105389618917140     
           7
  0.97144108251818506       0.96187659228449651     
  0.95933821005093323       0.96645206408366624     
  0.94659447054806423       0.96822712196863014     
  0.94633745152083037       0.96201555794844096     
  0.94865385319745110       0.94808379224909511     
  0.96849519421661789       0.94705152357327926     
  0.97204615478304224       0.95269038977252751     
           8
  0.62723918567960557       0.75859410535530281     
  0.62963622684578668       0.76557591876983644     
  0.61885706705111776       0.76754077116084884     
  0.60793197472728144       0.76837926705167570     
  0.60923282080013452       0.75383881908206007     
  0.60865594273867474       0.74036618063308601     
  0.62576491848250981       0.74446134467810243     
  0.63129117338533480       0.74417620500102255     
