   996.00000000000000     
   18.000000000000000     
         147
           8
   10.000000000000000     
   4.0000000000000000     
   7.0000000000000000     
   4.0000000000000000     
   8.0000000000000000     
   1.0000000000000000     
   4.0000000000000000     
   1.0000000000000000     
   5.0000000000000000     
   5.0000000000000000     
   1.0000000000000000     
   4.0000000000000000     
   4.0000000000000000     
   4.0000000000000000     
   2.0000000000000000     
   5.0000000000000000     
   3.0000000000000000     
   10.000000000000000     
   1.0000000000000000     
   2.0000000000000000     
   9.0000000000000000     
   5.0000000000000000     
   5.0000000000000000     
   2.0000000000000000     
   1.0000000000000000     
   7.0000000000000000     
   10.000000000000000     
   5.0000000000000000     
   10.000000000000000     
   10.000000000000000     
   2.0000000000000000     
   9.0000000000000000     
   1.0000000000000000     
   10.000000000000000     
   9.0000000000000000     
   2.0000000000000000     
   3.0000000000000000     
   4.0000000000000000     
   4.0000000000000000     
   9.0000000000000000     
   10.000000000000000     
   5.0000000000000000     
   4.0000000000000000     
   10.000000000000000     
   1.0000000000000000     
   5.0000000000000000     
   8.0000000000000000     
   5.0000000000000000     
   1.0000000000000000     
   6.0000000000000000     
   10.000000000000000     
   1.0000000000000000     
   6.0000000000000000     
   4.0000000000000000     
   3.0000000000000000     
   7.0000000000000000     
   2.0000000000000000     
   8.0000000000000000     
   6.0000000000000000     
   4.0000000000000000     
   4.0000000000000000     
   2.0000000000000000     
   3.0000000000000000     
   5.0000000000000000     
   6.0000000000000000     
   4.0000000000000000     
   8.0000000000000000     
   2.0000000000000000     
   3.0000000000000000     
   3.0000000000000000     
   5.0000000000000000     
   6.0000000000000000     
   10.000000000000000     
   8.0000000000000000     
   8.0000000000000000     
   4.0000000000000000     
   6.0000000000000000     
   5.0000000000000000     
   1.0000000000000000     
   5.0000000000000000     
   9.0000000000000000     
   2.0000000000000000     
   8.0000000000000000     
   7.0000000000000000     
   6.0000000000000000     
   5.0000000000000000     
   6.0000000000000000     
   7.0000000000000000     
   10.000000000000000     
   10.000000000000000     
   10.000000000000000     
   1.0000000000000000     
   9.0000000000000000     
   3.0000000000000000     
   10.000000000000000     
   3.0000000000000000     
   7.0000000000000000     
   2.0000000000000000     
   8.0000000000000000     
   2.0000000000000000     
   5.0000000000000000     
   1.0000000000000000     
   6.0000000000000000     
   4.0000000000000000     
   9.0000000000000000     
   10.000000000000000     
   8.0000000000000000     
   5.0000000000000000     
   6.0000000000000000     
   4.0000000000000000     
   1.0000000000000000     
   10.000000000000000     
   9.0000000000000000     
   5.0000000000000000     
   8.0000000000000000     
   6.0000000000000000     
   6.0000000000000000     
   8.0000000000000000     
   5.0000000000000000     
   5.0000000000000000     
   7.0000000000000000     
   9.0000000000000000     
   6.0000000000000000     
   2.0000000000000000     
   3.0000000000000000     
   2.0000000000000000     
   4.0000000000000000     
   7.0000000000000000     
   6.0000000000000000     
   9.0000000000000000     
   2.0000000000000000     
   10.000000000000000     
   5.0000000000000000     
   6.0000000000000000     
   6.0000000000000000     
   7.0000000000000000     
   7.0000000000000000     
   7.0000000000000000     
   8.0000000000000000     
   9.0000000000000000     
   7.0000000000000000     
   2.0000000000000000     
   6.0000000000000000     
   10.000000000000000     
   3.0000000000000000     
   10.000000000000000     
   5.0000000000000000     
           1
  0.70983935742971882       0.63554216867469882     
           8
  0.41817203132926961       0.12335551584456912     
  0.41773939801261972       0.12955075715065043     
  0.39539350061776718       0.13562746274682957     
  0.39674397717196064       0.12238217877265861     
  0.39206980244494355       0.10994279687824028     
  0.41637194311308540       0.10838800457498990     
  0.42182374289863084       0.10975866154190171     
  0.41605518192744112       0.11720679633530665     
           7
  0.81852609504759077       0.43141321242159886     
  0.79919391458456390       0.42910202181854035     
  0.80514912653090087       0.42185915639471272     
  0.79915392939373386       0.41580683022362647     
  0.81540229586432400       0.40901455720758073     
  0.82436261285608414       0.40548570431582642     
  0.82466193294540213       0.41721817359226021     
           7
   1.9853806661425021E-002  0.67439135493599278     
   2.1145689840678487E-002  0.68015527272397569     
   1.2748700423899782E-002  0.67828091513647237     
  -6.4829990810404657E-004  0.67710428282165536     
   6.3883258013796781E-004  0.66576009017875415     
  -4.0517694562927729E-003  0.65954230926252999     
   1.0129177363941399E-002  0.66178935555302287     
           8
  0.34787825510968973       0.62395321176070229     
  0.35150677280503850       0.62832581402225085     
  0.33760195826203088       0.62451419958022780     
  0.32932850019159743       0.62851831786251333     
  0.32390774318240834       0.61562119922847991     
  0.32582560314576464       0.60240235646291174     
  0.33868480335347806       0.59886478923098574     
  0.34757507655649705       0.61010829354048501     
           8
  0.37618975972243390        5.2171472637730698E-002
  0.37929766465094966        5.8382401844927621E-002
  0.37240541792165538        6.3806773161339869E-002
  0.35656465658560615        5.1544045257830517E-002
  0.35810771988961365        4.4161465378716611E-002
  0.35663465294529273        3.5974547935942104E-002
  0.36536946198952924        3.7907201630541121E-002
  0.37141281685341926        3.7768646652771326E-002
           5
   9.8853543232502575E-002  0.85343467142048446     
   8.3761566087457356E-002  0.84726878529575955     
   8.7907924206732671E-002  0.83457667008095016     
  0.11394745724166287       0.82941667932857643     
  0.11108314289813599       0.83934374111883392     
           4
  0.42885311109490842        1.0117513772910953     
  0.40661131730517197        1.0108682789108268     
  0.40628197104556879       0.99637999283928780     
  0.42576109707613191       0.99030357777710809     
           6
  0.25936210384600511       0.71083325020137833     
  0.23246094705636594       0.72687283064322161     
  0.23404498281173383       0.71800995339406770     
  0.23211810793917087       0.70518872392047982     
  0.23912796340108555       0.70020658969808147     
  0.24569771498091528       0.70133541031231483     
           5
  0.11187454032851846       0.23712027476231043     
  0.10772809373440984       0.24832539345396457     
   9.0958098592053394E-002  0.23988167920252937     
   9.0663966470056881E-002  0.22123824659925026     
  0.10790013225166445       0.22251771991597380     
           7
  0.90299460710487511       0.96243944175675944     
  0.89471149597292898       0.96104643869375317     
  0.88006046401696869       0.96290944447957338     
  0.88536744599848149       0.94569227491805830     
  0.88116014696325862       0.93793847018033616     
  0.89314242742199523       0.93914773057341761     
  0.90594023100336829       0.93887349551680321     
           8
  0.14419773645582806       0.21871821695527899     
  0.13403128823463387       0.21477084450585990     
  0.12872716936416592       0.21737156800028754     
  0.11841462027126839       0.20464022737976514     
  0.11832242445554876       0.19215561084616953     
  0.12431560027070307       0.19560395464867719     
  0.13233882219625734       0.18924342708964914     
  0.14328562088647115       0.19655967203860644     
           8
   3.8258501008113087E-002  0.64569924116486810     
   2.6926315380221999E-002  0.65443871143200416     
   2.4300607919191513E-002  0.65947942982690799     
   1.3071866534690382E-002  0.65017720358742825     
   1.1609842423970363E-002  0.63937693027867593     
   1.2141433797255194E-002  0.63384578177242956     
   2.1464099096287308E-002  0.63483984953341965     
   3.0930297349622556E-002  0.63282727441995423     
           6
   1.0113313446401446        2.3189383921619674E-002
   1.0059378750691303        2.9754964899765105E-002
  0.99281544981638736        3.2210314923801706E-002
  0.98540304395645328        1.5728899987144582E-002
  0.98268505901174985        6.9124085578864056E-003
  0.99558743353583457        7.5329124935923902E-003
           4
  0.63855421686746983       0.90060240963855420     
  0.62946282318236702       0.89691166038500969     
  0.64382616628334244       0.89059208056223260     
  0.65416810938310521       0.89545446737704903     
           8
  0.22798101092322814       0.66820658114049847     
  0.20570888479967564       0.65942197550362014     
  0.19925658637289731       0.65612056616729919     
  0.20510193926334408       0.65321077365604618     
  0.20560905128478438       0.64404405578967139     
  0.22412166178892937       0.64256031846202188     
  0.22839224047306306       0.64733037466736576     
  0.22313101967065083       0.64944626389011351     
           4
  0.11748232084125651       0.62717896588371480     
   9.3620729438416012E-002  0.63010835906892804     
   9.5741989771536209E-002  0.61628647070028586     
  0.10734513896140942       0.61321696526630198     
           7
  0.88850648716441138       0.40892108164185970     
  0.88039337181378863       0.41012489563989141     
  0.87350652878317003       0.41226410050092610     
  0.87121584957371934       0.40181683732186596     
  0.87296229758874522       0.39356803530462398     
  0.88622453193577799       0.38825588056171695     
  0.89396288916042010       0.39353595976681172     
           4
  0.87945661346059145       0.62107130158165280     
  0.86935369168883359       0.61828815703294615     
  0.85357476701616508       0.61015779949004278     
  0.85479073177707454       0.59469592814379202     
           7
  0.42093831995677355       0.60004833672347901     
  0.40978486979358947       0.60143059918712172     
  0.39497144151425029       0.60294737078556726     
  0.40143983226722424       0.59439711619743030     
  0.39899562462375709       0.57580435184721934     
  0.40829399812532136       0.57631507665675086     
  0.41691473050653283       0.57443223354833683     
           7
  0.26141166436374180       0.89175265986710239     
  0.24513895006308339       0.89711985001707439     
  0.23375979719672890       0.90069036091233556     
  0.24014883896607531       0.87599355986733218     
  0.26305285315239346       0.87104113533911909     
  0.26251206143354588       0.87878395946922516     
  0.25604163724932416       0.88452671177501507     
           7
  0.55652452909619199       0.52428018383627251     
  0.55338118709744522       0.51847757254328319     
  0.54315912202140426       0.52082902166407952     
  0.54468298286854011       0.50439451613661967     
  0.54488782597551455       0.49667117813207645     
  0.55427410652017117       0.50032187132791484     
  0.56749981142419226       0.50842690187251915     
           3
  0.69063348145400694       0.25855145614978320     
  0.67971887550200805       0.25903614457831325     
  0.66678264346090288       0.25400314657950263     
           6
  0.67599473369367558       0.65946018942952700     
  0.66637898685468999       0.65747982146329231     
  0.66685609140285451       0.64587152744068288     
  0.66153645104926262       0.63854969766577030     
  0.67584596924307572       0.63727782744414374     
  0.68175277210476803       0.63200127058035660     
           8
   4.0768913622913669E-002  0.18589000798312216     
   2.9294727801109401E-002  0.19202884829930625     
   1.1696489916724312E-002  0.19086862326765286     
   1.6246492954034422E-002  0.18666727841196543     
   1.3168297763524951E-002  0.17789388868748923     
   2.2046139777737540E-002  0.16841666292333668     
   3.5885452619896036E-002  0.16923437567028554     
   3.3316139502560176E-002  0.18104352756150596     
           4
  0.26110320649335494       0.11594169117040118     
  0.24831496989421548       0.12016631313100744     
  0.23768633476760859        9.6232666141202280E-002
  0.26011326985122357       0.10331619750506142     
           7
  0.27255029087604921       0.80449335688710044     
  0.25079438337152549       0.81412311225596434     
  0.25218074145892294       0.80793959955473593     
  0.24872552933918507       0.79905477355015386     
  0.25526291506630877       0.78947311162243561     
  0.26978552813156709       0.79369180205902345     
  0.27595610172804003       0.79866887004916065     
           6
  0.67764774152203389       0.37245206402356773     
  0.67226295780746581       0.36815895079793359     
  0.65205115838999816       0.35659741828825481     
  0.65145341552174851       0.34821357539618081     
  0.66953667114221938       0.34528894899893570     
  0.67014180781591581       0.35246697323759640     
           4
  0.36089137018652773       0.30371646298657051     
  0.34326440279868115       0.29022512376716691     
  0.34254677244134862       0.27446836061605195     
  0.36298034328202405       0.28050537576222756     
           6
  0.18231274050080548       0.14010314767596818     
  0.16941986658457067       0.14231747637626363     
  0.16457052055410598       0.13440140717290086     
  0.15735061315904419       0.12229889131463408     
  0.16618760102430261       0.11629027146287492     
  0.18384937812467592       0.11882929183146959     
           7
  0.39892710733005232       0.45742842347301765     
  0.39211833762115916       0.45427412520198124     
  0.36816315179325232       0.45258085126290226     
  0.37723614856232135       0.42939003694304667     
  0.38409893663399725       0.43074803422324598     
  0.39334155032162715       0.43515486721812902     
  0.39762900999518891       0.44132832244737191     
           5
  0.24676423117753413       0.66278132907379339     
  0.23445358755671866       0.66360670270128419     
  0.21637767762610921       0.66451683180102272     
  0.22360973376827747       0.66122470338268990     
  0.23192771084337349       0.65261044176706828     
           8
  0.98378434007136206       0.49088473361065332     
  0.98216476296611399       0.49840330071081429     
  0.96912069676338020       0.50036738286601901     
  0.96084299302569065       0.49575132497391194     
  0.96152366938643208       0.48642142470637167     
  0.96623937344355226       0.47537159355979541     
  0.98008041916253064       0.47394539031924776     
  0.98200898728301755       0.48385666095123314     
           3
  0.97851203568774114       0.11203371683777340     
  0.95268095907372996       0.10746258365269688     
  0.96787148594377514       0.10742971887550201     
           8
  0.89113853655230202       0.17028818920976696     
  0.89381714132971757       0.17597811971756186     
  0.86898278195980061       0.17252055059145532     
  0.87153862410088856       0.15388333779671012     
  0.87690081519637042       0.15488282243192480     
  0.88790099348356544       0.14966702956363270     
  0.89008137089778339       0.15700624552701326     
  0.89444151220138068       0.16137316548983732     
           3
  0.95281124497991965       0.32931726907630521     
  0.95352920575494282       0.31925899956756809     
  0.96564360959546147       0.31391119192082650     
           4
  0.95061463785485323        8.1900199792436221E-002
  0.92812647532361991        8.0923387384668574E-002
  0.93122375772146582        6.5443327120139227E-002
  0.93850231659826744        5.9513242201741902E-002
           5
  0.24088297474710602       0.74925964792018340     
  0.22615963624064936       0.75923315078876397     
  0.21972702287269363       0.74172638139182145     
  0.22705945109126935       0.73149539939058927     
  0.23548620716968410       0.73176401190587459     
           6
  0.16833842811838176       0.22901366343982174     
  0.15150157119919755       0.22608562721928796     
  0.14782051722963879       0.21705041189173016     
  0.15394886462340723       0.20243597841164632     
  0.17354800144106669       0.20580475332155909     
  0.17008264062838677       0.21456110523543992     
           3
  0.59540010070578009       0.60598942373122200     
  0.58681112874473540       0.60840724469416174     
  0.58333333333333337       0.59638554216867468     
           6
  0.16982408941132551       0.86606883296168136     
  0.16026137666903523       0.87711798057188262     
  0.15229933277548743       0.87654126098630436     
  0.14454357368902493       0.86110348045927632     
  0.15743222563062040       0.85066717739415698     
  0.16500478951896794       0.86124417973571743     
           4
   2.9446467024987776E-002  0.39086521119029549     
   7.9708739535424965E-003  0.37511476171254499     
   7.8974669087519926E-003  0.36472925119178601     
   1.7404641425884770E-002  0.36130045433855024     
           6
  0.75096614589842725       0.60439761889749377     
  0.74589931391619113       0.61129523209212222     
  0.73847892881530708       0.61754859800405804     
  0.72643703092596956       0.58676885918217991     
  0.73848845939680030       0.58951882096493513     
  0.75054390255378434       0.59700685952953647     
           6
  0.61149199889785733       0.54275396386923747     
  0.60631860775044655       0.54670915983396728     
  0.60236785431203321       0.55324959286689368     
  0.58704770464728917       0.53913012548030215     
  0.59104879972538582       0.53173545972277625     
  0.59858345187743711       0.53249744411935207     
           5
  0.85986498895541374       0.69845864093378340     
  0.84590253531530324       0.69832639916195272     
  0.83562922563626885       0.68635597665339654     
  0.85515277064896933       0.67398835358934506     
  0.86502981874216889       0.67608616322749870     
           6
  0.36682551631704374       0.47796220356263291     
  0.36226463722930041       0.48758002898322284     
  0.34504690198099830       0.48237876193847701     
  0.34500455297691962       0.46072333777217439     
  0.35880822463008855       0.45851874445866148     
  0.37106911572769780       0.46844888418568176     
           6
  0.69010238231474152       0.60933968307851571     
  0.67336268361670704       0.60819428135735842     
  0.66269060481993558       0.60694391069550657     
  0.66296449174699712       0.59901011902043133     
  0.68865457368642391       0.58651200891349897     
  0.69218614643799481       0.59268652946328704     
           7
  0.67441995523764997       0.65921803517864141     
  0.66940522907480093       0.66354360723078276     
  0.66067455094492467       0.66830247778950846     
  0.65189695132583014       0.66866129653959572     
  0.65724345986637245       0.65703109390170045     
  0.65684140442785888       0.64388632915524457     
  0.67942477535968349       0.64524351863699070     
           8
   6.4707798003968781E-002  0.90381506047427240     
   4.7981485298431173E-002  0.90806939775277373     
   4.9010892335528321E-002  0.89396953222331244     
   4.5585286711247355E-002  0.88078704817368791     
   5.2175687122311909E-002  0.88390863165907829     
   5.7781912126406619E-002  0.87712867074065259     
   6.5538690039210118E-002  0.87832148888131989     
   7.1898054162214203E-002  0.88809488964947070     
           8
  0.68940323619985988       0.15865535771229486     
  0.67866251236976438       0.16431784984738432     
  0.67695424448076347       0.15552411928108392     
  0.67910383574968769       0.14733461848126933     
  0.67459036938587347       0.13824030079650873     
  0.68222396373131566       0.13939976445087787     
  0.68851562383564169       0.14053328447080987     
  0.70090325854268665       0.14759365243093928     
           6
  0.14469217053349892       0.25516262509016591     
  0.13755125858790748       0.25326480710862243     
  0.13739692830050260       0.26301093273772519     
  0.11783758736645185       0.23838728625484867     
  0.13113935405690147       0.23875931663321201     
  0.14043225213923008       0.24134980044745366     
           7
  0.17297222863991463       0.30896908203718793     
  0.17203757804702502       0.31585329369743026     
  0.15219971841080315       0.31542232472137477     
  0.14761347495995564       0.30653019654129954     
  0.14985614195800265       0.29424564014211146     
  0.17403879642162831       0.29206231729157855     
  0.17015701213212028       0.29713729810248385     
           6
  0.19085350570439252       0.83704053926590771     
  0.17118443966099628       0.85036958197182777     
  0.16623567748255655       0.83409027881580322     
  0.17016406387838207       0.82804748140033035     
  0.17727672300661235       0.82562584848232712     
  0.18678431353220679       0.82918890584396032     
           3
  0.42871485943775101       0.67269076305220887     
  0.41785595358445660       0.66827573725333889     
  0.43706613765258406       0.65913800423606872     
           8
  0.85197710873933030       0.87573824511132470     
  0.84634426659945894       0.87432127882157873     
  0.83287438301646466       0.87156253838386044     
  0.82144955727055846       0.86035000343574108     
  0.82084974362086305       0.84853091348507637     
  0.82777426160768086       0.85222716347833016     
  0.83901157742613719       0.84879801770676144     
  0.84786985559073413       0.85556331514490835     
           5
  0.65601933245505240       0.26729438233921637     
  0.65804576628860756       0.25951072744602510     
  0.67168674698795183       0.25200803212851408     
  0.68725572006969760       0.24474020526861287     
  0.67959636174178695       0.24972276205803318     
           3
  0.40171054011235724       0.41641566877816166     
  0.40859589147218567       0.38920595294723859     
  0.42396248177704166       0.39964384121201668     
           3
  0.46055030926045626       0.94519378477610649     
  0.43640337752231007       0.92040142077386178     
  0.46001183407187318       0.92913377966264399     
           8
  0.60819493688091630       0.51473966166035878     
  0.60387455177360361       0.51981922196778207     
  0.58724856819977977       0.51641293419597833     
  0.58185608521737198       0.50819173318621047     
  0.58642426062318598       0.49572961878109645     
  0.60293593437643334       0.49140173078297217     
  0.60784854108126563       0.49601514630560284     
  0.60374295564748981       0.50386949932444003     
           7
  0.47059306027653935       0.16741446369648244     
  0.46729545062536954       0.17241068417281197     
  0.46102780290046852       0.16706432805671825     
  0.45671222726289096       0.15887151610416131     
  0.46087759233843223       0.15194554785750800     
  0.47394581393810675       0.14817232499300190     
  0.48089406253457334       0.14292003426211566     
           7
  0.30062274863545624       0.50112035449633430     
  0.28419066328980735       0.49425041093304778     
  0.28095952732105461       0.48720825061742057     
  0.27428722904193376       0.48783777347926888     
  0.28268504423843022       0.47222263408407328     
  0.29824507234299491       0.47145844532468295     
  0.29934147451918297       0.48545269802057756     
           8
  0.59160471351436317       0.97082419734981407     
  0.57999927595659606       0.96680148029035151     
  0.57602422160592270       0.97270537806036983     
  0.56264025146816754       0.97094858358770508     
  0.56526030604904942       0.96500503863373188     
  0.56644058693920241       0.94580350876859787     
  0.58136220641354108       0.94329030296664651     
  0.58823326472759163       0.95817275704098714     
           7
  0.80824772761279651       0.53530147800176842     
  0.79565350222727627       0.53796139053156644     
  0.78475937854892586       0.53763952238923729     
  0.78465979710770106       0.52649820478856080     
  0.79277937483134220       0.50843398731038347     
  0.80326307626167159       0.51183200681176277     
  0.80706377119732131       0.52409683047475397     
           4
   4.9817566107006127E-002   7.0882569841190332E-002
   3.4860827090243247E-002   7.9140783407167334E-002
   2.8901080753923579E-002   7.2910909791044129E-002
   3.3479962228061586E-002   5.2175425512796213E-002
           5
  0.18388410689785981       0.50339278600275272     
  0.16370460339459705       0.50136627964525049     
  0.16697566393496932       0.48931642778513990     
  0.17570281124497991       0.48795180722891568     
  0.18821738853041015       0.49548648847005661     
           7
   8.9723035863774461E-002  0.44032995493703292     
   8.7414814228970183E-002  0.44873091583234459     
   6.9835486091008578E-002  0.45170303194721972     
   6.0566062761439193E-002  0.43586382066629431     
   7.5326876867231163E-002  0.42837518184004536     
   8.6080832381066896E-002  0.42551896143193629     
   8.6861352656911181E-002  0.43174177723371648     
           8
  0.91098487829286867        2.5810040159589265E-002
  0.90256189953622878        2.6290121315489273E-002
  0.89815662683600372        1.6240859011573780E-002
  0.89689417558348783        3.2453067135941142E-003
  0.91149833184329621       -2.2481068161309854E-003
  0.91858501366786516       -2.1130085794580974E-003
  0.92509869370494813       -2.3273059315416546E-003
  0.92546125965709636        5.8535721580548509E-003
           3
  0.59174437970022231       0.93083620118505062     
  0.58132530120481929       0.91566265060240959     
  0.59402176516062533       0.90606568431706602     
           3
  0.76864982665520432       0.85219776607766806     
  0.75242484416923505       0.84421577152551330     
  0.76807228915662651       0.83835341365461846     
           6
  0.17795978955836730       0.20011480595227760     
  0.17028727075603001       0.20348790594791574     
  0.16378115048956735       0.20528576131756007     
  0.16195166264280808       0.19809268616152659     
  0.17509743974468675       0.18032296747123078     
  0.18912221145235170       0.19267853955308570     
           5
  0.98914598700734913       0.35833241058203030     
  0.97093035368194569       0.36353969582896212     
  0.96416694954972459       0.33863522720155664     
  0.97424162009628845       0.33712568040512031     
  0.98807383290976214       0.34408671784373546     
           4
  0.48418233109533271        3.6973543305173634E-002
  0.46068029885876316        2.8917141038436470E-002
  0.47302711086580823        8.6063007862457533E-003
  0.48446989384775269        7.9423348339346389E-003
           4
  0.58937171586293546       0.47452541174269641     
  0.56604924517753852       0.47299583689956221     
  0.57178739737627882       0.45636149073766508     
  0.58467297535422602       0.45699783403487076     
           6
  0.57853172464736569       0.68248980281084370     
  0.56790683992176128       0.69022076877166383     
  0.55027416071436508       0.67483600847925129     
  0.56055367029253966       0.66553462903901794     
  0.57165338357057638       0.67067946218420837     
  0.57780676386452723       0.66900408497881336     
           8
  0.12106528989849456       0.67343881200439648     
  0.12559391170765036       0.68630368595110969     
  0.10318234403211531       0.68655316859189852     
   9.6627337644338784E-002  0.68229977722140100     
   9.7365842015014428E-002  0.67246556223875609     
  0.10019077215971077       0.65934418138927897     
  0.10970554891012525       0.65821261250453877     
  0.12473967452790403       0.66448755754078903     
           4
  0.81179416419037009       0.62936918206649961     
  0.79937646635723192       0.61893188104849761     
  0.81005531133881914       0.60842801311135064     
  0.82298913605878310       0.60436955530132297     
           8
  0.47587692389733560       0.34367752857504386     
  0.47383212551046872       0.35649190295077160     
  0.45855373005118827       0.35403107940641437     
  0.45059351254872199       0.35278213802869046     
  0.44735439999750021       0.33715106295318203     
  0.46248291891389787       0.33010696621165098     
  0.46520254706281067       0.33517241408932980     
  0.47314767914607875       0.33382772859787085     
           6
  0.87610809298758052       0.49418089421866040     
  0.87990111642337121       0.50298432654634040     
  0.85008547563379533       0.50132734768033749     
  0.85101442436913566       0.49271714628748448     
  0.87304970532130599       0.47326042061816448     
  0.87918847140451950       0.47691101714462092     
           8
   3.1674619603297163E-002  0.37887506327144016     
   9.2522538204872964E-003  0.38585101714042297     
   8.6096631512657396E-003  0.37655122409762559     
   1.8791713807792241E-002  0.36041333688318106     
   2.0739895500254440E-002  0.35491776801186331     
   2.8522914651301180E-002  0.35798980351641013     
   3.4193148195536920E-002  0.36047656897157393     
   3.6558193942327927E-002  0.36606715725761652     
           4
  0.89548372582027680       0.31161177756072295     
  0.89321189040646998       0.30418842077467545     
  0.90318853603785099       0.28632971286421949     
  0.91188748240657036       0.28151753643023675     
           4
   8.9357429718875503E-002  0.93775100401606426     
   7.4728927037750206E-002  0.94184302547705256     
   8.0825995137991949E-002  0.93477990958237833     
   9.9545675723621718E-002  0.93163321814584077     
           5
  0.10094442459675659       0.98464800764372906     
   9.0651467325953805E-002  0.98751265397603105     
   7.6281919520122421E-002  0.98365488938407442     
   7.5420998437009237E-002  0.97497590388428201     
   9.8528722282528347E-002  0.97461866132131070     
           5
  0.90874975980006245       0.55404595257124289     
  0.90359140947656069       0.55984526238134957     
  0.89495915953299121       0.55636269513441972     
  0.88577126730334388       0.53060810547391202     
  0.89941298433537675       0.53548096756584140     
           7
  0.51896810669801496       0.37406210103036891     
  0.51705167628171333       0.37993896444376474     
  0.50713918961375770       0.37822418616840947     
  0.49857812031014287       0.37907632006604902     
  0.49240601205436491       0.37967460983643397     
  0.49115434652235507       0.35974440188700862     
  0.50872997360189076       0.35730535020684118     
           4
  0.77284929460867047       0.48633820700914704     
  0.75541834723822365       0.47367574679976998     
  0.75323182585521664       0.45717997749698663     
  0.78071481145120991       0.46437199196290624     
           6
  0.84837305806319685       0.51567554657294246     
  0.83129766000779737       0.51873885149429055     
  0.82163845435114813       0.50781879913911054     
  0.82210652178740729       0.50116564881799996     
  0.85084841638521513       0.49318698474369976     
  0.84516228949186467       0.50589609101197375     
           3
  0.70111719382997217       0.49788146722089310     
  0.70190532298530084       0.47514483701895371     
  0.70481927710843373       0.48393574297188757     
           6
  0.49434892778582079       0.33082406058191921     
  0.47871818817556278       0.33513828772689974     
  0.47219884848066529       0.33433584628832336     
  0.47337984184373699       0.32710884876814894     
  0.47341635346616157       0.31339215287171424     
  0.48404135966389955       0.30770276906155608     
           3
  0.83032128514056225       0.62951807228915657     
  0.82313120554406904       0.61683735369690051     
  0.83760703661732849       0.61900052209142276     
           5
  0.55389363849512863       0.60841840855391383     
  0.54306491749651209       0.60942619422314070     
  0.52990136324877513       0.61073081276817409     
  0.54646634664589555       0.59269518506252628     
  0.55607682222822508       0.60018667250963775     
           8
  0.12311081180548995       0.69856969823333492     
  0.12398874126601557       0.71079309260983092     
  0.11156797602778959       0.71153866767825769     
  0.10628009042683345       0.70465656156421308     
   9.9985954385629905E-002  0.69327834714166570     
  0.10445538279191080       0.68369937664846669     
  0.12359341676553333       0.68530169656000550     
  0.12104811312082171       0.69284915775573974     
           3
  0.89932542247898695       0.24681053936101927     
  0.89457831325301207       0.23192771084337349     
  0.90845101749993096       0.22932399672492890     
           6
  0.90196137598806669       0.33868605516905181     
  0.88905136545922681       0.33520072611089036     
  0.87733803412037481       0.33717307891746684     
  0.87273235590231246       0.31532458515107947     
  0.89737607770026406       0.31431090558556574     
  0.90280574966269411       0.32019975984397986     
           3
  0.56989490463230097       0.44922334929904217     
  0.54595626777583295       0.44335324803891946     
  0.55152452990438894       0.42589877192809844     
           3
  0.18412725696712884       0.51539830451737512     
  0.18674698795180722       0.50401606425702816     
  0.19743769547666060       0.50467571471230688     
           7
  0.45856676682905306       0.32943344244536249     
  0.44765033471155391       0.33059415792294666     
  0.43626352233771903       0.33090483339267213     
  0.42809173108238763       0.31836239463352967     
  0.43327824712147883       0.31541861624673156     
  0.43422023709398910       0.30641385107336377     
  0.45579948714573570       0.30769807331364707     
           5
  0.83092699301182782       0.26604756303079802     
  0.81115788959770840       0.26057248105708425     
  0.81067773851791425       0.25234609468004782     
  0.82941967362811297       0.24681067728135397     
  0.83747467871699321       0.24136737185397772     
           8
  0.38116573705310242       0.34717950364697359     
  0.37683995692369499       0.35569005770625040     
  0.36091570918952587       0.35184838806975621     
  0.35985494776411620       0.34086907641934983     
  0.35354023524034039       0.32871406309777484     
  0.36014188142059422       0.33263302915142806     
  0.36575759338956465       0.32845860340282801     
  0.38095209710540173       0.33252784636368721     
           3
  0.58511118076726498       0.87789117592210875     
  0.57335703591624043       0.88401511702962376     
  0.57382430022829878       0.86386385826602985     
           7
  0.71916755144603361       0.63580944088648161     
  0.71294868100540121       0.63468510729160443     
  0.70319287156696952       0.63130088288205433     
  0.70258527271622584       0.61410942571094707     
  0.71338774546522066       0.61110458243826415     
  0.72074137645775904       0.61217647873622538     
  0.72633336953192573       0.61714748511205775     
           3
  0.12483356702487716       0.80777766878005841     
  0.12904106284612515       0.78747047954257909     
  0.14768672652849243       0.79505676294593775     
           8
   9.9685443462838003E-002  0.93060669293930665     
   8.3268704198992557E-002  0.93071133265195638     
   7.8891763442457116E-002  0.92631139745130753     
   7.4280180854861252E-002  0.93070167173185692     
   7.0872222519864636E-002  0.90043341169102575     
   7.9790058927341631E-002  0.90440604283623127     
   9.3608559748429160E-002  0.90048826113588132     
   9.3476862147217593E-002  0.91420142322448306     
           5
  0.19642417360096504       0.57112240673001591     
  0.17686066852154109       0.57061709905763580     
  0.18344848443621656       0.56166942843096879     
  0.19620460258206412       0.55089236588196566     
  0.20360733528120034       0.56163885078654519     
           3
   8.4405736294966879E-002  0.92633231016901474     
   6.9587356682332888E-002  0.90736877648069691     
   9.2638945590557298E-002  0.90460294378523842     
           7
  0.94034262613502773       0.51123954669858584     
  0.94335558779531126       0.52152617839128768     
  0.91730652149119263       0.52330239739163309     
  0.91771453610484899       0.51112951196384138     
  0.91592608308150525       0.50350442656899996     
  0.92601558884330171       0.50038332859236134     
  0.93687624716793061       0.50288377732247325     
           6
  0.13468853995936583       0.88921069877691361     
  0.12156929651403775       0.88240593262361045     
  0.12237274301912469       0.86616098621584303     
  0.14135568792811101       0.86475666282932206     
  0.14793449759555374       0.86128287845878948     
  0.14559279509435272       0.87160169841182111     
           6
  0.98074820770128246       0.68999335507208159     
  0.97293762800425876       0.69423687382266808     
  0.96491954092022625       0.69279355273956011     
  0.95312065419847436       0.69978191331595252     
  0.97457123354877895       0.67154727197504194     
  0.97863465414401984       0.67650114178209042     
           3
  0.79866316343413557       0.52922589138127041     
  0.78614457831325302       0.51706827309236947     
  0.79527259280673879       0.50887744267872748     
           5
  0.17766004455377704       0.69243696817302480     
  0.15831650277988482       0.68738648605368324     
  0.15843365910330318       0.68022508168902718     
  0.17954743749181362       0.66905285804848347     
  0.18006689129237655       0.67910416170066168     
           7
  0.86452271782636658       0.46423663954834760     
  0.84618797843002169       0.47520429923703311     
  0.83912005740390272       0.47669817355738664     
  0.83988789947130948       0.45804860034493744     
  0.83568070158982943       0.45199488656360459     
  0.85838137360082578       0.44862358162694999     
  0.85273224220266330       0.45574844153255856     
           7
  0.85879203549111793       0.54241594146606309     
  0.85772487637265726       0.54938410950589500     
  0.83459862995488199       0.55211624715194862     
  0.82920422332772914       0.54293272561120143     
  0.83379130484281394       0.53454182272833572     
  0.83033255938266837       0.52900889788932948     
  0.85298464915718353       0.52469373859617541     
           4
  0.74447919508898885       0.39006659648388142     
  0.73583423370596879       0.39252150328654334     
  0.72467709792399870       0.39469632421246104     
  0.72466480161658742       0.37624254574766103     
           8
  0.92010010030231915       0.37355423956814210     
  0.91528136616978373       0.37823831167400074     
  0.90831248954250543       0.38184743224447337     
  0.89340365416302769       0.37964428347944384     
  0.89623202382712230       0.36159415175855852     
  0.89256246163849828       0.35749103840540203     
  0.90708297041376418       0.35771130363842329     
  0.91823472754812996       0.35924268252386987     
           3
  0.97885630538467183       0.39212390127039126     
  0.96940971732908598       0.37867292626525745     
  0.99184154799092905       0.37393131081143444     
           6
  0.29571035928255396       0.67408223890768693     
  0.29192199725955437       0.68088641796028437     
  0.27130035968572147       0.68221786526787087     
  0.26688374434242651       0.66974306108554471     
  0.26907971019843374       0.65676182790690696     
  0.27505232384591372       0.65967396329952221     
           6
   8.1323948700020840E-002  0.82595185523799186     
   7.7885714575054943E-002  0.82010079707194872     
   7.4738652777051634E-002  0.81451627307329910     
   7.3058203540401184E-002  0.80274498207127332     
   8.0654367524506873E-002  0.80217989672907797     
   9.7149962404641355E-002  0.80992977861509896     
           8
  0.12996283783292809       0.73341063234356296     
  0.12016591768751481       0.72918304307990489     
  0.11375661167565501       0.72698248719570469     
  0.10042479097390442       0.72338671607091809     
  0.10406745763120154       0.71461390820322068     
   9.9331712410262701E-002  0.70251566604311722     
  0.11537744565815344       0.70921987934330233     
  0.12819625683423841       0.71696814491667193     
           3
   9.7866811354151081E-002  0.64921816188033177     
   6.8066698620866534E-002  0.65759421150827224     
   8.8334624445118207E-002  0.64005258515963992     
           7
  0.80754713767294783       0.55114728774333133     
  0.79277264969914074       0.54839786373331212     
  0.79350200443989194       0.54162770210746325     
  0.78824976305158234       0.53781872065719771     
  0.79829057962416039       0.53195621366952062     
  0.81180503572387552       0.53100420185159214     
  0.81815471824321351       0.53490077329917551     
           5
   5.5093099005321750E-002  0.94764787240559045     
   5.7010796377730460E-002  0.96306474028365807     
   3.1393452991968947E-002  0.94334465386991917     
   3.9659257967412008E-002  0.93618847488121060     
   6.0478638677962701E-002  0.93327799626274355     
           3
   8.4337349397590355E-002  0.96887550200803207     
   9.2727489989404097E-002  0.98111517911994850     
   7.5437663162394017E-002  0.95626906330416295     
           3
  0.45762413512189926       0.42347707246752286     
  0.45428061326945590       0.40966796692292928     
  0.46686746987951805       0.40863453815261042     
           5
  0.79206768288236196       0.43971941039227203     
  0.77245482527887910       0.42532402504292544     
  0.76703075697087719       0.41951066066155446     
  0.78295821195792259       0.41451987599017159     
  0.79312687099824231       0.42425610878322184     
           7
  0.86995784122408037       0.32183282027458371     
  0.85395326304474761       0.31671755684432673     
  0.84498510468787547       0.31393009309653136     
  0.84489298830523218       0.30278050827713721     
  0.84179631800073518       0.29717964475737640     
  0.84816813447814476       0.29666112912308684     
  0.85450626164671561       0.29455718042410917     
           3
  0.53265240975383599       0.50371349282868982     
  0.51295716642181188       0.51623811935586716     
  0.51306201987925859       0.49051270680230724     
           5
  0.23136608699013855       0.73260317417249665     
  0.21361695541633913       0.73621122379871429     
  0.20852326972272789       0.73093578370146250     
  0.20547480504143373       0.71994903516945230     
  0.23188628981043100       0.72387487571911302     
           6
  0.61345200432907399       0.65424135132534322     
  0.60441323602924846       0.65671089093350266     
  0.58974308769569539       0.65096870551227692     
  0.58750243030481608       0.63429197618043753     
  0.59908715955148684       0.63532225233633621     
  0.61368098585961017       0.64442360103152396     
           4
  0.85169944257858321       0.51472247754311695     
  0.84101016882869428       0.50679192012933250     
  0.84414456871971522       0.48777803367076789     
  0.86239230010698442       0.48878047031546490     
           7
  0.86645755940007452       0.30971776428741038     
  0.85112904682590240       0.31188476163958923     
  0.84957960816300615       0.30622181477277854     
  0.85456346939019479       0.28504329626520175     
  0.86701228132585906       0.28515291455327341     
  0.87411776588568624       0.28762181727993935     
  0.87253925870456772       0.29529831184067196     
           5
  0.96735784414524462       0.77507582548433140     
  0.95221791121578614       0.77849486490876318     
  0.94264894162151180       0.77849023132238082     
  0.95827095025418119       0.75290797064009196     
  0.97001274112920577       0.75872939179657428     
           8
  0.34974206355054405       0.81985061635300982     
  0.35452433132786770       0.82964404619035137     
  0.34584006773532522       0.83028262823534049     
  0.33225279471518232       0.83076734969686061     
  0.32539243331084255       0.80745759693643948     
  0.34238401687942627       0.80730116357142634     
  0.35339572498428473       0.80765675597723774     
  0.35414280263495956       0.81644015114342772     
           3
  0.14257028112449799       0.55421686746987953     
  0.13412440715583418       0.54631765444506175     
  0.15302147608663560       0.54454109387372385     
           7
  0.41278988376935083       0.36853643547456028     
  0.41712222500075086       0.37619319250798733     
  0.41035654815938127       0.37582805462150320     
  0.39818970667137776       0.37817086857227750     
  0.39202784300375082       0.36273969120090649     
  0.38685747977860241       0.35484842323009269     
  0.40936066696375295       0.35739758043071401     
           3
   3.0186896156573405E-002  0.34550220147616995     
   2.1084337349397589E-002  0.34236947791164657     
   1.1057279971023282E-002  0.32853576220104563     
           3
  0.80522088353413657       0.48895582329317266     
  0.80520350544444375       0.47919767403272540     
  0.81451126854036382       0.48067742768496458     
           8
   7.7708182219219130E-002  0.78182263282676312     
   8.0375611823263332E-002  0.78790168467853050     
   6.2105426203992314E-002  0.78593149117205419     
   5.2773716197394620E-002  0.78976490685302170     
   5.6427697744388050E-002  0.78295118991541168     
   5.8916339502884545E-002  0.76413870808152295     
   6.6200805407700750E-002  0.76338291290634208     
   8.1598929183163499E-002  0.77054143777085582     
           6
  0.91254394720201892       0.56076458832605558     
  0.90626580220180475       0.56720078621748260     
  0.88712182509156801       0.55981729932890889     
  0.88864782622043959       0.54798613223484127     
  0.89381534368770510       0.53941712416638055     
  0.90365695389267953       0.54190950369079116     
           3
  0.86083862321181481       0.54313927810513618     
  0.84839984254310863       0.55478328008550903     
  0.84980942332420573       0.53111468330482359     
           4
  0.20158726352015877       0.54774288579958530     
  0.18916823013625997       0.54622735984557735     
  0.17509229854642594       0.52097381902925188     
  0.19022113426027848       0.51925413711258306     
           6
  0.94508077981944949       0.23410368106185880     
  0.93782132991447198       0.24751448843424947     
  0.92554957724200482       0.24324412026675726     
  0.92323384934216302       0.21959241477346225     
  0.94167780718810967       0.22489338898221473     
  0.94754215550986887       0.22755604354531400     
           5
  0.48662497816057826       0.40821702204319782     
  0.47546607705955535       0.41209050234807182     
  0.46563215065356667       0.41326622557922948     
  0.46420106777107006       0.38923277113349009     
  0.48468900605353865       0.39934045621674075     
           4
   9.4130342685936577E-002  0.34078026883610441     
   7.7204120283882821E-002  0.34156864359418138     
   8.2826367850956387E-002  0.32176450836751219     
  0.10744940310229927       0.31812418364211981     
           3
  0.88860567758298203       0.48135234106466573     
  0.88052208835341361       0.47690763052208834     
  0.87567046412802962       0.46207032992208669     
           6
  0.46422488447218796       0.38290138793778367     
  0.45556676910026639       0.38385584016827162     
  0.44014102578099745       0.38302129304295512     
  0.44187584876968178       0.36760093349836115     
  0.43949002526993253       0.35785079493594968     
  0.46318940810826942       0.35773083097901931     
           8
   5.5587039797379331E-003  0.42947134580651825     
  -1.8171174270766549E-003  0.43186567716134039     
  -1.0178519291911846E-002  0.43211214780153906     
  -1.1597752988451223E-002  0.41901770154261014     
  -1.3152782889792800E-002  0.41348794022300633     
  -1.4482177236520771E-002  0.40464136467734046     
  -4.3791783834198333E-003  0.40872001535989061     
   9.8721749329329974E-003  0.40229072734271881     
           4
  0.72302766774374527       0.11582667214552998     
  0.70430558497217621       0.10996820119949685     
  0.70631885413908468       0.10050463086927670     
  0.71235977796813399        9.0876050023179000E-002
           7
  0.88040159049599398       0.27131196896232262     
  0.88183742631898587       0.28112296421649663     
  0.86730391954338459       0.28202394424137817     
  0.86119346347869585       0.28365417856901298     
  0.86458689008890255       0.25789800026158533     
  0.87135253486782216       0.25772426455250635     
  0.88291101197939892       0.25669217997218369     
           4
  0.11482559898025166       0.35260123989568737     
  0.10587289273767675       0.35857044754692280     
   9.0178905993775982E-002  0.33504653063600376     
  0.11009153448900462       0.33738264496623760     
