   998.00000000000000     
   161.00000000000000     
         171
           8
   30.000000000000000     
   82.000000000000000     
   70.000000000000000     
   92.000000000000000     
   25.000000000000000     
   23.000000000000000     
   11.000000000000000     
   41.000000000000000     
   15.000000000000000     
   5.0000000000000000     
   17.000000000000000     
   70.000000000000000     
   36.000000000000000     
   47.000000000000000     
   24.000000000000000     
   11.000000000000000     
   6.0000000000000000     
   23.000000000000000     
   5.0000000000000000     
   54.000000000000000     
   74.000000000000000     
   6.0000000000000000     
   9.0000000000000000     
   58.000000000000000     
   96.000000000000000     
   80.000000000000000     
   100.00000000000000     
   65.000000000000000     
   3.0000000000000000     
   46.000000000000000     
   16.000000000000000     
   47.000000000000000     
   33.000000000000000     
   84.000000000000000     
   73.000000000000000     
   75.000000000000000     
   27.000000000000000     
   99.000000000000000     
   50.000000000000000     
   65.000000000000000     
   79.000000000000000     
   42.000000000000000     
   46.000000000000000     
   9.0000000000000000     
   13.000000000000000     
   97.000000000000000     
   79.000000000000000     
   6.0000000000000000     
   63.000000000000000     
   65.000000000000000     
   14.000000000000000     
   91.000000000000000     
   6.0000000000000000     
   6.0000000000000000     
   69.000000000000000     
   13.000000000000000     
   55.000000000000000     
   69.000000000000000     
   67.000000000000000     
   53.000000000000000     
   35.000000000000000     
   19.000000000000000     
   49.000000000000000     
   47.000000000000000     
   36.000000000000000     
   24.000000000000000     
   15.000000000000000     
   15.000000000000000     
   52.000000000000000     
   48.000000000000000     
   60.000000000000000     
   43.000000000000000     
   11.000000000000000     
   72.000000000000000     
   62.000000000000000     
   73.000000000000000     
   43.000000000000000     
   25.000000000000000     
   38.000000000000000     
   19.000000000000000     
   25.000000000000000     
   31.000000000000000     
   77.000000000000000     
   70.000000000000000     
   84.000000000000000     
   36.000000000000000     
   3.0000000000000000     
   64.000000000000000     
   36.000000000000000     
   70.000000000000000     
   15.000000000000000     
   8.0000000000000000     
   14.000000000000000     
   27.000000000000000     
   73.000000000000000     
   11.000000000000000     
   90.000000000000000     
   34.000000000000000     
   7.0000000000000000     
   72.000000000000000     
   52.000000000000000     
   90.000000000000000     
   45.000000000000000     
   12.000000000000000     
   2.0000000000000000     
   11.000000000000000     
   8.0000000000000000     
   16.000000000000000     
   75.000000000000000     
   38.000000000000000     
   52.000000000000000     
   20.000000000000000     
   82.000000000000000     
   20.000000000000000     
   94.000000000000000     
   61.000000000000000     
   84.000000000000000     
   76.000000000000000     
   34.000000000000000     
   51.000000000000000     
   50.000000000000000     
   44.000000000000000     
   53.000000000000000     
   97.000000000000000     
   81.000000000000000     
   58.000000000000000     
   47.000000000000000     
   4.0000000000000000     
   74.000000000000000     
   74.000000000000000     
   42.000000000000000     
   43.000000000000000     
   51.000000000000000     
   94.000000000000000     
   17.000000000000000     
   45.000000000000000     
   88.000000000000000     
   63.000000000000000     
   66.000000000000000     
   34.000000000000000     
   72.000000000000000     
   27.000000000000000     
   78.000000000000000     
   53.000000000000000     
   64.000000000000000     
   58.000000000000000     
   86.000000000000000     
   94.000000000000000     
   23.000000000000000     
   51.000000000000000     
   21.000000000000000     
   34.000000000000000     
   86.000000000000000     
   36.000000000000000     
   35.000000000000000     
   14.000000000000000     
   72.000000000000000     
   33.000000000000000     
   98.000000000000000     
   60.000000000000000     
   45.000000000000000     
   60.000000000000000     
   80.000000000000000     
   13.000000000000000     
   87.000000000000000     
   75.000000000000000     
   77.000000000000000     
   71.000000000000000     
   49.000000000000000     
   22.000000000000000     
   2.0000000000000000     
           1
  0.50100200400801598       0.50100200400801598     
           8
  0.37643642127557830       0.70402757578839903     
  0.37517754912670115       0.71202605077824310     
  0.36742218772396584       0.71128866211351394     
  0.35546667324936748       0.71241377799196115     
  0.35847128881682283       0.70782615745598676     
  0.35145216631702358       0.70102312145223666     
  0.35293570872944968       0.69053656159866683     
  0.36295165807070923       0.68472559761894425     
           4
  0.13228026527907763       0.26161168860204342     
  0.10725609840157672       0.26364067347447162     
  0.10670519577825063       0.25124534423671496     
  0.11827303124687272       0.24697230758239491     
           5
  0.56379472379018947       0.72437099688566176     
  0.54977778074740657       0.73087038260941573     
  0.54630011814537727       0.71063511677886571     
  0.56111410929362171       0.70634075915642780     
  0.57073063914122868       0.71509729014222168     
           8
  0.53432183091538743       0.92144632151917982     
  0.53491813819339562       0.92896556729648228     
  0.51233213840770775       0.92920962380985361     
  0.50964995050772322       0.91545487944151305     
  0.51301824397717022       0.90998452465760382     
  0.51845952767607473       0.90913863351246627     
  0.52423722409402607       0.90995934718458582     
  0.53459929769688974       0.91543846084310665     
           6
  0.24882318395158953       0.94625312997769762     
  0.25426121634586996       0.95220193119200125     
  0.23228341614449066       0.94480143335628552     
  0.22450707091312036       0.92930536729215762     
  0.23080406558832658       0.93358146764144800     
  0.24792678166447177       0.93306533853538653     
           3
  0.30522595054032386       0.53091884228190900     
  0.29459906051111612       0.52902431632562785     
  0.30460921843687377       0.51803607214428860     
           7
  0.86962963723024256       0.10735468916789917     
  0.86159645948980990       0.10675017020891071     
  0.84378044042835931        9.7683484159517414E-002
  0.84348021583054567        8.9836941146324040E-002
  0.85411778177172026        8.6843412000498652E-002
  0.86542987135094507        8.5005054572113894E-002
  0.86829265869791639        9.2845930228828533E-002
           7
   5.1313052579241181E-002  0.90643876593336570     
   4.1015812280806731E-002  0.91542403923486459     
   3.1173382300037501E-002  0.91920485911047711     
   2.4342670660899096E-002  0.91489564566445858     
   2.2815479771782408E-002  0.89833500330437432     
   3.6408542054721577E-002  0.89463851131453509     
   5.2754448465078978E-002  0.89414827923568085     
           5
  0.18735576736077469       0.96145521497739561     
  0.17999164459791733       0.96225314489829694     
  0.16455967644842998       0.96346143339331169     
  0.16464279337575757       0.94730213993803247     
  0.18835626891613838       0.94249770172188096     
           3
  0.29634432020274887       0.94464556290726887     
  0.29458917835671344       0.93687374749498997     
  0.30463968681872083       0.92822393237698309     
           6
  0.95830264379693497       0.33990725854886589     
  0.94124198019668348       0.33887007400621033     
  0.93309684365241885       0.33047469891365638     
  0.93245118097370017       0.32287071727289673     
  0.94388777555110226       0.32464929859719438     
  0.95331399345707413       0.32968023730374174     
           4
  0.41551510305258865       0.19081496753155949     
  0.40016504264579916       0.18626088108751804     
  0.39421788687473064       0.16354780167488764     
  0.41289875890274425       0.17778748660002475     
           5
  0.77559981124078314       0.45975709089056888     
  0.76147662598834631       0.46238536506891392     
  0.75978152875064509       0.45003370414883825     
  0.76923766616292477       0.43568713374825180     
  0.77671053450481453       0.45011475993056427     
           8
  0.48693675287273602       0.87336974876907925     
  0.47762077080077692       0.87789141065741139     
  0.46835550142779542       0.87459023579684181     
  0.46531744324867674       0.87006220469308693     
  0.46111505398132019       0.86506065616449956     
  0.46504042735976203       0.85292853249926415     
  0.47513549381628095       0.85589248739714474     
  0.48641133213214433       0.85917283841584013     
           6
  0.26572418687307736       0.55954593068537384     
  0.25873320562106578       0.56491757742872084     
  0.25448679024017162       0.55724156878698072     
  0.24724111869095231       0.55206954809924536     
  0.24882680747171465       0.53805466394187906     
  0.27535788757443652       0.54969615480319511     
           3
  0.66232464929859725        9.2184368737474945E-002
  0.64841304438353509        8.7359974582497002E-002
  0.67643814677537006        8.0332085540623349E-002
           4
  0.45037239417139957       0.66873949722056403     
  0.43310715026170638       0.66992572575282028     
  0.43015253643632506       0.65474145686246932     
  0.43618346383018602       0.64157902490958751     
           8
  0.68939750214601325       0.30093006256233723     
  0.68266059271592328       0.30645066260178866     
  0.67616081061581434       0.30381130118643046     
  0.66935413731649185       0.30415856538231478     
  0.66895984283507093       0.28198340257178112     
  0.67591265833265024       0.28027329743438573     
  0.68345408699530008       0.27964622028491259     
  0.68990967927581903       0.27685971396457415     
           6
  0.35542502667624554       0.70341755916150883     
  0.33193593123744519       0.70085716031053702     
  0.33790331124335438       0.69484273963368459     
  0.33351022871479719       0.67970674726336666     
  0.34977040709773527       0.68221073398714427     
  0.35834316399224131       0.68921514198214051     
           5
  0.57356045346829787       0.91187717729297890     
  0.55612005074866078       0.91825900755157341     
  0.55655819416228725       0.90941105923806087     
  0.55575145115094593       0.89786217095688203     
  0.56712927035527716       0.89483297752344226     
           8
  0.96532069757704064       0.80620352294689968     
  0.96043353051303504       0.81202326665787705     
  0.95384444275595559       0.81368827335273286     
  0.93985955409922817       0.80597140292787450     
  0.94453659550438440       0.80133343856082428     
  0.94562556576165802       0.79472453807991505     
  0.96827175987943703       0.79241702961787275     
  0.96720465971508318       0.79796036674573712     
           8
  0.71438853075895592       0.35301740123326808     
  0.68868476228021258       0.36070494078060011     
  0.68844855696263108       0.35364148004716911     
  0.68664782669233304       0.34765714637983508     
  0.68636580407896619       0.33853451008205027     
  0.69706601955678371       0.34402246730059249     
  0.71470382307983937       0.33763000458852360     
  0.70706946628459333       0.34311787118509435     
           6
  0.30231722565117891       0.94616524004540725     
  0.29922424660915725       0.94017280377247292     
  0.28288897794511236       0.93513353059744264     
  0.29262120547170062       0.92236113858535052     
  0.30749040818840534       0.92441707443210419     
  0.31230509557072195       0.92921870409669249     
           5
   7.9676829143502464E-002  0.25512366907694867     
   5.8655343782074883E-002  0.25411164675821529     
   5.5187482371836585E-002  0.24500658841926354     
   6.3062495489724188E-002  0.22923117083689559     
   7.6261016130007422E-002  0.22992516174810620     
           7
  0.89912178628096584       0.65683614747492736     
  0.88819128309315365       0.65158290646972550     
  0.87505280363597548       0.64625148860049786     
  0.86905227937711815       0.64816477256102212     
  0.87008461436400353       0.64199710489473694     
  0.88359337046180564       0.63447205035634835     
  0.88777318570307806       0.62870815754576048     
           6
  0.77475764527296831       0.82818881584867754     
  0.76528977554114908       0.82966839927541369     
  0.76394588424753573       0.82185559973596800     
  0.76526698459453202       0.81525717453985114     
  0.78081207677331488       0.81070400195437753     
  0.79190121664761215       0.80955147355181623     
           3
  0.31737988244004561       0.22312696485468225     
  0.29348710103661829       0.22486685247743993     
  0.30390409631776816       0.20110439086200929     
           6
  0.82923248513062842       0.65736920351580963     
  0.81337482755837864       0.66170187266030256     
  0.81777211770727254       0.65539628626403434     
  0.81649882798181062       0.63611634371028258     
  0.82817646636686082       0.63411984818076328     
  0.83863591786284852       0.64808592840823576     
           7
  0.15292529416816519       0.96098318701935237     
  0.14287961067802984       0.95856726425272365     
  0.13695769513587341       0.96071081252031520     
  0.13218967091639777       0.94146516143502057     
  0.13553606765707485       0.93661270127004426     
  0.14140854515872139       0.93299549002999205     
  0.15661843883843590       0.94718310780457304     
           8
  0.10895389749618183       0.61573757342937263     
  0.10141058780178090       0.61546983452670112     
  0.10304980714561821       0.61027227091693337     
   9.9072114176852091E-002  0.60322020846773705     
   9.3580913421283343E-002  0.59454161213425283     
  0.10691074326697149       0.59033212794614809     
  0.11676976738240794       0.58897176812979057     
  0.11786359449098534       0.60255259833483232     
           3
  0.13628536396466928       0.75917614442059700     
  0.11864946699342735       0.76689233887850328     
  0.10926439633254945       0.74687041656641184     
           8
  0.71260827611712774        3.8903350699851819E-002
  0.71019777230121062        4.4829688222288520E-002
  0.70098362878328901        4.0649590887049530E-002
  0.68708902761930746        4.5130066226577684E-002
  0.68591429617569899        2.3456199028579639E-002
  0.69214868391445661        1.9966794479767326E-002
  0.70390872855603026        2.0586445877500290E-002
  0.71331083468844436        1.9726692417411124E-002
           3
  0.48297917626504783       0.99976336955379141     
  0.47394789579158314       0.99699398797595196     
  0.47039376102628183       0.98171784035748511     
           7
  0.35346933641959283       0.25247710612662111     
  0.32769653966167528       0.26735437193860478     
  0.32890233899214461       0.25823189102138111     
  0.33449991649559008       0.24232309822431758     
  0.34919355634422827       0.24278363092967292     
  0.35465667370129939       0.24025981753472200     
  0.35534065123513042       0.24670819270145727     
           7
  0.61245133293345766       0.54132332568327457     
  0.59197302735804314       0.54578764423391846     
  0.58605292213818150       0.54763759472298046     
  0.58879762360608945       0.53686891459602804     
  0.60099929703810295       0.52577997660774245     
  0.60880756151649729       0.52478850482016715     
  0.61110000646113039       0.53142621584970107     
           7
  0.25914069454944172       0.21937483964127355     
  0.23631168081074652       0.22100143816971141     
  0.23403386489873340       0.21447640167877222     
  0.23396743471643502       0.20389297296005532     
  0.23701954103203804       0.19877055725180498     
  0.24676906948745136       0.20029771471021174     
  0.25902651497087154       0.20497910707148267     
           4
  0.94786692649908877       0.10160141789539093     
  0.94091197906062185        9.8199677122251097E-002
  0.92929750118566712        8.6545905245742641E-002
  0.94024367204690207        7.8648572172305392E-002
           7
   9.2714373519336868E-002  0.47581665161698805     
   9.3082244035753894E-002  0.48395981883923983     
   6.7770729964047607E-002  0.47953499102637293     
   6.9872184662041911E-002  0.47104682395590708     
   6.7935519503316097E-002  0.45366147999906337     
   7.5738795081248228E-002  0.46098061190704448     
   8.5902713965971239E-002  0.45379931328547318     
           3
  0.13486355883271153       0.81272569351209745     
  0.13579323433206295       0.80146235579268343     
  0.15952274680000220       0.78971339775870431     
           4
  0.24900802578936562       0.39834819190364540     
  0.23807965145256796       0.39815486531243299     
  0.23285275142925133       0.37722441067266227     
  0.24512256428695506       0.37472647050145197     
           4
  0.45060512442042100        5.2771333756262057E-002
  0.43672678964998762        5.4163924167269506E-002
  0.42328400053962401        3.3767806826362975E-002
  0.44820089858284140        4.1332914845659888E-002
           5
  0.37573804207744782       0.59664243437772235     
  0.37100170938421262       0.58780162681807480     
  0.37411353090131272       0.57256301126623144     
  0.39299075344769835       0.56913992296064841     
  0.38987118732112408       0.57709362543234088     
           3
  0.27521776143243160       0.55271558692521816     
  0.26352705410821642       0.55010020040080165     
  0.26650191398985612       0.53692373539521332     
           8
  0.16659307459292844       0.65146351860290541     
  0.16134177995026588       0.65060828084924605     
  0.15424323764208700       0.66066264728322344     
  0.14682227190070782       0.65841085941761834     
  0.14147349276430060       0.64727701846417918     
  0.14890291989417939       0.63814093990251952     
  0.15837425041257233       0.63338742724326758     
  0.16246530626068256       0.64110895836971016     
           4
  0.17263269241869941       0.70460130979590596     
  0.17505209209360051       0.69458925127716442     
  0.17832266277714803       0.67483531704597999     
  0.20117992877018170       0.68724908836276422     
           8
  0.25826531219669785        8.1271993630197562E-002
  0.24494818506235028        8.3938155202604961E-002
  0.24018294333078646        8.0738093863080881E-002
  0.23507533890044680        6.8029172163773619E-002
  0.23866841408344755        6.1943872745712211E-002
  0.25477485561763291        6.1046147878484364E-002
  0.26379856313489625        5.9415579306616409E-002
  0.26296202296129573        6.9300422930639108E-002
           4
   3.5726023320876876E-002   8.4833768854967462E-002
   2.4967473142487241E-002   8.1944405938942616E-002
   1.4140584098545270E-002   6.7112059442690802E-002
   3.1266277224470375E-002   5.5191836811563193E-002
           7
  0.66439333700669390       0.48579841424765069     
  0.65575548206571810       0.49059978440581664     
  0.64817393786720934       0.49283811131095395     
  0.63902724736539918       0.48571252600459119     
  0.63793932318751145       0.47918319813772842     
  0.63726768016945279       0.46500323744052319     
  0.66510693319109004       0.46781281146569215     
           3
  0.24658241998998062       0.38118290986541625     
  0.23505926015196260       0.36832715538122290     
  0.25564946992914678       0.37073599610157454     
           3
  0.15317795849943966        5.6810117462454637E-002
  0.13059288523221632        4.1906485220047814E-002
  0.15319873572142356        3.7376672289494199E-002
           8
  0.60033900678704299       0.39916310899149132     
  0.60111846825055604       0.41298629174504575     
  0.59359530502919033       0.41340379467787619     
  0.57864892572333881       0.40446767773776471     
  0.57728626735613275       0.38843351820491717     
  0.58549152679347904       0.39356476591477491     
  0.58823476224536386       0.38887643907727565     
  0.60482761543063246       0.39166323354258203     
           5
  0.11797240496602855       0.25733240372301469     
  0.11482361178738476       0.26558199547173600     
  0.10624940213756098       0.26488081343886832     
   9.7055902075868616E-002  0.23901906989270938     
  0.11350962887715603       0.23820475747914052     
           6
   1.0019916847812598       0.45678687539863905     
  0.99487090508580578       0.46173368895738109     
  0.98797595190380760       0.45290581162324650     
  0.98565035887883667       0.44210265056487913     
   1.0014259932959075       0.44159261879402090     
   1.0033036575287924       0.45037930895789619     
           5
  0.50181607164365993       0.78228408725699183     
  0.47526482415403970       0.76960585526410963     
  0.48136902973289653       0.75924249501521512     
  0.48845943182771462       0.76597398556611851     
  0.50082638581701910       0.76798376104104216     
           3
  0.67194051901204932       0.85995006653852046     
  0.66845966158140913       0.84745868542094205     
  0.68909544857410276       0.84789167250876230     
           8
  0.11010428306051796       0.73818056607475957     
  0.10652250727150897       0.74985667278398427     
   9.0288097285506880E-002  0.75036654913136647     
   8.9317064993928788E-002  0.74237934083435764     
   9.1257842172890888E-002  0.73671635513843392     
   8.8745857927807134E-002  0.72664377200019781     
   8.8546269823275209E-002  0.72061211923002566     
  0.11547768864258050       0.73313549492458896     
           3
  0.63510806791023855       0.81624065721486083     
  0.62483797196068536       0.82064573334319590     
  0.62024048096192386       0.81062124248496992     
           5
  0.15205327118657305       0.14302039472661279     
  0.12852985602700404       0.14732245608923167     
  0.12626591461777514       0.12822871118873067     
  0.14268841082749709       0.12475648433144515     
  0.15331354243283349       0.12781686486934807     
           4
  0.12170934886249368       0.49900171059536391     
  0.10341491939055787       0.49784861759002541     
   9.7105884524293376E-002  0.47553113365272953     
  0.10489803972060176       0.48026811913886891     
           3
  0.93466826752272891       0.58727760310744637     
  0.92284569138276551       0.58016032064128253     
  0.92776339450987788       0.56532556519478183     
           3
  0.69751951266972179       0.34620986475647020     
  0.67380410338378327       0.34923352597246282     
  0.67783287278394522       0.32385631783780022     
           4
  0.92685370741482964       0.18537074148296592     
  0.91188925321620773       0.17984676125747151     
  0.92066607418247470       0.17595134947689473     
  0.93180273845020400       0.17482950219777771     
           8
  0.26861330870372624       0.66699404247623750     
  0.26159096411004729       0.66747664381316196     
  0.25169006317388692       0.67156602324778158     
  0.25114872191956539       0.66627019992945002     
  0.24608503188096420       0.65435803006541460     
  0.24855036701068542       0.64839104600671127     
  0.25119299878488494       0.64243936065339413     
  0.26165170995587006       0.64396279856266325     
           7
   5.8975065827617856E-002  0.84391905110183052     
   4.5800407447300975E-002  0.84492216380020069     
   3.1565131942682324E-002  0.83755032942943008     
   3.4187707164874612E-002  0.83242470495953014     
   3.2308343430281161E-002  0.82579417416557266     
   3.9979424496956351E-002  0.82313744571813274     
   5.5298574600411175E-002  0.83041670201317619     
           6
  0.54816533163814107       0.45594253518990979     
  0.53267104237976826       0.45418922264089834     
  0.52351199467450682       0.45441391104314655     
  0.52493876730693168       0.44210788093929509     
  0.53125848596720027       0.42895009858734240     
  0.54629657317758307       0.44323673758114729     
           3
  0.11723446893787576       0.59118236472945895     
  0.11656130244707981       0.58211709595109984     
  0.12689768142372679       0.58582221101849052     
           6
  0.62046055367282604       0.46856180414659110     
  0.60560589261399744       0.46515003551944417     
  0.59261230040885426       0.46808358014414225     
  0.59527073397985519       0.45123553234002345     
  0.59541093749930751       0.44222037049613050     
  0.61508406917530734       0.45257922781293142     
           4
  0.67713430169615818       0.43675547621487526     
  0.65495580868910264       0.43547629806396104     
  0.66624507891204421       0.41874923464010694     
  0.67752682058774627       0.42908830070483500     
           6
  0.88806436336080918       0.55170974879957679     
  0.88263978707761248       0.55688001445371815     
  0.88350477566957597       0.56433246943478699     
  0.86873622688390884       0.56438450019350483     
  0.86660148010542826       0.53556730852762802     
  0.88093127341080835       0.53407622171805813     
           6
  0.95947025452981438       0.17446157258988204     
  0.94261849093876460       0.18236279966154018     
  0.93538416857913020       0.18361850079957798     
  0.94012588513299078       0.16006711553685693     
  0.95111801227707893       0.15656491367795150     
  0.95624537806210863       0.16348639318496203     
           5
  0.19353470881398732       0.26464973518100499     
  0.18021191941572959       0.26430928097951850     
  0.16650668060734730       0.25655566971807819     
  0.18597923687854220       0.24428931857677103     
  0.19288253189608173       0.23971998928824295     
           7
  0.18329558381825214       0.70744728076693342     
  0.17066582489566171       0.71210957223388127     
  0.16503957395670854       0.70689920327462841     
  0.15951616251900519       0.70980999488948426     
  0.16024983368020720       0.69130799681462207     
  0.18111036535089275       0.69050358258052646     
  0.18660263159768889       0.68637020538481552     
           5
  0.22581933158142875       0.61169894491097621     
  0.20364095095420084       0.61230853452331835     
  0.19755203605564314       0.60318519726780262     
  0.22424055138490293       0.58822798139088994     
  0.22250637905457138       0.59497429957028225     
           7
   8.8801812358640847E-002  0.40379540572205941     
   8.1662583074051165E-002  0.40585682055747485     
   7.1278457261721634E-002  0.39838243746253649     
   6.6891110495999523E-002  0.38748835729783482     
   6.8060193336942187E-002  0.37566552866722513     
   7.4362947406790447E-002  0.38458072100126861     
   9.0125611738366307E-002  0.38112025442973491     
           8
  0.12869740812337488       0.19201855097536985     
  0.12617356431606225       0.19766009757275099     
  0.11612456564962127       0.20096537581335630     
  0.10247298437520885       0.20416308492979238     
  0.10321878354566695       0.17445874630531960     
  0.11697120268439390       0.17646037038039755     
  0.12201261332202938       0.18255886327033249     
  0.12872631184025543       0.18628836717786207     
           3
  0.67285825590531112       0.86707980349175662     
  0.66294617731043559       0.86762438042967727     
  0.66032064128256518       0.85370741482965928     
           5
  0.41911653883503769       0.55851658269326898     
  0.39555065215431517       0.55555253355426004     
  0.39020948793854338       0.54952392536762118     
  0.39680715321185173       0.53842281099067812     
  0.41384925369874243       0.53466659515914128     
           7
  0.17567609541502505       0.85453227334512505     
  0.16464570522841804       0.86006089593957658     
  0.15463639944325513       0.85465136888312621     
  0.15912672843089151       0.84534563124238793     
  0.17030140653429424       0.83800894377715340     
  0.17953884782384480       0.83439878923497512     
  0.18401185200766473       0.84111191973153665     
           3
  0.10288084773799515       0.67324851632177041     
   8.8150589531909990E-002  0.67173694176554655     
  0.10414650273044117       0.65637055484142892     
           6
  0.43387830329458027       0.50510025804210268     
  0.42328880799634117       0.51730528371459361     
  0.41397066906424035       0.51629628178969289     
  0.40864847409417238       0.49116725567822261     
  0.42431826719831428       0.49352398361517058     
  0.43252152833178281       0.49578942264009651     
           3
  0.12424849699398798       0.86272545090180364     
  0.11709040924770747       0.85502955960558757     
  0.13949506346789398       0.84815935792961561     
           8
  0.29629163083392912       0.79340292272335222     
  0.28987251333189457       0.79482733927034777     
  0.27706830378110003       0.78586795837555146     
  0.27445189325620467       0.77172491196266368     
  0.27790419147650569       0.76501691373095237     
  0.30397958206393166       0.76708618343853441     
  0.30003910555762453       0.77113751377573481     
  0.30104472427179241       0.77674471936655509     
           5
  0.93524890173809394       0.85879548349653734     
  0.91668205838554440       0.85641530263627874     
  0.91125023493382651       0.83194146071889119     
  0.92049904542561212       0.83509538061205768     
  0.93285497656456373       0.83616221773666222     
           7
  0.47933536443397279       0.15978010553911753     
  0.46361073034586847       0.15730149778813551     
  0.45936689094636984       0.16220032387302530     
  0.45447554983578725       0.15930623594028068     
  0.45613272039798436       0.14861795342348222     
  0.45064330241334233       0.13918270346726891     
  0.46492985971943890       0.14829659318637275     
           5
  0.38724044438391803        4.0895827491830364E-002
  0.37460864315536868        4.1952767295259701E-002
  0.36246258284656863        3.5421244903274862E-002
  0.36696343313807900        1.8628953944381833E-002
  0.38994650537272968        2.5809991543204264E-002
           4
  0.49367335909730742       0.57495949616062847     
  0.49163401634095827       0.58289379046728784     
  0.48296593186372744       0.57114228456913829     
  0.49605087558577393       0.56756946876032099     
           6
  0.94539279515996155       0.16408529608555403     
  0.93851509404735989       0.16873580143197800     
  0.92733990733082439       0.16752422797274974     
  0.92515151154413477       0.15861869297974027     
  0.92893440390918836       0.14794357516752493     
  0.93901264574939769       0.14461336504159014     
           8
  0.99852115983079381       0.68451376296715527     
  0.99929108998003979       0.69174256977463000     
  0.98078975170751592       0.68439762373673052     
  0.97568457442968604       0.68176216968043324     
  0.98370577565047235       0.66539543047329164     
  0.98741462743296216       0.66982730961966952     
  0.99007191231504255       0.66439293171553282     
  0.99776194616240343       0.67307874237333198     
           8
   1.0095130851324896        7.1470428476924211E-002
   1.0008987967391842        7.2998865686367237E-002
  0.98409158351013470        6.1665912197053245E-002
  0.98482588431880291        5.3746399084957160E-002
  0.98560415661033629        4.7583168376253593E-002
  0.99421334126289729        5.2435214240750247E-002
   1.0084936255751269        4.8277963426928472E-002
   1.0036374111714659        5.2084431552051828E-002
           3
  0.24334090386357141       0.25764826031508059     
  0.22667597692868738       0.24158565499598422     
  0.24906959598194378       0.23356551025429548     
           5
  0.81268448630387191        9.3927097407767640E-002
  0.79394271254880056       0.10058136181711537     
  0.78953520707929570        8.8796477643084834E-002
  0.80460650952387736        7.7657550644146589E-002
  0.81847420557526029        8.1778116682555496E-002
           4
  0.95919151952895609       0.19760800277749224     
  0.94535149363415860       0.19774448965171551     
  0.94589178356713421       0.18537074148296592     
  0.95415700404319226       0.18451758904234064     
           6
  0.97643441220775262        6.0206572819881919E-002
  0.96448180191342781        4.8702877379725819E-002
  0.96028806659374355        3.5549804437772968E-002
  0.97156733641391135        3.5064079124743609E-002
  0.97982000254341395        3.8247802617404986E-002
  0.98716930850664308        3.4181398048374327E-002
           6
  0.98109394915229642        8.6540399657812808E-002
  0.97488494532154824        8.6581561888171371E-002
  0.96615901108849811        8.5579130378066470E-002
  0.96057720821672010        9.0134996317197014E-002
  0.95523185697976531        7.5174492286063072E-002
  0.97503161012319661        6.3282431559096783E-002
           3
  0.24448897795591182       0.24448897795591182     
  0.23625309869825031       0.24696506183053304     
  0.23946012984727341       0.23449113142909842     
           6
   1.0059455661695127        7.0176494474925688E-002
   1.0045132866251287        8.2086909047877674E-002
  0.98565952405440282        8.0445908621099863E-002
  0.98611370705631174        6.4698159278451808E-002
  0.99126002700960913        5.2265814391375232E-002
   1.0063579407141392        5.8306749111614348E-002
           8
  0.10174066920653270       0.15570854082743465     
   9.9140213384240422E-002  0.16395870436002699     
   7.6908773328054555E-002  0.16366932453002098     
   8.0198485846743328E-002  0.15843536763717084     
   7.5226598669050126E-002  0.15346965165123000     
   8.2385563773962237E-002  0.14519163850623010     
   9.0095123845256281E-002  0.14413816433875853     
   9.8252862036263405E-002  0.14929162411609817     
           6
   1.0024410529225742        7.0324301827958999E-002
  0.98553422294418314        7.4315294497290102E-002
  0.97675144348673115        7.0225398696244945E-002
  0.98146806227485472        5.4931448925146772E-002
  0.99441406754524631        5.0916091219143339E-002
   1.0044785276360830        6.1713496093523196E-002
           5
  0.96438778023052518        9.0671386262635753E-002
  0.94998808285292236        8.4632745572875312E-002
  0.93994081475858038        8.6304064492161728E-002
  0.94691292675661365        7.0993712015476482E-002
  0.95567111178292830        6.1080903337955433E-002
           4
  0.35159671117824365       0.37240244460023875     
  0.33826851749186643       0.37339117373923786     
  0.34851726928494881       0.34817139027404681     
  0.35764245927698912       0.36257412293695368     
           7
  0.42585174374870810       0.49717073535516798     
  0.42707516380986438       0.50772271380092771     
  0.41791257502424450       0.50987183379628764     
  0.40354098278869055       0.48468136211149088     
  0.41210027388764953       0.48040393646414647     
  0.42384212209510402       0.48239296550137711     
  0.43086666315938071       0.48810676091257066     
           6
  0.98624333578913070       0.67778273043576143     
  0.97875541481591222       0.68684269080423754     
  0.97216407660128623       0.68140394210299560     
  0.96494584678692541       0.67664989036102918     
  0.96602350254416125       0.66419629527251078     
  0.97323964679434027       0.66461795439931837     
           5
  0.95323196493565621       0.16135017934220658     
  0.94533044149367362       0.16164216409255810     
  0.93005621093483015       0.14133357937937857     
  0.93330558671994168       0.13399320219086458     
  0.94998440405042928       0.13775420971457653     
           5
  0.39997619353180952       0.60303593420629531     
  0.39398138765525126       0.60889901570436600     
  0.39178356713426854       0.59519038076152309     
  0.39941737848743109       0.58053528269404453     
  0.40311407512414071       0.59571341883009188     
           5
  0.91886917631672127       0.10308019275328377     
  0.89451435814070102       0.11144824418418409     
  0.89407709366721599       0.10434885486455218     
  0.90536294453077082        9.1591987404679054E-002
  0.91923225559872224        9.2136452320396273E-002
           3
  0.64154066425301592       0.10337230451978874     
  0.63656446833316815        8.7428928318483631E-002
  0.65823279095422682        8.5066429085160281E-002
           6
  0.96073126246831997       0.10557102207410773     
  0.94508535112181558       0.10523909510688804     
  0.93883011419278062        9.6232689133563407E-002
  0.94752238458783933        8.4401318105420967E-002
  0.95347161075982356        8.0472256534331113E-002
  0.96742021005906020        9.2667587372467219E-002
           4
  0.93124121576080132        7.9678380266112209E-002
  0.93281567549940392        9.1974776646431597E-002
  0.90728167473166543        6.5297883774558099E-002
  0.92649928081299615        6.8839533914095849E-002
           5
  0.14827363327816051       0.34109192745221761     
  0.13291838734912531       0.34154382238881942     
  0.11983415850988527       0.32641200256305691     
  0.12629855270866416       0.31796091349726596     
  0.14328599375593984       0.31713403369735266     
           8
  0.95913595174569044       0.18880964975524905     
  0.94577316771716224       0.19211250553537410     
  0.93465635332326424       0.18893465182879188     
  0.93744330568680612       0.18172402909594407     
  0.94286229226088969       0.17476657614235336     
  0.95593993011479006       0.17128275912829902     
  0.96250532542617695       0.17077471732152222     
  0.95774446576403294       0.17978472754594338     
           5
  0.40168662018391066       0.26845895587179969     
  0.39375200179820408       0.26547854403819882     
  0.37535518690761377       0.26383605663862009     
  0.40043480481873717       0.24146237162962597     
  0.40375115869502670       0.25391412770008392     
           3
  0.78904012411735724       0.21123967084388462     
  0.78690386576153093       0.18773708331700631     
  0.80333941928844221       0.18868139434343309     
           4
  0.25752814472030611       0.28490731437345573     
  0.23478189809525404       0.29521498543962243     
  0.23171197009277533       0.27728547112065505     
  0.24554798201358635       0.27112549263209346     
           7
  0.97931744749406835       0.17931062970876355     
  0.97123878067103331       0.18216321415183592     
  0.95479638529256072       0.18910664228603993     
  0.95818662575843494       0.18386324139644666     
  0.95508373258690082       0.16484245334844810     
  0.97279481601154860       0.16127791317178086     
  0.97886540311346704       0.16956281819281477     
           8
  0.31690139704667109       0.38653058088812464     
  0.31074755610457738       0.39210387509348421     
  0.30277862856947341       0.39616359651026717     
  0.29502328069923767       0.39565364856652069     
  0.28980462548720698       0.39041499885743347     
  0.29160628407839545       0.38128193714197439     
  0.30754561473465003       0.36724298440409009     
  0.31358301524091536       0.37071509886724296     
           7
  0.92819153756481743       0.66822379933471132     
  0.91723426274406195       0.67381499227350361     
  0.90697093344485391       0.66906842240166631     
  0.90419967454659178       0.66356195479787494     
  0.90279009032011470       0.65755667778496496     
  0.93042416827466068       0.65259357307077548     
  0.92422862260060668       0.66378818274368101     
           8
  0.20747021094567897       0.24990224488277202     
  0.21189377325525763       0.25507727888338089     
  0.20349880875819665       0.25642028970622127     
  0.19472010949242749       0.25946680634132113     
  0.18355819538284773       0.23557046128429615     
  0.20559767741840301       0.23518827012175672     
  0.20734363110570406       0.24213311100028334     
  0.21246867043089299       0.24067346455032790     
           4
  0.21905844156747845       0.26831156223954267     
  0.19726011273762398       0.26675731599274988     
  0.20969519662551003       0.24647828258234666     
  0.21749502732399276       0.25733869476061610     
           8
  0.93562744983148260        8.4678919866019595E-002
  0.93887780454846081        9.3791450562296902E-002
  0.93055781162988327        9.5674712844091014E-002
  0.91809729206430901        8.7812210994158854E-002
  0.91258085524257382        8.5066634834685101E-002
  0.91498757170380562        7.6925596291788245E-002
  0.91630873793948397        7.1434562174790300E-002
  0.93214123576257091        7.4317573084268812E-002
           6
  0.97508810913313737       0.72973429602292794     
  0.96896208111120863       0.74196407062020919     
  0.96611215643372872       0.73526828898842012     
  0.95408779339326755       0.71588388816894855     
  0.96553518054599119       0.71473518902032351     
  0.97648734198445397       0.71536243365236052     
           4
  0.88807057409594936       0.15862418975744921     
  0.87623193657327414       0.15804042297244592     
  0.86883716113955356       0.13517386710439305     
  0.89607157089427558       0.14059825273097784     
           5
  0.86358041149484310       0.12183190704741872     
  0.85429179881751993       0.12555571576100211     
  0.84170571692433593       0.12702541034940903     
  0.83587085527985150       0.11773895656353299     
  0.86310444810646791       0.10943323152005126     
           7
  0.93327671066370799       0.69439110948625804     
  0.92695036913232631       0.68839735080487319     
  0.92136495169556987       0.69364259232898828     
  0.91295059330983364       0.67622936206749429     
  0.93842199726904074       0.66459128535855672     
  0.94017887764870056       0.67086293718101131     
  0.93557686856092126       0.67706199159189140     
           4
  0.59228393817466818       0.54663258591729924     
  0.57201935132271464       0.54886439287556732     
  0.57040589601279812       0.52628280577193065     
  0.58030878230684035       0.52484165166865993     
           4
  0.27920556296946197       0.22351397316543928     
  0.25267517402556805       0.22348878872590194     
  0.25842091745107604       0.20951019640078594     
  0.27744833741092739       0.21144089999275867     
           5
  0.16034705699994431       0.16820200861935380     
  0.14958757164858466       0.14959519359600723     
  0.15382939165868290       0.14147617444697996     
  0.16190283081703688       0.14292128347332975     
  0.16836021829949963       0.13958705163442089     
           7
  0.90411821145740234       0.11714597319770920     
  0.88779252786569385       0.11960458783921654     
  0.88117927545593200       0.11449017654726695     
  0.88146889772653358        9.7741829047807136E-002
  0.89307166850160702        9.6952480748660350E-002
  0.89703217738452568        9.1668773652291285E-002
  0.90483541349505148        9.8324576861338581E-002
           6
  0.37858026060142708       0.72864985799244586     
  0.35606070976615550       0.73979277898133045     
  0.35616564846422144       0.72175577126869372     
  0.36785191682181778       0.71120480138038922     
  0.37022656281821004       0.71700978286519079     
  0.37972772823536755       0.72217646033271465     
           3
  0.57346146851029134       0.54766270137960715     
  0.55295822997667476       0.53243469107318930     
  0.57464465556319244       0.52713188642985953     
           4
  0.51002004008016033       0.50300601202404804     
  0.50379207831097472       0.49161796244231626     
  0.51085626856915745       0.48788269889696018     
  0.52224735999421046       0.49288192701670819     
           8
  0.93748106737537418       0.17859852225667935     
  0.91191820524776512       0.18908339203551430     
  0.91118285993325743       0.17944789550279272     
  0.90974033168046742       0.17270669083443782     
  0.91120931412465844       0.16326822155950865     
  0.91816772177750039       0.16338641615632796     
  0.92638549156728411       0.16374136516692073     
  0.93562522949081750       0.16801105338588482     
           4
  0.82200736255824969       0.27863513684014674     
  0.80828030509761206       0.27281165217979980     
  0.81717493514181394       0.25215391502928103     
  0.82992030419698226       0.25521099275037057     
           6
  0.33244641542073294       0.17733073965657914     
  0.32237983137118070       0.19227532982579329     
  0.30999944139788227       0.17948476348075734     
  0.31656652413758490       0.17661764478978223     
  0.31420101808584350       0.17082929011219450     
  0.32668826828632302       0.16715830399452086     
           8
  0.51455132147664762       0.57951918233171729     
  0.51440364684440187       0.58584608981054309     
  0.48628353378844213       0.59345334548652073     
  0.48631037417106099       0.58376438734066938     
  0.48903881811450084       0.57623265477121155     
  0.48930352125980431       0.57074415261922296     
  0.50523245071669520       0.56621034970411399     
  0.51011308925085086       0.57354434315766289     
           3
  0.43587174348697394       0.65330661322645289     
  0.42647118970740572       0.64953709000462001     
  0.44021929312315383       0.64044372714991560     
           4
  0.48434573131418024       0.53606874610055177     
  0.45742065712005786       0.53802043209066275     
  0.48306484444915804       0.51198241730873284     
  0.48438342620628988       0.52449342143765698     
           7
  0.45830694227140739       0.35590993972271268     
  0.44799997702666067       0.35504646329459860     
  0.45269136462661191       0.34576751814344658     
  0.44794063926174099       0.34078655510735861     
  0.45659660971363264       0.33325573103210571     
  0.46955405924442573       0.33726595036503759     
  0.47470879616929745       0.34341890837590389     
           5
  0.92659345064541399       0.63895620980339962     
  0.90940151075548870       0.64337571505242852     
  0.90445863744292865       0.63453107695139765     
  0.91109623223029368       0.61869224438786063     
  0.92668595738226645       0.62701302209128096     
           7
  0.85667690250664208       0.76311713074095000     
  0.84908755745152531       0.75712519898992781     
  0.84483636555602704       0.76132936316047872     
  0.83864359136936451       0.75766499224645545     
  0.83544365445445101       0.73577329238789435     
  0.84129822897408946       0.73845750841761471     
  0.85428285349500499       0.73840251791812805     
           4
  0.35571142284569141       0.70140280561122248     
  0.34131917435730363       0.69767892123070074     
  0.34366557533767123       0.68956518720941051     
  0.35563585763168787       0.69088533558940446     
           4
  0.98085645638268193       0.66496136803413208     
  0.95857314160636775       0.65296473547430600     
  0.96227756282559651       0.64437150706928459     
  0.97770757927679153       0.64108070996223632     
           5
  0.96574652818303564        8.3539949766652064E-002
  0.95375814279481519        8.5157942984308482E-002
  0.94410533852410383        8.1130874645096746E-002
  0.94675311805543394        6.9538489620021654E-002
  0.95979405009131369        6.3533680894540173E-002
           5
  0.47603459231242079       0.47304112492418970     
  0.47213450087617737       0.48001126688496176     
  0.45648873606976392       0.45142255463809022     
  0.46872203651261274       0.44965414976146423     
  0.48248039115444130       0.45925472070080764     
           4
  0.95455668003171934       0.71947791748064116     
  0.93367587480266379       0.71746116666019588     
  0.93197089912634501       0.69268101083487843     
  0.94887092992489386       0.69729494091041866     
           5
  0.99037482575106739       0.74758269221302343     
  0.98756041940761452       0.75416954340268016     
  0.97234881897357262       0.74201619023529153     
  0.98118546604775270       0.72986858274408073     
  0.98774159113914617       0.72715437644933967     
           8
   1.0083382286118705       0.70281802427798867     
   1.0140871255103272       0.71112016721446414     
   1.0104959775069038       0.71887588920252476     
  0.98994740142320947       0.70965178944126528     
  0.98867637533016950       0.69769703241471603     
  0.98980737529966378       0.69092875970017853     
   1.0014523580894685       0.69304399746360246     
   1.0082775499707868       0.69674169499030447     
           4
  0.40819239482876957       0.50178771122641141     
  0.40647361668948473       0.49078703703567594     
  0.43067491639639188       0.48268758061685973     
  0.42479525936011225       0.48851709163115925     
           3
  0.21960093258429747       0.23722531637263089     
  0.20074784791169428       0.21625806510690349     
  0.23069104611192831       0.22171729496020917     
           5
   1.0082979645219681       0.11879773175156089     
  0.99911021263982291       0.12810627267963437     
  0.98428450875553986       0.11986278322994014     
  0.99471129657397506       0.10708507283106065     
   1.0042362785038117       0.11317997925097416     
           3
  0.42750391837755980       0.45616164832801448     
  0.41928287646942369       0.46225157534596445     
  0.43386773547094187       0.44689378757515030     
           4
  0.36923013719399239       0.56564527317971325     
  0.36022636699682903       0.56444585020284554     
  0.34798563785541664       0.56423885667393281     
  0.35470941883767537       0.55310621242484970     
           8
  0.89952591846420826       0.20856928481302159     
  0.90086604667866665       0.21457538217292438     
  0.87771000492357598       0.21866565040380823     
  0.88101796098264307       0.21285403077018791     
  0.87068570182243987       0.21695130149742237     
  0.87417522291382554       0.19073472123466848     
  0.88682011071322342       0.19458598556697015     
  0.89233606231044826       0.18917639338000111     
           6
  0.45208416926886885       0.34987206736895810     
  0.45329107586107176       0.35935933440833989     
  0.42920611955939586       0.35678258891295012     
  0.42715235051473655       0.33729204770658611     
  0.44901979342496257       0.33309862841225213     
  0.45254798915570771       0.34249302010436927     
           6
  0.48355672915609349       0.67290335734509366     
  0.47936964374391150       0.67935622603125356     
  0.46439267874305634       0.67860097116258866     
  0.46011337392360674       0.67110649130437838     
  0.46179561877708852       0.65176623817636647     
  0.48375844513890220       0.65325889113673441     
           4
  0.99605335753873947       0.12994835649680755     
  0.96719215929991109       0.12360920186264820     
  0.97552770317767845       0.10661374938963750     
  0.99199244777966500       0.10665750579731073     
           5
  0.50094011155688278       0.58543672626255705     
  0.48377140759821019       0.58102662843246844     
  0.49277015098674642       0.55917984798977394     
  0.50571468095719085       0.56108880865999133     
  0.50516130484756416       0.56856096434268644     
           6
   4.4736833481214766E-002   4.0926361808313494E-002
   3.9662313451837752E-002   3.1312644503355788E-002
   4.3333586312592487E-002   1.8549277810206946E-002
   5.0363264319443948E-002   1.8440613311732433E-002
   5.5175578550504582E-002   1.4076374404885709E-002
   6.5966818226913637E-002   1.3423807948399827E-002
           5
  0.94832523725974660        5.6746930564617513E-002
  0.93539192883565880        5.9120391980924829E-002
  0.92701833986586324        5.1085674496664776E-002
  0.92239724430316838        4.3695190882321766E-002
  0.94787045957171312        3.1780105622917984E-002
           5
  0.94389617269412385       0.83829685263716092     
  0.93186372745490986       0.83667334669338678     
  0.91655748993732100       0.83137814255762654     
  0.91860602113216216       0.82427551104563501     
  0.94643981637940511       0.82751532458913901     
           4
  0.22709804915036808        3.0438284117450566E-002
  0.21694360468905488        4.3257794047312517E-002
  0.20289414044619958        2.5408008152101737E-002
  0.22135994350483415        1.9186621526314607E-002
           5
  0.87141201811465685       0.26040279516353776     
  0.86014025305256681       0.26414225113735457     
  0.86568422354718899       0.23813131410037555     
  0.87613543798518334       0.23653589898571911     
  0.87163039716777291       0.24433739031931281     
           3
  0.27882751999199384       0.22142414810404898     
  0.25230300637020164       0.22798644846411067     
  0.27477231575505234       0.20186695413008643     
           6
  0.22193709403441986        7.8194240667240122E-002
  0.20321173720407368        8.4290597639506359E-002
  0.20311404405806754        7.0505175881318091E-002
  0.20353022389580905        6.1151622726746367E-002
  0.21594798259364448        5.6884966016574917E-002
  0.22570906836162041        6.8337768186143885E-002
           6
  0.95506676111367794        7.8049904322499669E-002
  0.94798948166683739        7.6832966214217924E-002
  0.93257918336932955        7.3610241871709531E-002
  0.95597758522595588        5.7148149940051365E-002
  0.95754436877574567        6.3309579295674948E-002
  0.95133933929422287        6.8708259781891670E-002
           7
  0.92391615195644672       0.72881921406674299     
  0.91507156583966909       0.73041407097294297     
  0.91144187789246378       0.73554233416582748     
  0.90738347187469703       0.72361217903760877     
  0.91004603137036311       0.71466917790323103     
  0.90724542766153582       0.70747943254144718     
  0.92757684205918545       0.72250954092711672     
           8
  0.56900157002048157       0.71273037044236409     
  0.56711416597842301       0.72456481502159975     
  0.54812853217440916       0.71838128706549953     
  0.54403573053371423       0.71203790455516902     
  0.54223830040520049       0.70007968468213078     
  0.55337331262079958       0.70191148183794183     
  0.56325991349568627       0.70323844928168333     
  0.56915075398419301       0.70105111232010608     
           7
  0.61436357116917217       0.59758993644264791     
  0.60888804795745377       0.60664634289920938     
  0.58942116340575279       0.59135854522273146     
  0.59892316223033881       0.57981261675384632     
  0.61146170204915051       0.57801507747842773     
  0.61647552042075049       0.58116562393115445     
  0.61191740129182459       0.58775078667684277     
           8
  0.95258651174381148       0.73817872200446499     
  0.94382398237027709       0.73651545613837022     
  0.92842834290263720       0.73390620868308987     
  0.92448146922900021       0.72259940147074331     
  0.92912341957521472       0.71186001664486209     
  0.93635414872718781       0.71165264351932178     
  0.94384295554984710       0.71748115470219642     
  0.95191235972021682       0.71254958985297789     
           3
  0.43210088119257484       0.54824065982892101     
  0.41562249246931177       0.53391794924215130     
  0.44288803105005775       0.54028987585677490     
           7
  0.41604243268233232       0.60632994320778111     
  0.40485631546831663       0.60572760612832321     
  0.39337942961218353       0.60260655048266365     
  0.39146357177309404       0.59701329718504292     
  0.39196010694980943       0.58652580428994339     
  0.39767741840766752       0.58620608508217564     
  0.40425544925426576       0.58302569145702188     
           3
  0.63026052104208419       0.45090180360721444     
  0.61493084812477050       0.45108373594022982     
  0.63082826963107375       0.43923044549563833     
