   1000.0000000000000     
   169.00000000000000     
         114
           8
   86.000000000000000     
   98.000000000000000     
   89.000000000000000     
   91.000000000000000     
   74.000000000000000     
   87.000000000000000     
   65.000000000000000     
   62.000000000000000     
   60.000000000000000     
   99.000000000000000     
   96.000000000000000     
   79.000000000000000     
   6.0000000000000000     
   10.000000000000000     
   3.0000000000000000     
   8.0000000000000000     
   8.0000000000000000     
   10.000000000000000     
   1.0000000000000000     
   9.0000000000000000     
   6.0000000000000000     
   4.0000000000000000     
   5.0000000000000000     
   6.0000000000000000     
   3.0000000000000000     
   9.0000000000000000     
   7.0000000000000000     
   7.0000000000000000     
   5.0000000000000000     
   2.0000000000000000     
   4.0000000000000000     
   8.0000000000000000     
   8.0000000000000000     
   1.0000000000000000     
   4.0000000000000000     
   5.0000000000000000     
   7.0000000000000000     
   8.0000000000000000     
   9.0000000000000000     
   1.0000000000000000     
   8.0000000000000000     
   2.0000000000000000     
   2.0000000000000000     
   9.0000000000000000     
   7.0000000000000000     
   8.0000000000000000     
   1.0000000000000000     
   1.0000000000000000     
   9.0000000000000000     
   8.0000000000000000     
   4.0000000000000000     
   7.0000000000000000     
   2.0000000000000000     
   1.0000000000000000     
   3.0000000000000000     
   7.0000000000000000     
   10.000000000000000     
   2.0000000000000000     
   3.0000000000000000     
   1.0000000000000000     
   2.0000000000000000     
   10.000000000000000     
   1.0000000000000000     
   4.0000000000000000     
   3.0000000000000000     
   5.0000000000000000     
   6.0000000000000000     
   3.0000000000000000     
   1.0000000000000000     
   9.0000000000000000     
   3.0000000000000000     
   4.0000000000000000     
   1.0000000000000000     
   4.0000000000000000     
   5.0000000000000000     
   1.0000000000000000     
   2.0000000000000000     
   5.0000000000000000     
   10.000000000000000     
   6.0000000000000000     
   1.0000000000000000     
   6.0000000000000000     
   9.0000000000000000     
   3.0000000000000000     
   5.0000000000000000     
   6.0000000000000000     
   6.0000000000000000     
   10.000000000000000     
   2.0000000000000000     
   2.0000000000000000     
   5.0000000000000000     
   10.000000000000000     
   10.000000000000000     
   5.0000000000000000     
   5.0000000000000000     
   8.0000000000000000     
   5.0000000000000000     
   5.0000000000000000     
   8.0000000000000000     
   5.0000000000000000     
   8.0000000000000000     
   6.0000000000000000     
   8.0000000000000000     
   5.0000000000000000     
   4.0000000000000000     
   10.000000000000000     
   9.0000000000000000     
   5.0000000000000000     
   5.0000000000000000     
   5.0000000000000000     
   3.0000000000000000     
   8.0000000000000000     
   7.0000000000000000     
   6.0000000000000000     
           1
  0.50000000000000000       0.50000000000000000     
           8
  0.87799933693569432       0.69437601807881977     
  0.85115304541590775       0.70646821193101428     
  0.85518612358514590       0.69746034519518996     
  0.85378596562428288       0.68437541513859990     
  0.85979943705062467       0.68474430937064545     
  0.86168092041576538       0.67840910219787476     
  0.87061539228990470       0.68272674884366236     
  0.88040018504543516       0.68656424908818392     
           5
  0.64589041668720759       0.22383507306030004     
  0.64303126081547946       0.23402514195232732     
  0.62052263415161335       0.22988306867864622     
  0.62186588298028367       0.21857164005681895     
  0.64764923577865585       0.20644735532309877     
           7
  0.18680964837910785       0.37297922671541511     
  0.17129062833773534       0.37058279033274416     
  0.16445487214638449       0.37585933749500089     
  0.15947458165255002       0.37249026989542039     
  0.16393786166066959       0.35476556665917025     
  0.17980946368696304       0.34879387754457347     
  0.18722592708247474       0.34774051770902542     
           7
  0.10389841813462598       0.72518497560727668     
   9.6797919169445898E-002  0.72382258735193616     
   7.5759492941600781E-002  0.72934045107746670     
   7.4849626563161423E-002  0.72325321641248641     
   7.5488826014735472E-002  0.71634181819058995     
   7.5271604287454941E-002  0.70059040951145168     
   9.5402772564558994E-002  0.70175597457693029     
           4
  0.34541596973092686       0.10977183768473178     
  0.33490502878610678       0.11174980174018759     
  0.35643960593404944        8.7430798214421304E-002
  0.36188778601268357        9.4117357572954710E-002
           4
  0.30168455091156260        3.3650262719648064E-002
  0.28991476072231681        3.6261147802710357E-002
  0.29276263173312433        2.2821506634423484E-002
  0.31184140441893404        1.4738283528561947E-002
           8
  0.83973323079946594       0.67588018426572993     
  0.82120466963205385       0.67275249798691461     
  0.82323541267776490       0.65842109173598551     
  0.82124416689846103       0.65306107536481761     
  0.83161847295103442       0.65377986165744850     
  0.83464983409640381       0.64841000599601628     
  0.84109212769141140       0.64794312728491499     
  0.84901539133016712       0.65172589742316800     
           8
  0.85554721055367233        1.0085835277141912     
  0.85027328109291911        1.0100241013519946     
  0.84178471726668203        1.0124104262632834     
  0.82565484720294868       0.99628735097625754     
  0.82668219172910995       0.98840223875921063     
  0.83241276580123180       0.98769997364197337     
  0.84450596858845106       0.98357797054645646     
  0.85469221153671160       0.99257661133631625     
           8
  0.40284195166928433       0.79278962090148253     
  0.40938069827786883       0.79781113616473809     
  0.40256903456427373       0.80411060566592851     
  0.38853985392684798       0.79968525064531393     
  0.38422486342328199       0.79310800648941260     
  0.38258989947206384       0.77942476695328211     
  0.39576457300929863       0.77611085074535646     
  0.40868693214733215       0.78862660627619252     
           8
  0.28517115363906315       0.49337293221292344     
  0.29014054595058952       0.49999133497738624     
  0.27744633412399633       0.50043819588345062     
  0.27111483269721809       0.49883819385941491     
  0.26076292891715525       0.50180423121820028     
  0.26495295042559891       0.48966269260613993     
  0.29130933733092867       0.47707657398111880     
  0.28968104354599089       0.48229127650943532     
           5
  0.77900000000000003       0.31200000000000000     
  0.76567771652765582       0.31996822015906651     
  0.77069024354950044       0.30589135837536041     
  0.78035601575423774       0.29777803708419887     
  0.79270667991699251       0.30219323176149077     
           6
  0.95189282861440394        7.9303152579985742E-002
  0.94261474293003422        7.8735839108720659E-002
  0.92731777839518736        8.0124596568218895E-002
  0.92961864454083343        6.9651723985957134E-002
  0.94858233542438875        5.3677864296374778E-002
  0.95125988909705794        6.7148541895731967E-002
           3
  0.60671630794425735       0.46151928239083351     
  0.58972100641146108       0.47153533433304112     
  0.58807431478597649       0.44716015861706920     
           7
  0.95169644463994640       0.97143771640257826     
  0.95412589351204136       0.97828124725449006     
  0.92631029693190536       0.97951406740179681     
  0.93020787751595457       0.96124848986430778     
  0.93341111687780520       0.95520199774534786     
  0.93167305020407876       0.94854542969910549     
  0.95550040355666632       0.96420100040168932     
           8
  0.46878468047801003       0.46095046573938087     
  0.47412597488841735       0.47322208963687484     
  0.46188274077059294       0.47237116967635057     
  0.44619161642576055       0.46685152590106604     
  0.44655886611266871       0.45645002074728064     
  0.44635141776074405       0.44961382732712185     
  0.45703046689599625       0.44573476074490120     
  0.46817226167793391       0.45192656064474013     
           8
  0.44578674799764562       0.27992268591313729     
  0.44225451637554175       0.28691045471629195     
  0.42567111846576400       0.29136336484517589     
  0.41742966341027821       0.28363656326765385     
  0.41792246503993974       0.27068226084772079     
  0.42057115453657212       0.26507044483864300     
  0.43381816219158076       0.26577799214747683     
  0.43936796319490923       0.27160248502485396     
           7
  0.39227473564441551       0.33869416601011892     
  0.37887847866772029       0.34615691953900707     
  0.36725652343636567       0.34789547234241747     
  0.36383613893931643       0.33947783890392907     
  0.36744426592165153       0.33422697385958805     
  0.36405152902497218       0.32444484679497093     
  0.38784341247444426       0.33427219235486405     
           5
  0.14185872594921736       0.43695806407104498     
  0.11758955432574078       0.45226622320274007     
  0.11662491057500869       0.42654193762770126     
  0.12520974516501962       0.42658093425330673     
  0.13435662450414160       0.42787504487767497     
           4
  0.41132814509336829        2.3621080449188234E-002
  0.40244618666904747        3.1959920557371471E-002
  0.38778789821619292        1.7641007236013730E-002
  0.40053711960743310        9.6644732689416639E-003
           5
   6.8699556858772937E-002  0.90172862089636585     
   5.4054860780537908E-002  0.89837248171903883     
   5.3619872124613610E-002  0.88877564591819791     
   5.4079358007082003E-002  0.87512883607338054     
   8.1551722044674826E-002  0.88405431511984323     
           3
  0.51106578666223179       0.65813291106350513     
  0.51294635905324448       0.66755614259162221     
  0.48368394368708145       0.64820506588468285     
           8
  0.64546699314630662        4.8198040240338115E-002
  0.62887075639836532        5.4352863439036357E-002
  0.62270408623909235        5.7914876996663221E-002
  0.61794748465678051        5.4714460155753986E-002
  0.62328691731824859        3.5695669631559485E-002
  0.63420627937693352        3.1762394156962429E-002
  0.64343071074536917        3.1567864939018364E-002
  0.64619315920322407        4.2682877159719780E-002
           6
  0.72630693988048634       0.19577468687148925     
  0.70841256517382045       0.19468980813551887     
  0.70224363154057234       0.19127879546240220     
  0.70759962966310885       0.17105308129141408     
  0.72769560468873917       0.17104010535718531     
  0.72549656664546291       0.18413294664956378     
           3
  0.81570959251753683       0.53878352971236687     
  0.79764388073032511       0.51640097823062625     
  0.81607054055979522       0.51567782553827579     
           7
  0.55339865162138635       0.17071487270534244     
  0.55363009843985622       0.17699394204873012     
  0.52818960021497885       0.17260740179454634     
  0.52966572562869574       0.15757171544987364     
  0.53449771469657970       0.15397318665333629     
  0.53936725431304267       0.16010311043748768     
  0.54768034178766845       0.16005792659238857     
           4
  0.70678737580875128       0.57375485827070660     
  0.68739561567087415       0.57214954141590979     
  0.68424969005979508       0.54725445492931479     
  0.70219925520647797       0.54384963294794331     
           7
  0.58711796270504568       0.89897229902833165     
  0.56177214194345049       0.90130165981564392     
  0.56860598159662623       0.89488303641473343     
  0.56417099880373722       0.89109214211933385     
  0.56789301884854293       0.87375276411325675     
  0.58963265927329256       0.87832235824253135     
  0.58547015806379643       0.88695984822511031     
           5
  0.30577598458028288       0.73899811772238355     
  0.28777436854555805       0.73752072872739449     
  0.28419599839726073       0.71471862866513736     
  0.30852703046788976       0.71381603613284461     
  0.30811165648859806       0.72319126180129123     
           6
  0.42173334078485131       0.65016760642938021     
  0.41850432726148362       0.65799629810342974     
  0.39509120327493408       0.64479716764670425     
  0.39716491692367473       0.63808152651770400     
  0.41026374233776702       0.63382462030093023     
  0.42217389191541027       0.62897622993713731     
           7
  0.52264256602108239       0.89333286473499385     
  0.49892568091905831       0.90123550995600188     
  0.49885080234982082       0.88551863155977595     
  0.50155674808805861       0.87906786125834824     
  0.50701574914927483       0.88120758965726242     
  0.51725299435114325       0.87746404249201237     
  0.52751636167753668       0.87778651004438957     
           6
  0.76416006632483957       0.35887037764174773     
  0.75967578794784718       0.36543648479677338     
  0.74229174691993471       0.36643582490531557     
  0.74112425317786834       0.34902163061351305     
  0.74771258220746917       0.34850701242230558     
  0.77000874113385287       0.35465962181469346     
           8
  0.40879771415107075       0.41908424499229396     
  0.39848988040461802       0.41707499636999190     
  0.39464034070657678       0.40389586156823193     
  0.39036013437984951       0.39162184102144837     
  0.40255352907217251       0.39368942005530627     
  0.40842826577661417       0.39253240851981303     
  0.41925551471658845       0.39391299034603555     
  0.41522223780435247       0.39958058351883496     
           8
  0.85746733401379693       0.38006125198943069     
  0.85273844879690319       0.37665207568888159     
  0.83606012000735141       0.37012991379789395     
  0.83470949950184725       0.35075311248136060     
  0.84380278452264834       0.35229376030047282     
  0.84928765274385210       0.35421431443825707     
  0.86417982440727859       0.35362237742283031     
  0.86379761109574538       0.36108369045923000     
           8
  0.74640885104743504       0.60293702122392201     
  0.73552611759667341       0.60110369267804309     
  0.72923733646699163       0.60291256395720616     
  0.71695134708360420       0.59806505567551471     
  0.72270091804647052       0.57488254373476078     
  0.73282001346589443       0.57382317866910315     
  0.73853429914815338       0.57898457294922279     
  0.74429068926582653       0.57720405324049473     
           6
   9.7925158018805553E-002  0.55755244854819330     
  0.10325326541102564       0.56567412385955362     
   9.1710514147124306E-002  0.56261898026508816     
   7.9610281830057722E-002  0.54180321782436824     
   9.0624260963783426E-002  0.54357089821749816     
   9.8977970294752859E-002  0.54273527481265116     
           6
  0.70257400717661844       0.38319720763239257     
  0.69781455561364258       0.39423552750985946     
  0.68106633837222419       0.39372702813479027     
  0.67665702470524303       0.38638860080045739     
  0.68618545149379373       0.36903025399993800     
  0.69427310517815755       0.37055942329329977     
           4
  0.91406444863729619       0.64388913480427623     
  0.91571436675125395       0.62928435967947527     
  0.93904086421056343       0.61573376680746827     
  0.93935964750150469       0.62962542811230826     
           5
  0.96641506424008750       0.35179282812799878     
  0.96610148922518801       0.36329830051806883     
  0.94071802315148201       0.35430651804711988     
  0.94488425629353423       0.34625325679728214     
  0.96542529955962775       0.33882960879248847     
           8
  0.99975686694017341       0.74794085130454635     
  0.98833455905447376       0.74968080863370623     
  0.98834310574123008       0.73797906859955353     
  0.98511325530396632       0.73174174842237627     
  0.98765825591862655       0.72330502179603406     
  0.99718043897678976       0.72528502184958576     
   1.0036188496252345       0.72169582199467441     
   1.0129584718535585       0.73122486101351092     
           3
  0.93234367796017892       0.86670167561131306     
  0.92100000000000004       0.85399999999999998     
  0.92172025918474665       0.84241559273391742     
           8
  0.54000447052305511       0.25858293008362260     
  0.52588376703521333       0.26939207159348866     
  0.51713083811484095       0.27148712370367312     
  0.51775873680547591       0.26105892159411970     
  0.51745848908772607       0.24800283022145295     
  0.52237405685618643       0.25099838289024590     
  0.53027083731412750       0.24464686524987941     
  0.54445153322119433       0.24791652583234991     
           7
  0.24378662025494574       0.52219051730084454     
  0.24916444188353135       0.52699147973230098     
  0.23769928751332711       0.52320173198882891     
  0.22705700620881750       0.52365411247275373     
  0.22901419670922027       0.51589231200303809     
  0.22888032078124398       0.50282061310563297     
  0.25102352817007106       0.51705874294677778     
           4
  0.98276292917941654       0.92548711181573129     
  0.96737463933633105       0.91436127631208108     
  0.97288255406291613       0.89972509509162990     
  0.98411841351360929       0.90233355842391749     
           5
  0.57747628821901231       0.91507442285801277     
  0.56877720251952568       0.92110624318062229     
  0.55942351852604444       0.92379456411724870     
  0.56684418762836786       0.90021897605621604     
  0.57486518533897191       0.89995170567134319     
           8
  0.90191026979539024        7.5452674194896513E-002
  0.90612733512306343        8.2868073200632900E-002
  0.88350814096011054        8.4568894941787001E-002
  0.88492854689288447        6.5131318473724359E-002
  0.87820855267446229        5.8660949873117263E-002
  0.89674070987918575        6.0088873505370261E-002
  0.90352138179461061        6.1086326937100678E-002
  0.90164738589142501        6.8986583712013425E-002
           4
  0.59835949173575009       0.55114172491651081     
  0.60243797622013739       0.55961745602442747     
  0.57559553661366547       0.54324121434894557     
  0.58116113445178008       0.53494048165168284     
           3
   9.6150363645050627E-002  0.36983869682590798     
   8.4641536568086900E-002  0.34663292657242850     
  0.10420301092847685       0.34226054121208205     
           6
  0.30421011207984960        4.5267797885984819E-002
  0.27989974647424898        5.1750678585885286E-002
  0.28354399905100047        3.2279061509184324E-002
  0.27944536934441244        2.6983570436954717E-002
  0.30272843993237175        2.9217891648551951E-002
  0.30827264910607233        3.4268046577846573E-002
           3
   6.8345440783404154E-002  0.44168711505722147     
   4.9252339663518475E-002  0.42643661273475036     
   6.8104112645958503E-002  0.42467862203571416     
           6
  0.48199774562631864       0.58155376300880757     
  0.47470898759162922       0.58517764219302870     
  0.46357483388984211       0.58313275290517375     
  0.46056862425894934       0.57625558020377798     
  0.45686878413234594       0.56247349213326292     
  0.46423142375158061       0.55781016962279484     
           3
  0.53301214854561874       0.10821647999294567     
  0.50890526686321025       0.11704376214536456     
  0.50598887885308963        9.7408707157831967E-002
           7
  0.50026224391114493       0.61780302064933690     
  0.49762835453949295       0.62360709024950312     
  0.47612191611296556       0.62374669069051947     
  0.47215228266351755       0.61164863250928936     
  0.47351041120406728       0.60186707448882937     
  0.48699923519508859       0.59671908726637080     
  0.49682154499197079       0.60972188412070205     
           5
  0.42112908985883613       0.69071758683146300     
  0.41072745465476268       0.69671546431825049     
  0.39520752337884335       0.67900390890714823     
  0.40517849619327129       0.67398239122778425     
  0.41683920558579962       0.67113222701184783     
           4
  0.31135682287370531       0.85343656969241477     
  0.28790780690292966       0.85838447773686799     
  0.29418157066042611       0.85273207909342119     
  0.29599999999999999       0.84299999999999997     
           3
  0.98271500264804379       0.48622349943157434     
  0.96525543624276988       0.49170423787253359     
  0.96999999999999997       0.47899999999999998     
           6
  0.73232738972584999       0.40286054759817091     
  0.71593218753145860       0.40126239754289916     
  0.70166255127552923       0.39449297536078354     
  0.70756774580372461       0.37706453287285119     
  0.71705643462649760       0.37535217437339469     
  0.72845698140540183       0.38070346556960927     
           7
  0.16563681773849584       0.70764847080725213     
  0.16466487556096973       0.71460543045266767     
  0.14501687251849474       0.72494175687317741     
  0.14293068453119620       0.70841627507747551     
  0.13740455463343096       0.69653270209868101     
  0.15465752788786771       0.69858913491572894     
  0.16205009639120418       0.69983367359370641     
           7
  0.94065921942053199       0.26531132293163667     
  0.93276228774603620       0.26912134393658521     
  0.92051886266884464       0.26506096989159089     
  0.92591383554180184       0.24743108778303047     
  0.93291418078217747       0.24324559019878469     
  0.94788222064993455       0.24393414772052213     
  0.94655563353603900       0.25565638873798169     
           5
  0.26716171301662722       0.53962344491233205     
  0.26968739260586155       0.54821923351556234     
  0.25181556379271069       0.55323301665333846     
  0.24786527699101146       0.52453307762268553     
  0.25484568579277805       0.52703684590130995     
           7
  0.28216910019381208        2.8649307644290044E-002
  0.27847223128732246        3.3735335156605241E-002
  0.27293261585901124        4.3753897247324702E-002
  0.26089008991755946        2.9664582812165229E-002
  0.26039030407093322        1.8442693314511531E-002
  0.27064648074053993        2.2188515730456569E-002
  0.28362332472814133        1.8355711865292869E-002
           3
  0.82299999999999995       0.40899999999999997     
  0.80937078870430557       0.41591631743941110     
  0.83574158538120369       0.39696178260829024     
           5
  0.21476627642177443       0.84947160054558324     
  0.20879393306264826       0.85682015287861168     
  0.18964574914254342       0.84786845335609906     
  0.19730173830206296       0.83353109617239396     
  0.21353602678228562       0.83367118783572969     
           6
  0.78515116539338525       0.62963037446123116     
  0.78171154395726838       0.63965849567491850     
  0.76627196127652375       0.63639100197995935     
  0.76080704481523886       0.62803868723541945     
  0.75958622819811605       0.61543317708379830     
  0.76886990582785530       0.61677677377420248     
           5
  0.64055186537089648       0.58331689966419187     
  0.64044904044297934       0.59501246484874704     
  0.63247987650342163       0.59651286086672384     
  0.62082866528137892       0.57258369121742170     
  0.62312421581500732       0.56597887006359859     
           4
  0.79507733324320373       0.19906176334538064     
  0.78045323098760122       0.20006501158877715     
  0.78022453611656006       0.17789956094209253     
  0.78707133742433022       0.17184320022127808     
           3
  0.36641924857533315       0.31358266719441302     
  0.37077098413745868       0.28528131230219511     
  0.38954585879980902       0.29599885237301854     
           5
  0.97385680570819144       0.86230280880357590     
  0.96450059420494061       0.85358045391164228     
  0.95771222228236308       0.84744570374124817     
  0.96440501154014868       0.83165083109553906     
  0.98428715280113610       0.84175875366309016     
           6
  0.99611537256001925       0.97208206207001036     
  0.97184608128854155       0.98537929724696893     
  0.97401034302541589       0.97811551077731984     
  0.97038463642414263       0.96752834815296207     
  0.97721854374282036       0.96224697884350296     
  0.99057649489835475       0.96343108732367433     
           4
  0.73264037495981260       0.47784538252508546     
  0.72460625114010047       0.47498640321734836     
  0.72672178949099053       0.45662737111463553     
  0.74403012319556050       0.45705146323757123     
           7
  0.69790438525947673       0.42518567207400160     
  0.67709544878785743       0.43515944087558206     
  0.68128958484204194       0.43003271079154254     
  0.67688384481634967       0.42061811086119960     
  0.68182846964442023       0.41486877048477133     
  0.69205110489941879       0.41412929323327091     
  0.70437605965814776       0.42141506662180728     
           3
  0.91000000000000003       0.56799999999999995     
  0.90184406236868642       0.56838224027129958     
  0.90446667406987202       0.55944944835926358     
           6
  0.74002190183074723       0.54394033806506692     
  0.74041059021142708       0.55209796956837143     
  0.72716732136113915       0.55209015146126306     
  0.71594529780564042       0.53346813170660246     
  0.71604286133206729       0.52655173428161028     
  0.73743877854172746       0.53303289411917787     
           3
  0.19068309475326570       0.18940413778061860     
  0.18099999999999999       0.18600000000000000     
  0.17165136498496708       0.18033897289021930     
           8
  0.82731000356376516       0.69712765000020060     
  0.81805449231771177       0.70313875087701028     
  0.80749550786822732       0.70544823464461803     
  0.80137187973909185       0.68675730785552191     
  0.80295578517175925       0.68116790958494178     
  0.81135953605667299       0.68251279984819091     
  0.81755975254957702       0.68351875997791400     
  0.82839425357625496       0.68250843955384699     
           6
  0.70642631513351573       0.94045946133628622     
  0.70046078233537390       0.93799638865594770     
  0.68774716198261587       0.92293595900337044     
  0.68772253445983256       0.91292053488764513     
  0.70914407355831188       0.91506024793631391     
  0.71146464596122494       0.92509863254685631     
           8
  0.96147304687310498       0.49845493282852454     
  0.94912284107648948       0.50174349785304206     
  0.93931606703001280       0.50129661110763901     
  0.93392187124695103       0.50091786222061607     
  0.93075033331021217       0.48052495054396943     
  0.94723230744684472       0.48024763298223877     
  0.95309035413766141       0.47820419027778016     
  0.95665880370160505       0.48961693345597390     
           5
  0.98672010361883811       0.31901647664477761     
  0.98141995421734052       0.31474703836326412     
  0.96921395707484537       0.31835434537339719     
  0.99239363044996221       0.29159665816086233     
  0.99666420771678843       0.29738097329733593     
           4
  0.38387100009346165       0.70416809581972828     
  0.37147619389128039       0.70351798536745092     
  0.38663517737089248       0.68220101691475565     
  0.39692649046278933       0.68617025224162875     
           3
   4.8000000000000001E-002  0.32300000000000001     
   4.6545705361538861E-002  0.33211536941509667     
   4.4732987001277848E-002  0.31355514056128359     
           3
  0.95554074488763141       0.44040317227676484     
  0.94399999999999995       0.44000000000000000     
  0.93916347115771670       0.42943691598527339     
           4
  0.82604595325816776       0.30112702815522185     
  0.81357732941874050       0.30259112328795024     
  0.81299999999999994       0.29299999999999998     
  0.81519913758756768       0.28158021339489886     
           5
  0.49678892281616654       0.69139363250167596     
  0.48691157757189563       0.68548549746832521     
  0.47755989544717115       0.69075004573006682     
  0.48398771080938419       0.66443177452565805     
  0.49376834748236464       0.66055635709172966     
           6
  0.73704111675265505       0.91911249358151059     
  0.73353883335798753       0.93233322699844123     
  0.71642782627635027       0.92397533347415206     
  0.71690221478755822       0.91224355789990419     
  0.72425196676902737       0.90846197355002112     
  0.73034688727726760       0.91070162899358487     
           6
  0.73001214638450074       0.88503385881917696     
  0.73052658514710966       0.89397386028283521     
  0.71022163002918925       0.89247586334472395     
  0.70758134203579548       0.88394583993805520     
  0.71546295606068588       0.87124552897141583     
  0.72822788578770092       0.87872554741751052     
           3
  0.67114086189109146       0.64891547274822181     
  0.66641060872283109       0.62251513782998824     
  0.68602281534033616       0.63193191432674378     
           8
  0.18152662423978386        2.1350339753263056E-002
  0.17309710997180050        2.1968802412247274E-002
  0.17709594349421903        2.7725593097539195E-002
  0.15489083196574094        2.9416737702576044E-002
  0.15847310002021819        2.4523404323263991E-002
  0.15747818625113780        1.8226995148842667E-002
  0.15700978514581487        6.3123779553473742E-003
  0.16560709405991594       -1.4769265226689567E-003
           8
  0.10976143867837554       0.17137118984886457     
  0.10352976153206883       0.16978210276075056     
   8.8441836682029110E-002  0.17368340452784389     
   8.2940479157807362E-002  0.17424976239208098     
   9.0177234959379612E-002  0.16656141555190784     
   8.6269102260759511E-002  0.16282350784400268     
   9.9476267276074032E-002  0.14634860807266561     
  0.11108354545929774       0.14648635428795437     
           7
  0.49082997040673115       0.71934370504826051     
  0.46338247428747015       0.72447397810203362     
  0.46575344598751062       0.71163628518822786     
  0.46120150505997148       0.69948841660373218     
  0.47250168212555749       0.69566170300990560     
  0.47939325250351206       0.69637876401308296     
  0.49125375821575445       0.69603381133159270     
           4
  0.41391471627481990       0.34876574112536735     
  0.40200000000000002       0.33900000000000002     
  0.40272199855128660       0.32557994530271578     
  0.41434780948649730       0.32650584546817374     
           8
  0.91776285540853897       0.74624724467604542     
  0.91378447799057605       0.74253521201303230     
  0.90219535988547461       0.73692209010461662     
  0.89625960937008098       0.73790294966068670     
  0.89597025422116583       0.72150317747689374     
  0.90739470358906960       0.72468593068484510     
  0.91224709301730411       0.72219526873796269     
  0.92473044731966525       0.71975261717914552     
           7
  0.59856146929494858       0.24123784759600247     
  0.58444207059243070       0.24290733517498411     
  0.57863340927235507       0.23610282045115721     
  0.57823527722107115       0.22457132145241515     
  0.57757854007799636       0.21634936644585784     
  0.58992328805942584       0.21453884419789201     
  0.59698323976379952       0.21794539920894443     
           8
  0.13217166697799881       0.71057376933733585     
  0.11677299244073770       0.71132746404107217     
  0.10789408340559353       0.70877902630247958     
  0.11075124484497031       0.69613771375072220     
  0.10922015769687145       0.68843777555109109     
  0.11926725415760189       0.68898996563075698     
  0.12070142983917843       0.68349629120092947     
  0.13056633859243336       0.69786858781452044     
           6
  0.16908348999550782       0.43276965450387167     
  0.16088851235796608       0.42945929457597726     
  0.14058411055779690       0.40619172821327293     
  0.14683769985384104       0.40322814550484554     
  0.15726584143047587       0.40775433948463913     
  0.16230348825356639       0.41196662593804478     
           4
  0.17945028683299569       0.99618395951161742     
  0.15902799879427421        1.0110991383137733     
  0.15274313932676001       0.98561184303572968     
  0.17837927864239661       0.98480502351995203     
           3
  0.22849295349736465       0.60397197866790586     
  0.20494894647558931       0.59693351690194951     
  0.21605117839450103       0.59064507618312834     
           6
  0.78024703145629370        2.0680738919192521E-002
  0.77504384414385230        3.0455726195508046E-002
  0.75673501470755544        2.3126721307641689E-002
  0.75640342423381046        1.1469004706589856E-002
  0.76322250537115355        5.5574526594303272E-003
  0.77125868027878808        1.1819885809092039E-002
           7
  0.93626052233989410       0.41593775350548717     
  0.92483471485866986       0.42099837058910228     
  0.90927690751058909       0.41915646862013017     
  0.90709256510645730       0.39961628918783026     
  0.92377566089228269       0.39304981484220392     
  0.93677696140874656       0.39635854026555495     
  0.93068456010580769       0.40538998745224175     
           4
  0.83907291256513794       0.60932863920198443     
  0.84558217547567160       0.61592453523703605     
  0.82127118603667792       0.61192264810086816     
  0.82871798974916400       0.59262292087269119     
           4
   7.8337352775648322E-002  0.49788239291880720     
   5.7210466121974876E-002  0.50796656148078945     
   5.8569844094371798E-002  0.48811502364663717     
   7.6097974345419206E-002  0.48542714895220501     
           8
  0.22808207285661294       0.74093975367427511     
  0.20484788332379344       0.75245062359256376     
  0.20570488922980801       0.74004896255819097     
  0.20586723510306140       0.73450813781700564     
  0.21619483915535440       0.72703592713360332     
  0.22592218808088990       0.72855958360552742     
  0.23511502669121931       0.72556164367699183     
  0.23129613564608947       0.73038752444676613     
           6
   2.7331987250014761E-002  0.86191154620409705     
   1.3689795195928672E-002  0.86814450966045587     
   5.8287144607521608E-003  0.85311765041578702     
   3.6356401397119129E-003  0.84216604785047033     
   1.0776677005086875E-002  0.84132694555339838     
   3.2089013170400679E-002  0.84117463218674005     
           6
  0.76831165015246117       0.51244008681647246     
  0.74700711247603457       0.51938487943205958     
  0.74446305548913450       0.51261197695435068     
  0.74413165120041080       0.50408347200668513     
  0.74917027563592353       0.49365730957002718     
  0.75453518633372285       0.49894852436193254     
           7
  0.82622831682884657       0.41339690632035658     
  0.81690652870656366       0.42398305970586780     
  0.80322325161224561       0.42322173111243516     
  0.80411547934347061       0.41247884986986222     
  0.80691207272218723       0.40715311049532416     
  0.81663319581389837       0.39724672048900078     
  0.82577852210171110       0.40350787862789556     
           6
  0.51373739846252509       0.31765348372124652     
  0.50655360219382062       0.31442645425687865     
  0.49912600434375104       0.31475812155418903     
  0.49211631488384266       0.31724122579836112     
  0.49026060498576873       0.29071338092026083     
  0.51576400766256381       0.29598289499361241     
           5
  0.60078673300184693       0.83808545446883254     
  0.58587969842355792       0.83742982834497781     
  0.58635559740759058       0.82001538866626511     
  0.59623411042792651       0.81448115515550834     
  0.60776255267342516       0.82559807341082381     
           6
  0.26005866311935616       0.29624535163886756     
  0.23939657720784757       0.28880201466572603     
  0.24087490109209714       0.27964684169464671     
  0.25553562250820527       0.27271820668078112     
  0.26196895893845334       0.27705416420168200     
  0.26819159040652146       0.28195844148128080     
           3
  0.20795852582896676       0.62025423011824621     
  0.19374642767466183       0.61738307498431000     
  0.21312034660285006       0.59875380842366166     
           5
  0.34124123971539388        5.8253893696839323E-002
  0.31902391066476277        7.2089409562278328E-002
  0.32117998509291557        5.1498248888011917E-002
  0.34334763024597903        4.1493350078182036E-002
  0.34028674707758250        4.7793458632801308E-002
           4
  0.11859222643400684       0.41541181191227589     
  0.11069523283769184       0.41818111290195564     
  0.11799999999999999       0.40400000000000003     
  0.12768037340505364       0.39273561925005618     
           7
  0.59102359333808685       0.66030032105197067     
  0.59115357866607909       0.67012106775694957     
  0.57416684390122719       0.66877288419332059     
  0.56806424290278146       0.66172395334300838     
  0.56746835141240992       0.65085191462954983     
  0.58275235607219145       0.64913080303245041     
  0.59040911099338589       0.64766360231794129     
           7
  0.56671657620371574       0.61930847021114610     
  0.56095475547016027       0.62302417139472144     
  0.55001110000609676       0.62255753397616709     
  0.54249084437125861       0.61904885614092742     
  0.54322708914465201       0.59651159565597900     
  0.56697815594446876       0.60385548958740076     
  0.57162785850485309       0.61241653531911799     
           6
  0.63807325004900073       0.73857388011481007     
  0.62969946693740608       0.74379046211501643     
  0.61636475266791158       0.72924934600579683     
  0.62201721557694722       0.72063835941542997     
  0.63238058149083975       0.72390132011493402     
  0.64032728052714971       0.71766346564505057     
           5
  0.89721340251380433       0.18999286183127481     
  0.89708074456486331       0.19739173657999437     
  0.87977748681461587       0.18907166614709509     
  0.89991679477272446       0.17169494550796774     
  0.90663251333293415       0.16844268826979869     
           8
  0.44345012799013755        1.0040753898032095     
  0.43604123507232828        1.0080890449062296     
  0.43244604078022247        1.0132153685487582     
  0.42141176569964356        1.0120946989578878     
  0.42150906377243985        1.0007168223646361     
  0.42253261920410395       0.99128676067178112     
  0.43486447318197335       0.99025098667628864     
  0.44571745713382854       0.98919138101253434     
