   1000.0000000000000     
   66.000000000000000     
         109
           8
   8.0000000000000000     
   10.000000000000000     
   8.0000000000000000     
   5.0000000000000000     
   10.000000000000000     
   5.0000000000000000     
   9.0000000000000000     
   10.000000000000000     
   6.0000000000000000     
   5.0000000000000000     
   10.000000000000000     
   5.0000000000000000     
   9.0000000000000000     
   10.000000000000000     
   7.0000000000000000     
   9.0000000000000000     
   7.0000000000000000     
   8.0000000000000000     
   5.0000000000000000     
   8.0000000000000000     
   10.000000000000000     
   6.0000000000000000     
   8.0000000000000000     
   7.0000000000000000     
   6.0000000000000000     
   7.0000000000000000     
   5.0000000000000000     
   10.000000000000000     
   10.000000000000000     
   5.0000000000000000     
   7.0000000000000000     
   5.0000000000000000     
   10.000000000000000     
   6.0000000000000000     
   7.0000000000000000     
   9.0000000000000000     
   7.0000000000000000     
   7.0000000000000000     
   6.0000000000000000     
   7.0000000000000000     
   10.000000000000000     
   8.0000000000000000     
   10.000000000000000     
   6.0000000000000000     
   10.000000000000000     
   8.0000000000000000     
   6.0000000000000000     
   10.000000000000000     
   8.0000000000000000     
   10.000000000000000     
   10.000000000000000     
   6.0000000000000000     
   5.0000000000000000     
   5.0000000000000000     
   10.000000000000000     
   5.0000000000000000     
   10.000000000000000     
   8.0000000000000000     
   8.0000000000000000     
   5.0000000000000000     
   6.0000000000000000     
   7.0000000000000000     
   8.0000000000000000     
   9.0000000000000000     
   10.000000000000000     
   8.0000000000000000     
   5.0000000000000000     
   6.0000000000000000     
   10.000000000000000     
   8.0000000000000000     
   5.0000000000000000     
   10.000000000000000     
   9.0000000000000000     
   7.0000000000000000     
   6.0000000000000000     
   7.0000000000000000     
   7.0000000000000000     
   6.0000000000000000     
   9.0000000000000000     
   6.0000000000000000     
   10.000000000000000     
   9.0000000000000000     
   10.000000000000000     
   5.0000000000000000     
   5.0000000000000000     
   7.0000000000000000     
   8.0000000000000000     
   10.000000000000000     
   10.000000000000000     
   10.000000000000000     
   8.0000000000000000     
   9.0000000000000000     
   6.0000000000000000     
   6.0000000000000000     
   5.0000000000000000     
   6.0000000000000000     
   8.0000000000000000     
   5.0000000000000000     
   9.0000000000000000     
   5.0000000000000000     
   5.0000000000000000     
   6.0000000000000000     
   6.0000000000000000     
   5.0000000000000000     
   5.0000000000000000     
   7.0000000000000000     
   7.0000000000000000     
   9.0000000000000000     
   9.0000000000000000     
           1
  0.50000000000000000       0.50000000000000000     
           8
  0.74808529327038042       0.45504287257018161     
  0.73958317291348086       0.45480045255426788     
  0.73220924803662979       0.45082713076883579     
  0.72752132391151381       0.45427280414222809     
  0.72619358920462507       0.44199334777458177     
  0.73183348690667860       0.43638529938248810     
  0.73944429387967980       0.42893867749055303     
  0.75432005371969379       0.43435673527116381     
           8
  0.27502401583535208       0.71771968023143584     
  0.26084653607042063       0.71974642669877653     
  0.25295165071669357       0.72520873538646358     
  0.24623125565542525       0.72519335649965766     
  0.24759584244915592       0.70179393011283309     
  0.24800745531973753       0.69493700788953205     
  0.27419526713553394       0.70099505440408660     
  0.27315088070726462       0.70962203305709692     
           3
  0.57799999999999996       0.52200000000000002     
  0.56433861558370246       0.52640176322259447     
  0.56357106665003653       0.50889432577755966     
           3
  0.48544362604651559       0.92810458728867495     
  0.47139438777824255       0.90197981374141445     
  0.49545323920945600       0.90491194002708941     
           7
  0.63935363770576725       0.65732651219823712     
  0.63245865397154977       0.65513641147070178     
  0.61923122805542463       0.65392886013467799     
  0.61614626612767109       0.64765318228761959     
  0.62262652798575902       0.63564009691341017     
  0.63544159631669572       0.63118815207594670     
  0.63998008601171263       0.64282679349331329     
           8
  0.56176105160349710       0.65528227760588520     
  0.55750407228025523       0.66485331879371667     
  0.54632912025908975       0.66017412127997310     
  0.53881829172317841       0.66353914769728206     
  0.53963567653128730       0.64523558516513035     
  0.54760492786261694       0.64192434527006825     
  0.56055723296242632       0.63573262884569248     
  0.56117575323159763       0.64395113567658746     
           7
  0.83889636003070678        5.5325815609786819E-002
  0.83921815312965875        6.7322439653710306E-002
  0.82367799473695080        6.2433261860370105E-002
  0.81379472640879058        5.6790140838277506E-002
  0.81648506233787477        4.3491617946809231E-002
  0.82809396503648935        4.2430038226902958E-002
  0.84327558445275008        4.1593587301375336E-002
           7
  0.55658991011372239       0.26885677289708648     
  0.55406856455595088       0.28381820578324957     
  0.53959764566579094       0.28249934578818420     
  0.52697986928695928       0.26519170228649719     
  0.52784411150326838       0.25459690139123525     
  0.54736685137306285       0.25466672972265875     
  0.55086217196567455       0.26419899767203292     
           4
  0.46353262594632166        1.0150610139161631     
  0.45562996014788454        1.0145291800395391     
  0.43682036990864070       0.99108024343658008     
  0.46484717939349929       0.99296072583444095     
           5
  0.52989264003152137       0.14018754216312904     
  0.52017103079730898       0.13776234414161467     
  0.50821228172977928       0.12323021033536434     
  0.51856426429502667       0.11473769049289154     
  0.52672287724668210       0.11234651564496216     
           3
  0.72696730343628491       0.82454424782212887     
  0.72576507370853816       0.80050651738030598     
  0.73799999999999999       0.80900000000000005     
           6
  0.33113667712571604       0.29224878745478750     
  0.33180731679933506       0.30303558309646261     
  0.31422721050386654       0.29379176693588022     
  0.30994810291643154       0.27457549894386435     
  0.33797295020104035       0.27467022966312404     
  0.33771190764279396       0.28553360984052345     
           5
  0.81129063964431491       0.21588216024180654     
  0.81831399762234880       0.22334477035890835     
  0.79668137911466474       0.22892645928190286     
  0.79534001355948447       0.20590397111567885     
  0.80406266224245238       0.20060516496294176     
           4
  0.56812338354026071       0.49337136601139658     
  0.54766140073335967       0.49107714090565979     
  0.54895989768623354       0.47985188433516346     
  0.57146343481226403       0.48230683979860378     
           8
  0.77143508570514507       0.93473547226578813     
  0.76680492158392743       0.94197214565958876     
  0.75991963484150005       0.94679464635224087     
  0.74679577846432244       0.93947525262509135     
  0.74404668320190281       0.93218704564866506     
  0.74833545565105752       0.92668295704805137     
  0.76355033860876387       0.92343378464892290     
  0.77192264604420024       0.92541678798631288     
           4
  0.88697092955170842       0.32689890979888503     
  0.86442677041541571       0.32795468208119016     
  0.86428896418026335       0.32012343390515974     
  0.88281495636299856       0.31846791850382300     
           8
  0.12754703265126013       0.51065199195046551     
  0.12577679927375787       0.51641193129956098     
  0.11423848873653207       0.51858394654499129     
  0.10358568623725369       0.52445339805805202     
  0.10069537580021694       0.51442579315960446     
  0.10333926020290835       0.50024016416589534     
  0.10746482309338806       0.49665243981481993     
  0.12749436439200199       0.49885910033997727     
           6
  0.50495390158697284       0.74064152865541677     
  0.49000598992629757       0.73909278987372717     
  0.47818913937839530       0.73878503357750058     
  0.47997537785951905       0.72128633952061527     
  0.48803368292466015       0.71743970366871712     
  0.50646479869889227       0.71203673444225080     
           4
  0.42514793668123546       0.34833259252968601     
  0.41499999999999998       0.35499999999999998     
  0.40095158645839157       0.34273642134058468     
  0.40934428791858735       0.34435937169542452     
           5
  0.95196387319744946       0.64387517860103560     
  0.94043478226191690       0.64503629990818190     
  0.93217887942798794       0.63430971519052337     
  0.95964597364470550       0.61813300965631945     
  0.96135600933078336       0.62999775187532148     
           6
  0.13819799258810619       0.12921110566368713     
  0.12487767738922548       0.12646077502039549     
  0.12466908003898891       0.11417527655814640     
  0.13959407447665340       0.10486962323007815     
  0.13645237985025932       0.11206886483038662     
  0.14357537627055567       0.10973558640842672     
           8
  0.12510931347571355       0.98224214065295823     
  0.11730342294098535       0.98617887212737532     
  0.10461226228021527       0.98321951886069991     
  0.10752023796650556       0.97821748877050463     
  0.10249772231280602       0.97291396671651431     
  0.11608440483021054       0.96071531940783816     
  0.13237577445153781       0.95806770928236118     
  0.12581022076506657       0.97145663930696780     
           5
  0.82656629855185149       0.25832619863985001     
  0.81801216449146374       0.25729200583955414     
  0.80550512655007589       0.26078135321676471     
  0.80546634832942399       0.23289475710777707     
  0.83105342160407059       0.24885526837481003     
           4
  0.49585777016208510       0.85759842314529278     
  0.47547894824234654       0.84930657220957284     
  0.49496734044227531       0.83356817565452168     
  0.50488742237962980       0.83407866801791752     
           8
  0.46578010689922483       0.80761622519611553     
  0.45476355051843093       0.81369198226448491     
  0.44899889518093017       0.81242596229092112     
  0.43857949710438904       0.81081210891478428     
  0.44244066886450512       0.79300126108510449     
  0.44886197674959066       0.78832308487764968     
  0.46827902600192833       0.79004873701260492     
  0.46612309881438346       0.80158597819368960     
           8
  0.68758721620027852        1.0037688316130597     
  0.66708273527460460        1.0046465264371112     
  0.66139826571337890        1.0097660877874541     
  0.66093902084134892       0.99589565965052773     
  0.66707401575160230       0.98286929501438880     
  0.67854381148465048       0.98330803896962138     
  0.69093599987926801       0.98350513002163420     
  0.68991184495163593       0.98904051277339611     
           3
  0.13571181425215986       0.57116648607268827     
  0.13208785249793156       0.55187562126623491     
  0.15778528380567555       0.55104671964354990     
           6
  0.17591668363688415       0.49978116603135958     
  0.16600000000000001       0.49399999999999999     
  0.16233587628877982       0.48595199209142909     
  0.16779774259245936       0.48269323148084381     
  0.17763606562926840       0.48157159082566731     
  0.18089923649872813       0.48848195167459835     
           5
  0.97432236203515266       0.32636258622180481     
  0.96831493040399530       0.33103157619229129     
  0.96355131689679407       0.31008372163259906     
  0.97156331926226092       0.30785131033758806     
  0.97699999999999998       0.31800000000000000     
           7
  0.36636180913172900       0.72249740892044823     
  0.35963937963565384       0.71948223215478313     
  0.35047505408270269       0.72543948929657820     
  0.35057111199756097       0.71785157251491460     
  0.35259684164694532       0.70159066182268359     
  0.36195819133362966       0.70056554088676348     
  0.37307605668794208       0.71277051410082271     
           7
  0.17438437264583825       0.50660746385494193     
  0.17689393927912397       0.51202828257017952     
  0.16289840001787442       0.51502017832548597     
  0.16338335173510493       0.49305133495737913     
  0.16695017345635060       0.48777810300436197     
  0.17474935958417007       0.49593219629221963     
  0.17911427271798133       0.49121373002228708     
           8
  0.84614426452701486       0.50819675476544324     
  0.84220434293750501       0.51256303258477698     
  0.83232525869402096       0.51485592687810355     
  0.82579038244146030       0.51356037400997312     
  0.81905822078772683       0.50294156307712179     
  0.82346754206550954       0.49596002247288773     
  0.82133448150918742       0.48630841166192723     
  0.84100984946835877       0.49377680876493979     
           7
  0.44905081894039695       0.97110265662326267     
  0.43813757062775605       0.96667203165625859     
  0.43019043360175979       0.96734302625676316     
  0.43371238918027699       0.95663528353039917     
  0.42975466975413434       0.94260985233702388     
  0.43708407467088278       0.94696695474077386     
  0.45368372236799787       0.94751960977454919     
           4
  0.81345026104230134       0.68724903924802250     
  0.81793567524539557       0.68025042966008209     
  0.82537487834474232       0.65840871183517524     
  0.84319457173387158       0.67050252955999046     
           5
  0.72688992990533685        6.3028633170043577E-002
  0.70272396216468125        6.8983673409606552E-002
  0.70263259041768822        6.1753169744644155E-002
  0.71972116582657053        4.4775625749480727E-002
  0.72254286081329133        5.5722430202183107E-002
           5
   6.6326710090969201E-002  0.68065259502748177     
   4.1130863375104916E-002  0.68951779415675896     
   3.8804306238508453E-002  0.67183574228533249     
   5.0611538551059022E-002  0.66645455662201880     
   6.3868567722538030E-002  0.66611685398171172     
           7
  0.92981925590966841        1.8344503544930946E-002
  0.91494274024315625        3.1416217727389451E-002
  0.91015228156825978        2.7175848503050583E-002
  0.91055343447408166        4.8303815918983306E-004
  0.91593031479511144        3.7404714434483635E-003
  0.93265990875638705        4.7936338692741859E-003
  0.93671751888651578        1.3262939314635578E-002
           5
  0.68849600659852250       0.58246073681719701     
  0.66612827120958040       0.58534037848759235     
  0.65939283995804832       0.58215533319163304     
  0.65927321963325891       0.56804520129344838     
  0.66639964269941965       0.56091766407497246     
           6
  0.22283417377521908       0.48172272037138819     
  0.20315941887289765       0.48455796974496695     
  0.19886997177941629       0.47872331114727323     
  0.20864019144253795       0.45593439402405667     
  0.22610116585710410       0.45927735469427172     
  0.22554107031534482       0.46602185597998574     
           4
  0.60387522245244907       0.22238512732728577     
  0.60416159946954184       0.23180967403003752     
  0.58999999999999997       0.22000000000000000     
  0.60370929934083339       0.20988775522081593     
           6
  0.31885113326623699       0.31402649761068141     
  0.29117928347960137       0.32010061065655526     
  0.29183394535725371       0.31189217284067078     
  0.29361133238163661       0.30159178493713873     
  0.30067887215513966       0.30298708144010389     
  0.31869062934418790       0.29903060079376481     
           4
  0.96851987128095141       0.75204613145011201     
  0.95743087573905639       0.75716187674452828     
  0.93770804621887349       0.73183072170313179     
  0.96391436074287906       0.73693430589662334     
           5
  0.16339549777017870       0.76442866964153822     
  0.15043173355047679       0.76518464554753030     
  0.14152518602731989       0.76779748865633635     
  0.14186715701384864       0.74460849417123742     
  0.14968038704728887       0.73925492587218489     
           6
  0.93300368506817810       0.23014397493821082     
  0.92469501944402432       0.23722866457255939     
  0.91027990941130310       0.23810083396864695     
  0.90859619250882384       0.23187461682081048     
  0.91283964273383911       0.21327065717299107     
  0.92411831297541713       0.21433690167944991     
           3
  0.81762549520321903       0.68367230255277833     
  0.80452750765792602       0.67442909544004981     
  0.81899999999999995       0.67100000000000004     
           7
  0.66761752921354889       0.67536032899720599     
  0.66341969691971348       0.68084116000232242     
  0.66281909334809985       0.66181910983222481     
  0.66038734250621145       0.65414448452138318     
  0.67727485178364133       0.65787979241005168     
  0.68281103276139321       0.65590984216069959     
  0.69048955477289520       0.66360374725683324     
           8
  0.62932059722978895       0.18948936646689285     
  0.62243674530126569       0.18723383652586637     
  0.60858213611109702       0.18817339506974051     
  0.60515205734045818       0.18340725184240658     
  0.60657516657361887       0.17661307945780053     
  0.60530855065406564       0.16218980049992920     
  0.61234817446572276       0.16229574504952488     
  0.61657996497578571       0.16607759163120139     
           7
  0.71826120154094508       0.19240035748567941     
  0.71072399103617001       0.18906490408194912     
  0.70197870541131202       0.18822000291885113     
  0.69430070180949044       0.18923900932225649     
  0.69751978850834695       0.17266451698644336     
  0.70095469031920798       0.16491265347015371     
  0.71611317923676909       0.18083023385018696     
           6
  0.51506291658068792       0.45307491858332755     
  0.50251882430150863       0.45765096908598007     
  0.50331827426989972       0.44984603460967632     
  0.51370656680694016       0.42775625230566239     
  0.51924496836183720       0.43191459421554468     
  0.52583533776339131       0.43009506463838976     
           3
  0.31645106296336734       0.46372273934149305     
  0.28856186890868601       0.46646664590257264     
  0.30391096785668248       0.44190042420085007     
           5
  0.76838845290179258       0.79899673519802161     
  0.76004776412831054       0.79814846870055434     
  0.74739740143787203       0.79463574857088537     
  0.74327638419703812       0.78104336276262698     
  0.75300000000000000       0.78600000000000003     
           5
  0.32693060718975958       0.46184983918904543     
  0.31907965564023028       0.45707684496498785     
  0.31562158754021141       0.44978826163678731     
  0.34572821195406489       0.43982363809656116     
  0.34449089207874911       0.44988475584953214     
           6
  0.77566263350837128       0.99339559254991516     
  0.77140927484607080        1.0014331863421648     
  0.75755453604621936        1.0001943949473899     
  0.75017518409253747       0.99858703662431691     
  0.75162930790746796       0.98277482541578287     
  0.75933297380524678       0.97636075629611896     
           6
  0.25695710190069898       0.37084392876703137     
  0.24964830819171752       0.36977696818995254     
  0.24251610875767571       0.37339993418797957     
  0.23569919086872637       0.37315868227152454     
  0.23390552727648783       0.35944237757953063     
  0.25698606955586240       0.35861614238955664     
           8
  0.30068240873938101       0.89163333004351963     
  0.29825542348996237       0.90166812153233766     
  0.27926682917692164       0.89541366479789541     
  0.28408959745553991       0.88120848122835527     
  0.28859375576360652       0.87731256471892716     
  0.29710700564572062       0.87745122749934290     
  0.30678004865165875       0.87464047281612445     
  0.30246338368457032       0.87924923129470112     
           4
  0.37100000000000000       0.80400000000000005     
  0.35965361912754112       0.81906026912892960     
  0.36658411481091657       0.79424074096778241     
  0.37550933292625821       0.79349506151470439     
           8
  0.79618554738344249       0.18759670613629342     
  0.79667029503405484       0.19339106303670528     
  0.78462553950553138       0.19941689151533351     
  0.78067950833665056       0.19467831260568869     
  0.77279482333613325       0.18442027017404425     
  0.77534817201277784       0.17705514155761051     
  0.79727785701734277       0.17339839861970274     
  0.79590483590582350       0.17981403760995915     
           8
  0.38981219327862010       0.29241465519424314     
  0.39619701409886632       0.29835733861833857     
  0.38435980658036817       0.29903240463039266     
  0.36964366678043453       0.29375483941737229     
  0.36736598225528388       0.28645812221368716     
  0.36874649037042706       0.28110476145281094     
  0.38145183767741553       0.27295549435717603     
  0.39082478838211987       0.27975099576757456     
           5
   5.5334488169273367E-002  0.55540973153846585     
   4.6637941232149913E-002  0.56269930922843425     
   3.5888951745768352E-002  0.54279441238375359     
   4.3895569419370645E-002  0.54364032867986745     
   5.6942811919620480E-002  0.54222115757366041     
           4
  0.12228543754845836       0.89222982727257283     
  0.11718197071978098       0.89886961581632752     
  0.10700000000000000       0.89500000000000002     
  0.11703248213918355       0.88185087526075012     
           3
  0.11957038610045014       0.93464187507289997     
   9.4668969748632287E-002  0.93231948355926209     
   9.7970020881712583E-002  0.92083152877321994     
           4
  0.51167179469585611       0.27260756660633628     
  0.51747951673236314       0.24906484671448526     
  0.52850953481376761       0.25088925637290510     
  0.53622509143763808       0.25716493315961314     
           7
  0.40888594608194401       0.12745733775619505     
  0.40245926005592603       0.13532394307022139     
  0.40052494689160745       0.12837432229651322     
  0.38338005509509193       0.13463077691998593     
  0.38387405115116324       0.10870539685222094     
  0.40165383937049365       0.10516493207266382     
  0.41116779177077134       0.11111188911568236     
           3
   2.5000000000000001E-002  0.76900000000000002     
   2.6710293081688992E-002  0.75399785617130644     
   3.8458442581397828E-002  0.75378616849511981     
           6
  0.11141751154435062       0.63729603098694998     
  0.10073995135875573       0.63257137152974174     
   8.4985109698232669E-002  0.63788247020875488     
   8.4212336447072697E-002  0.62614877239929467     
   9.1427447368046824E-002  0.61233651090339192     
  0.10580797906837147       0.62297231938428654     
           6
  0.95789116795917950       0.97964258469579768     
  0.95928928265569446       0.98946650577715056     
  0.93732435476952336       0.99346214802618427     
  0.93128546264292900       0.96846175789751643     
  0.93706286542608896       0.96562346162877899     
  0.94987277407733151       0.96803162392963471     
           6
  0.82631613592914710       0.70289311092940054     
  0.80090649749682030       0.70574994219619636     
  0.80097783315268656       0.68816334148677938     
  0.80467071270235546       0.68042357332968806     
  0.81455941130292320       0.68375443894573706     
  0.82440885273853004       0.68234203936807314     
           6
  0.30782775957576036       0.37189998329168561     
  0.30243402932780183       0.36618235939058286     
  0.30280445873983369       0.35339990354593065     
  0.31383606704184358       0.35075820300030391     
  0.32696663956241134       0.34618402700837347     
  0.32148257143817499       0.35061216455305899     
           7
  0.46110217618253624       0.70625682274428148     
  0.45439098863787136       0.70502743581530736     
  0.43474945807308041       0.70479106351530618     
  0.43141129326616090       0.68517551255270592     
  0.44776771326537057       0.68407642632091592     
  0.45618864257569069       0.69223063492551362     
  0.46230577203381507       0.69086909554985421     
           7
  0.89042611607047695       0.25194649050887680     
  0.88165699613569326       0.25602666537538937     
  0.87602203693585534       0.25105727674954836     
  0.86712682676659636       0.25705933930359059     
  0.88066794608433330       0.22771074524646598     
  0.88673520044957432       0.23030811360116737     
  0.89103785105560041       0.23970357210289023     
           5
  0.35429616523052543       0.65037014928199122     
  0.34270450329238605       0.66046065903365059     
  0.32952244176748641       0.64186873304134995     
  0.32904127894378127       0.63393866613203720     
  0.33784406209949402       0.63416318287181495     
           3
  0.34747572740614208        1.2559873960332851E-002
  0.35080480579428680        4.2317762526102682E-003
  0.36299999999999999        0.0000000000000000     
           7
  0.68285699709307912        9.5801614741909874E-002
  0.67467785619295306        9.6301986757714370E-002
  0.66037387957094629        9.3416514873971790E-002
  0.66278423365970685        8.4598337478159868E-002
  0.66222660848750725        7.0476444114957987E-002
  0.67259567886131233        6.8442191426957621E-002
  0.69054177746709455        8.3908026924246093E-002
           6
  0.99660113108121451       0.52869282697281517     
  0.98299547876397575       0.53399552766193570     
  0.98998620496606271       0.52329599406688587     
  0.98341422108220777       0.52219144042137289     
  0.99509679127800155       0.51154156902117665     
   1.0102974228935881       0.51831367297149922     
           8
  0.11342855215929530       0.11170010182165373     
  0.10817291699756522       0.11866844613244117     
   9.6449250219329749E-002  0.12485291066048046     
   8.2759303950609917E-002  0.11710982517529604     
   8.4466072813230680E-002  0.10526201346985500     
   8.7060386705066967E-002  0.10015440235595569     
   9.8647184641501962E-002  0.10189345971696727     
  0.10762805087677803       0.10063729442237475     
           7
  0.27859236062835691       0.90365239056959856     
  0.25269881281779294       0.91480370874517003     
  0.25350549715042514       0.90381494239145233     
  0.25674348163243899       0.89292601238786751     
  0.26403372188164426       0.89409445370070839     
  0.27700466888607550       0.88928774906286512     
  0.27506742549419566       0.89547568950675016     
           8
  0.63992697018289768       0.75670454826010602     
  0.61738442238706681       0.75364917176510404     
  0.61696091675684472       0.74778217022801408     
  0.61841902281221162       0.73651357819599217     
  0.61976423661149027       0.73063466116709175     
  0.62565901902468701       0.73544008801004590     
  0.63127307868859439       0.73227340336438940     
  0.64040085235007682       0.73584746469352691     
           6
  0.94902064200518643       0.42120330711947368     
  0.92529761475266314       0.41654457868296396     
  0.93208625342985663       0.40939133740815442     
  0.93120578098155293       0.39674821252446452     
  0.94028866072784090       0.39442099124536817     
  0.95356819760918632       0.39805499329799343     
           6
  0.80118212505007425       0.49566175041169069     
  0.79255017217701662       0.49683058568102789     
  0.78560735475688970       0.50171637177649175     
  0.77273227923447152       0.49580178280172194     
  0.77635005021263193       0.47343017007440880     
  0.80117533757269865       0.47516346191797443     
           3
  0.33837731737760923       0.68699966776416388     
  0.31374298049309113       0.68169738277598602     
  0.32300000000000001       0.67400000000000004     
           5
   1.0008293150743475       0.15564459304215952     
  0.97172663135812776       0.16345569736350427     
  0.97543895275239956       0.13935258433455822     
  0.99482606639488913       0.13703760846150809     
  0.99877615516171325       0.14758634016659483     
           4
  0.78587471473894155       0.15825385587018598     
  0.77788264790561534       0.15242032873902264     
  0.79286104379854361       0.13603744436864845     
  0.80241753806794314       0.13954779359834285     
           7
  0.18856400958967312       0.95504748773875736     
  0.17515465338118597       0.95304640876744862     
  0.16467202486575103       0.94927879816007332     
  0.16535766293467763       0.93140709246188924     
  0.17266280335878537       0.93345919000507482     
  0.18801680764762746       0.92895113605669821     
  0.19470042335047283       0.93467479631489114     
           3
  0.54370168027366228       0.82060267049031266     
  0.52792831946223584       0.82659187912789278     
  0.53144794113684046       0.80785116126332557     
           5
  0.76013727341970105       0.79027284343666648     
  0.74896520594387650       0.80288125154686518     
  0.73873919306723890       0.77623292142175415     
  0.74999908624582923       0.77364254748706551     
  0.75893966130017554       0.78145735853204024     
           4
  0.59699585465841520       0.13210962139887841     
  0.57488486155478224       0.11423709147433103     
  0.58749773153241802       0.11146874591307644     
  0.59970106227819386       0.11921602065396111     
           4
  0.65427299859245269       0.92351785763283745     
  0.64393355349442960       0.92437695367802630     
  0.62524007368933965       0.91843331290275054     
  0.63275733278576851       0.89837492542446085     
           3
   9.7096326902310279E-002  0.22493082618445157     
   8.9792258143874024E-002  0.20969726566239338     
   9.9000000000000005E-002  0.21600000000000000     
           5
  0.76932652525591227       0.66054607222469008     
  0.75137452568381113       0.67067448748502534     
  0.73885307496558272       0.65027892993832370     
  0.75463776011619510       0.64746020248025848     
  0.76237326185893595       0.64583106500973864     
           7
  0.83915070065135366       0.35959476187454231     
  0.81768912939145211       0.37021633570294249     
  0.81972064944020406       0.35769582342389100     
  0.81687876509088142       0.35054882883321492     
  0.81691738794840796       0.34463128897583867     
  0.82985318122782070       0.34166193842032255     
  0.82794198961458720       0.34900085170268819     
           6
  0.60285617106618539       0.59791643776600711     
  0.59464727571635512       0.59742094031183524     
  0.58296806969290271       0.60222656041454836     
  0.58192028164594412       0.58487548167671832     
  0.58644831480418347       0.57673584907029984     
  0.60614592205931017       0.58366471826327515     
           5
  0.93980957068249094       0.66372579235243634     
  0.92004942519394317       0.66627706330873615     
  0.91415096459942580       0.66203833884768559     
  0.91798962507643989       0.64019573095301152     
  0.93979569349881786       0.64884260179452313     
           7
  0.17016960870393225       0.78945292236956621     
  0.17458145455987453       0.79370901897286716     
  0.15078956697418849       0.78585374408414754     
  0.14519720722195309       0.77941546916877547     
  0.14468240088821654       0.76751199170962714     
  0.15814929988854370       0.76965338763706548     
  0.16656785654132206       0.76912328885687054     
           4
  0.96642748899217845        1.2827166138671825E-002
  0.94794980569212195        1.5393426818646283E-002
  0.94736565733562261       -7.8023541996806410E-003
  0.96281513515551054        1.4728842546726734E-003
           3
   5.0959176751154217E-002  0.44472977101933059     
   6.3000000000000000E-002  0.43500000000000000     
   7.7828542659901412E-002  0.42666262344812794     
           3
  0.13000000000000000       0.30199999999999999     
  0.11712897824727260       0.30183123621603469     
  0.13916766328107272       0.28975405739388821     
           4
  0.96498349265647887       0.68669530475306084     
  0.94076756484965229       0.69518110668005095     
  0.94291004030097558       0.67591117025686975     
  0.96117974764519531       0.67150318679271526     
           7
  0.87978834836335129       0.88736086406746084     
  0.86281201912306527       0.88808994058263258     
  0.86001730729484860       0.89394781023660752     
  0.85757247732097286       0.88480284905005147     
  0.85413585434349160       0.86362706517977961     
  0.86147060114590313       0.86418639616530635     
  0.86488224396683344       0.87102901183563874     
           7
  0.14147692064101042       0.68741422274771924     
  0.14623069671082881       0.69898900681215981     
  0.12536416943095766       0.69757847090930825     
  0.12064027794343882       0.68918669484452666     
  0.11724915557589929       0.68410891220150649     
  0.11755851795441161       0.67434010533186084     
  0.13081542023244797       0.67186970460077289     
           6
  0.52151937941306648       0.23437948272968662     
  0.51209492252054323       0.23532202438791511     
  0.50728587963570837       0.23066631792106637     
  0.52193362087782669       0.20931544702767085     
  0.52863940515270669       0.21331092243855410     
  0.53458925249310396       0.20780414316242321     
           4
  0.46824422563505774       0.92482498148577774     
  0.46501536404496824       0.93307761646494991     
  0.45400000000000001       0.92800000000000005     
  0.46259773525507447       0.91320873567163952     
           5
  0.41536651387843415       0.93098802857291563     
  0.40346528725273151       0.91625418905507694     
  0.40944808851225012       0.90313086590343494     
  0.42686254510673377       0.90447252243039211     
  0.43019624397911882       0.91141500751055016     
           3
  0.47290426312929673       0.84718202508693374     
  0.46800000000000003       0.83299999999999996     
  0.47675647927139936       0.83481884490225200     
           7
  0.12340436437532543       0.86468326810348128     
  0.11488050009494855       0.87330610123661512     
   9.5567189238732253E-002  0.86830658923174864     
   9.6410693382882426E-002  0.85228943667409196     
  0.11292635021443380       0.84489027054755450     
  0.11770569714314200       0.84953320910252839     
  0.12377830825347737       0.84858254850087322     
           5
  0.80670205484188340       0.57650142786735925     
  0.80324854446207483       0.58342855227549806     
  0.79460376214776707       0.55613065596826960     
  0.80341033153886643       0.55760453501219231     
  0.81186024671913681       0.55383709316031338     
           5
  0.91627443298665401       0.70723446769797094     
  0.89541419359932939       0.71792569806650031     
  0.89339146174942652       0.69099178088536339     
  0.90018597646744103       0.68901831393298751     
  0.91936213557164825       0.69718647595028616     
           3
  0.82097460805626443       0.14493888634348717     
  0.80860496842014751       0.14940340438053162     
  0.82099999999999995       0.13500000000000001     
           4
  0.63668496566365240       0.57261398519704731     
  0.60831988235821588       0.56248192166308353     
  0.61411702293995007       0.54825437891988860     
  0.62314988785950420       0.54753755854499553     
           7
  0.49389352893834121       0.69913061354751016     
  0.48056054335077408       0.70177969568630816     
  0.46894936444293045       0.69577797481203374     
  0.46816694999184316       0.67796936942014818     
  0.47505054332559082       0.67587869696761083     
  0.48277687833890631       0.67614907763986720     
  0.49198639790074750       0.68113677784938464     
