   999.00000000000000     
   18.000000000000000     
         236
           8
   1.0000000000000000     
   1.0000000000000000     
   1.0000000000000000     
   1.0000000000000000     
   1.0000000000000000     
   1.0000000000000000     
   1.0000000000000000     
   1.0000000000000000     
   1.0000000000000000     
   1.0000000000000000     
   1.0000000000000000     
   1.0000000000000000     
   1.0000000000000000     
   1.0000000000000000     
   1.0000000000000000     
   1.0000000000000000     
   1.0000000000000000     
   1.0000000000000000     
   1.0000000000000000     
   1.0000000000000000     
   1.0000000000000000     
   1.0000000000000000     
   1.0000000000000000     
   1.0000000000000000     
   1.0000000000000000     
   1.0000000000000000     
   1.0000000000000000     
   1.0000000000000000     
   1.0000000000000000     
   1.0000000000000000     
   1.0000000000000000     
   1.0000000000000000     
   1.0000000000000000     
   1.0000000000000000     
   1.0000000000000000     
   1.0000000000000000     
   1.0000000000000000     
   1.0000000000000000     
   1.0000000000000000     
   1.0000000000000000     
   1.0000000000000000     
   1.0000000000000000     
   1.0000000000000000     
   1.0000000000000000     
   1.0000000000000000     
   1.0000000000000000     
   1.0000000000000000     
   1.0000000000000000     
   1.0000000000000000     
   1.0000000000000000     
   1.0000000000000000     
   1.0000000000000000     
   1.0000000000000000     
   1.0000000000000000     
   1.0000000000000000     
   1.0000000000000000     
   1.0000000000000000     
   1.0000000000000000     
   1.0000000000000000     
   1.0000000000000000     
   1.0000000000000000     
   1.0000000000000000     
   1.0000000000000000     
   1.0000000000000000     
   1.0000000000000000     
   1.0000000000000000     
   1.0000000000000000     
   1.0000000000000000     
   1.0000000000000000     
   1.0000000000000000     
   1.0000000000000000     
   1.0000000000000000     
   1.0000000000000000     
   1.0000000000000000     
   1.0000000000000000     
   1.0000000000000000     
   1.0000000000000000     
   1.0000000000000000     
   1.0000000000000000     
   1.0000000000000000     
   1.0000000000000000     
   1.0000000000000000     
   1.0000000000000000     
   1.0000000000000000     
   1.0000000000000000     
   1.0000000000000000     
   1.0000000000000000     
   1.0000000000000000     
   1.0000000000000000     
   1.0000000000000000     
   1.0000000000000000     
   1.0000000000000000     
   1.0000000000000000     
   1.0000000000000000     
   1.0000000000000000     
   1.0000000000000000     
   1.0000000000000000     
   1.0000000000000000     
   1.0000000000000000     
   1.0000000000000000     
   1.0000000000000000     
   1.0000000000000000     
   1.0000000000000000     
   1.0000000000000000     
   1.0000000000000000     
   1.0000000000000000     
   1.0000000000000000     
   1.0000000000000000     
   1.0000000000000000     
   1.0000000000000000     
   1.0000000000000000     
   1.0000000000000000     
   1.0000000000000000     
   1.0000000000000000     
   1.0000000000000000     
   1.0000000000000000     
   1.0000000000000000     
   1.0000000000000000     
   1.0000000000000000     
   1.0000000000000000     
   1.0000000000000000     
   1.0000000000000000     
   1.0000000000000000     
   1.0000000000000000     
   1.0000000000000000     
   1.0000000000000000     
   1.0000000000000000     
   1.0000000000000000     
   1.0000000000000000     
   1.0000000000000000     
   1.0000000000000000     
   1.0000000000000000     
   1.0000000000000000     
   1.0000000000000000     
   1.0000000000000000     
   1.0000000000000000     
   1.0000000000000000     
   1.0000000000000000     
   1.0000000000000000     
   1.0000000000000000     
   1.0000000000000000     
   1.0000000000000000     
   1.0000000000000000     
   1.0000000000000000     
   1.0000000000000000     
   1.0000000000000000     
   1.0000000000000000     
   1.0000000000000000     
   1.0000000000000000     
   1.0000000000000000     
   1.0000000000000000     
   1.0000000000000000     
   1.0000000000000000     
   1.0000000000000000     
   1.0000000000000000     
   1.0000000000000000     
   1.0000000000000000     
   1.0000000000000000     
   1.0000000000000000     
   1.0000000000000000     
   1.0000000000000000     
   1.0000000000000000     
   1.0000000000000000     
   1.0000000000000000     
   1.0000000000000000     
   1.0000000000000000     
   1.0000000000000000     
   1.0000000000000000     
   1.0000000000000000     
   1.0000000000000000     
   1.0000000000000000     
   1.0000000000000000     
   1.0000000000000000     
   1.0000000000000000     
   1.0000000000000000     
   1.0000000000000000     
   1.0000000000000000     
   1.0000000000000000     
   1.0000000000000000     
   1.0000000000000000     
   1.0000000000000000     
   1.0000000000000000     
   1.0000000000000000     
   1.0000000000000000     
   1.0000000000000000     
   1.0000000000000000     
   1.0000000000000000     
   1.0000000000000000     
   1.0000000000000000     
   1.0000000000000000     
   1.0000000000000000     
   1.0000000000000000     
   1.0000000000000000     
   1.0000000000000000     
   1.0000000000000000     
   1.0000000000000000     
   1.0000000000000000     
   1.0000000000000000     
   1.0000000000000000     
   1.0000000000000000     
   1.0000000000000000     
   1.0000000000000000     
   1.0000000000000000     
   1.0000000000000000     
   1.0000000000000000     
   1.0000000000000000     
   1.0000000000000000     
   1.0000000000000000     
   1.0000000000000000     
   1.0000000000000000     
   1.0000000000000000     
   1.0000000000000000     
   1.0000000000000000     
   1.0000000000000000     
   1.0000000000000000     
   1.0000000000000000     
   1.0000000000000000     
   1.0000000000000000     
   1.0000000000000000     
   1.0000000000000000     
   1.0000000000000000     
   1.0000000000000000     
   1.0000000000000000     
   1.0000000000000000     
   1.0000000000000000     
   1.0000000000000000     
   1.0000000000000000     
   1.0000000000000000     
   1.0000000000000000     
   1.0000000000000000     
   1.0000000000000000     
   1.0000000000000000     
   1.0000000000000000     
   1.0000000000000000     
   1.0000000000000000     
   1.0000000000000000     
           1
   0.0000000000000000        0.0000000000000000     
           8
   9.4530398842939067E-002  0.39916972744789719     
   7.7747995268192288E-002  0.39965874663043360     
   6.9773381545944715E-002  0.39883270823733219     
   7.1520346903388932E-002  0.39304256263250520     
   6.6596899780192412E-002  0.38337547427120922     
   6.4742092160797460E-002  0.37464257479067442     
   7.2714962198622765E-002  0.37770605035345012     
   8.3975522202289557E-002  0.37269050349650817     
           3
  0.52152152152152154       0.65265265265265260     
  0.50952590663377229       0.63712540733252299     
  0.53277815874850698       0.64479409461201487     
           5
  0.61050345925975724       0.95236423920262636     
  0.59369448263065505       0.94784951139954898     
  0.58577188512547640       0.93804087815166159     
  0.58428306916948614       0.92953932083777924     
  0.61108774960765644       0.93094724486302016     
           5
  0.84515127532929091        7.1949067203983919E-002
  0.84487604121356674        8.2989848675475514E-002
  0.83683683683683685        6.9069069069069067E-002
  0.83404529470494670        5.6866318191112278E-002
  0.84777226148253926        5.6536211967336582E-002
           8
  0.51903063733544830       0.99280951494917191     
  0.51568465168532673       0.99896275057141326     
  0.50648854344418570        1.0033236899766029     
  0.49088992823723110       0.99576927489635325     
  0.49396372029838881       0.98867187149788982     
  0.49900235737962095       0.97863702676937170     
  0.50354967066540712       0.97533096072577186     
  0.51141149372528316       0.97309681192370756     
           3
  0.62676115376946484       0.18487550033726302     
  0.60702981378191034       0.17749354066987888     
  0.63072498023285639       0.15340419927742494     
           6
  0.12028097659457254       0.67747102882979604     
  0.10586287579732262       0.66993484842009421     
   9.9700197208100083E-002  0.65124173869280000     
  0.10751879211169961       0.64797341621218107     
  0.11557060427064347       0.65298838871524989     
  0.12424743676909175       0.65872096943801284     
           8
  0.32479763944812007       0.18843193410727549     
  0.31299995140500481       0.18738932081104068     
  0.30163004628934953       0.18416696325308576     
  0.30261681836737253       0.17694257858871590     
  0.30083509079331411       0.16626789214434964     
  0.30304563571053528       0.16060471778779975     
  0.31009154239854797       0.16670455289467370     
  0.32370270163566428       0.17569667168003736     
           8
   8.8336781619710314E-002   8.4117022837409780E-002
   9.3620624164921479E-002   9.4590048087563869E-002
   6.4953440820098157E-002   8.1288696654527481E-002
   6.9917352702740743E-002   7.7089089421512158E-002
   6.4613059416989235E-002   6.9879421712185724E-002
   7.8383455746335595E-002   7.3968342954433552E-002
   8.2187489520973864E-002   6.9605869926576400E-002
   8.7097389710040579E-002   7.2394425151630026E-002
           5
  0.37867718661140670       0.32187522864450924     
  0.34863126256381027       0.32058170794369634     
  0.34991834668808197       0.31373528382116028     
  0.37475939390148705       0.30690375168309719     
  0.37774766375730406       0.31343754084148417     
           4
   2.5705412408296661E-002  0.45775793416419286     
  -3.5195377894271570E-003  0.47004437994734577     
   3.0108641617198045E-003  0.45498640635315735     
   1.9818671871553874E-002  0.43985510801614447     
           3
  0.99611963778733870       0.54273873519088989     
  0.98098098098098097       0.53753753753753752     
  0.99035713796045444       0.53107579682081996     
           4
  0.41579786379643341       0.38353277667777402     
  0.41035585773451860       0.39600653284297826     
  0.39490466256279683       0.37420089079618302     
  0.41356776041273408       0.37591221748257958     
           3
  0.15661438762385885       0.45553752445765472     
  0.14650390240564340       0.45366920123492666     
  0.14414414414414414       0.44344344344344344     
           4
  0.75190746185997226       0.47059219867549262     
  0.73973973973973972       0.46446446446446449     
  0.72605709237085481       0.45262589671529446     
  0.75005040357891772       0.45557596993807747     
           6
  0.90073048051253490       0.51562929675244384     
  0.89212767854443109       0.52392973059260373     
  0.87810680013378295       0.50527945579291367     
  0.87304639163006470       0.49638095660073905     
  0.89184863439525364       0.50247882106953889     
  0.90082694542091013       0.49665086656681134     
           3
  0.89730438385381917       0.11549089622564428     
  0.89200656523216426        9.0926742969822408E-002
  0.91736618423681793        9.3713920036414919E-002
           6
  0.81037227896493236       0.53892358662993767     
  0.78875578866384088       0.54907926836576970     
  0.78128643973709166       0.55502605038637409     
  0.78439860638374548       0.53047593907070534     
  0.79319699335446936       0.52884435377123606     
  0.80744921171379047       0.52422603032909831     
           3
  0.82185648968534264       0.62348766220873031     
  0.80655857732968883       0.62287946818153883     
  0.82922136029062921       0.59646850037569010     
           3
  0.77818110229004200       0.36278281152793135     
  0.76673007382464942       0.35249258888821156     
  0.78178178178178181       0.34734734734734735     
           4
  0.34854153572981095       0.49562793098613317     
  0.34196183151657744       0.50219485831540822     
  0.33633633633633636       0.49049049049049048     
  0.33690071976646818       0.48147689702837165     
           5
  0.10053482279506008       0.74544672003009749     
   9.3624487152253549E-002  0.74675447136089668     
   8.9743725505101901E-002  0.72329324124600336     
   9.6881481074846149E-002  0.72746371013306255     
  0.10250969331754235       0.72174665014055372     
           6
  0.37069066354052022        8.1327972168558166E-002
  0.35730520617753692        8.0482301366535780E-002
  0.35422480368549691        7.1108816691669852E-002
  0.35085902654885109        6.0061950847032516E-002
  0.37458941639457488        6.0188462900107806E-002
  0.38101045418261137        6.8115933937882359E-002
           3
  0.61861861861861867       0.68468468468468469     
  0.61233257492854376       0.67446806173562890     
  0.63087531867377900       0.67217459100044674     
           5
  0.29283191608122616       0.28773616619132664     
  0.28382936981037332       0.29630839099107026     
  0.26725647036696465       0.28505672504117718     
  0.27469561533345571       0.27616864303777883     
  0.28628312295243391       0.27758548839353492     
           5
  0.32611462336412611       0.82216261626323917     
  0.30595955512129841       0.82202019379119162     
  0.29598175587104636       0.81061350504233698     
  0.32055789342833374       0.79908469945323612     
  0.32600866825021280       0.80781332698772379     
           5
  0.55885160681968171       0.80937983178552353     
  0.55007536445016880       0.80467323458023121     
  0.54298797787314701       0.79537881250243048     
  0.55755755755755754       0.79379379379379378     
  0.57222664536345347       0.79283411437138784     
           8
   6.4559393274546240E-002   6.4085940031624614E-002
   5.5607104656782175E-002   6.5662926416426057E-002
   4.9557868169608867E-002   6.0978750545682331E-002
   4.1219364708791437E-002   6.3704879430110134E-002
   3.9965289172525384E-002   5.7542899577876630E-002
   5.0862615504210826E-002   3.5562489896608276E-002
   5.5066996313858030E-002   4.1058347002814771E-002
   6.5505905528554564E-002   4.2629059502075427E-002
           5
  0.66560070122831416       0.27434190793981367     
  0.65509245622615653       0.27455564200778576     
  0.63732016556070514       0.26145856897009601     
  0.63779238260837423       0.24903809294713275     
  0.66028473943143828       0.26028082129153524     
           6
  0.63402098531262330       0.67182283028872358     
  0.61319979012282733       0.67404195555515933     
  0.60480687275033496       0.67699616730738099     
  0.60438042867462638       0.67013445169966512     
  0.61865047854632571       0.64977494425063198     
  0.62910149512362901       0.66557285255473397     
           8
  0.17074177312336422        1.0106002862092809     
  0.16448251636192540        1.0089819812898078     
  0.15144424585355551        1.0077506438478794     
  0.14142185543251876        1.0039451378342583     
  0.14520603645445690       0.98135286272340905     
  0.15351866358556890       0.98533283804591454     
  0.15908887166874899       0.98258964796367476     
  0.17044007331230607       0.98689816251477569     
           4
  0.93622818289820930       0.38288786442549938     
  0.93525852516137487       0.36231756889938604     
  0.94042496001874565       0.35521914241013519     
  0.96638752188862242       0.36619031250653927     
           5
  0.18648498239888245       0.71595807285551860     
  0.17516610345887226       0.71865703548623627     
  0.17007686719977247       0.69840357041612489     
  0.17962385815444554       0.69268618270612681     
  0.19091669860253965       0.69396786400857280     
           6
  0.68783637772075223       0.86186148177227651     
  0.68258904451371127       0.86567361930961806     
  0.66991872915346906       0.86613037051835362     
  0.65795042387371305       0.86798611518268187     
  0.66494620736813648       0.85179750826008471     
  0.68195916362633868       0.84635186557839936     
           4
   2.7177126859362281E-003  0.66070644859092609     
  -8.6093767735658661E-003  0.65158537514012405     
  -8.2084215715127022E-003  0.64012162753168322     
   1.3755783786465260E-002  0.63845777475782572     
           3
  0.85635422135267525       0.45921808047391799     
  0.85429262794881788       0.44482603955519451     
  0.86786786786786785       0.44944944944944942     
           3
  0.95975818806085944       0.91723172552844723     
  0.94653855366163919       0.92754097627314713     
  0.94390935869277715       0.89961889125611394     
           8
   8.8586670569801698E-002   8.9514083016522736E-002
   8.5987718926662030E-002   9.6738454593344625E-002
   7.1748357548268082E-002   9.6639267695319525E-002
   6.7003113709807327E-002   8.5398366686950639E-002
   7.2061986769470981E-002   6.8490657654671203E-002
   8.4651682378833720E-002   6.9430027368355129E-002
   8.3835776465257930E-002   7.7939783715239436E-002
   9.0100814250750672E-002   8.2089136144755534E-002
           7
  0.53784313771168279        1.1660243712076610E-002
  0.53158959790259841        1.1496133248825284E-002
  0.53601198430029529        2.1961123155803012E-002
  0.52475487031704704        2.1806852677865349E-002
  0.50800026635401396        1.6370827111274390E-002
  0.51719359451206814       -3.1714274790097426E-003
  0.53462556073682488       -5.2626208821983898E-004
           5
  0.58270692908508581       0.50692784387113388     
  0.57536852023858687       0.50553666682504461     
  0.56291695400363173       0.49191563992928083     
  0.56114853902168249       0.48418090027987765     
  0.57357357357357353       0.49349349349349347     
           7
  0.84554345774140305       0.70319483983685493     
  0.84258031665337596       0.70893421461276418     
  0.82975821321899301       0.71331564537248993     
  0.81974617569470398       0.69425002746985576     
  0.81809980619575284       0.68740353901122531     
  0.84410301834216983       0.68762599931564716     
  0.84685870280240816       0.69649616057338559     
           5
  0.89195693893797456       0.68343217793465316     
  0.89502404346775699       0.69011159973055913     
  0.88284902594938897       0.68754428806455792     
  0.87307617499773893       0.68245765715288753     
  0.88803910064931046       0.66769465901404668     
           6
  0.21303916031162659        9.2541166295590851E-002
  0.19896298701077947        9.0855909564104428E-002
  0.18727957494187794        8.6293578339048521E-002
  0.18736877163421548        7.1332406227953921E-002
  0.20160787903192248        6.7162939720747786E-002
  0.21176556401453400        7.3729171779544800E-002
           7
  0.53620149629899705       0.60886621985830991     
  0.53167248209329632       0.60428951235105033     
  0.52442973991756614       0.60204746692500510     
  0.52222745048165997       0.58874280946865420     
  0.52636339058343196       0.57952317448722890     
  0.53506839230298753       0.58554273553956637     
  0.54755721935988622       0.59453557174582594     
           6
   7.9674311792180208E-002  0.90789139672495434     
   7.0136584324411194E-002  0.91158250255750894     
   5.9278890246047641E-002  0.90570428621543997     
   6.1875205269715641E-002  0.88570979243304448     
   7.0947435609567247E-002  0.88120668886963283     
   8.0677355952033250E-002  0.89026002008515392     
           3
   8.4663450521096903E-002  0.12608680813866574     
   8.7490713483920055E-002  0.10777875340303354     
   9.9099099099099100E-002  0.11311311311311312     
           6
  0.11985601245371504       0.14191491477344512     
  0.11568606881651911       0.14742087247021352     
  0.11117995595432352       0.11768100894296873     
  0.12005002131015320       0.12209347443582134     
  0.13391569632542863       0.11881066609599773     
  0.12825938655671115       0.12544572507018839     
           6
  0.44070301811878110       0.23550036493101437     
  0.43322636614930932       0.24487907293294034     
  0.41820218012397031       0.23943228931378138     
  0.41833635259355295       0.22333401524719843     
  0.43514099875720152       0.21815369268003787     
  0.44059745798148398       0.22778944764478054     
           4
  0.70921324226037707       0.85505592799602870     
  0.69268239510626606       0.85661918066638598     
  0.68940816908393021       0.83863837154850440     
  0.71139547676960979       0.84673284539763305     
           4
  0.20570073753069276       0.51845274509366990     
  0.19019019019019018       0.50850850850850848     
  0.17463627193318412       0.49513075509088394     
  0.20362536217500904       0.49323222861295080     
           8
  0.44369098012140296       0.22204158855038653     
  0.44314540312232081       0.23169947010810912     
  0.43149225463472929       0.23108048988498045     
  0.42163536642236554       0.23303897462113340     
  0.41679984226903433       0.21854680181291564     
  0.42453902047734299       0.20535081427739973     
  0.43974312991131592       0.20659036635162964     
  0.44590673808365994       0.20936343834644028     
           6
  0.63030608122836940       0.79803542895927337     
  0.62349115156295176       0.79411083827434970     
  0.61562332939728814       0.79014863986667372     
  0.61795556788788408       0.77945917166113421     
  0.61618722468915244       0.77293089255139713     
  0.63877686400309219       0.77893629979515788     
           3
  0.12388501099139078       0.92981930812307756     
  0.10024449794984108       0.92616226359623444     
  0.11311311311311312       0.91491491491491495     
           4
  0.55856674742850476       0.13246778281466828     
  0.55889725941033352       0.10417585932050762     
  0.57275549552796923       0.10204166336851861     
  0.57918956732401272       0.10822691819832900     
           3
  0.86586586586586589       0.63963963963963966     
  0.85399530778692634       0.64406845717091676     
  0.85391757124783663       0.63083563613438398     
           7
  0.71484106322076479        2.2742027866014487E-002
  0.70124549386785984        2.3420762983612398E-002
  0.69805609920165723        1.1741199931724566E-002
  0.69299026609291048        6.3019877895634287E-003
  0.70066075772076752        5.8016690296204057E-003
  0.72033670710716613       -3.0035085424273307E-003
  0.72251454239358015        9.3662947127520577E-003
           3
  0.50053871938823213       0.99334649252046259     
  0.49620032774242306       0.97512194112940331     
  0.51151151151151153       0.97797797797797803     
           5
  0.11417751234948093       0.84842531864848492     
   9.4904228477044911E-002  0.84296841961796054     
   9.0044746531596734E-002  0.83588367101176220     
  0.11877839058957912       0.83062274333826236     
  0.11535364033014296       0.83780792290866246     
           7
  0.24450487943726981       0.47243825560720748     
  0.23294431197028906       0.48219496730609185     
  0.21641679707334280       0.47667638363610332     
  0.22033334025292434       0.47064700420539168     
  0.21492777995689288       0.46479392247717782     
  0.21932635243736892       0.45354090071019337     
  0.23215080497644908       0.45709733134093528     
           3
  0.94915399509920517       0.58223317656494622     
  0.94949969025243286       0.55677648473457952     
  0.95695695695695693       0.56856856856856852     
           4
  0.43634542923399217       0.93850000663037325     
  0.42061623713726010       0.94438769289301550     
  0.43143143143143142       0.92992992992992995     
  0.44315528068108867       0.92016206450332005     
           3
  0.63104476842533630       0.70602633939458825     
  0.61024672045162176       0.71875823028732899     
  0.61987135526028059       0.69317236381495984     
           5
  0.92213268817390770        4.5813889209580121E-002
  0.90538042522214990        4.8179698891169971E-002
  0.90145891525201272        3.3819311962515086E-002
  0.90674371834392686        2.8892704394778521E-002
  0.92358447691554479        3.1326338729417917E-002
           8
  0.86426230830372608       0.51934586487949808     
  0.85674004603860576       0.51919732403018182     
  0.85428482591608346       0.51326468600616537     
  0.84819495270995315       0.51955708223108954     
  0.84268815348825654       0.51553260460386585     
  0.84458263832279645       0.49716255142139015     
  0.86927743068933094       0.49262202579920655     
  0.86389355488861497       0.50424130303696002     
           7
  0.24428627272548570       0.18289102337108196     
  0.23992695691067525       0.19151645863031952     
  0.22981444146271102       0.18706960527466610     
  0.22345724070902387       0.17957076788434723     
  0.22081983038811859       0.17129096734941215     
  0.23836938491181545       0.16299957397905096     
  0.24872197293444603       0.16477290914460893     
           4
  0.36941673471458203       0.41758518743248862     
  0.36410401115310370       0.39486204060216146     
  0.37650751228850410       0.38924147065023273     
  0.38733516108762045       0.39484533876109607     
           5
  0.39509527077046641       0.48026783141577578     
  0.37802958116807150       0.48264331338286420     
  0.37069858060815725       0.47958904394798596     
  0.36863177351296539       0.47220111653498797     
  0.38841054424324578       0.45661949657400425     
           3
  0.59059059059059060       0.75275275275275277     
  0.57848120798377356       0.74928746959993897     
  0.60122574559605002       0.74055465284563327     
           4
  0.63162265067694012       0.14902648136988086     
  0.62437878054846407       0.15937047539758184     
  0.61107891388379143       0.14604477338441454     
  0.60975302115509256       0.13150580799464859     
           7
  0.63206726298446292       0.75932865605007172     
  0.62640877441074660       0.76088808066405611     
  0.61459972101464688       0.75808922728668937     
  0.60675471704028971       0.75910987510926387     
  0.60313169745016948       0.74605424562097189     
  0.60688457906498872       0.73365303639283674     
  0.62991404681527519       0.75066631970754094     
           8
  0.68956443031657955       0.12020809264525650     
  0.68827748253194909       0.12934597711753265     
  0.67366243489265931       0.12379605429305728     
  0.66075027792079444       0.12873766082238450     
  0.66308251056532508       0.11794993779900440     
  0.66144685539096182       0.10191785515936606     
  0.68467983749406358       0.10115086947192248     
  0.68836990848494584       0.10557190639800586     
           4
  0.56021873126183208       0.64936193818532539     
  0.55368395598387909       0.65400449065937916     
  0.54377124096282603       0.63244449814250048     
  0.56838807246587941       0.64244447269315008     
           3
  0.10951547884824120       0.77921827175169422     
   9.9099099099099100E-002  0.77777777777777779     
  0.11170519664408100       0.77049262214112813     
           6
   1.9907582003876285E-002  0.19136100272553574     
   2.5219613203220567E-002  0.20244761916959378     
   2.6864086593739091E-003  0.19863515523673758     
  -6.3433194795228451E-004  0.18747224755366912     
   1.9225659297194379E-002  0.18059154699609764     
   2.6599621136101998E-002  0.18019458361368604     
           4
  0.92027055940820646       0.13109900131306540     
  0.90575051069565526       0.11347543619146255     
  0.91586198547057063       0.10043169761447890     
  0.92618260338964220       0.10112370359385621     
           6
  0.86122537669283972       0.38926596735646118     
  0.85276724306995733       0.40015460271903996     
  0.83580597741180551       0.39114500531505803     
  0.83607000487024485       0.38101518238542448     
  0.83652924775128779       0.37134267666058274     
  0.84686106893457613       0.37106669680433024     
           6
  0.53687355872576414        3.7166607220088112E-002
  0.51869850452928212        3.6684237922029746E-002
  0.51536784579325823        1.6545047489468931E-002
  0.51329732599131661        9.8447402437270501E-003
  0.52298183725734815        1.2752713938655477E-002
  0.53637853061076257        1.3180428387834175E-002
           8
  0.21482415212617520       0.35695126025249158     
  0.21394989184733829       0.36254897855246931     
  0.20371358649752336       0.35943896760563704     
  0.19207737776234915       0.35963453496724118     
  0.19127691383341061       0.34378585581953275     
  0.18876133925689789       0.33286922973178718     
  0.21075792043242214       0.33910554112796853     
  0.20727893989826374       0.34960518982908534     
           7
  0.82671164180729828       0.88245547373542488     
  0.81975854343138610       0.89055141861907061     
  0.81443177738627626       0.88416457943114612     
  0.80839616381739177       0.88763600245717111     
  0.80295093414993091       0.87747416146567980     
  0.80545941410035216       0.86378203059743786     
  0.82577630026755577       0.87085376014863003     
           6
  0.76024708869310575       0.60504293418309008     
  0.75086101203445410       0.60250234721661289     
  0.74644064110445685       0.59436778168394289     
  0.74240869376289798       0.58495542730004868     
  0.77122340545673496       0.58582598148200871     
  0.76621826574156293       0.59106731499571763     
           4
  0.58844428375169588       0.37090697468757616     
  0.56236386457574805       0.36635116050324534     
  0.57248608322872652       0.34461853300529227     
  0.58415795291756367       0.34444933001701766     
           6
  0.27994516560689886       0.45107014468480150     
  0.26652672116002912       0.46359429758950510     
  0.25758923674762835       0.46163723347657332     
  0.24990864185588313       0.45004970234113684     
  0.26026220437939240       0.43665793252033330     
  0.26989776236992818       0.43694027758119031     
           5
  0.13002132447213874       0.56669614062957840     
  0.11836826200102418       0.56752283933427550     
  0.12472381641168125       0.54735158941798789     
  0.13353523975527781       0.54401753420621357     
  0.14163810510221325       0.55540782340551498     
           8
  0.28990549460623222       0.77604701006031362     
  0.27655171301652026       0.77133585929901916     
  0.27520347844800863       0.75982008723320138     
  0.28082080656583130       0.76043478801909381     
  0.27523128978122996       0.75409204586255851     
  0.29485318377544967       0.75154058832879123     
  0.29181687204276407       0.75769904726340398     
  0.30114477936852480       0.76043743522905038     
           5
  0.26105327489829139       0.28200087747787006     
  0.23295374062142454       0.28302795225594879     
  0.23798980828355759       0.26135242198422087     
  0.23341940763775934       0.25515172336307468     
  0.26068362303990356       0.25179617948448046     
           8
  0.24440906819522690       0.89166861082693749     
  0.24355661575193036       0.88526812599745075     
  0.23695812034624344       0.89144689430945934     
  0.23126703073458454       0.88132087555252525     
  0.23268727522472871       0.87290929156164732     
  0.24508507870860299       0.86615891617521168     
  0.25533802494176822       0.86506038229822668     
  0.25364385221173075       0.87491706159454674     
           7
  0.24605191931960854       0.60317376153609359     
  0.23415855448527484       0.60281192222410585     
  0.22138709707072415       0.60672539442744666     
  0.22348424940118702       0.58788548970917209     
  0.22006426265668760       0.58050044105731624     
  0.22757514618750338       0.57866784197863430     
  0.24237003937112650       0.57870186795824829     
           6
  0.64193247900749950       0.80646179672800122     
  0.63548930541672710       0.80502038416455246     
  0.63931746618153518       0.79609419860981667     
  0.64267597219379946       0.77956590073672571     
  0.66210256924365207       0.77518698971923339     
  0.66125463010957708       0.78155461046722063     
           4
  0.39402702599516010       0.75152828191124776     
  0.37837837837837840       0.75475475475475473     
  0.36336017583666208       0.75524177060889175     
  0.37439672845847655       0.73901556627494380     
           4
  0.63755705514670480       0.66679235153402860     
  0.62626394323848256       0.66094823985843609     
  0.62844387639567623       0.64548987479620545     
  0.64777325819909171       0.64747846215592353     
           3
  0.56467521278154154       0.18519323550039410     
  0.54606130990811241       0.19016980636155453     
  0.55852209906004169       0.16953915131388178     
           5
  0.75286179681333731       0.44753557824135265     
  0.73936068780005348       0.45863217863375211     
  0.72928490406106627       0.44066433295981422     
  0.73389967368310582       0.43552942515357873     
  0.74440798877929137       0.43649376141408758     
           7
  0.14400626072202130       0.85156321239486676     
  0.11566619875871877       0.84761474185556973     
  0.11848474485642281       0.84052004133687974     
  0.11982236794996605       0.83140645988302819     
  0.11477915102012701       0.82755487158478092     
  0.13882823072311329       0.82149980134145806     
  0.14569946318149865       0.82539919579382426     
           6
  0.89753152088830923       0.94526242083106760     
  0.88587502792263273       0.95151987994214560     
  0.87389506649955850       0.94673207138767712     
  0.86827329418240573       0.93451079496888390     
  0.87558334736532095       0.93248145298476826     
  0.88032012379525892       0.92758478396886745     
           7
   9.3518245842410308E-002  0.79907334435361344     
   9.3932462549600818E-002  0.78969092480533765     
   8.6403101501513480E-002  0.79640730364812584     
   8.6635280140213766E-002  0.78723456869540187     
   9.0820197738992886E-002  0.78104765328930215     
  0.10906054173171534       0.77483168408486247     
  0.10210210210210210       0.78778778778778780     
           7
  0.68037710032833332       0.90979014172335704     
  0.67940542697691320       0.91843049436366742     
  0.65595451920646719       0.91557157454649751     
  0.65689067023528813       0.90923482982124881     
  0.65683013459734230       0.90120568301866566     
  0.67029763840082057       0.89309006401045787     
  0.67981302421972878       0.89242536083007240     
           8
  0.49939975770061984        4.5908723394212134E-002
  0.49577450257810429        5.8367583447445186E-002
  0.48986055988869825        5.6431296308993760E-002
  0.47900884939026583        5.6488484105163703E-002
  0.48209545781835506        4.3990970941086970E-002
  0.47680994334256205        3.6961349657470007E-002
  0.48218666833326840        3.1332573607319801E-002
  0.50467292345063164        3.4654558001739118E-002
           7
  0.89653028489272901       0.55522834271025923     
  0.88231377952880197       0.56074769590162921     
  0.87804753655319812       0.55647127696822585     
  0.87546560489164194       0.53431506647062466     
  0.88694047853160907       0.53530510187218439     
  0.89883738314373363       0.53207290400576646     
  0.89348913530607144       0.54316407244883436     
           7
  0.98644851061634287       0.65048995070546256     
  0.96441666064355958       0.65081824761612428     
  0.95951086934232444       0.65400068766802810     
  0.96164370962410817       0.63564089695924142     
  0.96396296416546634       0.62753498269835162     
  0.97051690134691193       0.62951112967538680     
  0.97804485280292119       0.63064727803188281     
           6
  0.25999543696280042       0.23690319664939236     
  0.25693282348900143       0.24261787025752185     
  0.24520431087783515       0.23709571530268256     
  0.24176115827741310       0.21888462121587918     
  0.25826744859398737       0.21466063637569785     
  0.26975539147992744       0.21450070006175476     
           5
  0.77331012851211389       0.94401559830066450     
  0.76494502635063488       0.94130694273226811     
  0.76714218277971957       0.93142823704863842     
  0.77047313408339846       0.92494107080371135     
  0.78687125461148466       0.93223284361982528     
           5
  0.50366566793836121       0.42207551848192526     
  0.47786522093772010       0.42302440771960503     
  0.47708397503743771       0.41473772364853573     
  0.48819016692800254       0.40182768277601044     
  0.50410046166403810       0.41155209483245941     
           7
  0.83741226091555054       0.23204629462226659     
  0.83116110696205558       0.24043771779631012     
  0.81619167302416817       0.24044657158861465     
  0.81166576827885584       0.22504348232139518     
  0.81833957215298936       0.22283249300039848     
  0.82838597408237535       0.22013338352768627     
  0.83513522576107213       0.22423199531336999     
           8
  0.52762470978649090       0.87828315255518286     
  0.52116113068139613       0.88086521457811762     
  0.50902187571777902       0.88003187677037942     
  0.49933953107989187       0.88199488104372292     
  0.50164723550029033       0.86902733134085419     
  0.50147029233637752       0.86023645340586385     
  0.51795595031717512       0.85622375496841097     
  0.53010628566013107       0.85402378079465369     
           6
  0.13538522385148166       0.57812757706310569     
  0.11924857182102322       0.58078460946684196     
  0.12120928671354166       0.57151919681310226     
  0.11790762208136267       0.56553079088170666     
  0.13288198030097986       0.55365371635776306     
  0.14162430546000654       0.55609749950565801     
           5
   5.1216777486944006E-003  0.13264824867039313     
  -2.5788887559509456E-003  0.13237677332488715     
  -2.1743365199205951E-003  0.11828129326151483     
   3.1156866088058342E-003  0.10645722063354811     
   1.5942168848844945E-002  0.11258329402675740     
           5
  0.42413169436283110       0.82711551697950103     
  0.41333639992120758       0.82905113392092500     
  0.40627571229458365       0.82687639361193377     
  0.40041970057136977       0.82073607636899282     
  0.41416490990729188       0.81157323544096405     
           7
  0.17184850852945305       0.17348348850110418     
  0.16583707505004924       0.17328363911706907     
  0.15323551962515713       0.16227759732987002     
  0.14961042086285281       0.14582086219848955     
  0.15874123394641215       0.14806815323421024     
  0.16469257121220832       0.14762426066621431     
  0.17036077596097801       0.15164688390099212     
           5
   1.8507037972081333E-002   3.3242285093208437E-002
   1.8271651356511862E-002   2.0042094060549413E-002
   1.1431989324715366E-002   1.0506657956567234E-002
   2.3456752611939191E-002   1.1234407160489897E-002
   4.0034989703828683E-002   1.7565307362840735E-002
           4
  0.68001392560848073       0.40971627823532786     
  0.68072210202453431       0.38857870855323845     
  0.69722855557558749       0.38709820559914437     
  0.70955382670817835       0.39149471112835654     
           3
   6.4064064064064064E-002  0.93793793793793789     
   5.0308719126455091E-002  0.93446944157911116     
   5.9388320120682798E-002  0.92767076109598678     
           5
  0.13677764810277168       0.85087569533657270     
  0.12663199796511901       0.85731785497287061     
  0.10539357584396633       0.84987010348206893     
  0.11482171391353994       0.83383537495444848     
  0.13042183420320042       0.83514217381727796     
           5
  0.78035649195798096       0.91124771633508050     
  0.75982393879038279       0.90696795545003228     
  0.76252345977908165       0.88666134692984766     
  0.77095032259356100       0.88644443606891699     
  0.78307664851394987       0.89078413312052152     
           6
  0.27474120487168868       0.61750112658067091     
  0.26837502401837371       0.61679146101904903     
  0.25448102422965302       0.61717292088625264     
  0.25167038214429877       0.59939265069432790     
  0.25810028455014244       0.59859004694395090     
  0.25913215982906790       0.59237016973305578     
           7
  0.18745084901998052       0.87393518324691422     
  0.18261291312973602       0.88199603064651289     
  0.16906238305292010       0.88260488887778066     
  0.16221002335281745       0.88046453033581884     
  0.16647857057411566       0.86038132414442681     
  0.17237378175087462       0.86293249077035150     
  0.18320500198172787       0.86547432957327786     
           8
   2.8714340588372026E-002  0.56230926083959465     
   1.7781503655594978E-002  0.55524674055966161     
   9.2703668735156144E-003  0.55853043443147721     
   9.1702355715655819E-003  0.54743132905889336     
   1.1778700877947263E-002  0.54238538931684244     
   9.7812902194707781E-003  0.53423234735385772     
   3.1899735282756761E-002  0.53830483880271252     
   3.3551788038400088E-002  0.54603919872227258     
           3
  0.98359270451637371       0.81836446403617569     
  0.97387265698825587       0.81752581729618146     
  0.99155451024419528       0.79318778763906039     
           8
  0.39464781417692102       0.26913480816232360     
  0.38211669549457805       0.27484807197273459     
  0.36803497972732763       0.27464120616474647     
  0.36988133519966143       0.26749303500728394     
  0.36466903232036063       0.26073260703265094     
  0.37561572469206000       0.24831515924208475     
  0.39405163122852382       0.24839057220527461     
  0.39340874963221395       0.26291423340421655     
           6
  0.74092444176507988       0.18359812277664408     
  0.73330133659380170       0.19193408588711380     
  0.72689206335099588       0.19247207901201466     
  0.72046200235227287       0.19060921223921298     
  0.71942308066994942       0.17303081130560483     
  0.73202178766567083       0.16770684527602014     
           8
  0.69595255738174000       0.27429888433827254     
  0.70135834502801564       0.28397304162059944     
  0.68779492362831163       0.28872222485506682     
  0.67389830276066454       0.27659475245959986     
  0.67233991520633185       0.26591436823151005     
  0.67871936436560887       0.26881966331224216     
  0.68818007707770001       0.26402675024684791     
  0.69540195768726765       0.26262740698210252     
           8
  0.14239936121665991       0.87690210900743182     
  0.14749351450131815       0.88516539887350909     
  0.12306823525878680       0.87714305893253663     
  0.12522788509617172       0.86776189164667961     
  0.11751182205340632       0.85938843015544097     
  0.13581981508220456       0.85458232510608167     
  0.14754453077684274       0.85937678648274940     
  0.14421158595024153       0.86390235422737338     
           4
  0.15406884776562382       0.51495247530399957     
  0.14580282578944706       0.50567680760900557     
  0.16938029824224382       0.49074753837172019     
  0.17055399333439988       0.50232766802139650     
           4
  0.78930883097259874       0.20189605482595976     
  0.77117488799580303       0.19841204718982933     
  0.76956318395961809       0.17486070760324240     
  0.78309294399497575       0.17214871638461324     
           3
  0.66314422514810423       0.94020372981764966     
  0.63924459791339050       0.93462313393759389     
  0.66084833948858124       0.93100440477178725     
           4
   1.0091742105031549       0.24236252354612700     
  0.99621145502909825       0.24857071761604616     
   1.0000000000000000       0.23623623623623624     
   1.0151308520742961       0.23643746714893507     
           3
  0.67067067067067065       0.61561561561561562     
  0.65932418993691599       0.62756436359580514     
  0.67013312329272035       0.60250964725275524     
           3
  0.97556206121958167       0.49213133617444349     
  0.96967379932515751       0.48020259273083199     
  0.98372286697748301       0.46793279232574286     
           7
  0.66089187169370378       0.82784308017221553     
  0.66060534458106857       0.83834371008690400     
  0.64515546251197176       0.83860738385839872     
  0.63202274038901274       0.82710482275422492     
  0.63806682164550355       0.80823211905435288     
  0.65228557059118197       0.80887710310428729     
  0.66202679556393507       0.81866610802668627     
           5
  0.20195600529199728       0.56535440574106721     
  0.18860124498577666       0.57573750787387235     
  0.18021448277082255       0.55596728735178702     
  0.20656087172365137       0.55149428340077622     
  0.20865019862580669       0.55885011139172769     
           3
  0.44044044044044045       0.53453453453453459     
  0.42889107575946439       0.54331523707640428     
  0.44855867950588407       0.52041905339943029     
           5
   1.8125532485197257E-002  0.42612516718012439     
   1.7075892189213099E-002  0.41766027397825412     
   1.0666822633307137E-002  0.42162163282927501     
   1.6832592028388514E-002  0.39763129286181775     
   4.0486120820008006E-002  0.39923926002849602     
           8
  0.12184180315100121       0.14063643728352532     
  0.11628427637302012       0.13570953506235173     
  0.10511570098849327       0.14107705432175294     
  0.10135883802700858       0.11810731139835909     
  0.10271161535539686       0.11134262494713058     
  0.11851467668689045       0.11677705838633633     
  0.12823827546460051       0.11421447451258199     
  0.12744678006066823       0.12292563012645567     
           8
  0.67732818675146977       0.54187687354850989     
  0.66963102271552610       0.53570360716235188     
  0.66067157271195609       0.54309334732559766     
  0.65994300407476869       0.53693426895777985     
  0.65295084450915997       0.51939962370704518     
  0.66225005742270460       0.51302414437856658     
  0.66888297250671302       0.51755316703021581     
  0.67386428496741002       0.52191320386463069     
           4
  0.94694694694694692       0.32632632632632630     
  0.93698663335766719       0.32490928423789284     
  0.93350070943130503       0.31334196393399433     
  0.94609422797071707       0.31544623647810044     
           4
  0.22218427240521726       0.61607807349781674     
  0.21449250480155574       0.60597202071335809     
  0.21182885321252809       0.59826480441236629     
  0.23411070869479042       0.60448811843392403     
           7
  0.70683086975478060       0.42146058103442013     
  0.70112031420017284       0.43114941293922787     
  0.69286414202129853       0.42970158223343846     
  0.68495514917647149       0.42774168673011903     
  0.68344761989232838       0.42016063569890272     
  0.69458012733129626       0.40792643927037375     
  0.70491197909626246       0.40816444567227239     
           3
  0.16408941114151557       0.32838487325984211     
  0.17515945986616993       0.30734392677054645     
  0.18671110462190660       0.30534091346644776     
           5
  0.12557779898777041       0.71321427440468521     
  0.10101209335193127       0.71081113624543235     
  0.10483856241529388       0.70499606575066709     
  0.10603325604486369       0.69097611865639597     
  0.12349515239019621       0.69196016048977238     
           7
  0.95471522100298889       0.44471418667723883     
  0.95378468990827947       0.45087454025107809     
  0.94614582010244386       0.44660262039363707     
  0.93660973624562416       0.44637435419735128     
  0.93053600982751450       0.44015394539111519     
  0.94194261780372457       0.42937045519802447     
  0.95373797623392287       0.42280280545372750     
           5
  0.74275694658914571       0.17508062929032558     
  0.73983329360046102       0.18208212336224847     
  0.72268258666949192       0.17503072044756429     
  0.72057233279281141       0.16293418541445473     
  0.74767169982020298       0.16480363748593371     
           7
  0.83931739733121313       0.13357669583622531     
  0.83199853453932027       0.14526064600752028     
  0.82228225967684188       0.14474210816164024     
  0.81579513689550009       0.13014809855742587     
  0.81576466658674873       0.12273027944924540     
  0.82810668490413186       0.12470484848808883     
  0.83826001844596032       0.12122349781514941     
           7
  0.85053497650872834       0.51626057478847642     
  0.84399253762684046       0.51827510094854135     
  0.83442071269001195       0.51667378688314591     
  0.82484857860209215       0.50987657042807355     
  0.84348463679941466       0.49874203318532645     
  0.84672929429058930       0.49291765789929698     
  0.85271083086035548       0.49533680707978478     
           4
  0.12363562362902585       0.58209069589038176     
  0.11549794437627159       0.58491037543437041     
  0.12502887248830757       0.56157312156098393     
  0.13680086589977405       0.57237563830206262     
           3
  0.77377377377377377       0.24124124124124124     
  0.75869411287056920       0.24973443696983039     
  0.76459524647859245       0.22564974083434602     
           3
  0.54507684539203227       0.71895602016409355     
  0.53227438594119181       0.70651492852098718     
  0.54137093626480792       0.70069175577644505     
           8
  0.45546955245476933       0.24926971224635239     
  0.44001031983940059       0.25009646109795042     
  0.42765907931009639       0.25084188257507328     
  0.43045103236225213       0.23840744309317891     
  0.42627422161078354       0.22312843497349055     
  0.44142378190977444       0.22232337179229653     
  0.45131640262400119       0.22159376202671338     
  0.44983409066525382       0.22777426261009742     
           8
  0.81907299713468840       0.41199949825012100     
  0.82162642455741097       0.42823808549023651     
  0.79722005298797882       0.42256159478129429     
  0.79635236503778006       0.41244627548407869     
  0.79742323816913285       0.39924893766907593     
  0.80557083729852896       0.40543491857137115     
  0.80708127517637307       0.39881362142561655     
  0.81651979690063548       0.39957927097870088     
           5
   7.8910344757032680E-002  0.37348087111745143     
   7.0246098719454253E-002  0.39002769070582949     
   5.3946136402246783E-002  0.36067328162688789     
   6.1888696619030258E-002  0.35901625501546941     
   8.0221600231064449E-002  0.36281628610089761     
           3
  0.59779881098967291       0.78443066848997989     
  0.57909807014964032       0.78092443236600950     
  0.58164324812806489       0.75314523305559233     
           4
  0.22993697223388876       0.52805755141015343     
  0.21440463868598567       0.53047503609249402     
  0.21901465839473758       0.50859541817165743     
  0.22735305224917679       0.50402713488841888     
           8
  0.60920921997547983       0.66122102650612835     
  0.60363876237694902       0.65977061208922616     
  0.58404146039947757       0.66557405879967246     
  0.58085354703512759       0.64724719473115833     
  0.57919377331654287       0.63592077567432426     
  0.58555992881732377       0.63620434119676805     
  0.60553486018200608       0.63696621313415258     
  0.60272385393673100       0.64460904840827049     
           7
   8.2496998037238325E-002  0.71118808817439205     
   8.5282632256718865E-002  0.71872719293866916     
   5.9390521245141686E-002  0.72471257185682192     
   6.1816457178538536E-002  0.71161896206928554     
   5.7142597380207244E-002  0.70147505583638425     
   7.8288572499590633E-002  0.70079957007345872     
   8.3615135900691639E-002  0.70378057140477734     
           3
   1.6896184644333422E-002  0.58365368579939569     
   1.0473322105457990E-002  0.57660116866581224     
   3.5033939079377227E-002  0.55656624844654379     
           3
  0.92974788542470588       0.62583666648760761     
  0.91891891891891897       0.62962962962962965     
  0.91313201549254774       0.61788144498619513     
           4
  0.17683787139131635       0.74562222537139256     
  0.15643502936705600       0.74489330398733122     
  0.15317984581515706       0.73152388295405102     
  0.17318385195350863       0.71624881587549316     
           8
  0.95638429667480684       0.28738833625268367     
  0.94444430634181853       0.29198027242195507     
  0.94332606808174302       0.29770042316156825     
  0.92941528230093307       0.26830804402134079     
  0.94077209522701266       0.27229476016548432     
  0.95012768713801321       0.26717485343599873     
  0.95343113385063072       0.27157114404152743     
  0.95689243716152872       0.27940581654981306     
           7
  0.28148357801609131       0.39129990214549537     
  0.27097913680472940       0.39235686560759236     
  0.27306352270952128       0.37975643342040366     
  0.27323392415585085       0.37323128769879421     
  0.30048092048704539       0.36436668966245944     
  0.29425401477816310       0.37023232372991133     
  0.29394107430569716       0.37841319253728534     
           7
  0.24012152873610929       0.98837503163438933     
  0.23103577647682397       0.98642002405849982     
  0.22940704321992239       0.99209398443472352     
  0.21533782183067057       0.98107534086643855     
  0.21928949322286287       0.96611854694407862     
  0.23094812885956736       0.96432941854524734     
  0.23600270861595060       0.96989478504354965     
           8
  0.80280728165881998       0.37646641526306363     
  0.79680504061753277       0.37304616703199961     
  0.77530477270721776       0.38085201275435160     
  0.77355661091874628       0.36653374208387363     
  0.78046286484764238       0.35971170756909471     
  0.77649675023726872       0.35272612230039740     
  0.79931500264830280       0.35271981933141672     
  0.79733568636949814       0.36478714521948896     
           7
   4.3610939240541602E-002  0.51097863933842969     
   2.9803680385492887E-002  0.51821207371173128     
   2.0784803528092179E-002  0.50466446043954716     
   2.8120745511339439E-002  0.49613860806846477     
   3.8141202192080476E-002  0.49898728218633376     
   4.8337949304459310E-002  0.49965636289446663     
   4.2664571713368529E-002  0.50332440253329058     
           3
  0.61130595149423717       0.98626261412194893     
  0.59759759759759756       0.98398398398398401     
  0.58737404992555620       0.97448748858557488     
           3
  0.29193715467078679       0.62736520257234318     
  0.28842440340092146       0.60652029757816595     
  0.31104374873137469       0.60709806429015589     
           4
  0.80885020431708032        4.2227840568984452E-002
  0.81443233468643128        5.0601266631305347E-002
  0.78737182292916830        3.9357973260294526E-002
  0.81064705604371867        2.3202288130729897E-002
           5
  0.41065002954180047       0.70602491468985695     
  0.40020508702624141       0.69768313835790885     
  0.40628195175316179       0.69356202083694629     
  0.41644632620604460       0.68638401472638633     
  0.42647801920036610       0.68882016366224708     
           5
  0.54401183101346007       0.19225491095985231     
  0.52358811521680559       0.18767945075026271     
  0.51570325739681588       0.18129088137674498     
  0.53681276389484500       0.16701456035158560     
  0.54319470524053037       0.18026249114586432     
           8
  0.24936608138501620       0.74955289010987824     
  0.24277342699165025       0.75927092873610336     
  0.23422045271175931       0.75334970449340533     
  0.21959089844357593       0.75633519989187170     
  0.22262490808979229       0.74302911492334345     
  0.22764638019821082       0.72839444340921278     
  0.24697200201225375       0.73027597189440574     
  0.25047818939942940       0.73543232428695449     
           7
  0.12696247905151056       0.49849231363217567     
  0.12048168673621999       0.49566382318661206     
  0.10671069191962078       0.48151612668578198     
  0.10695806918213356       0.47543833211134517     
  0.11429999180759073       0.47279850959817982     
  0.13373065663186673       0.47369960080453971     
  0.13081087432588959       0.48266857663351753     
           3
  0.34934934934934936       0.55455455455455460     
  0.33572472094609540       0.53999096326793805     
  0.34595551160566101       0.54504619895871231     
           8
  0.49211748226939611       0.29521904501751384     
  0.47507396965658844       0.29180069592038971     
  0.46377577196541309       0.29511045391573887     
  0.46785180285422079       0.28838999679617405     
  0.46693549397292639       0.28123476119770535     
  0.46670804236266544       0.27522403936657530     
  0.48485835919864245       0.27001162696902792     
  0.48811910738205122       0.28227518602383861     
           5
  0.60663859096750883       0.19953747491093571     
  0.58995196010057782       0.20095779036173561     
  0.58244858516483744       0.20281318185322042     
  0.58297322780102556       0.18829041693833007     
  0.59944364832133634       0.18053005013673420     
           3
  0.74618251595364504       0.23460567710686839     
  0.72936245706506253       0.23309266174588050     
  0.74374374374374375       0.22122122122122123     
           3
  0.80780780780780781       0.67067067067067065     
  0.79633235695620119       0.65997945323492757     
  0.81309977631671770       0.65999907552339898     
           7
  0.17395890026712987       0.62712584467397225     
  0.16400485021610048       0.63634945220358796     
  0.15543351783730502       0.63731907222008211     
  0.14924796456439726       0.61269364885194699     
  0.15918548288310774       0.60951308753150923     
  0.17164354226042591       0.60609019310400247     
  0.17496628006282589       0.61927641713777637     
           5
  0.87487487487487492       0.93293293293293289     
  0.86285278168896773       0.94553804929372032     
  0.86464234351918590       0.93016537274122801     
  0.87374262869996955       0.92402686190305705     
  0.88721409763389225       0.91946610776425375     
           6
  0.25324408539134874        2.1957545842610251E-002
  0.25880183633214648        3.0651952523747635E-002
  0.23846122440873538        3.4887474705801461E-002
  0.22964428915103602        8.6698721016745719E-003
  0.25288335797746048        1.5571821534572422E-002
  0.26059538357777401        1.9175070246282601E-002
           6
  0.97150386758398177        4.1587426213492547E-002
  0.96279704754719675        3.6550948739251132E-002
  0.95131460126983192        3.4461761613870809E-002
  0.94746260120589165        2.1243341712663153E-002
  0.94604132445926992        1.2305791084026348E-002
  0.97175604357001999        2.1531154166458056E-002
           7
  0.14205246099141347        5.2668401841786415E-002
  0.13001283013217996        5.4409699909053241E-002
  0.12694454153917656        5.9373268812744941E-002
  0.13053966803929429        4.5239312195573457E-002
  0.12655290182169279        3.8141118050692806E-002
  0.12977487190890913        2.9532039494344617E-002
  0.13973892636950810        3.0734837327275867E-002
           5
   5.3813295996825494E-002  0.58115360296963392     
   5.8723558759443559E-002  0.59003593187201842     
   3.1851573894583610E-002  0.59300999364485940     
   3.1159514037399375E-002  0.56958315569652862     
   5.5738275288185098E-002  0.57060722547958487     
           5
  0.29338893397992349       0.44036872012996736     
  0.28344201802327007       0.44332088681694815     
  0.27132719953875184       0.44312541691424501     
  0.27026615480340260       0.43224735883155974     
  0.27328346235884726       0.42212110555634169     
           5
  0.69733511411717763       0.51380093040315344     
  0.68174815609643213       0.51290759641121464     
  0.66969508250403997       0.50952166706525748     
  0.68468468468468469       0.50150150150150152     
  0.69636040637883434       0.50298588328230276     
           5
  0.28906312216103314       0.42248658833683506     
  0.27859428955314230       0.42269006649692498     
  0.26941861000494394       0.42341709438747116     
  0.28454047573044289       0.39875891209356712     
  0.29769545684947663       0.40584592516871465     
           8
   1.2432913955316035E-002  0.91995158336102756     
   6.2056202615939707E-003  0.91929635622636408     
   6.5693555641599816E-003  0.91314858303231172     
   1.0151717327796442E-002  0.90528248915741127     
   8.9706301358994673E-003  0.89563750418109767     
   1.4295211911849064E-002  0.89685687284741711     
   1.9503016816832974E-002  0.89110692898785648     
   3.3389735522297126E-002  0.89452646784738077     
           4
   6.8725955645451781E-002  0.26591148867163805     
   7.7022200265793567E-002  0.24689893551752592     
   8.8008796453763194E-002  0.24273056143132771     
   9.5595084971855732E-002  0.24648793332363425     
           7
   6.7563876609953916E-002  0.36172664980679647     
   4.6721944530883415E-002  0.36239983083930366     
   4.7119457002765777E-002  0.35616119975970306     
   4.2856251116788473E-002  0.33984206367060937     
   5.0218994488771984E-002  0.34015757422316167     
   5.2736129876561851E-002  0.34576321419119371     
   7.2161179129242303E-002  0.34691401735524102     
           3
  0.30065416655122196       0.12074051669522100     
  0.30591542054679344        9.8546741953141365E-002
  0.31631524696485397       0.10566725774100147     
           6
  0.17688216863683442       0.29994946940504580     
  0.16411238246250107       0.30040793468597393     
  0.16134461145341056       0.27766039439947482     
  0.16775773145118475       0.27868772951840692     
  0.17442763071193068       0.27393898550263712     
  0.17621666000673708       0.28115952753953694     
           6
  0.96369993258054232        7.2235456267800979E-002
  0.96174662161209257        7.9764455726473588E-002
  0.94548037101177307        8.0762671051158849E-002
  0.93929235848431147        7.7891638906633240E-002
  0.94445421209765767        5.6883326607464042E-002
  0.95176815936223003        5.7214732523167416E-002
           7
  0.87760238202058949       0.75741076611255520     
  0.87154175008347801       0.75046451065878161     
  0.85206031347552480       0.74791766506822543     
  0.85181195568980483       0.73751580609961631     
  0.85512954122862073       0.72719501858589952     
  0.86946645868786632       0.72665511110966285     
  0.87548617286892172       0.73985454813210838     
           3
  0.22905897556642449       0.52941995347172377     
  0.23354129698496645       0.50627597731472163     
  0.24024024024024024       0.51651651651651653     
           8
  0.82062766630404083       0.27782506131937085     
  0.81653651840131569       0.28282219556799132     
  0.80269916987805234       0.28903523633442318     
  0.79162213440042917       0.28728044944115200     
  0.79426171318555461       0.26891854561481277     
  0.80256994508914892       0.26211501455738367     
  0.81115848403889035       0.26644436113586040     
  0.81985724100041091       0.26213889765793896     
           7
  0.79578005247754124       0.70678928537006702     
  0.78637750441267562       0.71130564545917851     
  0.77956853561860429       0.71293479572560536     
  0.77138951093634056       0.71481974910900137     
  0.76753772193298042       0.70514862437752179     
  0.76824855616416421       0.69713741233352855     
  0.78084325935434151       0.68760856903410139     
           7
   8.2082082082082078E-002  0.20820820820820821     
   6.6659083561606894E-002  0.21869412008740824     
   7.3964792824305389E-002  0.20674359352918029     
   6.7371780895579964E-002  0.21045253536882660     
   6.8389987721537912E-002  0.19531175791617308     
   7.6413343908407469E-002  0.19522032658744523     
   9.5050117411466614E-002  0.19610793286028141     
           4
  0.96132907699869463       0.56035911642831393     
  0.94024903303884555       0.56511565656862217     
  0.94284303040612194       0.53771185306660507     
  0.96621165247336938       0.54551077443318674     
           7
  0.72082661111038138        4.2294712211793518E-002
  0.72478139692771104        4.8138520317965165E-002
  0.69856644263518619        5.3585972165878404E-002
  0.69925863883201167        4.7760729209201928E-002
  0.70213669771189169        3.1504038570610557E-002
  0.71453292923583689        2.9877273910066858E-002
  0.72547857688043205        3.1444638934766844E-002
           4
  0.52726479957465344       0.78020266505065949     
  0.52515729500843011       0.75122670836152472     
  0.53860100777953568       0.75332124457780991     
  0.54641643038489018       0.75982318800106519     
           3
  0.40740740740740738       0.19119119119119118     
  0.39258999057491784       0.19112470776127038     
  0.40350108154056308       0.17968171225949991     
           5
  0.64399288660090648       0.13367184079178629     
  0.61717036761451571       0.14788684937206983     
  0.61431144020333639       0.13870718066286761     
  0.63089563389218772       0.11897644098395317     
  0.64126703251092032       0.12146405228830376     
           5
  0.62008778522347074       0.92213497785476473     
  0.60774787573456734       0.92405994781885947     
  0.59930556868809393       0.91705398159518914     
  0.59501237345708125       0.90140058357221908     
  0.60207075143260380       0.89630055907546591     
           6
  0.77209383239659957       0.14015802649448000     
  0.75589310683054611       0.13841154881344472     
  0.74871356351329887       0.12587231524912371     
  0.76077498562463663       0.11185409623997521     
  0.76920409005259416       0.11776844185253339     
  0.77462287627795923       0.12510492910621382     
           7
  0.74341823221659231       0.52382158616724706     
  0.73325939782118144       0.52948071444444478     
  0.72295571540952008       0.52953191021473511     
  0.71523801491033123       0.52518125986961128     
  0.71625817608469922       0.51134367488916799     
  0.71393054386751242       0.50482015651822110     
  0.74220541516797667       0.51713310064947915     
           8
  0.30340895897746828       0.71032338270567363     
  0.31057718686830293       0.72194549208293379     
  0.30226264595871077       0.71734418309946357     
  0.28965813010402702       0.71966928031295518     
  0.29222433560048505       0.69832062278871376     
  0.28603046296551465       0.69158938750787935     
  0.30889379168261361       0.69213557045602614     
  0.30733078827790067       0.69850721265057336     
           3
  0.69226726154639151       0.83379408906291164     
  0.66851666089850692       0.84096357889595652     
  0.67350603223352712       0.82305141020692640     
           4
   7.9860097992246748E-002  0.42850307379661845     
   7.3817180837161295E-002  0.43539728856210547     
   6.0196196626486682E-002  0.41899454545625742     
   6.7933498027536551E-002  0.40579859957762821     
           7
  0.65328485694905714       0.90821544409403043     
  0.64617936493184325       0.91005830125450826     
  0.63413067887013930       0.91732651767404227     
  0.63210023239098156       0.89018063885249543     
  0.64586100624389242       0.89026230491684855     
  0.65209970492045799       0.89333983117418658     
  0.65018206919768495       0.90113540087995481     
           5
  0.30602825791772470       0.72442496815244362     
  0.29729729729729731       0.72372372372372373     
  0.28582799550745741       0.72174916363675323     
  0.29143367441498397       0.71583683450540858     
  0.30314105582124679       0.71318578245011011     
           8
   6.2236598085639472E-002  0.93552580928049089     
   5.6840660368863753E-002  0.93368171082998297     
   5.3582232764879237E-002  0.92887658890371416     
   4.5579736998460900E-002  0.93259015295390724     
   4.0866642156092078E-002  0.92543722793192207     
   4.5969143093068134E-002  0.91628180403019865     
   5.6379353944313579E-002  0.90867224082830134     
   6.8706753573427648E-002  0.91729884616720703     
           6
  0.67681441297581002       0.56280603247961258     
  0.66992065999071948       0.55892664075061405     
  0.66115262689216692       0.56601909555770469     
  0.66226072099527511       0.54752380494063091     
  0.67081657850164433       0.53881633409577823     
  0.68589526865607653       0.54555131899582943     
           7
  0.94242926172837749       0.47136299267348497     
  0.92756454239286956       0.46487185838976952     
  0.92600372390361552       0.44487829219284508     
  0.93183316994615417       0.44613879189378025     
  0.94213701153823914       0.44876294150273294     
  0.94928350231917136       0.44202839855346016     
  0.94830993876448377       0.45044364613238924     
           3
  0.82715604897904793       0.16618314627974834     
  0.81041124494549988       0.16773682929389744     
  0.80857426537197208       0.14320448415568729     
           4
  0.33607455765316047       0.90527455083873754     
  0.31152219040262263       0.90624486565567430     
  0.31071419587507687       0.89000358073555186     
  0.33600425810219170       0.89086102413216095     
           3
  0.83509858272336501       0.19067432653285860     
  0.84127033609496993       0.17262605623148380     
  0.84684684684684686       0.18118118118118118     
           8
  0.12782004113831633       0.17751977268008831     
  0.12609017700513553       0.18683832318754223     
  0.11062735160079670       0.19036815032913698     
  0.10312504786102854       0.17868359127105610     
  0.10140891205157344       0.16638574859848160     
  0.10647614865662665       0.16386998190969057     
  0.12151488853472767       0.16157503886208263     
  0.12718684845500711       0.16562374715165765     
           8
  0.35155765399722844        1.0052593010122461     
  0.34471114381414963        1.0068011513260327     
  0.33507923620660823        1.0047837107408901     
  0.32896590535539649       0.99534596113789242     
  0.33195858260089695       0.98132412494199928     
  0.33743900472893129       0.98363836695248263     
  0.34613955077735542       0.97785854580726206     
  0.35441138491743085       0.99018862838371124     
           6
   3.8340122743074224E-002  0.68282790385767622     
   1.9104707301458964E-002  0.68295489653662955     
   1.8833495454856644E-002  0.66696733137503950     
   1.7391431642682163E-002  0.65564052380457583     
   2.6090377294035860E-002  0.65450637035173098     
   4.0958872614808392E-002  0.66137340646632437     
           5
  0.45347631229439811       0.24882228827114866     
  0.42540361343976774       0.25926272701039149     
  0.42423190894750135       0.24959506845209792     
  0.42747452463430569       0.24099762836867478     
  0.44258029147132838       0.22965729874657989     
           4
  0.89073660264312171       0.46432547328642898     
  0.87858741840215482       0.45432847733537673     
  0.90093352853052466       0.43645568456880457     
  0.90204886971276632       0.44513142918502419     
           5
  0.23913971166308112       0.74080778011370874     
  0.22978989337307704       0.74833431116682603     
  0.21605837851833237       0.73531196720551784     
  0.21380930174471033       0.72424105612749179     
  0.23259233829088227       0.72297541012654665     
           6
  0.17174579129937195       0.74907893882135301     
  0.14864784641346723       0.74828146359777281     
  0.14469596234494819       0.72812026524148021     
  0.15036937364638983       0.72501879546935022     
  0.15843021950368494       0.72414542988819541     
  0.17141760157146851       0.72177036027434416     
           4
  0.39870645311952241       0.44007644416879288     
  0.38351649977086005       0.45595342912695613     
  0.38103573517830835       0.43076091963169072     
  0.39715362866908460       0.42826452333646625     
           6
  0.67916633397478576       0.56428972936634614     
  0.67599143683054097       0.57546522907726605     
  0.64922715904839046       0.55914683717170854     
  0.66001985096279692       0.54501408654784689     
  0.66719678740499966       0.54528311249485362     
  0.67494078860241080       0.55006002029694656     
           4
  0.12685696437015040       0.90576325056600249     
  0.10675808831508708       0.90373669020727732     
  0.11143040257829151       0.88790478756281876     
  0.12075230123598199       0.88428611503627697     
           6
  0.66899694848492830       0.78238412359864129     
  0.66383359623717419       0.77820488740578997     
  0.64192549486188144       0.77650213952630431     
  0.64194198830100435       0.76981549957313011     
  0.66171715081927840       0.75667774293045298     
  0.66750983824331367       0.77100696654192391     
           7
  0.22572825476211850       0.74150743539344866     
  0.21999812057357651       0.73757357931210210     
  0.21404691713566992       0.74026671722016291     
  0.20359200350961110       0.72205819299311669     
  0.20015527069665356       0.71711384305815196     
  0.21275256987761829       0.71967227566744629     
  0.22185679297085945       0.71663117699149737     
           6
   5.1540628170903227E-002  0.17705096766027351     
   4.6670899277622628E-002  0.18700701436289829     
   3.2855668343223753E-002  0.18642787611700848     
   3.0031661242125439E-002  0.16482657509777598     
   5.3059965243533139E-002  0.16228073100575638     
   4.9674526937675691E-002  0.16776754802406799     
           4
  0.49362234897979362       0.53100902892868762     
  0.49081972665300472       0.52184267592557898     
  0.49058029159321742       0.50368736543358594     
  0.51618460385546916       0.51837375983332301     
           7
  0.93479253077645463        6.6094044297740934E-002
  0.93908931174590649        7.8925865757941679E-002
  0.92256594828968352        8.0093463815373606E-002
  0.90943263832871102        5.8711109218784488E-002
  0.92100095885323741        5.3085870669691219E-002
  0.92796201385608623        5.2542789690743774E-002
  0.93453494303791818        5.8282074616449901E-002
           3
  0.47622747774550184       0.85730318989268495     
  0.47601431054021387       0.83902213240366186     
  0.50546307387766376       0.83468171668263003     
           6
  0.34662778563865532       0.87140067039442948     
  0.33628848321047594       0.87211353238767619     
  0.33214969341631317       0.86498192861177936     
  0.34203567909624255       0.84736792117517090     
  0.35705941807385688       0.84530117368634228     
  0.35588339805444918       0.85773307422799505     
           6
  0.22089701667058492       0.64887693362131593     
  0.21160552566005245       0.65886027185677165     
  0.19842069435583690       0.65477785650659692     
  0.19954911137923567       0.63087093341188905     
  0.20376101564882754       0.63663941678932723     
  0.21552275365182452       0.63279698965715436     
           8
  0.32212172259084076        8.8174711944185538E-002
  0.31719342668534944        9.1644763318801850E-002
  0.31098876039263007        9.2765769778881915E-002
  0.29847754801764476        8.6065387547806238E-002
  0.30051255028547269        6.3606241530787061E-002
  0.31074871196603199        6.4301603298476048E-002
  0.32075964379081323        6.4783729573547583E-002
  0.32713921103179405        6.9673623851819105E-002
           7
  0.41216609555288181       0.78647042655400534     
  0.39618700316115579       0.78757484173415759     
  0.38907006213934608       0.78625552618133698     
  0.38995119476159945       0.76998711866204150     
  0.40063010673601790       0.76771093319935646     
  0.40713856086920891       0.76229847827729325     
  0.41159273815478264       0.77083271939941311     
           4
   9.4210096635210808E-002  0.56254204368279193     
   7.9079079079079073E-002  0.55955955955955961     
   8.3002698442374775E-002  0.54628544878453467     
   9.3289801618765378E-002  0.55147891711061703     
           5
  0.87847091109937059       0.85431051000636526     
  0.86627149742212706       0.85178299243274724     
  0.88096771698637433       0.83367364280936296     
  0.89100653307330580       0.82965344422278309     
  0.88758756680502204       0.83941953932635116     
           5
  0.64451472677700095       0.90120283951619151     
  0.62776054816662130       0.90291571599741072     
  0.61846557078606956       0.88584717457277706     
  0.62462475256167382       0.87731287907343758     
  0.63050317363353381       0.88156462395422797     
           4
  0.19720297801031736       0.29583911999930751     
  0.18412539485800428       0.29629454215359197     
  0.17072255308912179       0.28716103269731158     
  0.18075533358376819       0.27633125833939326     
           7
  0.48406939878780780       0.13323563791131315     
  0.47771271386858732       0.13440643040271949     
  0.46700906560593219       0.13100585578211635     
  0.46338414626495056       0.11756465482139693     
  0.47476630144302029       0.10586902259608282     
  0.47802474962574187       0.11102001135600664     
  0.48547769966392518       0.11334898050073738     
