   998.00000000000000     
   267.00000000000000     
         288
           8
   73.000000000000000     
   71.000000000000000     
   59.000000000000000     
   29.000000000000000     
   19.000000000000000     
   79.000000000000000     
   27.000000000000000     
   13.000000000000000     
   77.000000000000000     
   21.000000000000000     
   99.000000000000000     
   24.000000000000000     
   71.000000000000000     
   38.000000000000000     
   59.000000000000000     
   56.000000000000000     
   41.000000000000000     
   87.000000000000000     
   28.000000000000000     
   81.000000000000000     
   18.000000000000000     
   49.000000000000000     
   28.000000000000000     
   35.000000000000000     
   86.000000000000000     
   40.000000000000000     
   89.000000000000000     
   75.000000000000000     
   25.000000000000000     
   56.000000000000000     
   43.000000000000000     
   57.000000000000000     
   88.000000000000000     
   37.000000000000000     
   88.000000000000000     
   76.000000000000000     
   37.000000000000000     
   67.000000000000000     
   3.0000000000000000     
   64.000000000000000     
   53.000000000000000     
   72.000000000000000     
   55.000000000000000     
   22.000000000000000     
   56.000000000000000     
   51.000000000000000     
   30.000000000000000     
   15.000000000000000     
   1.0000000000000000     
   46.000000000000000     
   78.000000000000000     
   18.000000000000000     
   62.000000000000000     
   100.00000000000000     
   43.000000000000000     
   87.000000000000000     
   4.0000000000000000     
   71.000000000000000     
   87.000000000000000     
   36.000000000000000     
   77.000000000000000     
   61.000000000000000     
   5.0000000000000000     
   96.000000000000000     
   82.000000000000000     
   22.000000000000000     
   33.000000000000000     
   30.000000000000000     
   32.000000000000000     
   88.000000000000000     
   5.0000000000000000     
   47.000000000000000     
   47.000000000000000     
   28.000000000000000     
   65.000000000000000     
   77.000000000000000     
   13.000000000000000     
   57.000000000000000     
   52.000000000000000     
   36.000000000000000     
   24.000000000000000     
   78.000000000000000     
   17.000000000000000     
   12.000000000000000     
   50.000000000000000     
   70.000000000000000     
   45.000000000000000     
   41.000000000000000     
   11.000000000000000     
   51.000000000000000     
   54.000000000000000     
   14.000000000000000     
   70.000000000000000     
   76.000000000000000     
   57.000000000000000     
   59.000000000000000     
   100.00000000000000     
   7.0000000000000000     
   10.000000000000000     
   23.000000000000000     
   25.000000000000000     
   65.000000000000000     
   70.000000000000000     
   2.0000000000000000     
   25.000000000000000     
   91.000000000000000     
   86.000000000000000     
   48.000000000000000     
   24.000000000000000     
   94.000000000000000     
   7.0000000000000000     
   19.000000000000000     
   97.000000000000000     
   79.000000000000000     
   15.000000000000000     
   23.000000000000000     
   43.000000000000000     
   11.000000000000000     
   44.000000000000000     
   92.000000000000000     
   77.000000000000000     
   26.000000000000000     
   83.000000000000000     
   80.000000000000000     
   86.000000000000000     
   97.000000000000000     
   12.000000000000000     
   71.000000000000000     
   24.000000000000000     
   49.000000000000000     
   52.000000000000000     
   37.000000000000000     
   4.0000000000000000     
   41.000000000000000     
   99.000000000000000     
   97.000000000000000     
   20.000000000000000     
   32.000000000000000     
   51.000000000000000     
   13.000000000000000     
   3.0000000000000000     
   64.000000000000000     
   24.000000000000000     
   21.000000000000000     
   83.000000000000000     
   51.000000000000000     
   77.000000000000000     
   79.000000000000000     
   96.000000000000000     
   36.000000000000000     
   4.0000000000000000     
   84.000000000000000     
   83.000000000000000     
   60.000000000000000     
   93.000000000000000     
   57.000000000000000     
   98.000000000000000     
   81.000000000000000     
   18.000000000000000     
   42.000000000000000     
   14.000000000000000     
   22.000000000000000     
   1.0000000000000000     
   42.000000000000000     
   32.000000000000000     
   85.000000000000000     
   60.000000000000000     
   76.000000000000000     
   94.000000000000000     
   100.00000000000000     
   46.000000000000000     
   76.000000000000000     
   6.0000000000000000     
   79.000000000000000     
   71.000000000000000     
   82.000000000000000     
   43.000000000000000     
   67.000000000000000     
   62.000000000000000     
   55.000000000000000     
   57.000000000000000     
   83.000000000000000     
   92.000000000000000     
   90.000000000000000     
   70.000000000000000     
   53.000000000000000     
   85.000000000000000     
   42.000000000000000     
   78.000000000000000     
   37.000000000000000     
   42.000000000000000     
   85.000000000000000     
   64.000000000000000     
   34.000000000000000     
   87.000000000000000     
   84.000000000000000     
   100.00000000000000     
   60.000000000000000     
   52.000000000000000     
   89.000000000000000     
   66.000000000000000     
   27.000000000000000     
   64.000000000000000     
   92.000000000000000     
   36.000000000000000     
   79.000000000000000     
   37.000000000000000     
   49.000000000000000     
   99.000000000000000     
   89.000000000000000     
   39.000000000000000     
   60.000000000000000     
   83.000000000000000     
   54.000000000000000     
   62.000000000000000     
   70.000000000000000     
   83.000000000000000     
   72.000000000000000     
   55.000000000000000     
   14.000000000000000     
   48.000000000000000     
   46.000000000000000     
   48.000000000000000     
   11.000000000000000     
   60.000000000000000     
   36.000000000000000     
   19.000000000000000     
   100.00000000000000     
   96.000000000000000     
   98.000000000000000     
   4.0000000000000000     
   87.000000000000000     
   83.000000000000000     
   100.00000000000000     
   44.000000000000000     
   9.0000000000000000     
   31.000000000000000     
   79.000000000000000     
   53.000000000000000     
   80.000000000000000     
   93.000000000000000     
   37.000000000000000     
   74.000000000000000     
   25.000000000000000     
   71.000000000000000     
   60.000000000000000     
   94.000000000000000     
   60.000000000000000     
   85.000000000000000     
   67.000000000000000     
   84.000000000000000     
   96.000000000000000     
   77.000000000000000     
   88.000000000000000     
   84.000000000000000     
   75.000000000000000     
   27.000000000000000     
   6.0000000000000000     
   15.000000000000000     
   11.000000000000000     
   81.000000000000000     
   62.000000000000000     
   63.000000000000000     
   42.000000000000000     
   55.000000000000000     
   66.000000000000000     
   82.000000000000000     
   75.000000000000000     
   87.000000000000000     
   79.000000000000000     
   70.000000000000000     
   39.000000000000000     
   85.000000000000000     
   64.000000000000000     
   89.000000000000000     
   12.000000000000000     
   71.000000000000000     
   77.000000000000000     
   54.000000000000000     
   74.000000000000000     
   60.000000000000000     
   79.000000000000000     
   45.000000000000000     
   70.000000000000000     
   24.000000000000000     
   60.000000000000000     
   37.000000000000000     
   97.000000000000000     
           1
   0.0000000000000000        0.0000000000000000     
           8
  0.18977104299764588       0.32901860913400066     
  0.17864939541389502       0.33479670129512490     
  0.17383293756837098       0.34132528154212582     
  0.15928460660830837       0.33385884884979772     
  0.16502891641586664       0.31562049042156626     
  0.17751910848694105       0.31082435136387854     
  0.17722933272017108       0.31747482178917424     
  0.18675606257619412       0.31319731012025848     
           7
   6.1841577593059985E-002   3.6988862788292609E-002
   4.5158269314025279E-002   4.7322138936674210E-002
   3.8467303638136531E-002   4.4408545281599314E-002
   3.3509285611415515E-002   3.1531183955167408E-002
   3.7217286433915683E-002   2.1822032305545046E-002
   4.4188775574276924E-002   1.9901445741680131E-002
   5.4374800208553273E-002   2.1081933789312307E-002
           5
  0.55794025587224994       0.82679003046197108     
  0.54649264398936481       0.82881292229738479     
  0.53590978710005788       0.82842948457001764     
  0.53269199679537649       0.80208875239411559     
  0.54312354296084953       0.80797256035414400     
           4
   5.0609785244896108E-002  0.92507251245087652     
   5.7465874708232723E-002  0.93439426714552620     
   4.2084168336673347E-002  0.92184368737474953     
   4.6091717847980482E-002  0.91241784501099987     
           8
  0.55471736895182922        8.9233867084704988E-002
  0.55250679574154937        9.5051310079123263E-002
  0.54338014355968478        9.0149636740486053E-002
  0.53967186629188890        9.5212572306144966E-002
  0.53161446684447777        9.5327879033786728E-002
  0.53281176608612479        8.1410163601209021E-002
  0.53943624121803646        6.8055329075050949E-002
  0.55460415809797647        7.4335865425328204E-002
           6
  0.69664924635610392       0.96186382424923844     
  0.68658505431956196       0.96316725236071499     
  0.66851157772321268       0.95519028157180641     
  0.66832189132876996       0.94498969556105672     
  0.66744162759000847       0.93845212070308015     
  0.69216635602234633       0.94261506460952960     
           4
  0.87444739260051851       0.12883890770104828     
  0.86199597161587027       0.12451780965780114     
  0.86884109576256596       0.10686522248923089     
  0.88062748649095646       0.10372398294615656     
           8
  0.79701077748082205       0.21926438780601437     
  0.80031778546454357       0.23481719637374973     
  0.77575399427337299       0.22962702413558181     
  0.77838953064083849       0.22384939858211766     
  0.77460193033455571       0.21721579962728088     
  0.78136725610278535       0.21134158589258714     
  0.77939560703943278       0.20537195233458255     
  0.79964793173016846       0.20921455603887945     
           5
  0.53789150299961086       0.94038761169910801     
  0.52616486191907352       0.94089487921986281     
  0.52351250514177317       0.91568345255202122     
  0.53459327189029848       0.91502799640453070     
  0.54186086205860839       0.91837376309412533     
           4
  0.17516271362512401       0.85214275426739128     
  0.16486081269915970       0.85419414483192369     
  0.16569072368843413       0.83251568064713555     
  0.19294851585212366       0.83916048795839304     
           7
  0.54233297836545191       0.59673604589339668     
  0.53230237935524949       0.59628642197853565     
  0.53531910169853714       0.57845630732003772     
  0.53194128537604413       0.56845773441235714     
  0.54707527646382137       0.57089852759610682     
  0.55918032196887468       0.57451713213726918     
  0.55371219784629100       0.57794414429418484     
           8
  0.45813589347028699       0.62472959729004474     
  0.45038207395977381       0.62995349204488083     
  0.43344931821024041       0.63252808040021635     
  0.43359841574538788       0.62129459490001337     
  0.43170107279809522       0.60562997459813162     
  0.43770686469163594       0.60863240449400047     
  0.44641011097011457       0.60820307801967899     
  0.45274181352349419       0.61405919260190134     
           5
  0.76065501017189596       0.58304658321695080     
  0.74995789412555325       0.58161025921623721     
  0.73968040684435576       0.58495046658331740     
  0.74028607075175235       0.57002493536502630     
  0.74369256905020065       0.55865832640783497     
           5
  0.93386773547094193        4.8096192384769539E-002
  0.91940117639995056        6.2020192954447641E-002
  0.92103065452208255        4.3561168515643324E-002
  0.92563914248964163        3.4180964541453307E-002
  0.93490606559025946        3.6819945559715649E-002
           6
   2.6076696190395932E-002  0.35624444526936178     
   2.7157381611030651E-002  0.36462690007819226     
   1.9690081474154665E-002  0.37139801899289593     
   9.3397254957344796E-003  0.34566401753247117     
   2.0695825209486353E-002  0.34732950129176793     
   2.9305274967605495E-002  0.34365940633818048     
           6
   5.3237727046454159E-002  0.48484387819381008     
   3.9301834647065076E-002  0.48192167095576238     
   4.0986026887164621E-002  0.47058836466064979     
   4.4842166389293510E-002  0.46499418979067481     
   5.6295377783872891E-002  0.46269045004704112     
   6.1260446747999478E-002  0.46821712841281249     
           3
  0.61926622291277744       0.24047810664462430     
  0.60183148489325755       0.23857447506500803     
  0.60420841683366733       0.22845691382765532     
           6
  0.77191739149390337       0.58883294764622540     
  0.76367431123713414       0.58314164291285930     
  0.76415857103114404       0.57293373196621589     
  0.77924106980179564       0.55946971978944648     
  0.78383548698511585       0.56531342098451964     
  0.78519879076235877       0.57260660071571079     
           8
  0.82344071817960496       0.36806300023697591     
  0.81118086128707567       0.37403700606420837     
  0.80345474520532645       0.37291322329376175     
  0.80309821896157163       0.35892657147668416     
  0.80299657810815239       0.34970188519685830     
  0.81225376194782062       0.34597284235710246     
  0.81855146720951222       0.34678752125161100     
  0.82761637588842207       0.35227639090284507     
           7
  0.38820785326298157        4.4789151761592982E-002
  0.37603602219050020        5.1407606882553247E-002
  0.36987506788783875        5.2098166571763679E-002
  0.36139458364023747        5.2279254899216740E-002
  0.36188516056382014        2.2387552747836815E-002
  0.37579677475729728        2.6297264016501704E-002
  0.38459620064410355        3.7697318517610143E-002
           6
  0.86604994666851975       0.15205454312559646     
  0.85910863952899019       0.15782086592275446     
  0.85736620830293342       0.13424994475761787     
  0.85433495195225306       0.12805462605423046     
  0.87431783254276052       0.13415860292731258     
  0.87130038031825352       0.13972160393101282     
           5
  0.50332566343566076       0.53884913139706736     
  0.50274217645396801       0.54893488911162991     
  0.47637535360314315       0.53997255870645211     
  0.48429770023455232       0.53542875628614561     
  0.48852257140359712       0.52871015141385336     
           8
   3.9654710429108751E-002  0.78673392129944453     
   2.2141131611957403E-002  0.78123877725718571     
   2.6422038248290793E-002  0.77238986158206846     
   2.5476117565037960E-002  0.76359416509877898     
   2.8006846866192800E-002  0.75830520716784511     
   3.3303068504226076E-002  0.76039625970581881     
   4.8210359109407054E-002  0.75981962696457939     
   5.2696303132212997E-002  0.76746384447186855     
           7
  0.36983214471289261       0.94778184511476005     
  0.35103542496872481       0.96080477176792733     
  0.34649915547760318       0.95686697684833044     
  0.34238740984648164       0.94558573156994852     
  0.33951687449485907       0.93472880340365672     
  0.35550044855277113       0.93147864488294629     
  0.36260307929463209       0.93117866584088971     
           5
  0.10430246277337121        6.6386937939876878E-002
  0.10849256285883704        7.3085724052160364E-002
   8.7523501491733741E-002   7.3741495530139103E-002
   8.5281488387129956E-002   5.4571786366280281E-002
  0.10490640446525602        5.3980077598501049E-002
           5
  0.33843848587070519       0.73842245162798703     
  0.31131776887536855       0.73873186898831922     
  0.31866319118519976       0.72871666489546960     
  0.34007143276007212       0.71533510413979695     
  0.33572680243557107       0.72295419023792518     
           6
  0.89067932541910810       0.55112203852424813     
  0.87431374857655542       0.55269658033777713     
  0.86918755729298225       0.54508651966281751     
  0.86849071708840264       0.53788147935973141     
  0.88036499916498778       0.53312462067607191     
  0.89212343209919254       0.53205593901477344     
           6
  0.66676778333842956       0.73408844614920410     
  0.65403765277951931       0.73362363410885489     
  0.65143208338685421       0.73963305338722507     
  0.64182795311164831       0.73306354619659564     
  0.65086506321468007       0.71183700884139856     
  0.66761450698687308       0.71180482176238391     
           3
  0.21535404618798182       0.77172902995176040     
  0.21926926311056244       0.75220275712410833     
  0.22645290581162325       0.76052104208416837     
           6
  0.49131508358654152        4.6547373022602145E-002
  0.47537691621054673        5.7812906910322551E-002
  0.47005603571953875        5.0311823218454156E-002
  0.47001561697929833        3.1736942663135329E-002
  0.47980645397948912        2.9891678270469277E-002
  0.49663703945678234        4.0658408496299273E-002
           8
  0.11486490865088607       0.89305424583203841     
  0.10630985725535151       0.89854315820716923     
   8.9755144125154396E-002  0.89916275896905873     
   8.6972839612607780E-002  0.89239603490160924     
   8.8228487023503416E-002  0.88375364352471075     
   8.6760214075288361E-002  0.87422463837211462     
  0.10519044068839432       0.86848526683750560     
  0.11464465307396102       0.87250056158699829     
           3
  0.12346695072064472       0.31019615130679024     
  0.11575913813642411       0.30205978165932812     
  0.14065508736101467       0.28924745842555394     
           8
   1.0031396520784006       0.52041909782216023     
  0.99520026667057360       0.52176770784624726     
  0.98414981104692012       0.52843908797072225     
  0.98704738124813929       0.52171152854477032     
  0.97909421426286225       0.51168079525318477     
  0.98620937245412732       0.50168202945795293     
   1.0065344553841100       0.50127842780954912     
   1.0038279642650130       0.51014952808777825     
           8
  0.61006529277315358        5.0317162903276383E-002
  0.60165803053006028        5.4046548618419565E-002
  0.59470326379536897        5.3845084420722306E-002
  0.58678451379520236        5.5909574167133221E-002
  0.59207885309102060        2.6364101097139936E-002
  0.59942497464569677        2.8101105113637122E-002
  0.61528718697713325        3.0280963680925078E-002
  0.60977271658389132        4.1364879485386044E-002
           7
  0.55035782378758924       0.78063778094103697     
  0.54649421129573406       0.78648920541812939     
  0.53349996402519906       0.78343134585228158     
  0.52582152370968649       0.76553154463567863     
  0.52652123186571587       0.75801035098440295     
  0.54171133635233382       0.75963062896372713     
  0.55084521974417766       0.76021146048528476     
           4
  0.35509162940197780       0.48195761936596715     
  0.33898653628933145       0.48799357893113149     
  0.34602054635812091       0.46708803900230927     
  0.35475789884785125       0.47353075932277094     
           7
  0.46155189911435196       0.63795076365168513     
  0.44595003825335161       0.63800943792030540     
  0.43351183949423211       0.63566665545065570     
  0.43371164346709207       0.62712970001355650     
  0.43585254314448768       0.61447522824502399     
  0.45953273255072014       0.61995317750124523     
  0.46356748377154100       0.62721119520176050     
           5
  0.30159672922648634       0.42101950834610335     
  0.29536901804411619       0.43242928219671561     
  0.27714785681942677       0.42796857463462717     
  0.27593376323303825       0.41133531386950367     
  0.29992404323796068       0.40549075595481149     
           4
  0.62339760875145434       0.46090817897515624     
  0.62065362218244102       0.46887219218934029     
  0.59829612990718406       0.44895440551386573     
  0.61645138553606171       0.44697790870944232     
           8
   8.0538460585880128E-002  0.48038801637983136     
   6.3442676615005494E-002  0.48031067626639568     
   5.7764527442651682E-002  0.47780873915009547     
   6.0487769288849434E-002  0.46729158639789697     
   5.8175271981539128E-002  0.45912386773962627     
   6.9098718764162625E-002  0.45736329134060449     
   8.1862430613527062E-002  0.45587780633218372     
   7.9154080360257673E-002  0.46496638555894998     
           4
  0.50300601202404804       0.91082164328657311     
  0.48771080475088963       0.90471987698604672     
  0.49162303406287661       0.89790872687904177     
  0.50135429115332908       0.90155022300417520     
           7
  0.61189956801273149       0.51212160211321867     
  0.60417198112128068       0.51774186767276809     
  0.59199417202916738       0.51827958779368499     
  0.58439925306361074       0.51970944798823815     
  0.58713206163419873       0.51266049714129358     
  0.58115063509394205       0.51013524909923691     
  0.59298281277037257       0.48993657066347707     
           7
  0.83395027525041554       0.95694076550872920     
  0.82520631217537632       0.96524972583832391     
  0.82070919819784149       0.95865576110690776     
  0.81020596984632509       0.94363943771091197     
  0.81331886870646497       0.93758674560121058     
  0.82580769616221472       0.94131946376564135     
  0.83414231402319428       0.94374988024380102     
           4
  0.78235696063315052       0.36127199341413496     
  0.77721673772891042       0.36954406006194890     
  0.77254509018036077       0.35571142284569141     
  0.78113210532794963       0.35255020647361635     
           6
  0.37553924467017186       0.20680213703043479     
  0.36341302219250898       0.19336557066436530     
  0.37118744814458376       0.18837072241169217     
  0.36215802163254390       0.18141563864693375     
  0.38317024992963239       0.18259567879692504     
  0.38659460192326794       0.18812060199586650     
           6
  0.53870514065655450       0.79101361718379792     
  0.53139266037574573       0.78833445734429641     
  0.52467754110531029       0.78850271093555369     
  0.52358459829249482       0.76289394764799745     
  0.54768603182568798       0.76883386732193926     
  0.54635354928140545       0.77612999821068751     
           7
  0.24052598642643416       0.51746009354782974     
  0.24429500117835207       0.52636575013268283     
  0.23706348023489948       0.53142045292359874     
  0.22260114458162483       0.52193558014970043     
  0.21852282064170983       0.50602165326654835     
  0.23426888303460722       0.50683420781932154     
  0.24294585980144057       0.50538845689923217     
           4
  0.12837673880442560       0.63849621546103141     
  0.10566495959779976       0.64222790023754905     
  0.11072780778166179       0.62354073454210812     
  0.11776437532107299       0.61415465636911326     
           8
  0.10584032937854114       0.84577526867576225     
   9.6998788029665869E-002  0.85021142381367742     
   9.7286576051027224E-002  0.84161686328958840     
   9.9783153413467551E-002  0.82868731709694066     
   9.9619902312868491E-002  0.82228945694122579     
  0.10969173928963433       0.82361875123669770     
  0.12482179003564371       0.82276211429628809     
  0.12444411701610750       0.83092896572978403     
           3
  0.57946299905893062       0.36011067333950297     
  0.55286623225503673       0.35654580274279568     
  0.55542411329579067       0.33563692749298357     
           3
   1.7306672021545750E-002  0.21857919461913491     
  -3.9212975951457884E-003  0.20978869906698933     
   7.0089945637481377E-003  0.19722257370889659     
           4
  0.49750075462362187       0.66621322066365951     
  0.48438094501485024       0.66091359028575902     
  0.48985764404033566       0.64428523627811785     
  0.50643482945667306       0.64378998486794914     
           3
  0.10694946253665012       0.18573340888669229     
   9.6192384769539077E-002  0.18336673346693386     
   8.2585713962656584E-002  0.17601717624935156     
           6
  0.11608604540775111       0.49251398532952517     
  0.10086988722670237       0.49350452283006269     
   9.2738548977390922E-002  0.47802431839665499     
   9.1641024348992919E-002  0.46980082156682590     
  0.10034802619864244       0.46956348579357371     
  0.10727816339809465       0.46484766202075611     
           3
  0.88498505842196451       0.34931642544199454     
  0.86203573278221468       0.32506252869466873     
  0.88188528927751675       0.32432867331772147     
           3
  0.48407802403911537       0.21093182141090858     
  0.47359464714984967       0.21491955422157896     
  0.45871006463272695       0.18811971216572562     
           3
  0.52942937493094511       0.13329402134475660     
  0.53329189378774600       0.10906187251133154     
  0.54970636758791469       0.11123587576565244     
           6
   3.1497883147593143E-002   6.8014770944874597E-002
   2.4609086680620295E-002   7.5337451849040865E-002
   1.2079371166434823E-002   7.6605969203787899E-002
   4.4438637811291450E-003   5.6609145341412058E-002
   2.0672764812410878E-002   5.4792373333746966E-002
   2.7859774708060933E-002   5.6775217742950801E-002
           4
  0.65114056332953363       0.96909022330696803     
  0.64105221602816920       0.97344742633948678     
  0.62403992542280518       0.96076546608031244     
  0.62780386052904447       0.94722541171161256     
           5
  0.34128647859055899       0.92541804849055875     
  0.31959915508713460       0.93639773669719750     
  0.31721855663578286       0.91635618155969045     
  0.32729353677856438       0.90758477311349761     
  0.34327421110583212       0.91852673562123655     
           3
  0.95916308804787032       0.55348666780016909     
  0.96993987975951901       0.54108216432865730     
  0.98462976491479326       0.53638999911057850     
           4
  0.13336813224205826       0.15064472385434768     
  0.12928388179733333       0.16097981856678170     
  0.11492389831519362       0.14121080193518651     
  0.12525050100200399       0.14529058116232466     
           8
  0.70497529441523321       0.42928410485962998     
  0.69928841500432870       0.43737278334208479     
  0.67995910511296975       0.43491404962345798     
  0.67821753262844486       0.42577599738439631     
  0.67990010473032614       0.41867697503896623     
  0.68019905753442200       0.40894523602999222     
  0.70483215701018465       0.41483370899705885     
  0.70787835324527615       0.42041208912374961     
           7
  0.57185789597087633       0.87649915837246506     
  0.56442216955550950       0.87904271596313721     
  0.54337067603408729       0.87867493710065325     
  0.55015056537652152       0.86585913915111801     
  0.55735725456415153       0.85248842704185690     
  0.57378490122880377       0.85581113478291537     
  0.57168298745874391       0.86295886448035564     
           5
  0.76452427319050298       0.85345016285906239     
  0.75423972524327598       0.86397754420441231     
  0.73804136319764824       0.84417594937088714     
  0.76729772745371783       0.83732653434427973     
  0.76632105595281574       0.84658894435969878     
           6
  0.70797376590629757       0.40452213063663478     
  0.71512360829749722       0.41110966742886546     
  0.70588491460135194       0.41096308261853026     
  0.69285852634555378       0.40259878246221259     
  0.69087143133352735       0.38874066541496771     
  0.71743680845393187       0.39962622433542372     
           8
  0.51402714322992371       0.83597858869723940     
  0.50724671452027148       0.83972924181430986     
  0.50377450807019231       0.84797709075242900     
  0.49265775234330550       0.84158078027566663     
  0.48593262478030519       0.83085939564947509     
  0.48841993656615096       0.81952303855166797     
  0.50217441390869899       0.82540524291506900     
  0.50730541157203968       0.81940428739300253     
           3
  0.33924754079168556       0.97612078687171644     
  0.34360246577314119       0.95274031830341477     
  0.34368737474949901       0.96392785571142281     
           4
  0.57252853906921120       0.48769392789475874     
  0.57559433607866861       0.47659910596588684     
  0.56890488255913307       0.46763637715597728     
  0.59543414597259858       0.46937385624872585     
           8
  0.99309066991149531       0.65260632642821370     
  0.97203886390198402       0.64698656025182388     
  0.96801739134443188       0.64265540722154735     
  0.96941171198202480       0.63636186012609952     
  0.96243187549186171       0.62384432650469857     
  0.98665477277021785       0.62606885716953942     
  0.99117976779716110       0.62930041454664432     
  0.98707832738675583       0.63389927892717846     
           6
   9.4770770716818928E-002  0.56975987791756233     
   8.7121557385323276E-002  0.57111879231257623     
   9.1018168168122401E-002  0.55351859801816450     
   8.7383985140436674E-002  0.54532554775206210     
  0.10514075286072749       0.54778347893247248     
  0.11493017809693126       0.55367464419365087     
           5
   9.1175106636117442E-002  0.55914353410606887     
   8.0153979385152008E-002  0.55531372225290421     
   7.1742931227544202E-002  0.55834113669087626     
   6.6831829123436881E-002  0.54738101213159585     
   8.4160610355488746E-002  0.53044994784398747     
           6
  0.97032097736247458       0.36891900350891632     
  0.97485814043649510       0.35641129922614551     
  0.96806253316881163       0.35676750338505114     
  0.97053272511125743       0.34087346112058947     
  0.98994057828603488       0.34192338592169336     
  0.99433835425162254       0.34653257401318993     
           7
  0.63453306063593695       0.33091020686912664     
  0.63920237707369432       0.33702779802835153     
  0.63007430196336756       0.33967491301135722     
  0.62306126233905079       0.33546334938377059     
  0.61078236207542180       0.33601488697841569     
  0.61343415501742904       0.32028598688908716     
  0.63389007095813255       0.31631650754092921     
           7
  0.63239000433749548       0.73453714673138570     
  0.61724886747288088       0.73785307017845270     
  0.61117629149171782       0.74511257103991946     
  0.61135138947759216       0.73037340312911891     
  0.61347017841029949       0.72367100919181471     
  0.61942665557215371       0.71590336521878783     
  0.63859470569795018       0.71396865975501989     
           3
  0.85671342685370744       0.82865731462925851     
  0.84773284979082808       0.82465231527579286     
  0.87031558882267768       0.82315475493525292     
           3
  0.80754032085006178       0.45362416578650883     
  0.78097851211272662       0.43978452714690175     
  0.79915213714176914       0.43190306907208076     
           5
  0.29521983712507954        7.8497147620893298E-002
  0.27173267481139574        7.6439003472001485E-002
  0.27179878932354579        5.4923517751917755E-002
  0.29085980479187923        4.7502302399628854E-002
  0.29748777286607025        6.1389401779441258E-002
           7
  0.77303655745303212       0.75681651381514492     
  0.76848957057866440       0.76153534058267536     
  0.76451929672133501       0.76817417362509566     
  0.75938188125767581       0.76070300014795367     
  0.75220857518374218       0.73732871145357892     
  0.76887214562323491       0.74136498294770736     
  0.77594869043727255       0.74313407275710885     
           8
  0.98732629341768352       0.42719943912092345     
  0.98210171373255906       0.43356470372728256     
  0.96938842308468609       0.43295275363436986     
  0.96271629220054433       0.43195603502917601     
  0.96065065210295986       0.41947643833795695     
  0.96234828788013094       0.41384103071736761     
  0.97424105929440430       0.40519500071790704     
  0.98008578400225133       0.40704068128762538     
           4
  0.71015863116334654       0.23006329236009085     
  0.68291982508322735       0.22787812177366706     
  0.68877602903985613       0.20240790773145922     
  0.70791260448856774       0.20636540323172664     
           6
   5.2236614961434738E-002   9.2783264571094162E-002
   2.7228051332617312E-002  0.10072211500716571     
   2.3344668079205176E-002   8.8925819836340569E-002
   2.6457586103562095E-002   8.3195220722071916E-002
   2.6382263404907708E-002   7.5804503799968628E-002
   5.2971525732911459E-002   7.9097436047229963E-002
           6
  0.30503171904584614       0.79447026949891963     
  0.30942971468200403       0.80277146086298690     
  0.29555192093610222       0.80093096627983951     
  0.28802458544630288       0.80553421210146692     
  0.27974287824497829       0.77991878990781605     
  0.30023846046667646       0.78187760857182920     
           8
  0.43763533768133484       0.83167725669151149     
  0.42928010382598819       0.82885723971040748     
  0.42206155200267520       0.83163631579961506     
  0.41597535386749118       0.83019590291980017     
  0.41860701755401014       0.82225802266488934     
  0.42992436253245681       0.80185160983074866     
  0.43403762607798768       0.80718049560200600     
  0.44087787004509837       0.80189857109988505     
           6
  0.70808467272405018       0.16592205274220401     
  0.68995364336136789       0.16603809469887806     
  0.67706827293063410       0.16796435659616732     
  0.67743251101355384       0.15424415433854485     
  0.67873108915692504       0.14346780304575518     
  0.70494407417128957       0.14692126875233597     
           7
  0.94504159084599082       0.79921438144908319     
  0.93263583353130763       0.80722785689202758     
  0.92214598827925187       0.79689365724229821     
  0.92770884352941163       0.78095141007115831     
  0.93859136032088597       0.78348730607745476     
  0.94449752134745690       0.77958294496588965     
  0.94615109461913427       0.78852373512812390     
           7
  0.59564631813975044       0.28294963685171692     
  0.58800321184936599       0.29255775025119346     
  0.58129384075982204       0.29494383913350875     
  0.56833226950491189       0.27472072846017526     
  0.56875667801332130       0.26543856391710774     
  0.57693039656597611       0.26953374600922991     
  0.58855598974100132       0.26976746768660137     
           8
  0.42721055955771819       0.92440101149991860     
  0.42186962639483233       0.92597808838186157     
  0.42083388078472711       0.91776430152454935     
  0.41688723078078954       0.91241792773129149     
  0.41734138322357450       0.89961891649304437     
  0.42358509739159622       0.90545974661588935     
  0.44011144992741330       0.90014284086846996     
  0.44414823164684247       0.91006350169581574     
           5
  0.61728132985955764       0.27299163443513313     
  0.61947954782000725       0.27976713643190271     
  0.60567234261044289       0.26867818667992271     
  0.60643155092786716       0.25432990210248352     
  0.61623246492985972       0.26452905811623245     
           7
  0.45847721242826311       0.18561281885336214     
  0.46140732360184378       0.19091428317943418     
  0.44908215507236643       0.20043375126236135     
  0.44386052477196242       0.19344143089648014     
  0.43370143647031373       0.17302068056142875     
  0.45864301285322656       0.17192927963294530     
  0.46324864369682561       0.17745728723056728     
           5
   6.3500320251111173E-002  0.41918121182928769     
   3.6471599878146202E-002  0.42394445917134838     
   3.8252390321130106E-002  0.40001190558283561     
   5.0887407596292532E-002  0.40656905386074921     
   6.3428465909448617E-002  0.40715527690070991     
           4
  0.89653749219529744       0.48057522781791379     
  0.88208191172340034       0.49023284750333773     
  0.88476953907815636       0.47895791583166331     
  0.88918496703764716       0.46560470956717320     
           4
  0.63566711551103983       0.58082407678147008     
  0.61253471404750459       0.56308161410892421     
  0.63195884867514196       0.55459839427190438     
  0.63863816281476571       0.55046829982603451     
           4
   5.0809188032806256E-002  0.43775834618092047     
   3.2865724693399372E-002  0.44390184292213736     
   2.9098545735747345E-002  0.43438643358008949     
   3.4856253880369982E-002  0.42108629730427893     
           5
  0.73106494038709091       0.66944653723711978     
  0.72368533498936682       0.67129762882644373     
  0.70416092639462380       0.66206547367397495     
  0.71803957305074373       0.64677688330909622     
  0.73122354699281056       0.66071226592273069     
           7
  0.90350239909982344       0.70760105685262575     
  0.89637919265533617       0.70818861867724248     
  0.88268500517764859       0.70875186953509928     
  0.88874267548575148       0.70268429742183924     
  0.88516639866354796       0.69233848619060012     
  0.88930321327360973       0.68445880273985693     
  0.90803016575897877       0.69448754285031178     
           8
  0.72660808820605294       0.58811690849921228     
  0.73225632942001784       0.59137894071751995     
  0.72767380448314711       0.59662454369522933     
  0.71667198499035800       0.60266075366989902     
  0.70468272473231020       0.59428008253979936     
  0.70636082152066826       0.57489235977798192     
  0.71263239571313552       0.57701741599571599     
  0.73277945842183101       0.57370291865649581     
           5
  0.61697776281566519       0.34408797187127355     
  0.61297590733964546       0.35482163831376651     
  0.59937554139249982       0.35904600378483703     
  0.59422751031520571       0.33047794686571957     
  0.61130447561102963       0.32890928524347607     
           5
  0.68446683802379815       0.25396958932064484     
  0.66409591052126038       0.23899818765517555     
  0.66202111553948162       0.22997218723042862     
  0.69099141807748188       0.22926736517341528     
  0.68083393535041870       0.23583150689608340     
           6
  0.29326248416649303       0.62367051769069259     
  0.29311516540180971       0.63333585139836124     
  0.28773820617750939       0.62723790678491975     
  0.27271707537613793       0.63380312817972251     
  0.28862048680359659       0.60474541295940654     
  0.29728823230774687       0.60546956504494009     
           7
  0.21485465663720960       0.88204015988133888     
  0.20386442856540832       0.89410970049498051     
  0.19265071394397465       0.89425049253978173     
  0.18622656575706531       0.87639401744216838     
  0.19210258517710599       0.86932282712208697     
  0.19680547245876814       0.87331454607524572     
  0.20330134562887514       0.86955888139821258     
           3
  0.99986608362270202       0.87138507041421831     
  0.98997858171115583       0.85324446584390290     
   1.0118943929801865       0.84385712212931085     
           3
  0.60214835741722461       0.66790379046771942     
  0.57429796105676267       0.67543144194732641     
  0.58613361634995942       0.65075317453652437     
           3
   5.8116232464929862E-002  0.70140280561122248     
   4.5927077034668209E-002  0.70002631633171053     
   6.8071825974207467E-002  0.69979286879934266     
           6
  0.23704829820213802       0.50772671998316854     
  0.21723702996634492       0.52269241324668303     
  0.20830461403949230       0.51006899155354646     
  0.20779857786363551       0.50038466962318240     
  0.22057720216972421       0.49782126890698697     
  0.23506510989193888       0.49660064657880354     
           4
  0.52929516844949087       0.55509494757736966     
  0.51343553402757736       0.56477806737801051     
  0.51545961898201587       0.53958325988107347     
  0.52774603264432418       0.53945362595255519     
           7
  0.19595476906341019       0.18480666632799506     
  0.18796303596678049       0.18733818619705653     
  0.19066184626402707       0.17523130101507867     
  0.19450679912332067       0.17040690191654403     
  0.20577970399673148       0.15823037136194587     
  0.21475445253615807       0.15866723195222704     
  0.21313372324538368       0.16684813009747831     
           3
  0.95691513908971815       0.29238157017764327     
  0.93385950021978503       0.27476619183087209     
  0.94589178356713421       0.28256513026052105     
           8
  0.26787647349496807       0.57336068195059842     
  0.25140041754927728       0.57448580938096938     
  0.24761289222958677       0.56911251008257346     
  0.24225264114035447       0.56065266870026742     
  0.24139658920671636       0.55201159175716208     
  0.26194406294145522       0.54512055454195218     
  0.25985140786176525       0.55055935836484760     
  0.26725357162343932       0.55027932587354966     
           5
  0.44331955635201087       0.16650058521935363     
  0.41445640594753780       0.17466633737695170     
  0.41576206008245153       0.15696038800285156     
  0.41474885189924260       0.14996577118357043     
  0.43749280937930624       0.15216722934719878     
           3
  0.86319185346270855       0.31263087888791613     
  0.84969939879759515       0.30561122244488975     
  0.84014903116105910       0.29017593479628279     
           3
  0.85691864989475308       0.11392916004978684     
  0.85226598833370826       0.10455455894249413     
  0.87585691100753782        8.8532044953785194E-002
           6
  0.61464741370482834       0.63396425570242965     
  0.59505993696121262       0.63451991990389678     
  0.58902342410986530       0.61861350389935876     
  0.59307974434925825       0.61081465293292048     
  0.59946902125069246       0.60894047876212321     
  0.61710028753920698       0.61018029400969620     
           4
  0.44787491972398752        6.2189682603212740E-002
  0.43123986517056923        6.5460703601182432E-002
  0.42483452305838437        4.9038456557235974E-002
  0.45218890157186070        4.2884801564921173E-002
           3
  0.93019489557531931       0.36331063432916305     
  0.91675689596610210       0.35906265375167129     
  0.91847208575581918       0.33381806514981233     
           5
  0.44658513856409110       0.78435704805965667     
  0.43184490821136939       0.79242406230316742     
  0.41821450947469641       0.76384653894946519     
  0.44170747259761078       0.76900704288451771     
  0.44551762005941387       0.77702332085977643     
           5
  0.90450891731728034       0.31365638941977519     
  0.90162266028961380       0.32174077483923846     
  0.88133573605555360       0.30273469219244098     
  0.89540568102481943       0.29327425849838651     
  0.90483960158138721       0.30234820008740304     
           4
  0.22321358991221948       0.73956495784953746     
  0.19717532250039432       0.74644316850411196     
  0.20141470184616328       0.73185191396152627     
  0.20238762602471258       0.72253615113221570     
           3
  0.41835221441834058       0.86251120412281912     
  0.40881763527054110       0.86072144288577157     
  0.40655373213857393       0.85121342159030444     
           3
  0.49298597194388777       0.32264529058116231     
  0.48081892668690435       0.31530711978019138     
  0.50647923918352400       0.31185794004525569     
           3
  0.57949935939955532       0.76201719406763457     
  0.56758446140227659       0.74488516032094976     
  0.58216432865731460       0.74749498997995989     
           5
  0.88469608203028960       0.34783074644000683     
  0.87125096604987995       0.34983370316751622     
  0.85683372945474545       0.34319397293791765     
  0.85461842105654084       0.33235500644867810     
  0.86550771302874763       0.32290557708832102     
           4
  0.37521157232875363       0.16009386657263885     
  0.37576081826105306       0.17233378440134742     
  0.35600918599179820       0.15129091679949636     
  0.37776261476224959       0.15010430707386244     
           3
  0.56913827655310623       0.64729458917835669     
  0.55456639569247990       0.65305630246036150     
  0.56022460424794962       0.63505576144552456     
           3
  0.44946734219420748        9.1662296409055974E-002
  0.45742789940264961        6.8580775516810522E-002
  0.46968125842418307        7.9252839799775002E-002
           8
  0.48926179971293909       0.16960658188257971     
  0.48021052898241245       0.17308308182054510     
  0.46763409214739499       0.17570503455289385     
  0.46862162410385133       0.16019061913505711     
  0.47064309680555239       0.15401957384652740     
  0.46718132439254734       0.14884860198538397     
  0.47770997727197517       0.15067970821201424     
  0.48486493601096636       0.14886586138472208     
           4
  0.43215763799948120       0.86054569534976189     
  0.41506498551734328       0.85017139246609896     
  0.42174417045966917       0.84386987903420041     
  0.43026693640573571       0.83064651617948171     
           4
  0.38885313832013957        5.6021391946828300E-002
  0.38172567969046312        4.8070371265948125E-002
  0.39679358717434871        4.1082164328657314E-002
  0.41049554513316783        4.5261615870317011E-002
           8
  0.14507237876127416       0.97409205834222212     
  0.13817457256293419       0.98730791907994897     
  0.13047660581498008       0.98733078464278135     
  0.11712798960839521       0.97508019687251990     
  0.12071646808831349       0.97025164042822798     
  0.11619477994371703       0.95967096068481383     
  0.12925076541334857       0.96205248199284554     
  0.14544626435718702       0.96519787203940710     
           4
  0.56645225607853456       0.14797304532987185     
  0.55214923008522543       0.14157013395246990     
  0.55333482173380755       0.11966658378246013     
  0.56520404035466809       0.12420006568584036     
           3
  0.33050670573548802       0.27409284503595066     
  0.31763527054108215       0.25851703406813625     
  0.31945973079077333       0.24487215513102831     
           8
  0.42958415298335600       0.70880364513621563     
  0.41958723754602284       0.70812278472389645     
  0.41358191970312552       0.71308772399257270     
  0.40010846068088324       0.71068838139856472     
  0.40036390527662463       0.69338496520916348     
  0.40675517024580132       0.69346029860344360     
  0.40371079220847378       0.68697642131014314     
  0.42505640491700758       0.69076570145967808     
           5
  0.56147813039484251        9.6119467959221119E-002
  0.53739045350217485       0.10113977670934145     
  0.54009673177832029        8.8691424944376138E-002
  0.54329918561065005        7.7519695195817098E-002
  0.56267022387033683        8.9100281749281085E-002
           6
  0.60667615171346623       0.33885904261503180     
  0.59411405070908363       0.33071172495439993     
  0.59358323684159442       0.31362005055060399     
  0.60056966529495648       0.31107292171981166     
  0.61620518798593782       0.31041757822802812     
  0.61274041152330894       0.31768543830704593     
           5
  0.30795556806545743        4.1949510845258428E-002
  0.31226040590058057        2.6280942436291466E-002
  0.31118330081867368        1.5145346657754154E-002
  0.33017551186894661        1.5494315372385017E-002
  0.33420655931179771        2.3430830704288700E-002
           6
  0.27812206945906887       0.18986106552662260     
  0.26234256410092582       0.19332363980387324     
  0.25289447789138431       0.19787914455734099     
  0.25050134163198817       0.18736227850651754     
  0.25062954126244774       0.17100112574104551     
  0.26175905654846804       0.17159971768607371     
           6
  0.49026565994662064       0.63569104944609289     
  0.48440845085025164       0.64426787987540357     
  0.46463906856012116       0.63953988125719308     
  0.46052563208243935       0.63130452482455024     
  0.46637184913775476       0.62676814231143307     
  0.46893059919077151       0.62046475616338270     
           8
  0.54142873532064684       0.45505457444492431     
  0.53595108239186384       0.45565067573036255     
  0.52767445751745023       0.45252602795980912     
  0.52102126052808584       0.45511180903836995     
  0.51265985390481017       0.44293792242779478     
  0.51594460254790364       0.43048140988576417     
  0.52645620267334259       0.42888240267822186     
  0.54199991641355449       0.42692742582435617     
           8
  0.82879998023310519       0.54430558768498150     
  0.81856553528517917       0.54738750971278427     
  0.80983241093745739       0.54907927816272395     
  0.80349093630367407       0.53630354315538165     
  0.80088816878400382       0.52647614789116248     
  0.81389692194562224       0.52162294302579371     
  0.82738179164742964       0.52701789516423392     
  0.82414533023802927       0.53297532280092497     
           4
  0.30002291227423611       0.98270591568174881     
  0.27456418310700226       0.97605983812574915     
  0.30071254478456172       0.96316307960812819     
  0.29589232216669836       0.96934502511649745     
           3
   7.1063540005401830E-003  0.80415897203523901     
   1.1022044088176353E-002  0.79258517034068132     
   1.9370803506838393E-002  0.78098118487079460     
           3
  0.23033365432278638       0.33494111212822680     
  0.21743486973947895       0.33166332665330661     
  0.20336358089331577       0.31853723529028000     
           6
  0.75800450788780416       0.43320057232098030     
  0.75796184083913110       0.43976626590568069     
  0.73950145317689853       0.44201203651545889     
  0.73418597164727695       0.43085945589283020     
  0.73442496572601446       0.42024772327557575     
  0.75705624361714063       0.41648014920978887     
           8
   4.6806011159584396E-002  0.93162166834028592     
   3.8183739397459483E-002  0.94003997085730928     
   2.9628336233051535E-002  0.93961670377728435     
   2.1063549400619955E-002  0.93880186314440306     
   2.4148446951494228E-002  0.93409037096813252     
   2.1053450239191210E-002  0.92638499193179091     
   2.7354147506939062E-002  0.91455842264588916     
   4.2420829908630400E-002  0.91844422020970551     
           7
   9.8063365606082947E-002  0.30693396519779792     
   9.3561277093032191E-002  0.31112482300241312     
   8.2583511564303685E-002  0.31240469615204858     
   7.2007690828996385E-002  0.30442211076035758     
   6.8777531545989840E-002  0.29044358876163689     
   7.9289242715466113E-002  0.29071089868894506     
   9.9198740383579162E-002  0.29056203125626567     
           5
   2.5213002147856552E-002  0.49322421753847956     
   1.3829244937925108E-002  0.49867840024994070     
  -2.6222465839794862E-003  0.50362648746145133     
  -1.5580600011343808E-003  0.48642455141270452     
   1.5602617495632458E-002  0.47592923675464810     
           4
  0.15082263643236721       0.13943881304106873     
  0.14026447144991391       0.14502094301017746     
  0.13573438741495664       0.11918632190881520     
  0.15530192491893322       0.12961527391620520     
           6
  0.76704895845414078       0.78389341101472632     
  0.77206683283589572       0.79593022790732215     
  0.74432244451399587       0.79169000540926215     
  0.74135613900604025       0.77588535593907126     
  0.76196362671710249       0.77080291530291911     
  0.77164643885001161       0.77829263158122619     
           7
  0.94295529850325210       0.90579496835180784     
  0.93724712628464646       0.90211884462564684     
  0.93678616488932465       0.89487163152900762     
  0.93934662735597163       0.88588483427931375     
  0.94992703844871040       0.87662571606980455     
  0.96560557576689710       0.87524643138678393     
  0.96026339334027722       0.88729107967512810     
           8
  0.20445681363014262       0.55710744132470369     
  0.19385144300548288       0.55590301733118219     
  0.19159594211615041       0.56175568610513593     
  0.18705379817714782       0.55347788660194341     
  0.18952627595062549       0.54453785950667133     
  0.19155513886084011       0.53671826076989670     
  0.19969111682862828       0.53578637268896423     
  0.20582412195221075       0.53731316498039372     
           5
  0.62478752803454518       0.33070759841887232     
  0.61136664001990981       0.33087866512085723     
  0.59892037545502064       0.31882967301657994     
  0.61099105560699773       0.31122083411906148     
  0.62384913998744640       0.32265712983947958     
           3
  0.88176352705410821       0.52605210420841686     
  0.87182275488195393       0.52505270609175114     
  0.89647206697763204       0.52025115912058484     
           7
  0.66480971454748916       0.75456986033793172     
  0.65745830365426439       0.75832678428570210     
  0.64338598164811722       0.75930030610065213     
  0.63939616370323804       0.75210112953516972     
  0.64076188976132420       0.73717768942891659     
  0.64908471779013321       0.73024007852181261     
  0.66018153540554958       0.74763996633942620     
           8
  0.65708981881795103       0.68536991931817848     
  0.65916072577861862       0.69197784289605213     
  0.64766081506982343       0.69600488321540666     
  0.63217128988211369       0.69625239943684303     
  0.63047046752640767       0.67979492860597091     
  0.62989337507838450       0.67149782576936790     
  0.65357313412487195       0.66974271879099823     
  0.65443462129711460       0.67534201000876481     
           5
  0.78324578594548544       0.80519539640179516     
  0.77121178639791288       0.80001621384578259     
  0.75968948592046215       0.80530577618212962     
  0.75646239912443247       0.78003864883473562     
  0.77999655907238008       0.78538735745378208     
           7
  0.33329618718512699       0.18052678972276004     
  0.32822706962106762       0.18823632339432372     
  0.31152096065622881       0.19292583704142141     
  0.30505429101301984       0.18408202654962064     
  0.30442866301696875       0.17811058959190967     
  0.30998984399146234       0.16549273828320163     
  0.32187967428448500       0.17034317739162669     
           8
  0.74775252820448357       0.71449516430829119     
  0.74362694688776698       0.72238912710797454     
  0.72739433529485165       0.72477038370659586     
  0.71790844776980156       0.72327811838940292     
  0.72397148073276951       0.71294884564302619     
  0.72348250558902294       0.70683376753094751     
  0.72254217385370245       0.69757967799440213     
  0.74405666362056289       0.70793044887519052     
           5
  0.79996689933190590       0.83045048802552091     
  0.78386950320176096       0.83999384455403803     
  0.77651150226468912       0.82738374251918489     
  0.78243059560672601       0.82058517855566160     
  0.79566773760673892       0.81566164853007539     
           8
  0.23993604343838804       0.74267256391497649     
  0.22502834069998037       0.73632247351514057     
  0.21787708258887734       0.73740487929054122     
  0.21678687646434605       0.72632768901273659     
  0.21126587193754176       0.72198426298638696     
  0.21637066449741615       0.71604939128148992     
  0.22711428313171944       0.71245603653394829     
  0.23820487647903651       0.71963649135898244     
           3
  0.60372127081476556       0.27951828906480203     
  0.58547034244765794       0.27818437062544266     
  0.59653271708612832       0.25158824363973914     
           3
  0.64480001034350232       0.26681276648282276     
  0.63379057423191998       0.27069225233813682     
  0.63585215805008422       0.24646190779816221     
           6
  0.67940655648922177       0.36334187064262485     
  0.66366110946109103       0.37287175172301174     
  0.65373121934902034       0.36598344157002305     
  0.65450727663213482       0.35164020049290823     
  0.65127571014177077       0.34547469142141096     
  0.66380192928521597       0.34837056500336222     
           8
  0.18104612046560725       0.65516368444572060     
  0.17314940026035913       0.64991557357820773     
  0.16826551801086995       0.65594428780930636     
  0.16290918868525017       0.65046963349442521     
  0.15508557711087756       0.64686434937342652     
  0.15389054773008157       0.63600372216161305     
  0.16509617776246863       0.62584102994690538     
  0.17323793838622675       0.62770639980095533     
           8
  0.65591224207014309       0.36948460755683354     
  0.65316247168768793       0.37463190920710604     
  0.64681823241047809       0.37831870609815926     
  0.64526403754504924       0.37204159960062128     
  0.62811992877392764       0.37783196332196750     
  0.63648442222803980       0.34749437484945539     
  0.64520479252560792       0.35169291435501349     
  0.65238671288578831       0.36252777707918499     
           8
  0.53253287627665102       0.27057747244027108     
  0.51781717550634854       0.28188186760931055     
  0.50847688617144260       0.27327051928971929     
  0.51063874704818790       0.26680750816586662     
  0.50924929861974111       0.26059643342856914     
  0.51911130254054405       0.25922361836837121     
  0.52448613503490771       0.26104155992072997     
  0.53329234218283628       0.26055848216917915     
           8
   5.4681874836450893E-002  0.48971582386878498     
   4.5611676364794525E-002  0.48971324847932729     
   3.6348946535515236E-002  0.49462268487892053     
   2.8705216250605885E-002  0.49374332229790524     
   3.3193700308698532E-002  0.48115001890069542     
   3.1645115679892685E-002  0.47477231837311545     
   3.6463350669559746E-002  0.46664825275369254     
   4.2038661151672846E-002  0.47125740711733927     
           6
  0.12145011005377106       0.40115592421822571     
  0.12204785427522701       0.41044396631530117     
  0.10417492215532512       0.40637568388299689     
   9.6617507679686354E-002  0.40886456644601565     
  0.10165213520604653       0.38783201487771896     
  0.11446849067606037       0.39013734657000398     
           7
  0.16473118853823890       0.17911468758135107     
  0.15844306985377696       0.18210187726549973     
  0.14215612029193336       0.18367935262543217     
  0.13620177161820077       0.16429260249158312     
  0.14372723887522007       0.15975391532020256     
  0.14768070479117695       0.15379953448633510     
  0.15632238772206200       0.15698527548045194     
           8
   9.2983334478204296E-002  0.29746639514392109     
   8.3879859101880061E-002  0.30452992871463574     
   7.3729601753482227E-002  0.30667522173017675     
   7.4286807648811445E-002  0.29537850328055593     
   7.1415842054656203E-002  0.27729048886741298     
   8.3678189899806243E-002  0.28171797675375687     
   9.6866822856430723E-002  0.27956557608469096     
   9.3594956274013957E-002  0.28828325353138862     
           6
  0.13017493623369406       0.33640893934169097     
  0.11311701678508042       0.34344168518752194     
  0.11175121654623688       0.32565442231899094     
  0.12481223753110239       0.31827600721254401     
  0.13732890115858712       0.31789205896684519     
  0.13354581096323992       0.32413200053860414     
           5
  0.14132728981441520       0.50974339159395710     
  0.13235119444663598       0.51813433386528629     
  0.12364775882627928       0.51538139139467132     
  0.11530500962318235       0.50214329588695250     
  0.13246396645750083       0.49419275444336164     
           3
  0.77539855444826067       0.69708055631616173     
  0.77655310621242490       0.68837675350701399     
  0.78547740464936289       0.69042532409574087     
           5
   2.6473498711909408E-002  0.62694644810003697     
   4.8306343751771449E-003  0.63001662328329366     
  -1.1549716053622528E-003  0.62017541637666007     
   1.2465429783447802E-002  0.60658330213404976     
   2.4828793564445093E-002  0.60973248666627788     
           5
  0.63858669752454844       0.90177079146568973     
  0.63165634434671469       0.90285666657973562     
  0.62180954282200196       0.87656062987059602     
  0.63268844724647755       0.88131136769674012     
  0.64120440699449721       0.87955202220307016     
           8
   8.3251619947679004E-002  0.32437714258343342     
   7.7128191731308429E-002  0.32648969488213991     
   6.7032385901289779E-002  0.33134719475915525     
   5.6666823732030053E-002  0.33321826671499688     
   5.6321649503065799E-002  0.32124124557865696     
   6.0089729677070131E-002  0.31443945116988187     
   6.5486617826323992E-002  0.30937942065337709     
   7.9353400029969698E-002  0.31493260644253379     
           3
  0.99845958113557609       0.75317737766892279     
  0.97395460480922347       0.76110628192031626     
  0.99727379451892373       0.74034015249843943     
           6
  0.23402883071858957       0.54699208569268243     
  0.20977264163494722       0.55158322929661097     
  0.21469404242518308       0.54684968971426851     
  0.21176188005036514       0.53853763317685033     
  0.21474533713696090       0.52796939501015228     
  0.23821223534236335       0.53555208809899513     
           6
  0.84803843994432215       0.81320887706104006     
  0.83723463574948620       0.81210981942714444     
  0.83156011044559175       0.80758634553794983     
  0.83766012061878181       0.78945410531322524     
  0.85287671890285099       0.79586037927813691     
  0.85792791549184189       0.80159248747193490     
           8
  0.18329993289693230       0.38101803464260164     
  0.17780886513344862       0.37639863800126333     
  0.16885876864868127       0.38125754927597716     
  0.16301770200599272       0.37796507585640710     
  0.16412545201885434       0.36926292746192985     
  0.17434869739478959       0.36673346693386771     
  0.18285545359268751       0.36760980342118371     
  0.18927518817836883       0.37421477664733521     
           8
   3.2830340368824290E-002   4.5882745500431019E-002
   3.2164215539813537E-002   5.1487870639913197E-002
   1.9076671923262043E-002   5.3595672776818926E-002
   1.2142525329324244E-002   5.3853497398356168E-002
   1.3051951277635124E-002   4.7097176409272454E-002
   9.0769421298201609E-003   3.7077876228762831E-002
   1.6588929806974372E-002   2.6235519152916758E-002
   3.2266413620680626E-002   3.8613931649979498E-002
           3
  0.13438099640061257       0.26298894091240815     
  0.13297524385337020       0.23446611745002618     
  0.14529058116232466       0.24849699398797595     
           5
  0.43140757585180728       0.45079773840965337     
  0.41688447774818282       0.45838861308075124     
  0.40821298939040018       0.45768621396390041     
  0.42559579188364705       0.43623602404244777     
  0.43399763191335666       0.43576733894021191     
           6
  0.88274089300975811       0.80346620549234671     
  0.87586884678638510       0.80913470772311746     
  0.87244637380906453       0.80372646474597698     
  0.87099991113171327       0.78319531819156096     
  0.88307837844643311       0.78060953557458823     
  0.88939897809054025       0.78864273591976297     
           6
  0.94110255938931153       0.88769520642140820     
  0.93408791117219170       0.88791197053585957     
  0.92328620162041530       0.89055363181931768     
  0.91844842808148142       0.88493276975153634     
  0.93373652277004060       0.86588518160101746     
  0.93912298409077910       0.87436512612976369     
           5
  0.13313178600822898       0.36819118607283291     
  0.11404954177408472       0.36492395126775701     
  0.10829548095504021       0.34513284758301699     
  0.11869303746227867       0.34610351530687622     
  0.13189647405862454       0.34104431156223852     
           4
   1.0017664540102782       0.86223282765816445     
  0.99561077251922603       0.85715169111181677     
  0.98797595190380760       0.84869739478957917     
   1.0035330806756857       0.85196124021597031     
           4
  0.96362785541219598       0.91914449627738026     
  0.93869635912905569       0.93233239916231525     
  0.94706855982174853       0.90567458158037528     
  0.95506036604422462       0.90437208781238776     
           8
  0.88646581009963132       0.39350859556926532     
  0.87103489225229769       0.40338732498721347     
  0.86865113107512160       0.39311773088731705     
  0.86756313323101009       0.38769116264045644     
  0.86343307006618264       0.38318659820726703     
  0.86992717119088325       0.38111211336933065     
  0.89242379508098235       0.37961892689503668     
  0.89191885324345388       0.38832714924744316     
           5
  0.13147566446317174       0.32115976243563227     
  0.12014245590849623       0.32665862546416147     
  0.11271406638468147       0.32665753143351556     
  0.11608049303792081       0.30254966811504252     
  0.13067760022689287       0.31173555850338153     
           6
  0.67520898415572006       0.33432240574399447     
  0.65913973262692205       0.34493287235080233     
  0.65362603615743498       0.33756017771918084     
  0.65387958849186734       0.31991747269339832     
  0.66389871474392115       0.31632813230721507     
  0.67798436272316642       0.31907661146391980     
           6
   3.8007682951657989E-002  0.52985266750198701     
   2.8053840952820146E-002  0.52943630724679991     
   1.8762601068780166E-002  0.52713645804434262     
   2.2382385249548657E-002  0.51357571706084293     
   2.0086594363075912E-002  0.50301729056301536     
   4.3480074306564455E-002  0.50375318804259228     
           6
   7.2439306560495798E-002  0.17037649449745967     
   5.7546765061996623E-002  0.16712978736725531     
   6.1020953499428418E-002  0.16072925288021919     
   7.9845641030133585E-002  0.14580170980008125     
   8.8215910796097960E-002  0.14961870066019659     
   8.5681599236863304E-002  0.15762854101160051     
           4
   7.8590495136336008E-002  0.30277142624854303     
   7.1940538218286540E-002  0.29688519194919438     
   8.6137304532798595E-002  0.27936271289164977     
   9.3940359436897949E-002  0.28357545655443417     
           7
  0.16192499901963966       0.61290031664998668     
  0.15436827770845590       0.62703921420835806     
  0.15230460921843689       0.61623246492985972     
  0.15081763707034054       0.60706549116862540     
  0.14716305566764198       0.60214036888670552     
  0.15817860658565280       0.60664059372360579     
  0.16298960595522657       0.60276324913255819     
           7
  0.20122933712650731       0.21736671282834746     
  0.18900993882641290       0.21112144805832611     
  0.17762791716489654       0.21428104599825715     
  0.18429167439971841       0.20039762841910136     
  0.18812340528255944       0.19359909997091601     
  0.20470225332658715       0.18958368516668769     
  0.20546099165184503       0.19880018923424217     
           8
  0.89644303725286423       0.87098737117669067     
  0.87710715385924931       0.88390357297925193     
  0.87194541696762906       0.87669347055373137     
  0.86715171676167857       0.85667838832057652     
  0.87740897638763138       0.85947539608047818     
  0.87876960485189981       0.85326853763209176     
  0.88573191160712228       0.85433933896128378     
  0.88959611319352916       0.85838882661520244     
           7
  0.77624806912166811       0.78872976061227840     
  0.77254940701626051       0.79807499551660144     
  0.75499869875936509       0.79782429737582072     
  0.75771953791383140       0.77838905167800199     
  0.76303968015758949       0.77348241384015515     
  0.78025882083821019       0.77019547370730912     
  0.77781628580588225       0.77895999956231465     
           7
  0.67535254889121943       0.80937032978267887     
  0.66415592585036110       0.81359379370041152     
  0.65710013386144173       0.81451401883152785     
  0.65272629831046369       0.80324006829221151     
  0.65181181240814667       0.78788163626800345     
  0.65782306225018217       0.78822396556309071     
  0.66453069600382297       0.78810241913927581     
           8
  0.19873754696461457       0.49876395604334484     
  0.18898016552999553       0.49654586528799938     
  0.19423735295455877       0.50333177869986212     
  0.17948155913314429       0.50153515049666653     
  0.17162785553305981       0.49559634198102326     
  0.17099260252878418       0.48517712671451751     
  0.17106865005387598       0.47328605458609269     
  0.19866365175105186       0.48390103407297758     
           5
  0.71498794293178802       0.74912819176834800     
  0.69291633611654946       0.75156739004383488     
  0.69589605247398645       0.74105661087360075     
  0.69507893210511473       0.72599545629360829     
  0.71690544704562753       0.72607417441387812     
           4
   8.3556400617216919E-002  0.37593649565323484     
   6.6220901096370480E-002  0.37434512112257573     
   6.4344100753870689E-002  0.35783664275015020     
   8.9112118134235960E-002  0.36588615552154491     
           6
  0.20120482095024919       0.71335264524252517     
  0.18756496706067882       0.71464604904730133     
  0.17969168557193707       0.69430113570933383     
  0.18561641477614396       0.68783266628534945     
  0.20289741595228278       0.68592482385254416     
  0.20209279608862932       0.69217597857177804     
           3
  0.29080966970177458       0.15593917484279760     
  0.26818425603175305       0.16387487206189555     
  0.26320885588437765       0.14203173175287581     
           4
   1.9395477249354885E-002  0.46490757037305835     
   9.0180360721442889E-003  0.45591182364729460     
   8.9384801978462033E-003  0.44030203160538839     
   1.6268011562367998E-002  0.44638323255377249     
           7
  0.61484108615581345       0.30618214272469108     
  0.61421265118803070       0.31596182584289467     
  0.59562434221603167       0.30778253812188927     
  0.59480584578898088       0.30105792071093207     
  0.59548098408550199       0.28962240909709058     
  0.60640647569594197       0.29076530682607149     
  0.61201879184157182       0.28804970823517029     
           4
  0.10220440881763528       0.33266533066132264     
   9.2829305769658393E-002  0.33675491340941299     
  0.10196962892448214       0.31971305339884248     
  0.11232965493531558       0.31918760772450139     
           6
  0.20703813356286990       0.61653284428588062     
  0.20265223835692270       0.62281990156868083     
  0.17775017107326127       0.62719784695046543     
  0.18049599712872916       0.61868613559288554     
  0.17916591695384407       0.60343099497691632     
  0.19517015400827015       0.60136040204274976     
           6
  0.62282468039962302       0.31971694419519059     
  0.61017132009707153       0.31950800442909566     
  0.59336300471463821       0.30546739470409101     
  0.59543312109274760       0.29878799722649596     
  0.62009524723664411       0.28910452977406498     
  0.62102051498899236       0.29688983336795299     
           6
   6.2834163252852321E-002  0.41978195418310771     
   4.8000241387373105E-002  0.42637306271361097     
   3.8771049919529788E-002  0.42861069405478763     
   4.0261661517170012E-002  0.40455406930338322     
   5.2499508995075800E-002  0.40623519570830602     
   6.2438738219830744E-002  0.41276623782461680     
           8
   7.1943596226873532E-002  0.35653247968696622     
   6.6179238128248496E-002  0.35245867999672487     
   6.5850166237042540E-002  0.35940207369166277     
   4.8227955729691824E-002  0.35304303754374394     
   4.7373401125046420E-002  0.33810362199673827     
   7.1857928279489905E-002  0.33258890229285659     
   7.6403762004239553E-002  0.33995303687824002     
   6.9696395245649828E-002  0.34456196912450904     
           7
   9.1120145128825381E-002  0.52785659556697118     
   8.4511917150513774E-002  0.53110181779269050     
   7.0985718378854576E-002  0.52329602230299677     
   6.8079311979132612E-002  0.50736938142700694     
   7.2957521166186451E-002  0.50038534779749821     
   7.7843955465226822E-002  0.50578498338926814     
   8.8771073792427463E-002  0.50280416273045436     
           6
   9.0445249031407896E-002  0.42017012999386671     
   8.2251700378450712E-002  0.42889386894468284     
   7.4626772710501915E-002  0.42939061977901483     
   7.1245399843385390E-002  0.42254509535218993     
   6.3701693672834875E-002  0.40371788566107936     
   7.1130476033795437E-002  0.41032139360116066     
           5
  0.27207240376796954       0.31775943630439973     
  0.26321060074296893       0.32776101762786369     
  0.24987636038038025       0.30541366402924447     
  0.25678033351533536       0.30145366603094115     
  0.26907845129829305       0.30925150595306777     
           6
  0.22440795092647114       0.14358300173025951     
  0.22789599116619416       0.14974207946341350     
  0.21120253396909389       0.14682222460370176     
  0.20673854208803347       0.13056028960497112     
  0.20150558339112465       0.12195529108789158     
  0.22564491401695685       0.13555270706425518     
           3
  0.90581162324649300       0.91282565130260518     
  0.89777892586594954       0.91907729903807334     
  0.91913614746010941       0.89772949101573440     
           8
  0.90175550461096110       0.74190303702963267     
  0.89834877461302665       0.74937547272247185     
  0.89190857854814087       0.74497783533116890     
  0.88116967151277970       0.73336719254571037     
  0.88286915830716894       0.72737788432561312     
  0.88760705440833165       0.72194783992714029     
  0.90497987423456061       0.72150264734187330     
  0.90222297455825295       0.73268369514885057     
           8
  0.14265026222052632       0.12621934052920328     
  0.12778446191076609       0.13191653475758414     
  0.12110661519633764       0.12924569747747547     
  0.11616637644962177       0.13200917234096643     
  0.11840096426992026       0.12077396913792658     
  0.12462849504785301       0.10633213790752619     
  0.14044395003031551       0.10925990687094106     
  0.14358220153790147       0.12027784959458752     
           3
   7.8714895023540149E-002  0.22255043408276898     
   8.1722681376671921E-002  0.21185286779453863     
   9.1182364729458912E-002  0.21342685370741482     
           6
  0.68994633961840246       0.83773144213264938     
  0.67578586839692023       0.83598661006095565     
  0.66835178778927340       0.83472731101692843     
  0.67415015812415935       0.81262977284763538     
  0.69261473581973954       0.81787799874440492     
  0.69275184686971891       0.82543528591279469     
           6
  0.65084289400767248       0.32706389817239379     
  0.64227447719708863       0.32816790870147772     
  0.62976360725818503       0.33153453997815352     
  0.62621493200722511       0.31312913187587615     
  0.63535241264567621       0.31124099315917142     
  0.64678124246771440       0.30818747450825157     
           5
  0.70945422540809944       0.26823505224233568     
  0.70083541028173268       0.27182113797891960     
  0.69331174484205327       0.27517902219707441     
  0.70326197237872179       0.24631106375720940     
  0.71119624514559732       0.25342613821491161     
           4
  0.67337153892118962       0.28894465044840117     
  0.65750415313025057       0.29420629897449180     
  0.66533066132264529       0.28356713426853708     
  0.68087278945016749       0.28642672587708401     
           7
  0.32981919549549205       0.70871625030662833     
  0.31008939003869190       0.70841320280676889     
  0.30472740684415689       0.70230581458584518     
  0.31913928967791227       0.68189277128425296     
  0.32471258674511505       0.68412640823412307     
  0.33175728589037129       0.68555244156310169     
  0.33235127254804664       0.69461500316753377     
           6
  0.15728084544271723       0.60625332672121846     
  0.14634358243174664       0.59605218217903377     
  0.14447406204490640       0.57604213064075549     
  0.16230558133209044       0.57629176723335918     
  0.16861442071083904       0.57545386960059686     
  0.17220362510140882       0.58282569347642199     
           8
  0.78409274747082747       0.63105284200115697     
  0.76600912435926560       0.64132707193687144     
  0.76087357384644094       0.63373618015277244     
  0.75393607310428179       0.64054872958460529     
  0.75548638655644484       0.61305487031003925     
  0.76303294489873419       0.61689063644733766     
  0.77133166857682944       0.61386251388568602     
  0.78087024968428742       0.61998530317761036     
           5
  0.59586932414095617       0.31744496620380686     
  0.57648773146712573       0.31726002304098544     
  0.57447265565799255       0.30508785378161013     
  0.58161214085945623       0.29492183760085766     
  0.59722922635758757       0.29903206372055186     
           8
  0.56136076669164414       0.31035252568235711     
  0.55416471959298563       0.31380114523023356     
  0.54789671218656977       0.30869516821039567     
  0.53828276181785684       0.29439908436679235     
  0.54446993635902763       0.29389681552729474     
  0.54956345698944031       0.28729830726477551     
  0.56281038078382939       0.28945766039823279     
  0.56847211791412877       0.29929792956221973     
           4
  0.89178356713426854       0.94388777555110226     
  0.87777985604976128       0.93383903291284198     
  0.89292679422175880       0.93363384169982933     
  0.90472071815771338       0.93124743375088248     
           5
  0.93129246311254565       0.84224905506319803     
  0.92284569138276551       0.84268537074148298     
  0.90852578961793951       0.83582690429171513     
  0.92596020679799118       0.83233818693097561     
  0.93669822782530088       0.82905769239242333     
           4
  0.89851876498307703       0.68791015427967117     
  0.89054977562170745       0.69512826885701429     
  0.87391795731555166       0.68986300362706843     
  0.88638693158016868       0.67456260826567316     
           6
   4.0938633288383777E-002  0.64136885126326248     
   3.3268648788039049E-002  0.63973014763650349     
   1.4519201379897194E-002  0.62919660429210811     
   2.0924871041956419E-002  0.61966003509045176     
   3.4307987146728239E-002  0.61393541899199078     
   3.7113075319987095E-002  0.62605976484154002     
           7
  0.85680720822497791       0.79786697636585202     
  0.84783291426429541       0.80507022072686674     
  0.84254957371993711       0.79922408069470796     
  0.83602539464965642       0.79920168591522522     
  0.83435031423286909       0.77489372471395845     
  0.84135952998052588       0.77776528728519501     
  0.85254332814567624       0.77824176623127683     
           4
  0.15148916267521412        8.5014331604537932E-002
  0.15312406027089137        9.4712505073465472E-002
  0.12780506388592219        7.6759275235892391E-002
  0.13821535082502853        7.1442682474714525E-002
           8
  0.16673871814942837       0.46741310795734187     
  0.16105472668932841       0.46111168164351252     
  0.14900423029657597       0.46184554500555020     
  0.13607899959843059       0.45458317918154839     
  0.13882459572724890       0.44220709062417846     
  0.15883684114348107       0.43842254170665190     
  0.15977138702879543       0.44482569114230930     
  0.16130692687689843       0.45220739128565374     
           5
  0.65189340834911569       0.24247826561818536     
  0.64412543049674831       0.22999053771671288     
  0.64023857907681436       0.22283266178243918     
  0.63965595381091656       0.21593732987791672     
  0.66393353644626329       0.22480419294483275     
           8
  0.60811172644308054       0.21777534785482344     
  0.58851499975606547       0.22018694826590696     
  0.58061794099763497       0.20924877406088391     
  0.58385430745039113       0.20169541010660930     
  0.58254515846849753       0.19212741327396965     
  0.58903573910601970       0.19381199439529864     
  0.59671697776350552       0.19581563518865544     
  0.60331434697119013       0.19885073693911115     
           8
  0.14007259907042030       0.51948829891667492     
  0.13510815451106184       0.52445599148848410     
  0.12494082783778106       0.52289266405315959     
  0.11740413840793694       0.52760397446239926     
  0.11353977232866733       0.52078985526434984     
  0.11436431310288085       0.50324602750347114     
  0.12850782532559191       0.50313649008424444     
  0.13385061636261755       0.50132075688556321     
           3
   1.0024664521574811        1.0056232066612159     
   1.0000000000000000       0.98997995991983967     
   1.0148215336561748       0.99542786045215115     
           7
   6.6608202137719313E-002  0.42879314451234152     
   4.5062262586743999E-002  0.42475295074179664     
   4.0703826509748381E-002  0.42058638355294953     
   4.5067254909231982E-002  0.41426707384525713     
   3.8501312453438144E-002  0.40453429239371680     
   4.9406364869669143E-002  0.40825906987654720     
   6.1161110274464303E-002  0.40814197539704594     
           4
  0.13847347048950354       0.28068003397036095     
  0.12582266024389346       0.29186595423556067     
  0.11432084288597495       0.26384794273943840     
  0.13905662152598833       0.26494804514549547     
           4
   8.0170784461620778E-002  0.48469573321598153     
   6.9680274469101605E-002  0.49465318758181814     
   5.6159820332660711E-002  0.48900563525405799     
   5.4361338768000263E-002  0.46731508269727834     
           3
  0.23285580236227021       0.67641395888248113     
  0.22200736955565828       0.68037655074583681     
  0.21743486973947895       0.66533066132264529     
           5
  0.93109645897477700       0.99989119834859186     
  0.92135231942805618       0.99998188861017001     
  0.90735997863696860       0.99224997161662942     
  0.90653581890540946       0.98473403628658784     
  0.92915973082167258       0.98302231063421852     
           4
  0.46719073719463511       0.51912402360937349     
  0.45579005874295636       0.49189447214649529     
  0.46933100048230125       0.49577374965688126     
  0.47908456045776476       0.49669247035300695     
           7
   2.1375391551692664E-002  0.44895575494556328     
   5.4869962845729625E-003  0.44721455412670597     
   2.4855668252992333E-003  0.43889664755087587     
  -3.1234620270956422E-003  0.43393388957447893     
  -1.9090610074000130E-003  0.42427023494818228     
   1.1755262217448499E-002  0.42520163837075492     
   2.3063178855319794E-002  0.43511678739053733     
           6
  0.33748861936243280        9.9475089332650271E-002
  0.31772676872680294        9.5475819971017020E-002
  0.31612913278638544        8.2755346770936170E-002
  0.31760955310835193        7.6197633676076043E-002
  0.34034409706054924        7.7505663910172343E-002
  0.33835828237352600        8.5165969191586949E-002
           7
  0.35405763704096221       0.49366349140283206     
  0.33985671178367471       0.50421451320177091     
  0.33323689118294875       0.50140621241418692     
  0.33025210958229900       0.48971334287437757     
  0.33761297244903660       0.48749600283474431     
  0.33963999894962055       0.48027581441953138     
  0.35617418494705322       0.48076011010981923     
           7
  0.17675496739608257       0.10056864180952237     
  0.17297770932031134       0.11043717614239591     
  0.15796374753312292       0.11163623097576758     
  0.15307470968436102        9.3942682198020405E-002
  0.15887018034720879        8.6038250051046539E-002
  0.16882595305300202        8.7440055121220064E-002
  0.17783288056914043        9.3821878578085077E-002
           4
   8.9983280906477850E-002  0.23049093583589181     
   6.5871299200697814E-002  0.23605156139972888     
   7.1068317210727802E-002  0.20695248125723772     
   8.0471972135461797E-002  0.21077510036072120     
           3
   2.1350780336419427E-002  0.14028345801144679     
   1.2024048096192385E-002  0.13927855711422846     
   2.4688704023516240E-003  0.13739247729731602     
           4
  0.72547963368135715       0.87091181158440267     
  0.71839051038659429       0.87798382511602646     
  0.70266984317456960       0.86349281771357289     
  0.72409513896858502       0.85356599523881860     
           5
  0.85389244811703635       0.93329190532516759     
  0.84758292618154918       0.92265807185301563     
  0.85272118752268633       0.91288196111775255     
  0.86387472199000637       0.90813962237600543     
  0.86487108639417087       0.91521636765244163     
           6
  0.11005855761650747       0.31540671882723531     
   9.1924317983746798E-002  0.32449564554462473     
   8.1461680777166257E-002  0.29948786143645123     
   8.7903335417715972E-002  0.29693583302743215     
  0.10249058978163600       0.29784502768650001     
   9.6882247017001308E-002  0.30441334669567421     
           4
   7.3484180373985741E-002  0.28474462971358033     
   5.2248714222539856E-002  0.27581566248135009     
   5.2407255116093357E-002  0.26597696679041999     
   6.6123556063656025E-002  0.25950744031628181     
           3
   1.0032581780582200E-002  0.42916382007295217     
   0.0000000000000000       0.42685370741482964     
   2.1201474301827481E-003  0.41151964751941350     
           4
  0.69432725751878366       0.82259805451903367     
  0.68938246784193591       0.81180194062559585     
  0.69264085720338586       0.79682023927769319     
  0.71175905087137958       0.80647461609335769     
           8
   4.9845353062738192E-002  0.55816612801561571     
   2.9351935166833570E-002  0.56111918598017785     
   2.1238577773442957E-002  0.56466770415195533     
   2.0431390168436748E-002  0.55922677693967504     
   2.4763047314321076E-002  0.55381510671776968     
   2.1416909325347573E-002  0.54134718654369485     
   3.6196768451116260E-002  0.53857807423566728     
   5.1765562027061056E-002  0.54910858575111510     
           5
  0.21315804159455762       0.59475611588818078     
  0.19181822718984071       0.59402708703687146     
  0.18540009162950558       0.58283298581943310     
  0.20136215961187021       0.56423363239781443     
  0.21499389766065474       0.58385702742610124     
           5
  0.58283421345356445       0.40176601780155530     
  0.57314629258517036       0.40280561122244490     
  0.56319025779908805       0.39699903668981829     
  0.55797596093247215       0.38740395006429940     
  0.56703702198457229       0.39115364989343698     
           3
  0.70962485105275031       0.33080058666511231     
  0.68093556662993404       0.33498482301297439     
  0.70250980811051511       0.31127239592130107     
           6
  0.82262200306363742       0.72940636517471535     
  0.82263018376679986       0.74104365529113447     
  0.81207756368974349       0.74542716931381403     
  0.80346428858981012       0.71626869138025240     
  0.82008457809566893       0.71655309192113403     
  0.82688770179490079       0.71666976486111866     
           3
  0.96502695080276713       0.89080254589327768     
  0.94955235410056871       0.89024154223033636     
  0.95891783567134270       0.88176352705410821     
           3
  0.18638434409807234       0.14058673038282221     
  0.18438789099961472       0.12676698960689953     
  0.20669706377848288       0.12117767507832164     
           6
  0.13595130744291412       0.61162801062392058     
  0.12781926319439679       0.61574602452172222     
  0.11508754533137407       0.62006733924662494     
  0.10795603171161310       0.60689199418374074     
  0.11303791907623383       0.59355686965919474     
  0.12707098442919931       0.59353966448521378     
           6
   1.0140485441275890       0.98637890982941179     
   1.0144570478742847       0.99296093802276675     
  0.98799851296333818       0.98432741537079460     
  0.98962684773773368       0.97811609250963227     
  0.98722812776100566       0.96814553021494654     
   1.0090300155837839       0.96334759136183179     
           7
  0.75077452927699162       0.92198289503366393     
  0.74359153185265103       0.92450976195390622     
  0.74041123890258653       0.93057207612687221     
  0.72470261660607960       0.92973628192809465     
  0.72627835315030309       0.92049702011840584     
  0.72342037402371329       0.90042493718902272     
  0.74966554771411031       0.90998638224764339     
           4
  0.26400750403662104       0.35161405535750045     
  0.23761118310429641       0.35030062093141723     
  0.23967552173470250       0.34090645875543757     
  0.23920890881471218       0.33306591150754872     
           7
  0.66599633860983276       0.92995984364048934     
  0.64439849507735458       0.93455994830336220     
  0.64214767197120504       0.92464027808142679     
  0.64168067670457307       0.91037363082680112     
  0.65467116692413141       0.91321462859636660     
  0.66025910209793326       0.90975934728534491     
  0.66910702510177267       0.91818782617742367     
           7
  0.74058786183883385       0.79150764970876908     
  0.72727588530024501       0.79724496925095745     
  0.72029135530579425       0.80023555001986513     
  0.71338875364308540       0.79578193507881945     
  0.71275900728903041       0.78352114911735637     
  0.73015931586962901       0.77312024646163846     
  0.73588256571179267       0.77849441345365855     
           6
  0.17639965810226149       0.22685678243166088     
  0.16785552749733151       0.22710774059335867     
  0.15991441983003815       0.23097428274895859     
  0.15834897737135908       0.22444255839824320     
  0.17352283471902860       0.20470874794242011     
  0.18010603909422579       0.22138708594953763     
           5
  0.20114127710225876       0.46506335358070455     
  0.18962811742887051       0.46666267487335406     
  0.18064371787473227       0.46134094494454342     
  0.19331273201668800       0.44146844072056102     
  0.19835313012614750       0.45449418533411640     
           3
  0.18493784958186557       0.52624370250695385     
  0.16151612807312465       0.52281102259146117     
  0.17338375477463691       0.50058911600879108     
           5
  0.94796683990176278       0.95455522942159443     
  0.94033478658819536       0.96114704228102776     
  0.92929698078362544       0.96017630285252165     
  0.92525558313982381       0.93560369506661145     
  0.94386789060514531       0.93809434926479340     
           5
  0.59010854157766801       0.89190042363098931     
  0.57987720640489337       0.88432044265979481     
  0.58190199880904048       0.87101574241398005     
  0.59583938888905918       0.86764552101134629     
  0.60931673345630211       0.87242132446122744     
           3
  0.17586927283990728        4.8541393578247383E-002
  0.15870187106186517        4.0413553794846686E-002
  0.16933867735470942        3.5070140280561123E-002
           3
  0.15392130851918964       0.59058647090492367     
  0.13640222072222252       0.58689374405129657     
  0.14929859719438879       0.58116232464929862     
           6
  0.77004587622207554       0.83045015177620551     
  0.76455754472198145       0.84035518693906253     
  0.75492398581358522       0.84260179346327013     
  0.74873741411011263       0.82177200851219934     
  0.75528913711247025       0.81276606494967119     
  0.77398370453253684       0.81338611125030336     
           5
   8.3349893266905714E-002   2.3844614930185533E-002
   7.4043812117984359E-002   2.3819202738872523E-002
   5.6389667490492797E-002   1.5630508112497797E-002
   7.7193597290179383E-002   8.4358176587250762E-003
   7.9491032211535501E-002   1.5161591457291174E-002
           7
  0.89199776057570113       0.96421592570785497     
  0.89320746939509632       0.97008230158547049     
  0.86627206073761553       0.96993820186713930     
  0.87200601989002557       0.96652006426646364     
  0.86658340877560003       0.94828552993466531     
  0.89236751761613675       0.94886100146793850     
  0.89115673104395887       0.95634478155676639     
           7
  0.74463103843999467       0.82763190655785046     
  0.73726977187931864       0.82306436257366322     
  0.72385852881365642       0.82801835174865079     
  0.71777428062290249       0.82788670792159225     
  0.72033541098009446       0.79866120007683550     
  0.72917742766894889       0.80221408396860161     
  0.74398642078539701       0.81714074824924654     
           5
  0.15393119379705583       0.51407418851100228     
  0.13128270963308311       0.51183145770061056     
  0.13234189653836612       0.50499178181774029     
  0.13413035830900116       0.48413544412606457     
  0.15589946314524603       0.49470489631953785     
           7
  0.15782404588825713       0.10360805924691376     
  0.16464281844536890       0.11502351070193940     
  0.14601192122068998       0.11473424082361379     
  0.13453976967512471       0.11335033278788896     
  0.13502141173672028        9.0610140138770806E-002
  0.16274114627507894        8.9525533452675998E-002
  0.16292312844915866        9.6097075757149486E-002
           6
  0.68581307488616106       0.38226211657324038     
  0.67953784952941165       0.38169983623352993     
  0.66287585689983219       0.37271786896723808     
  0.66068685703032937       0.36355108659260238     
  0.66658372754338113       0.36082079968426739     
  0.68689541242933039       0.35548390085279175     
           5
  0.47908833291858860       0.25717979387018225     
  0.47019245420149836       0.26082226395657432     
  0.45465773305034929       0.25659595026995569     
  0.45277151034510332       0.23904555614212203     
  0.47875570017520580       0.23573989201249018     
           4
  0.26857304705255874       0.56214673780364499     
  0.26268207435659757       0.56960979560116809     
  0.24760321905816851       0.54991780447044580     
  0.25517184269606275       0.54703763003046690     
           8
  0.13053916457852513       0.24615481706323883     
  0.12524855749931973       0.24403581379312272     
  0.10985835785509482       0.24605854920867337     
  0.10181935063495105       0.24065254977821440     
  0.10656836341783567       0.23327689317619787     
  0.11180562744107668       0.21984967040618447     
  0.12494941673059072       0.21914448422904778     
  0.12775465974134609       0.23387118388267411     
           8
  0.61757957231616323       0.28212852990831211     
  0.61488837430085330       0.29631924966327855     
  0.59190024025719967       0.28055539517027672     
  0.59820317402423728       0.27485372246363954     
  0.59188288528585264       0.27204591459788519     
  0.59860902285290507       0.26827849034411594     
  0.61394130459971719       0.26821200961667202     
  0.61602901982409131       0.27414089845227685     
           3
  0.88176352705410821       0.76553106212424848     
  0.87703149479960540       0.77512295033928191     
  0.88388561502243101       0.75134767976548189     
