   1000.0000000000000     
   154.00000000000000     
         227
           8
   79.000000000000000     
   57.000000000000000     
   88.000000000000000     
   54.000000000000000     
   92.000000000000000     
   84.000000000000000     
   61.000000000000000     
   100.00000000000000     
   61.000000000000000     
   69.000000000000000     
   78.000000000000000     
   54.000000000000000     
   59.000000000000000     
   60.000000000000000     
   61.000000000000000     
   85.000000000000000     
   67.000000000000000     
   96.000000000000000     
   57.000000000000000     
   57.000000000000000     
   52.000000000000000     
   80.000000000000000     
   60.000000000000000     
   71.000000000000000     
   93.000000000000000     
   59.000000000000000     
   88.000000000000000     
   77.000000000000000     
   50.000000000000000     
   98.000000000000000     
   53.000000000000000     
   54.000000000000000     
   99.000000000000000     
   10.000000000000000     
   9.0000000000000000     
   8.0000000000000000     
   9.0000000000000000     
   7.0000000000000000     
   10.000000000000000     
   9.0000000000000000     
   2.0000000000000000     
   3.0000000000000000     
   3.0000000000000000     
   7.0000000000000000     
   8.0000000000000000     
   3.0000000000000000     
   2.0000000000000000     
   2.0000000000000000     
   10.000000000000000     
   2.0000000000000000     
   10.000000000000000     
   3.0000000000000000     
   9.0000000000000000     
   7.0000000000000000     
   4.0000000000000000     
   6.0000000000000000     
   6.0000000000000000     
   3.0000000000000000     
   3.0000000000000000     
   9.0000000000000000     
   9.0000000000000000     
   9.0000000000000000     
   5.0000000000000000     
   2.0000000000000000     
   10.000000000000000     
   2.0000000000000000     
   5.0000000000000000     
   9.0000000000000000     
   6.0000000000000000     
   3.0000000000000000     
   7.0000000000000000     
   10.000000000000000     
   7.0000000000000000     
   10.000000000000000     
   6.0000000000000000     
   3.0000000000000000     
   10.000000000000000     
   6.0000000000000000     
   2.0000000000000000     
   4.0000000000000000     
   4.0000000000000000     
   9.0000000000000000     
   5.0000000000000000     
   9.0000000000000000     
   5.0000000000000000     
   5.0000000000000000     
   7.0000000000000000     
   1.0000000000000000     
   10.000000000000000     
   4.0000000000000000     
   4.0000000000000000     
   2.0000000000000000     
   6.0000000000000000     
   1.0000000000000000     
   2.0000000000000000     
   1.0000000000000000     
   8.0000000000000000     
   1.0000000000000000     
   9.0000000000000000     
   7.0000000000000000     
   1.0000000000000000     
   9.0000000000000000     
   6.0000000000000000     
   4.0000000000000000     
   2.0000000000000000     
   10.000000000000000     
   7.0000000000000000     
   10.000000000000000     
   2.0000000000000000     
   3.0000000000000000     
   5.0000000000000000     
   6.0000000000000000     
   7.0000000000000000     
   4.0000000000000000     
   8.0000000000000000     
   4.0000000000000000     
   1.0000000000000000     
   3.0000000000000000     
   4.0000000000000000     
   2.0000000000000000     
   5.0000000000000000     
   8.0000000000000000     
   5.0000000000000000     
   9.0000000000000000     
   3.0000000000000000     
   10.000000000000000     
   2.0000000000000000     
   1.0000000000000000     
   7.0000000000000000     
   8.0000000000000000     
   2.0000000000000000     
   3.0000000000000000     
   8.0000000000000000     
   6.0000000000000000     
   1.0000000000000000     
   6.0000000000000000     
   8.0000000000000000     
   5.0000000000000000     
   8.0000000000000000     
   2.0000000000000000     
   6.0000000000000000     
   8.0000000000000000     
   4.0000000000000000     
   10.000000000000000     
   3.0000000000000000     
   10.000000000000000     
   2.0000000000000000     
   8.0000000000000000     
   9.0000000000000000     
   5.0000000000000000     
   7.0000000000000000     
   10.000000000000000     
   3.0000000000000000     
   8.0000000000000000     
   7.0000000000000000     
   2.0000000000000000     
   4.0000000000000000     
   7.0000000000000000     
   10.000000000000000     
   5.0000000000000000     
   10.000000000000000     
   7.0000000000000000     
   8.0000000000000000     
   1.0000000000000000     
   9.0000000000000000     
   8.0000000000000000     
   4.0000000000000000     
   7.0000000000000000     
   8.0000000000000000     
   6.0000000000000000     
   3.0000000000000000     
   2.0000000000000000     
   4.0000000000000000     
   3.0000000000000000     
   1.0000000000000000     
   10.000000000000000     
   4.0000000000000000     
   8.0000000000000000     
   10.000000000000000     
   5.0000000000000000     
   2.0000000000000000     
   2.0000000000000000     
   10.000000000000000     
   9.0000000000000000     
   7.0000000000000000     
   6.0000000000000000     
   4.0000000000000000     
   4.0000000000000000     
   10.000000000000000     
   5.0000000000000000     
   8.0000000000000000     
   6.0000000000000000     
   9.0000000000000000     
   10.000000000000000     
   9.0000000000000000     
   3.0000000000000000     
   5.0000000000000000     
   6.0000000000000000     
   6.0000000000000000     
   10.000000000000000     
   5.0000000000000000     
   7.0000000000000000     
   3.0000000000000000     
   1.0000000000000000     
   9.0000000000000000     
   10.000000000000000     
   10.000000000000000     
   6.0000000000000000     
   1.0000000000000000     
   1.0000000000000000     
   5.0000000000000000     
   8.0000000000000000     
   3.0000000000000000     
   7.0000000000000000     
   4.0000000000000000     
   2.0000000000000000     
   8.0000000000000000     
   5.0000000000000000     
   8.0000000000000000     
   6.0000000000000000     
   5.0000000000000000     
   7.0000000000000000     
   7.0000000000000000     
   5.0000000000000000     
   6.0000000000000000     
   8.0000000000000000     
   7.0000000000000000     
           1
  0.55000000000000004       0.57399999999999995     
           8
  0.18804356432342981        2.8079805043814396E-002
  0.17805088008149719        3.9476137252550406E-002
  0.17200980264326721        3.8437525019704419E-002
  0.17406998117492961        3.2277246515765690E-002
  0.16763261611608210        1.9844024493407691E-002
  0.18244803374399843        1.5514450898559386E-002
  0.18940754270692386        1.1799468046332499E-002
  0.18683368149054033        1.8756152596838341E-002
           7
  0.46262453981982127       0.47780117590304960     
  0.45638293105142352       0.47820606627252993     
  0.45914517242779390       0.48616447946879232     
  0.43700820822472403       0.49124007192074953     
  0.43742510296695886       0.47083574459429040     
  0.45334829010194994       0.46125389209968526     
  0.45948155971365584       0.46768314087791085     
           3
  0.92985899075809897       0.63085033327928530     
  0.93400000000000005       0.61899999999999999     
  0.94388409051472177       0.61015925420194694     
           5
  0.32331016464092871       0.13547321966608983     
  0.31119046933079791       0.13269197672460081     
  0.31305128270900906       0.11606323038648539     
  0.33430515077814421       0.11089699781660961     
  0.33299887109083420       0.12005034372233069     
           5
  0.44156446043470904        7.4471849112883237E-002
  0.43048256804930135        8.7962273125631318E-002
  0.41773549820635120        6.5872695935948064E-002
  0.42856860108970657        6.2060144960750130E-002
  0.44452444984501999        6.5719802527722998E-002
           3
  0.36399999999999999        8.9999999999999993E-003
  0.35244698204443353        1.3770510721614596E-002
  0.35051709105645062        3.8403600409646250E-003
           5
  0.99743664798227949       0.99633731169729745     
  0.99830549648978406        1.0090633144954257     
  0.97826181839237614       0.99720337944715476     
  0.97585527859656984       0.98025995360266793     
  0.99089807243700712       0.98450217995541589     
           6
  0.10458216420809015       0.63921206593981139     
  0.10562521396689904       0.64913156583913056     
   7.8697033333349195E-002  0.64114352813275599     
   8.2690239686846218E-002  0.63461036183199693     
   9.6303262163119296E-002  0.62075498444974109     
  0.10048282064462416       0.62656368493688996     
           4
  0.94859030286661139       0.65299490808352623     
  0.93175895251375340       0.65083837346146278     
  0.92326790513490620       0.62769964931326505     
  0.93423088864076620       0.63246944747977074     
           7
  0.98983983138893450       0.77873774873608193     
  0.96822930911139393       0.77687817782405355     
  0.96490845340142706       0.77083560830238562     
  0.96593905661966351       0.76063751586856176     
  0.96657042003944960       0.75245136583467320     
  0.99390312026305450       0.75262921110757897     
  0.99442506825625265       0.76470023458934255     
           3
   4.0000000000000001E-003  0.74800000000000000     
  -5.9988385018253758E-003  0.75049740770276219     
   6.0221670144749492E-003  0.73321821633376416     
           6
  0.43168110161390849       0.16912219220388366     
  0.41334265334000592       0.17274051784315966     
  0.40783387161680390       0.16861567481541684     
  0.41339389528257192       0.15163057622785656     
  0.42955393256679253       0.15228946538303378     
  0.43112000792401817       0.16087939716061644     
           5
  0.29987667841402832        2.6031647465654444E-002
  0.28415169147370339        2.6502505493590310E-002
  0.27942412541831352        1.1806044083136258E-002
  0.28752882635871874        1.5601921983527910E-003
  0.30922766906429722        6.7617791029594820E-003
           8
  0.31645191134863632        9.7729471542253435E-002
  0.30374551243409559        9.7446235387238275E-002
  0.29339614086482596       0.10126013423104943     
  0.29515779602982967        8.8210131625292426E-002
  0.28893067260460625        7.9974964633541479E-002
  0.30081013102092319        7.8618254718303485E-002
  0.31781362669807378        7.4926223667180408E-002
  0.31356583772949104        8.8308119787880848E-002
           5
  0.37484229709347305       0.22246696261883142     
  0.35200373126020051       0.22117549556076127     
  0.35224798456916728       0.19828163035629459     
  0.34805901413339385       0.19184572703531549     
  0.36270809076089000       0.19638228290309584     
           8
  0.77904665862277667       0.34626186892822353     
  0.77317133060777299       0.35792639184706426     
  0.76797556189384886       0.35212347632894925     
  0.76019309223653897       0.35806327121736364     
  0.76091826226399295       0.35088965068026251     
  0.75876142896991650       0.33968036537807772     
  0.76200256660451360       0.32940114764445433     
  0.76701825307227411       0.33370439299467330     
           8
   8.2742045911259055E-002  0.63663215783537985     
   7.6264415363115790E-002  0.64071871247279244     
   8.1253845444203540E-002  0.64489750217541197     
   6.0061371245975437E-002  0.64201774019995361     
   5.3045552615693194E-002  0.64469321913208810     
   5.5562700662557571E-002  0.62991536981820151     
   5.5775868163759873E-002  0.62026467621263737     
   8.1663437836209343E-002  0.62781018459547677     
           7
   9.0913656696916964E-002   5.3531595953144384E-002
   8.6652314733708657E-002   5.9711628982651949E-002
   7.6105790552247102E-002   5.8731338425272291E-002
   8.1947668959943182E-002   5.2093510695309216E-002
   8.0340490514071577E-002   4.5945823298940730E-002
   8.7473884711770394E-002   3.4113047711514452E-002
  0.10402390340225458        3.4713709544229344E-002
           6
  0.72302653197740674       0.41942428803777104     
  0.72644681049986071       0.42633523392040285     
  0.71401041601548709       0.42630249392692432     
  0.70035794799659912       0.40743468681097683     
  0.71731112281019804       0.40882126985575890     
  0.72735717608999284       0.41206508667545361     
           3
  0.31282086289848288        1.9009336408840026E-002
  0.29899999999999999        6.0000000000000001E-003
  0.31333374177778361        4.7033726608528403E-003
           3
   1.0065490243910240       0.87133346277478529     
  0.99700000000000000       0.87100000000000000     
   1.0105587518381314       0.85886319418262935     
           8
   4.8227718168372714E-002  0.69483106950769979     
   4.5183535312810441E-002  0.70657949477149751     
   3.4856455924701248E-002  0.70691525224005225     
   2.6459417168732787E-002  0.68818432723841838     
   2.5056498199944800E-002  0.68022829743131974     
   4.0735023241212434E-002  0.68666986473524894     
   5.2274830388705312E-002  0.68044863427876534     
   5.2198377969119206E-002  0.68750082126710488     
           6
  0.83355571626459635        1.0143561112168860     
  0.82231548197383975        1.0135939429993936     
  0.81592004109488114        1.0125185571161153     
  0.82011681546321380       0.99255564240210103     
  0.83804898634912939       0.99871610186424276     
  0.84229612740751936        1.0059566816467740     
           3
  0.92248975358034091       0.63259384641620375     
  0.91600000000000004       0.62200000000000000     
  0.91393879722382698       0.61094581498968981     
           7
  0.45115441045794075       0.12211253779729161     
  0.44448877694171857       0.11762345908450032     
  0.43752532075095196       0.11802118863325763     
  0.43166292002195117        9.4859387310384388E-002
  0.43926598021550489        9.8727376178138482E-002
  0.43729130166140656        9.2338262071629984E-002
  0.45671442358786785       0.10495036333201366     
           6
  0.31507138105231652       0.23540502618651990     
  0.30814136459334091       0.23061008273901232     
  0.30006700910510692       0.21516960657034129     
  0.30217217349093189       0.20880091870061643     
  0.31343849114872346       0.20677960151533323     
  0.32485923645621556       0.21624778690199023     
           7
  0.30643697910760365       0.51965853681264174     
  0.30075614271529699       0.52290590120256997     
  0.29935044250462400       0.53122934405780631     
  0.27814404732038084       0.51496288770786225     
  0.27844551092033953       0.50824530785914390     
  0.29016200865366421       0.50954391739559579     
  0.30386413653681649       0.51222369539102663     
           7
  0.19149343090658100       0.34417488372497340     
  0.17989403834032303       0.35732486136508373     
  0.17184272153719546       0.35095273564167451     
  0.16840373319556770       0.34470488402070687     
  0.17154528487355664       0.33081532668313174     
  0.17885382760911134       0.33209709326924058     
  0.19240012725072389       0.33125952416190818     
           4
  0.52569507346005351       0.44945172962714902     
  0.50716846064405541       0.44177884741824142     
  0.50855330484954941       0.42955945314800564     
  0.52334039082361661       0.42173831098238945     
           5
  0.27635649107943872       0.28590805543972109     
  0.27076391200284183       0.29143670692241730     
  0.25235228111784286       0.29403908581333932     
  0.26078450168781625       0.27383270856537939     
  0.26789045085642604       0.27340986675183465     
           6
   1.0077547723954150       0.91634281903568071     
   1.0014774482563127       0.91520562169241493     
  0.98797018337691167       0.91035048654572759     
  0.98970533357983237       0.89299822137240215     
  0.99913249756729494       0.89349753076364391     
   1.0045544098003569       0.88715436853638552     
           5
  0.12284537115779179       0.16935295480833035     
  0.10093081915738721       0.16259403858573157     
  0.10144975021695081       0.15547136098168438     
  0.12008241068827036       0.14930874302215796     
  0.13022403076550637       0.15163669634766613     
           8
  0.37205073086288171        7.3968219981643449E-002
  0.36332123005275668        7.6666197820462523E-002
  0.36657389259130496        7.1014625724031305E-002
  0.36004357331540388        7.1895003258845305E-002
  0.36306752440702267        6.6742249022928773E-002
  0.36765429098158947        4.6902622092302039E-002
  0.38174324377416369        5.9496735370677276E-002
  0.37911869271968934        6.5330678940192261E-002
           3
  0.97960658216919427       0.36319400377583544     
  0.95748375638959105       0.35379885933870397     
  0.98464174924533454       0.34827690653777144     
           8
  0.45961589215447585       0.49606339542207878     
  0.45155389466466411       0.49925238366712377     
  0.44020470789334193       0.49501622025058772     
  0.43367460794782203       0.49958288350162222     
  0.43275286783159028       0.48024088314779673     
  0.45338596480155963       0.47221451820934984     
  0.45877802259959183       0.46829830662178856     
  0.46103063954160606       0.48223633472632160     
           5
  0.30807457179243902        8.7719973771093362E-002
  0.29215349002073809       0.10117476457215234     
  0.28626672336948328        7.8149640575019816E-002
  0.29890371440939051        7.7835120691039900E-002
  0.31348517088021244        8.0308193749740242E-002
           5
  0.41487661100657991       0.14045475248591824     
  0.40200000000000002       0.14699999999999999     
  0.39400870430410889       0.14102175720808610     
  0.40407671250076493       0.13511903157527744     
  0.41744476292709320       0.13207763977842121     
           5
  0.53471525733401426       0.44433918828912417     
  0.52155121986370157       0.44142895808519839     
  0.54196979060518924       0.42021715736893195     
  0.55091502429105443       0.41947283327079621     
  0.54729678286513617       0.42566103508404368     
           5
  0.39494033162117592        5.7446414604060733E-002
  0.38459277937738823        6.0325814310940036E-002
  0.37635471642341245        3.4989479921523362E-002
  0.40035218104032816        3.9537051553880015E-002
  0.39695341701310821        4.7589299443603260E-002
           5
  0.20126809304609627        3.1417688457807222E-002
  0.17418117280121512        3.4004716584541309E-002
  0.17523380467252497        1.5899366218452799E-002
  0.17038093150337533        6.4637121187772623E-003
  0.20023165190081807        6.5215461227451192E-003
           4
  0.66666848140829083       0.51664173239010758     
  0.64578889920390914       0.51004999156837483     
  0.64329434815857101       0.49496091288383293     
  0.65800000000000003       0.50500000000000000     
           5
  0.46443609446454498       0.53943429870481752     
  0.44950224678023398       0.53855977269972566     
  0.44770889340804604       0.52304844734458400     
  0.46206483341834925       0.51669466984676771     
  0.46708827303239414       0.52525743475319986     
           3
  0.95599999999999996       0.90000000000000002     
  0.94225368163713374       0.91089650370639097     
  0.96728990256965530       0.88471557783691157     
           3
  0.50044146834429537       0.39608533286716746     
  0.48599999999999999       0.38300000000000001     
  0.49706566068175373       0.38031046925610318     
           4
   4.3541465032960823E-002  0.65953092163984373     
   2.1097105492819779E-002  0.66616509582486172     
   2.1688396487458541E-002  0.64623164908008146     
   4.7299696338101868E-002  0.64275993155961963     
           4
   1.0054226205322618       0.72247319955831624     
  0.99378487826823181       0.72131785697314399     
  0.98638301614161772       0.72721221042765782     
  0.99839963434594881       0.69921927181559240     
           3
  0.25756635156139512       0.11460816270625357     
  0.27432844754300612        8.7234970193970460E-002
  0.28015815077406481        9.6552266300642092E-002
           4
  0.95412921593598810       0.62043488293015803     
  0.92920350312001454       0.61321157293159057     
  0.94399999999999995       0.60599999999999998     
  0.95241089107476262       0.60545164086129477     
           5
  0.82327535689737841       0.92969762511884457     
  0.80078907518766906       0.92500775062334462     
  0.80357844369834164       0.91621337236483957     
  0.79995916336220818       0.90494061019144012     
  0.82598938333109428       0.91510505990978641     
           5
  0.33196076197577895        4.2900440159527625E-002
  0.32594491861015701        5.6316153600121557E-002
  0.30362730447279496        5.0350941509162861E-002
  0.30916286055571612        3.1793910664017183E-002
  0.32598456963101685        2.9469005938361811E-002
           3
   1.7000000000000001E-002  0.36899999999999999     
   4.0181829270789938E-003  0.37201345911744788     
   1.8986767232324273E-003  0.35792252907916944     
           6
  0.41343464279703518       0.28406002896232602     
  0.39560255579626352       0.28987859400468519     
  0.38379362677870082       0.27917061334428861     
  0.38675940152489241       0.27311699937062245     
  0.39131511755301185       0.26711318099454667     
  0.41163784636193790       0.27370495031294101     
           3
   7.7276001134778269E-002  0.76845739858021755     
   6.3380227284235480E-002  0.75689580533877354     
   7.3999999999999996E-002  0.76000000000000001     
           3
  0.92067818667355539       0.63099863334979545     
  0.91259002960061175       0.63569014305769167     
  0.91000000000000003       0.62300000000000000     
           5
  0.10882661681279093       0.60802370528621219     
   9.6214279479136897E-002  0.61303833351826664     
   8.4389447475520074E-002  0.61865598884996642     
   8.3602250458230484E-002  0.59172287158800807     
   9.4240439023300426E-002  0.58922323438749458     
           4
  0.44208767563929330       0.10552897163365831     
  0.43209078656967731       0.10927856999110572     
  0.41747235895276519        8.4157592312692389E-002
  0.44725069694943304        9.6648614442371397E-002
           7
  0.19121236459715049        2.7322796061710033E-002
  0.17691792240747134        2.7377661907997425E-002
  0.17869819474081411        1.2107382461315128E-002
  0.17233069384068400        7.9406830763248722E-003
  0.18698330045911368        8.7819915414121385E-003
  0.19357341340538681        4.4729515814246803E-003
  0.19779618829206697        1.1846016085349426E-002
           5
  0.45258160926193675       0.48308506572522603     
  0.43766525779412513       0.49266232782145830     
  0.42535414646107655       0.48696604387609682     
  0.44332031382020226       0.46577908086177833     
  0.44742490079874159       0.47201783146784837     
           4
  0.47348919080723129       0.13100326349488023     
  0.46970605575303948       0.13887167592854868     
  0.44824606879231749       0.11459507135361868     
  0.45839674810793446       0.11162213158997637     
           7
  0.57172449621835586       0.63163753296240954     
  0.55001463923026228       0.63039031489529052     
  0.54805874031362589       0.62451154249672891     
  0.54662361292708606       0.61093097823154929     
  0.55496126161756199       0.60836205035662672     
  0.56890861935593562       0.60456077604746872     
  0.56485731379756221       0.61148958384886520     
           8
  0.21118335205994423        5.4211547218397431E-002
  0.20739077269559369        6.0908951372041387E-002
  0.19534095052459061        6.6545164824414860E-002
  0.18119057050739579        6.1436470227791098E-002
  0.18096841179588821        4.6019502278817799E-002
  0.18758106921122186        4.2472523681178771E-002
  0.19258511135905199        4.0141099030881700E-002
  0.21117710374869356        4.3731887562515025E-002
           8
  0.26557414899629578       0.15190395250644098     
  0.24751661017341642       0.14998204476574650     
  0.23736195781861555       0.14920391998788940     
  0.23757152799048065       0.14211671723509287     
  0.25021135485908080       0.12644016516943235     
  0.25561672570456567       0.12569302453874687     
  0.26247738867028153       0.13080419969492199     
  0.26200720723996024       0.13795243067505578     
           8
  0.96622812718766848       0.66666143838942094     
  0.95524870945752660       0.66928875532223520     
  0.94912909875646234       0.67184150011621402     
  0.94135504274581261       0.66162994186524471     
  0.94282085927597925       0.65530060037210036     
  0.94429394585918036       0.64511143018137829     
  0.94800471317179646       0.64992258303475792     
  0.96133008444746504       0.65434646386580242     
           4
  0.39493309630119922        1.3890001801022558E-002
  0.37907110056701421        1.2022944763178450E-002
  0.37525875126952807        1.5661078223382294E-003
  0.40431374488866323       -1.1109356307939982E-002
           7
  0.39812195356701008       0.13622387777619122     
  0.39340684204945353       0.14177941866177171     
  0.37315344177352916       0.13445191057621714     
  0.37030812608418684       0.11678722976698762     
  0.37804813966305584       0.12206188228790053     
  0.37935256896029462       0.11332093296600776     
  0.38530368795538072       0.11499931183217636     
           3
  0.13152431737604708       0.69751340775551540     
  0.12427140292655195       0.68581916962735279     
  0.14000000000000001       0.68300000000000005     
           4
  0.30480623366836224        7.1919163136598116E-002
  0.28914937775560334        8.3039711052640963E-002
  0.28743067719920501        6.1742160213295781E-002
  0.30426755719570497        6.2299707991100198E-002
           7
  0.48675642599417418       0.39662295086957955     
  0.47863605059861442       0.39552345506443731     
  0.46362351736601409       0.39568082444417280     
  0.46318993835669992       0.38776789505995651     
  0.46679450327800281       0.37230199775614325     
  0.47228821830852619       0.37529615702614877     
  0.48877240119997850       0.37231113243290576     
           5
  0.23046006184921608       0.50275536158533507     
  0.22421060092991213       0.49723676172038328     
  0.20824806942866117       0.47579590071520222     
  0.23299123059106319       0.47152811275432488     
  0.23877958867326540       0.47921934728283599     
           6
  0.31468444528056888       0.16840733568311192     
  0.30391466701232095       0.16511200737647627     
  0.29614689225576707       0.16593377917898855     
  0.28445895212458949       0.17192425125661517     
  0.29164197140947340       0.14331894817793281     
  0.31301288034476332       0.15152059735821405     
           3
  0.55755882881824137       0.35884497508998692     
  0.54536984773477504       0.35751813262550408     
  0.56363792259319445       0.33707420588619680     
           8
  0.37379839891610206       0.11968805151743285     
  0.37761599337485241       0.12376460629185125     
  0.36747834822973002       0.12521953197612326     
  0.35395595259152030       0.11815695362585536     
  0.35725536827615906       0.11048794508466310     
  0.35163177613018670        9.8970379757598148E-002
  0.36124243653386623        9.5327510378073910E-002
  0.37569507516679018       0.10708045518011122     
           8
  0.68998507441706169       0.87110890635673843     
  0.68065369671883402       0.87338273204916694     
  0.66943934176958098       0.86640802132056094     
  0.66819404694831319       0.86064122791823883     
  0.67034233667325716       0.85430635685482192     
  0.67998706322169622       0.85599893724211140     
  0.68927883775056420       0.84986459686321181     
  0.69101739670887907       0.85829138108602843     
           7
  0.22394573990226671       0.11200766714800506     
  0.21235293405612077       0.10981303966497026     
  0.21005200699671123       0.10323633379632866     
  0.20492799526841668       0.10600078031832623     
  0.20747086630666678        8.2382612062849706E-002
  0.23133871272862422        8.2758454326626943E-002
  0.22883850709161468        9.8680263467543328E-002
           5
  0.39477958320496398       0.14132742132593401     
  0.39623879564115283       0.15005068239435021     
  0.38154326079774153       0.15248845442850059     
  0.36850965159355137       0.13585291713930739     
  0.37570876188082536       0.12559387113881265     
           6
  0.27706467671051943       0.10028476723246771     
  0.25185706860870649        8.2032764858010587E-002
  0.25813599531083736        7.8592336510520430E-002
  0.25718315957002008        7.2328516443350782E-002
  0.26822683022850291        7.8195480746884372E-002
  0.27812654907189072        7.9924820771057295E-002
           6
  0.44719658651967159       0.43334781090665397     
  0.44254329015991872       0.43793792611775678     
  0.43376085295640582       0.43326721060868600     
  0.43443270939856399       0.41238543232713065     
  0.44325439315229870       0.41492296467284939     
  0.45543810756260278       0.42226853883476501     
           6
  0.17656342944862824        2.9699986986489634E-002
  0.16639185289424899        2.8083962498939307E-002
  0.15506325817447650        2.3307481850625787E-002
  0.15875388333649212        4.7085346761133323E-003
  0.18100740849669722        4.9349930818938272E-003
  0.17805676628485287        1.3225891737140318E-002
           5
  0.62694404155251915       0.24553142745859860     
  0.62636358649414192       0.25851303988151680     
  0.60766083553428629       0.25260520994195174     
  0.60413098051013936       0.23173234577417243     
  0.62700496698937536       0.22961246182081074     
           8
  0.28265807204608762       0.18436303733935805     
  0.27858617179486750       0.19178777009120998     
  0.27228600812446441       0.18492940031435995     
  0.25588394816542187       0.18163083941217675     
  0.25859849930749196       0.17585704751151576     
  0.26896415002755247       0.16203971340721407     
  0.27332741385187942       0.16721766457616583     
  0.28294759711496031       0.16606598059842487     
           7
  0.13915084121872118       0.66770416126389787     
  0.12943016625421519       0.68153455501253779     
  0.11325468718377189       0.67344078490433135     
  0.11371829360373188       0.65032206231635603     
  0.12351899334222917       0.65796813955584521     
  0.13915380180468312       0.65443892450332564     
  0.13580189749989399       0.66226496449962990     
           5
  0.34439889530546525        8.5022104288720687E-002
  0.34375100377795720        9.9027470444717713E-002
  0.31964118719896967        9.6894622960886620E-002
  0.33341858455275458        7.2640390906572233E-002
  0.34687481522761110        7.0585018083022588E-002
           4
  0.24291727876086522        2.8095803077597768E-002
  0.21914373222349359        3.7022995471273537E-002
  0.22277212369949714        1.2355270371985375E-002
  0.24410309343373351        1.1048720186498698E-002
           4
  0.84477514352699490       0.56993353850871420     
  0.82001145662427566       0.57585613658633594     
  0.82326009105259434       0.56552792088284187     
  0.84025425898883410       0.56262406090070449     
           8
   6.2925988432945168E-002  0.61718765347106030     
   5.7379629752802169E-002  0.61174494536635149     
   4.4898420599669545E-002  0.61479772781589381     
   3.3427531395535219E-002  0.61338243937371484     
   4.0164872108935601E-002  0.59409018311218520     
   5.3513955864615409E-002  0.58739498284221536     
   6.3155255872926280E-002  0.59452150831730899     
   6.0197207786678197E-002  0.60438948591504282     
           7
  0.24747747857302033        8.3803191442023584E-002
  0.24374292096484390        8.8803273757155549E-002
  0.23561878901375000        8.7591154112420702E-002
  0.23415029390011455        8.0413445757100271E-002
  0.23450034736018524        7.1036179512058734E-002
  0.24327450267374445        6.2560780615610712E-002
  0.26197671200627021        5.9365480022532821E-002
           8
   9.6297551022422712E-002  0.69632745639168037     
   9.4966926014976444E-002  0.70596373941745361     
   8.8757072182956295E-002  0.70437150278960059     
   7.1381357514773272E-002  0.69153564883889651     
   7.0448920746683436E-002  0.68148643577531243     
   8.0202684884152137E-002  0.68808342931535404     
   7.6698097271652901E-002  0.68222522006081221     
   8.5163431285175104E-002  0.68285414584212578     
           3
  0.30166150220730947        5.3610003656456975E-002
  0.29702191654229626        3.6540545265946058E-002
  0.31716199830280184        3.0037915397816552E-002
           3
  0.92779150276273203       0.68758801366398592     
  0.90580119636421064       0.66810102875268729     
  0.92610105225877459       0.66841055652634440     
           8
  0.51443492300450544       0.51561351455284288     
  0.51243285785268078       0.52161639013257222     
  0.49465544714110388       0.53253417483702326     
  0.48466555752362850       0.52787595527545572     
  0.48806757508601289       0.51148206787133843     
  0.48856221975571462       0.50583276850839398     
  0.49560823056956360       0.50640687859871847     
  0.50534073900022414       0.50239013544081890     
           8
  0.51992590725251175       0.35371131098636249     
  0.52575013796531656       0.36558770033277366     
  0.50056604459840093       0.36440501724051050     
  0.49429557044336786       0.35234789210297568     
  0.49971018189630517       0.34934812836724932     
  0.49586407460539450       0.33873494114716007     
  0.51127251087107239       0.34350841877267069     
  0.51817957476590282       0.34068244676979825     
           8
  0.33939350476051960        9.9158902707100954E-002
  0.33192579270393385       0.10123007103058429     
  0.31413112158499823        7.4147409349109766E-002
  0.31964164345346296        7.6006971295401710E-002
  0.32441317715763512        7.3382045514230124E-002
  0.32961972397808698        7.1261182373316773E-002
  0.33477053895895675        7.7812366722850274E-002
  0.34289833447725104        7.7574255280858803E-002
           8
  0.84392154399558794       0.72751379983251241     
  0.83001922973567666       0.73207515638005893     
  0.82774716391019632       0.73789067148724286     
  0.81882999226043607       0.73759509872831241     
  0.81726953172868566       0.72883783117910472     
  0.82738917653639854       0.70845835725563777     
  0.83312849243635057       0.71120710000408238     
  0.84261754386511567       0.71195585248635807     
           7
   1.0073582583566927       0.63509878173696110     
  0.99454942800144241       0.64640495970906442     
  0.98895259491033949       0.64346019441274271     
  0.98429120068567544       0.63799710410754340     
  0.98142743584384107       0.62537654247888752     
  0.99089548375098102       0.61975003463433098     
   1.0004108280456674       0.62123634949401985     
           6
  0.96250326126228924       0.61507815776371266     
  0.94807709053991862       0.60700475047181035     
  0.94623929637458426       0.60086267498081636     
  0.94587121732336843       0.59089095345246778     
  0.95887755109909478       0.59027499971246999     
  0.96832369845607347       0.59470877544429446     
           5
   1.0030244381379172       0.98190099161281341     
  0.97945692663094774       0.98734966370780786     
  0.97626495950162095       0.97321619571087670     
  0.97808108565366103       0.96181489938956788     
   1.0007325378582814       0.96947786084233123     
           8
  0.42418160607953326        3.9578736748318237E-002
  0.40405243626595183        4.0407043501518282E-002
  0.39826259216062121        3.9252120765203083E-002
  0.39927461342781401        3.1866202256597698E-002
  0.39834194701361020        1.7957326955852258E-002
  0.40937543488459693        1.0241694369304990E-002
  0.41467434344980214        1.6361452234642592E-002
  0.41993406961895874        2.5692632451886195E-002
           8
  0.39462249233533980       0.31110098652006601     
  0.39758156790085591       0.31850185298036893     
  0.38655284924405958       0.31183796093005806     
  0.37929717527001167       0.31678819866621116     
  0.37450092618529762       0.31367645633043995     
  0.37215494591864795       0.30617615665387382     
  0.38546965115215776       0.28889537947941035     
  0.39423762167766291       0.30251985780438778     
           7
  0.48696191328329458        6.5138522634807836E-002
  0.47324161761916678        7.2231874899667523E-002
  0.46526948778524613        7.3255235152839271E-002
  0.46876737514587719        6.1038018793522296E-002
  0.46262781679640019        4.3449661831402815E-002
  0.47159401111215943        4.8359716736187344E-002
  0.48769980805328106        5.1246332261466049E-002
           3
  0.23170729550985181        4.2440364370369743E-002
  0.21504690279267194        4.5985684042633659E-002
  0.22500000000000001        3.1000000000000000E-002
           5
  0.45293113431078402       0.46313871477450219     
  0.44473989424781757       0.46846904930252409     
  0.42340977807810531       0.45260955593326585     
  0.42932632519339559       0.44045259627838645     
  0.45215993992982073       0.45306668615672596     
           8
  0.13030678733572637       0.71524665973732038     
  0.12431322790454816       0.72504562923541926     
  0.10887291876857456       0.72028716324621544     
  0.10557597673209294       0.70650697134134266     
  0.11125115845935886       0.70275735914643300     
  0.12339104679440824       0.69829184426731838     
  0.13285779920398808       0.70240381144098352     
  0.12895443808470403       0.70639450860620279     
           4
  0.47453061432948690       0.47899056521415118     
  0.46484291061869942       0.47975457500271701     
  0.45570106414308575       0.48477750550673487     
  0.46200000000000002       0.47099999999999997     
           6
  0.11725235618825558       0.13826753702947880     
  0.12148835761990656       0.14735582527698440     
   9.9041759771185095E-002  0.14788264966234210     
  0.10056441171890768       0.11991719317491688     
  0.11907385473871342       0.12262443338254214     
  0.11800555946167547       0.12957014376890191     
           8
  0.97229950616543515        1.0092076573302704     
  0.96756140541372460        1.0065259699264508     
  0.95767888834089865        1.0102996651313412     
  0.96019459325636558        1.0027790089335626     
  0.95485213378037403       0.98947285124580497     
  0.97756823600301523       0.98079207767259191     
  0.97669861597261109       0.98661099201182634     
  0.98066079593285582       0.99431957701592921     
           8
  0.44261101836415934       0.50728534953625959     
  0.43639946526828693       0.50864548785520769     
  0.42441154811788628       0.51482659969319133     
  0.41193197505758222       0.51386529180098184     
  0.41157343792712892       0.50670511997129020     
  0.41125200092611036       0.49284877332102089     
  0.44189193753915007       0.49075258551564971     
  0.43697245129591061       0.49617948560361114     
           4
  0.95078348083511399       0.65381108623569084     
  0.94593171874228743       0.66304929189789275     
  0.92722857132372849       0.65047818053189799     
  0.95318826067592899       0.64117494854019952     
           5
  0.38209231803681915        3.1329962042340301E-002
  0.37015438342915225        2.6746301794643018E-002
  0.35664082096363459        1.0583344321633117E-002
  0.35686908054331595        2.4899936220675323E-003
  0.37935712545094263        5.3020330025435290E-003
           7
  0.47263871521182743       0.13715174904363212     
  0.47526601182132738       0.14595044627787929     
  0.45635779090724876       0.15301837197826368     
  0.45037203474830545       0.13640742537103873     
  0.44902174676558460       0.13068710807208303     
  0.45602610529173931       0.12447307413785567     
  0.47404076221505442       0.13045265366741837     
           5
  0.25913294627533584        7.4482944799778655E-002
  0.25371569503665020        6.4627731974903208E-002
  0.24955997660980928        4.9844097574591809E-002
  0.25956232377326199        4.3292974796629802E-002
  0.27791236311560946        4.5414321441661673E-002
           6
  0.52400000000000002        1.9000000000000000E-002
  0.52166998277139842        2.7695274682632338E-002
  0.51327775657624153        2.6825254216905230E-002
  0.50870174159251369        6.7835507972737324E-003
  0.51489817637302182        3.4251062445286636E-003
  0.52380970038652652        3.3365639915511267E-003
           5
  0.41976545544483562        9.1865434001404317E-002
  0.40718132533058693        9.8280261106390959E-002
  0.39762494306990342       0.10033070698628831     
  0.40043099709493463        8.8362645948679944E-002
  0.42016223798584496        8.0066268304001431E-002
           6
  0.95537622060169924       0.95555918464907164     
  0.94089807584256013       0.95629141170894416     
  0.94272374071645826       0.94764790110113561     
  0.93785965725119669       0.93887221531728637     
  0.94092285308815093       0.93155594319244783     
  0.95970218311779132       0.93254019603306249     
           3
   7.8083979707310777E-002  0.37076728287967325     
   7.9000000000000001E-002  0.35699999999999998     
   9.0688389833197727E-002  0.35856768375228709     
           5
  0.76562466007269703       0.86691030283167181     
  0.76203102643848308       0.87702692716934660     
  0.74684906752255587       0.86571806290999109     
  0.74891273809851600       0.85522476789503343     
  0.76602526122504988       0.85626673296114308     
           8
  0.35839217872133344       0.13614006640876178     
  0.34702808471831159       0.13345327990741060     
  0.33482965947142534       0.13095789540075448     
  0.32859928008984840       0.13102367499885240     
  0.33280016560785852       0.11713304789190701     
  0.33842069901433186       0.10875428096934815     
  0.34461723191902943       0.10704500966771477     
  0.34563377580597521       0.11264695632478795     
           4
  0.36553432278960402       0.32858286601060838     
  0.35381467489855084       0.30585145804322184     
  0.36333148462892167       0.30045544794018841     
  0.37451361886371720       0.30159895347878102     
           7
  0.42095175158672149       0.51502234382934964     
  0.41945784823627824       0.52197503460648886     
  0.40704744330886905       0.51758214335194908     
  0.39154184318542390       0.51839463883080183     
  0.39674959383575065       0.50499464188600884     
  0.39798854769493297       0.49872459305318745     
  0.42071053274666775       0.49438082051981991     
           6
  0.41277830103730534       0.12966598547508784     
  0.40259010238904702       0.13228955176593873     
  0.39831245041589269       0.11644246772431086     
  0.40554707185757932       0.10429324621901759     
  0.42103008467892838       0.10199879454904488     
  0.42831642850046009       0.10832624328864632     
           6
  0.58809020067030071       0.60225528547965657     
  0.57165093443102555       0.60386882293647748     
  0.56049301488954795       0.60004693534267539     
  0.56561670486382709       0.59187476908430492     
  0.57217650553555599       0.58229777104441893     
  0.58103152854907258       0.57795399733714159     
           6
  0.55633908694654621        4.7203896304986871E-002
  0.53882983752395863        5.8906405904653222E-002
  0.53109726706178328        5.2680605607892977E-002
  0.53580062515916294        3.8656746879413360E-002
  0.54441906802271500        2.8610109168600829E-002
  0.55577022617019212        3.4467289109640573E-002
           4
  0.43295678257294440        3.5198383105460564E-002
  0.42287733883622441        3.7975401952470830E-002
  0.40956879660006712        3.2790065584602533E-002
  0.40866622384904616        2.0474947213006071E-002
           4
  0.84743227907615748       0.66308887289094853     
  0.82169388992584524       0.67338010165926487     
  0.83576371884656853       0.64816642334299901     
  0.84746363234460675       0.65434091302346709     
           4
  0.17399999999999999       0.48699999999999999     
  0.15914811125939832       0.47708574438801793     
  0.17476784743842799       0.47233188191562953     
  0.18943926960128710       0.47428702049085758     
           7
  0.18109857255992853       0.60655808325799054     
  0.18305092638621595       0.61587832718435453     
  0.15360308603763939       0.61196643449916610     
  0.16978049789195140       0.58952069806549079     
  0.17773021624612340       0.58997042781453257     
  0.18275147868294320       0.59345327761012301     
  0.18142628689711879       0.59987000889959974     
           7
  0.86813532226741019       0.57912832803508674     
  0.84434498041108752       0.58938371742379692     
  0.84786012508289010       0.58360300732023063     
  0.84182268739616439       0.58071389359740511     
  0.84662712281457053       0.56385383373846576     
  0.85688868506147597       0.56528807196166519     
  0.86322451002936129       0.57277972080308637     
           5
  0.62211966637038052        6.1538864744225659E-002
  0.60460201454131945        5.8069738791165164E-002
  0.60213979159384201        5.0616658156160378E-002
  0.62095769806194168        3.8205159438250605E-002
  0.62969337237591227        4.4729553198761318E-002
           7
  0.20536328592414607        5.1261380175911676E-002
  0.20500416035670774        6.5723250450551565E-002
  0.18187480917429777        6.1547309724415258E-002
  0.17759925712042668        4.9481666564960912E-002
  0.18369991347689596        4.3482277277371063E-002
  0.19674538878193443        3.8968053943902126E-002
  0.20718292495738358        3.5877273118457342E-002
           4
  0.47339123429618712       0.65826711297451634     
  0.46667782306003330       0.67008736066941765     
  0.44676659415857234       0.64695598358274031     
  0.45951032202692488       0.64438889622237239     
           6
  0.97022960035648409       0.64290908416145809     
  0.95699999999999996       0.64100000000000001     
  0.94876893142750995       0.63868254168449112     
  0.95622132371112778       0.63122716918126909     
  0.95266987851858331       0.62563117489277398     
  0.97211145504154362       0.63329065439686427     
           7
   6.5579546834156358E-002  0.64888972610926643     
   5.3374158012749216E-002  0.65540515467624882     
   3.9572974736218236E-002  0.65803221327552719     
   4.0256325824801167E-002  0.64126954238624223     
   4.9898562539801107E-002  0.63262739467309292     
   6.0866937916308594E-002  0.63348265527682779     
   6.4609855523465182E-002  0.64294146577541977     
           8
  0.14946498760379887       0.72191877447861341     
  0.13941727419537131       0.72228507824064048     
  0.14220005567778055       0.72883012600579311     
  0.12866480197022737       0.72624529378014613     
  0.12156646739719222       0.72859903337078080     
  0.12777892726505258       0.71096710934194063     
  0.14065543052955090       0.70261102668643127     
  0.15128092204168686       0.70729533840468395     
           5
  0.20567422881269523       0.14979068752660729     
  0.19268113376125431       0.15232656275183731     
  0.19789410386421963       0.13211419876908850     
  0.20902886270733606       0.12481705914433820     
  0.21736889973207091       0.13087696264816462     
           6
  0.38858421214362293       0.15545185098056527     
  0.38199949580765824       0.15592601286037641     
  0.37530630670938719       0.16098880432435650     
  0.37443369834472706       0.14809468733498304     
  0.39175888379503421       0.13099544174512895     
  0.39915281979974782       0.14944627006689651     
           6
  0.97782890077757245       0.66323043391065561     
  0.97156268797398182       0.65977003744469986     
  0.96337872106023703       0.66129258089380483     
  0.96634508986350698       0.63371138172550878     
  0.97583072054832376       0.63999149569071190     
  0.98475965559649448       0.64892309046642449     
           7
  0.53738971591716855        3.1259619320517948E-002
  0.53541787410154318        4.1035666218520526E-002
  0.52380619670079420        3.6785845637533780E-002
  0.50825111790606980        2.5319778224077136E-002
  0.51518228372550334        1.7920120377331747E-002
  0.53173750577138734        1.1437868879811863E-002
  0.53519185366685307        2.3738521761984297E-002
           7
  0.29327894255593334       0.12173800364195626     
  0.28929520583969998       0.12986785087586067     
  0.26893763479954019       0.13640884893084237     
  0.27167080510559605       0.12844832102403267     
  0.26883900326098592       0.11732751104729021     
  0.26814278664873198       0.10693074066684001     
  0.28210928859694451       0.10976717600698829     
           8
  0.46780295049173126        7.5718600100272260E-002
  0.46859268911188434        8.2344631665066184E-002
  0.45770134791533568        8.4214830657943704E-002
  0.44069359175250106        7.9324683840809943E-002
  0.44391419556147699        7.0564386518328595E-002
  0.44673155686224741        5.9566293760766102E-002
  0.46471753292288143        5.6185151881224450E-002
  0.46536520049773827        6.9927716028207576E-002
           5
  0.40217076167187954        3.3276249440762698E-002
  0.38657712906580821        3.5586227462488768E-002
  0.38027818925511681        1.7785365348450793E-002
  0.39091834315070600        1.6805135672970616E-002
  0.40768807717674083        2.3268848257916683E-002
           4
  0.34690657320220908       0.54128291223504321     
  0.33034529163912563       0.54045856569606199     
  0.35470879706226255       0.52072107523194788     
  0.35171694659412378       0.52968666560043831     
           8
  0.48098319315267568       0.16391436148712343     
  0.47288900853690202       0.16183666638629968     
  0.46073603483421494       0.16695972495849337     
  0.45268494560818517       0.16441248751854326     
  0.45658058662674705       0.15671766756120603     
  0.45406410123731783       0.15112089787590879     
  0.46832602354161484       0.14020666110853808     
  0.47404087938641687       0.14150998960116493     
           4
  0.51387228883241909       0.48343571574606842     
  0.49873214191462095       0.48159924878853394     
  0.50700000000000001       0.47199999999999998     
  0.51598114042505405       0.47601410770744901     
           3
  0.94538955366455779       0.97610867295362724     
  0.93224398508309647       0.96848603256011701     
  0.95422081389602620       0.95052665150045135     
           5
  0.33593958055341250        7.6779200281596405E-002
  0.31649886239333280        8.3546225712010286E-002
  0.31176195423131031        6.9396490684907358E-002
  0.32124691669729405        6.4445850723218817E-002
  0.33495254410841935        6.2918390338043056E-002
           5
  0.31637676505025158       0.14317771662802659     
  0.28955419269224109       0.14548142526682020     
  0.28896462599508205       0.13137133473070362     
  0.29514956617318711       0.12389452265704355     
  0.31212531233838198       0.12649498183851776     
           7
  0.25637194497763149       0.15092255574951732     
  0.24251433768025069       0.15058817127124649     
  0.24556430242333344       0.14148022202943919     
  0.24332514614793524       0.13319230016011055     
  0.24326459581929699       0.12390380710546132     
  0.26568313017920009       0.12439246382244269     
  0.26986278562565835       0.13183085428167862     
           8
   1.0059418450255087       0.98532628029012947     
  0.99648127917952156       0.99065617988455279     
  0.99047781497204679       0.99154508672549480     
  0.98176145821037808       0.99457176938793812     
  0.98681905028090411       0.97840872265375811     
  0.99537925346659273       0.96639679694860880     
   1.0049638757574617       0.96629800072517680     
   1.0060068879658295       0.97558639035836836     
           3
  0.35731962424991232       0.18652530181995544     
  0.33389616383665288       0.18662421251427153     
  0.34300000000000003       0.17299999999999999     
           6
  0.86692126567191241       0.63727999181098616     
  0.85380217059175023       0.63343085258974252     
  0.84456497280452192       0.61147941436095132     
  0.85484144972278076       0.61148931392802286     
  0.86100066528070018       0.61282544555580420     
  0.87257640388635282       0.61177808467177519     
           4
  0.16593815366550688       0.80822136091828822     
  0.15704748137241012       0.81213384044100956     
  0.14944812115193590       0.80742749409741710     
  0.15100000000000000       0.79800000000000004     
           3
  0.31700000000000000       0.21099999999999999     
  0.30518904875314345       0.19781632808692734     
  0.32954277942517340       0.20286601083713759     
           4
  0.41526878916141940        1.5381409228855079E-002
  0.40381505522634303        1.8687605240687497E-002
  0.40963405912022494        5.7406539734090262E-003
  0.43266936079834573        4.8217016876312517E-003
           3
  0.84639655898022281       0.69742334981461984     
  0.83299999999999996       0.69399999999999995     
  0.82775332146378477       0.68337708302540390     
           7
   9.7227449567693150E-002  0.64942864082644147     
   9.0333661786176814E-002  0.65480293171903725     
   7.4419247646324210E-002  0.65427300094811447     
   6.7756577768229631E-002  0.63656998322205638     
   7.4841831669266431E-002  0.63495270693574002     
   8.4525378447892305E-002  0.62734694333052421     
   9.7164594721959055E-002  0.63292003145366083     
           3
  0.23776180121021862       0.45347251781546832     
  0.21903482670869961       0.45009435578868401     
  0.21374510483913703       0.44081587903176678     
           5
  0.29297669873652143       0.20754241492689435     
  0.28920471721990043       0.21379691824388411     
  0.27883841191303499       0.21661261191767267     
  0.27926806419390876       0.19004091891472083     
  0.29741407615582333       0.19787145637975961     
           7
  0.52356167217390237       0.70047739339575443     
  0.52105534555083910       0.70805949746429309     
  0.50297165756327766       0.70781521407388648     
  0.50126098093014404       0.69532813149761308     
  0.50322553521615210       0.68911818436910777     
  0.51131189080704353       0.68566106832085194     
  0.52715554022323918       0.69430058402540562     
           7
  0.23594748337849861       0.10879836966577690     
  0.23079118720711581       0.10466052389897573     
  0.22599533229198088       0.10817358967915518     
  0.21849949196142701       0.11017139509366336     
  0.22125775824427119        8.2832313906995081E-002
  0.23873015304599488        8.1952241676784707E-002
  0.23547373831005275        8.7564437197804601E-002
           5
  0.25461646691084366        3.0611382756125356E-002
  0.24461577610483826        3.3489002639589122E-002
  0.23429991461390726        3.3292542913010884E-002
  0.23772878699285696        2.7080922361343865E-002
  0.25076407686910213        8.9397098564720900E-003
           5
  0.66275220446762328       0.66669555915082201     
  0.65868414169834744       0.67559304591721514     
  0.63618326563326055       0.67771106068327402     
  0.64625385106094391       0.65210005190357745     
  0.65722951591869372       0.64942201370123631     
           4
  0.87090077601897387       0.70209734450446060     
  0.86604331450579353       0.71008109981705858     
  0.85699999999999998       0.70099999999999996     
  0.86774261226936111       0.68888303415416119     
           7
  0.35056132432949783        7.1587154064661138E-002
  0.35203009054293871        8.3321236850112945E-002
  0.33557198465006055        8.3415741317837411E-002
  0.32806028632354745        7.0983428738112281E-002
  0.32538995026110784        6.3594403711877009E-002
  0.33091693127009086        5.8475617745986495E-002
  0.34524189199027444        6.7155253903274259E-002
           6
  0.44466133656765844        8.0650024350905639E-002
  0.43274410802753510        7.7442313681829869E-002
  0.42877387642507941        6.0457388084559527E-002
  0.42719082571515377        5.0169826082347900E-002
  0.43862808979778439        5.3661942619558797E-002
  0.44741584607486035        5.3194619967867909E-002
           3
  0.41271490330588423       0.11396896561045317     
  0.38649722025005823       0.10430266484411650     
  0.40606782089622445       0.10614930977611674     
           7
  0.41795897618539313        3.3642561865185265E-002
  0.41805870845519000        3.9711987230589711E-002
  0.40779531578935452        3.9025800562769733E-002
  0.39893393223880580        3.1003735905550667E-002
  0.40390888372670081        1.2424127399043501E-002
  0.40989734436849895        1.1465512323959651E-002
  0.42383349806183052        8.4292680630899848E-003
           5
  0.94221263027675783       0.48550005659063639     
  0.93593940993572267       0.49031158833809330     
  0.92671285091192301       0.48960633449826807     
  0.92764110696150293       0.46090211407800513     
  0.94618224823251451       0.46065951960637025     
           6
  0.38283658297951922        9.6765577145371665E-002
  0.36905626407227482       0.10342916271716907     
  0.35687653857828533       0.10010150003225499     
  0.35979891196980507        8.9375075854133595E-002
  0.35262107740450216        7.9072350883961945E-002
  0.37760333817685771        9.1340088449220105E-002
           5
  0.10652174988701418       0.69060941155557121     
   8.8790614055982001E-002  0.69147155078677558     
   9.3244022402837523E-002  0.66762526903002439     
  0.10323349262634596       0.66523473418901624     
  0.11084995961872759       0.67384747337679152     
           4
  0.88487166081037771       0.61608052908157496     
  0.87313482689382860       0.61962261571807509     
  0.86881963532341411       0.60308557075640212     
  0.88000000000000000       0.60599999999999998     
           5
  0.29648496834155247       0.19806008785387483     
  0.27700508740439245       0.20836827163690300     
  0.26924948428807255       0.19317548327056616     
  0.26856456536951867       0.18358763583847706     
  0.28134985378451088       0.18626680059807740     
           8
  0.42406445919945562       0.12058504036082919     
  0.41855948141372401       0.11736916937483834     
  0.40282912768040074       0.12217604501431868     
  0.39604367513765215       0.12065034820858096     
  0.40166742947394390       0.10338194372108669     
  0.40839043734973302        9.5292905819562720E-002
  0.41449365985845543       0.10091093493883185     
  0.41978690674450858       0.10641055882989960     
           3
  0.26234973261174854        2.4254156076394636E-002
  0.25354354040334015        2.9987805939054257E-002
  0.24634626269205551        8.0231515690682865E-003
           8
  0.19242667050656245       0.16151731260521099     
  0.17701627843370896       0.15538448629121132     
  0.17152574864614464       0.14290090041085338     
  0.17691589910480407       0.13843993849706140     
  0.17201449870363275       0.13271656110861030     
  0.18037112950167158       0.13406088992874979     
  0.19591453850262203       0.13846414845071831     
  0.18952125638517775       0.14215916482795338     
           8
  0.95591438087130975       0.95521479855704827     
  0.94961868059690790       0.96034892034912389     
  0.93535933454048859       0.95153835017600352     
  0.92961465723284975       0.95321613596824317     
  0.93164647461617800       0.94306857508544117     
  0.93466475899550627       0.93721109491695787     
  0.94648444520932740       0.93964385802452699     
  0.95625252280022099       0.93471184318441669     
           4
  0.14517184424167751       0.62411505888680907     
  0.13691118343509087       0.62863134831628387     
  0.13240621252154219       0.60517503696039132     
  0.14507493597343185       0.60248482256891567     
           7
  0.35825252732963747       0.45014391023535821     
  0.34473070244639575       0.45267401063120072     
  0.33923364442877751       0.45651807228148472     
  0.33668116876830517       0.44475896489296335     
  0.33767973315474115       0.43178656908571506     
  0.35535077077383903       0.42923466224325935     
  0.35654576370487295       0.44039895429564951     
           6
  0.31168783914198173        4.4424159425840826E-002
  0.31009085576563805        5.2065493027700423E-002
  0.28189012717196993        5.2945694930927351E-002
  0.28129272779613429        3.3239383923235770E-002
  0.28666579578282020        2.5280438153423269E-002
  0.30523167413703189        3.1139268376926869E-002
           5
  0.96412616558008091       0.37383541507201429     
  0.94400278773497082       0.37747362838758358     
  0.94422924282445597       0.37056411347170837     
  0.93889398760385168       0.35229226603388542     
  0.96653084930702704       0.35958389158397308     
           8
   9.0693759976892344E-002  0.83248796107869893     
   8.5031908568227760E-002  0.83969692042557331     
   6.6321727125883245E-002  0.83495258134084571     
   6.6009036985835157E-002  0.81054521446374606     
   8.0901651438919739E-002  0.81167467849980390     
   8.3457478377225239E-002  0.81673490740662968     
   9.5955497655246774E-002  0.81260277136124115     
   9.4411009106101784E-002  0.82019139536909536     
           5
   1.0081842636990905       0.73942152341127787     
   1.0104364908883616       0.74680897715918204     
  0.98412192402563625       0.74743546443626463     
  0.99255739676610388       0.71886451166189436     
   1.0018048444444501       0.72401445483861571     
           4
  0.54310058627045021       0.13993463190734479     
  0.52588735441590817       0.14792381083017775     
  0.52200910620706198       0.13282055856356934     
  0.54118703177875438       0.12096485171846159     
           5
  0.37822715955880426       0.14284247806178252     
  0.36170945332383209       0.14961491332366453     
  0.35739466518221064       0.13985829608635431     
  0.38289861375064665       0.12831202166407640     
  0.38126034204268311       0.13528222098376838     
           7
  0.23962859394731373       0.68400312849068035     
  0.23512564971574768       0.69460926121693101     
  0.21761207659243070       0.69666713768203437     
  0.22251273339508290       0.68989285475942153     
  0.22027540624731384       0.68083517844162256     
  0.23230973305778355       0.66686366059673896     
  0.24341142155451645       0.67096745451113304     
           7
  0.33169424660124974       0.48642265844498250     
  0.32491111319077459       0.49236271524735781     
  0.30221133201283190       0.49174416446660402     
  0.30813747388950180       0.48328684676060635     
  0.30656765406801340       0.47478750914237172     
  0.31518627159467688       0.46767643434586792     
  0.32982437816671145       0.47691068313949408     
           6
  0.15215558670069132       0.60832572877260915     
  0.15767749873760437       0.61254843676110193     
  0.15185042823416101       0.61596749117438843     
  0.13345716667578447       0.61218411749367230     
  0.12860557063250583       0.59270121539680221     
  0.15516422873126950       0.59796880572009314     
           8
  0.13597629073404749        4.7797060286975696E-002
  0.12481121455390067        4.9741156625960382E-002
  0.11742768948606208        4.8707431805352565E-002
  0.10683032429626910        4.4063682032653866E-002
  0.11082519443219321        3.3981804472668325E-002
  0.10799745405152628        2.8098213966571216E-002
  0.12502738592899054        2.7552766425934253E-002
  0.13150163451623204        2.9649399935526868E-002
           5
  0.23154669313307810       0.91297583571672702     
  0.21369363035897540       0.91288550600991991     
  0.20480153101704618       0.89281357580572895     
  0.23522554733963857       0.88561385527609449     
  0.23385960281856225       0.90036122044036127     
           8
  0.95455163523508413       0.69154605502095090     
  0.95884733596942928       0.69561964328116266     
  0.94789817654332642       0.70260783601219612     
  0.93211508405901200       0.70336779406559657     
  0.93233185279280173       0.69121921153410726     
  0.93322717910105013       0.67627907376202889     
  0.94832594955594662       0.67596318398395228     
  0.95999570302087400       0.67942843735516401     
           3
  0.10602328447320417        4.6867289927850289E-002
   8.0464032234129179E-002   4.2769944755139615E-002
  0.10069913342726163        2.6151890960197797E-002
           8
  0.44010554487045711        1.4894076051448229E-002
  0.43689622857151333        2.4292139415415932E-002
  0.43162359857987698        1.8669732360782513E-002
  0.41644736458749482        9.0439505895731926E-003
  0.41731471446701396       -3.4174871630365446E-003
  0.43291028496346184       -4.6692441379076518E-003
  0.44290381516885230       -1.8474685105676937E-003
  0.44131054977043044        5.2581149997984345E-003
           8
  0.14720928766637334        6.9188647519163773E-002
  0.14753599586010702        7.7102222597817877E-002
  0.13260782665653278        7.7130214800960745E-002
  0.12774592280435923        7.3475383676283340E-002
  0.12637119205231095        6.6600174940383755E-002
  0.12409087281886461        5.9748272408970987E-002
  0.12861816807870352        4.8755139215080665E-002
  0.14631375519020789        4.9151818598762123E-002
           6
  0.37033420480247137       0.27172942679631829     
  0.35081439230934564       0.27265790220562719     
  0.35033776564439673       0.26601678233353954     
  0.34981408788036406       0.25638540294930812     
  0.37220220754208877       0.24988466756623851     
  0.37659557148610262       0.25676489012979298     
           3
  0.15300000000000000        6.5000000000000002E-002
  0.14131190370129634        6.8365778443632660E-002
  0.16612608395894551        6.0263628864216483E-002
           6
  0.54439595986595435       0.29659803451159006     
  0.53062137935287057       0.30517110320627583     
  0.52720255914927261       0.29125821982513750     
  0.52421720675637851       0.28338935078455990     
  0.53867659942091550       0.28260969486141463     
  0.55001641803948031       0.28695482744271006     
           7
  0.51218245733617762       0.41586190107496751     
  0.50275179233868084       0.41954492106203500     
  0.49616419060567996       0.40303611746587009     
  0.49629688230205365       0.39584038010039208     
  0.50554743172902095       0.39009760732941612     
  0.50730458063564021       0.39584662758990585     
  0.51957955834857927       0.39297130607518510     
           6
  0.43832767346107065        6.1404842563453840E-002
  0.43706622631529707        6.7773053796432781E-002
  0.42299999999999999        5.8999999999999997E-002
  0.41262732880664399        4.9359960938783400E-002
  0.42752331924836401        4.4205860947291370E-002
  0.43658173427828229        5.4986235659518060E-002
           6
  0.17234281728492237       0.77107586815551477     
  0.16249561890398956       0.76972467028994485     
  0.15295202705142072       0.76616018777202310     
  0.15553059739248432       0.74381405418458402     
  0.15932020689698512       0.75022602055931509     
  0.17343130827219766       0.75692853210122879     
           3
  0.53136800938568596       0.35471283009810323     
  0.51369371736566505       0.33407992314011664     
  0.54040730449102514       0.32775175501388665     
           8
  0.95715251830048764       0.68753493336416749     
  0.94918961599959839       0.68608592871975449     
  0.93428609225556070       0.69067542670373328     
  0.92770478954671598       0.68549861456483285     
  0.93326738448591884       0.68021700608513913     
  0.93236847472981710       0.66644203829919657     
  0.95843564578560891       0.66740535541147983     
  0.95256950728363154       0.67595851120548445     
           8
  0.53444214168936333       0.19709032069850108     
  0.52314441981543502       0.20700331996932167     
  0.51818727733231829       0.20977984666930219     
  0.50625818810600576       0.19630099828808451     
  0.50769582036670458       0.18895717752193900     
  0.51401220604783671       0.18485175901903295     
  0.52255613130066592       0.18286373834853928     
  0.53103853971553139       0.18685500490405627     
           5
  0.46033267210272422        4.0657318347133445E-002
  0.45028850328573394        3.7573765372663992E-002
  0.45242077138635972        1.4058674487116866E-002
  0.46249323320621744        1.9984188982342502E-002
  0.47805156016546885        2.3018352576050415E-002
           8
  0.38390376131092774       0.34360328249937289     
  0.37029382313604065       0.34627270825342110     
  0.36239650600443085       0.34419705578508003     
  0.35808817728707237       0.34846827460020430     
  0.35824835559829138       0.33056153526788085     
  0.36190416310781071       0.32550845030682396     
  0.38569113396461474       0.32162047703260516     
  0.38184973000220429       0.32703232689197353     
           8
  0.30442163559711938       0.14203133755875078     
  0.29904066267760576       0.14317968733904690     
  0.29893040475059401       0.14927695623191201     
  0.28968669600446040       0.14394344172885151     
  0.28040592670432779       0.14597124639484299     
  0.28407377098651343       0.12263688205587947     
  0.29297968723267581       0.12283430161517078     
  0.29845833492487012       0.12468692568089365     
           3
  0.18136883458201741       0.57364603559192184     
  0.18946563631240546       0.55668577099381966     
  0.20158174523990841       0.56221448613177738     
           3
  0.51542333593746048       0.39134105336798525     
  0.50101847756304818       0.39483335058459562     
  0.50500000000000000       0.38100000000000001     
           4
  0.27831854562738623        7.0752834172106871E-002
  0.26349877162002516        6.4888543462925233E-002
  0.25366474525595073        6.4336115355422344E-002
  0.25987904283565599        4.6078711792408349E-002
           8
  0.13363427749053669        6.5990731904782135E-002
  0.13968867372837762        7.0295091618271785E-002
  0.11740349673042731        7.3798538924092730E-002
  0.11253821975102360        7.6475363465063978E-002
  0.11094548080714678        6.0917166002742676E-002
  0.11835621006179525        4.6493120864259441E-002
  0.12489222415045381        4.6789753810521063E-002
  0.14054638241838274        5.3353694260653922E-002
           8
  0.31528189400993584        5.1675227188376825E-002
  0.31333055367871543        5.9388794852828164E-002
  0.30387508195581675        5.5799913660567586E-002
  0.29224500561656941        5.7438158852842466E-002
  0.29441770893918107        5.1767891141546632E-002
  0.29181448688751094        3.7935554704173709E-002
  0.30460495566394385        3.3145346662252884E-002
  0.31885828971716473        3.5447886615097651E-002
           4
  0.94992363764601728       0.62385395019318990     
  0.94442972234647393       0.61749386950383744     
  0.94481674802382754       0.59927060890330874     
  0.97249055228838832       0.59721781342817737     
           8
  0.98337734240413788       0.96881337887681296     
  0.98480472841283939       0.97833221586144747     
  0.96410937985473277       0.97998892185726960     
  0.95968948899652184       0.96843748754360404     
  0.96833034576101162       0.95695845275512326     
  0.97650503070165584       0.95699329996079996     
  0.98257212045602738       0.95405427442330903     
  0.98876917909625017       0.96118104009503136     
           6
  0.28920448796949533       0.64085586983937470     
  0.26653290131805779       0.64142418835742243     
  0.26500415673420419       0.63001451441381184     
  0.26394436643401259       0.62234385809938808     
  0.27015577315800088       0.61852364752384670     
  0.28749305089223626       0.61558800284671711     
           5
  0.27870452930484796       0.17799267422137224     
  0.27166638474349719       0.18357905982298220     
  0.27139395984328896       0.17415962619327907     
  0.27594513733050308       0.15490035584466724     
  0.29346480058071878       0.16066353463182970     
           5
  0.49562621983684813       0.11676931776988998     
  0.49637296104470791       0.12551159868707071     
  0.48879974458893044       0.11903687044026545     
  0.47449149629498871       0.10763585952578833     
  0.47120234062644017        9.8673543426645097E-002
           4
  0.95318815370844734       0.61957712586160774     
  0.95179559954187731       0.62826281437524489     
  0.92901088911199081       0.61827393919196438     
  0.94609833687852807       0.60752906144451502     
           6
   1.0058699547469832       0.97163060749136954     
  0.98961816606308683       0.97298916704831129     
  0.98533431668234750       0.97902986377290380     
  0.97972555200090072       0.96462227463473005     
  0.97961982815393678       0.95238811935793999     
  0.98996585738176202       0.95542329288096373     
           7
  0.77989926982456603       0.56253863581183539     
  0.77304830181343520       0.56281104980935592     
  0.75628431885978742       0.55846990329764379     
  0.76027895954035785       0.54453156960970339     
  0.75615375968804299       0.53848317708432258     
  0.77719971194711357       0.53669710353796851     
  0.78493614272377976       0.54477940445891992     
           3
  0.48399999999999999       0.27600000000000002     
  0.47512014890242754       0.27271291160787237     
  0.49107884202662794       0.26115407203610574     
           6
  0.44887480519116763       0.46801627493505954     
  0.43737949706274964       0.46584685870676013     
  0.43071803199767944       0.46839313348193967     
  0.42776979432004997       0.45407323366319585     
  0.43776998351437746       0.44276502630911718     
  0.44890561259153783       0.45009391026103485     
           7
  0.11735381935853219       0.57087228582403227     
  0.10805068477200340       0.57514955216780173     
   8.8791337943165002E-002  0.57356999815379162     
   9.4213184804122274E-002  0.56612812696381409     
   9.5195043822449393E-002  0.55599573195439889     
  0.10671218275610993       0.54693266175563193     
  0.11734113536534524       0.54676382740004303     
           7
  0.21145806649065640        6.7487274576220085E-002
  0.19395984366196339        7.5442332694116182E-002
  0.18721542761782464        7.0355212770280062E-002
  0.18866751161852841        5.3806566174973564E-002
  0.19756178213606862        4.7345639850377069E-002
  0.21235497062178335        4.7553703411669798E-002
  0.21112765343744347        6.0329931252958637E-002
           6
  0.49971885276463990        6.9411750738807690E-002
  0.48829899061887394        7.4786864483511226E-002
  0.48040336023430263        6.9548466979659856E-002
  0.48085844000410571        6.0681847761842746E-002
  0.49374405310249941        4.7875230828284064E-002
  0.50667806669467286        6.0738150062915240E-002
           5
  0.28946890634965239       0.17975733101516095     
  0.26826560369883806       0.18395518149197704     
  0.27307070459206295       0.17827975691211140     
  0.26727987614865117       0.16058106404601855     
  0.29190325920995885       0.15996449172890037     
           4
  0.18683952613821603       0.69345143854779601     
  0.18963926363316047       0.70136906638878660     
  0.16234356473980288       0.69283452835007597     
  0.17816539450289948       0.68138206204687468     
           6
  0.64231738049732501       0.31932645459601477     
  0.63215918833476947       0.32207858590860405     
  0.61531222047605838       0.30953385050667387     
  0.62693038507871213       0.29676646345381719     
  0.63318911517549936       0.30051261672336077     
  0.63985252030267925       0.29906106331523430     
           6
  0.44108859152856678       0.43356638150450244     
  0.42856456722731867       0.44179872734143361     
  0.41567970973067225       0.43579284033077204     
  0.43034220513087673       0.41376348901571902     
  0.43796389785631468       0.41566941614557068     
  0.44016387054708045       0.42714878384021043     
           3
  0.93407509352850737       0.99895288219469836     
  0.92952791929398193       0.99095911294686190     
  0.94499999999999995       0.99399999999999999     
           3
  0.46371919564951830       0.61726265373530287     
  0.44595771306034016       0.61227726899157187     
  0.46100000000000002       0.60799999999999998     
