   999.00000000000000     
   836.00000000000000     
         203
           8
   61.000000000000000     
   96.000000000000000     
   52.000000000000000     
   58.000000000000000     
   81.000000000000000     
   76.000000000000000     
   51.000000000000000     
   98.000000000000000     
   65.000000000000000     
   84.000000000000000     
   63.000000000000000     
   79.000000000000000     
   89.000000000000000     
   70.000000000000000     
   93.000000000000000     
   84.000000000000000     
   100.00000000000000     
   70.000000000000000     
   52.000000000000000     
   86.000000000000000     
   69.000000000000000     
   50.000000000000000     
   59.000000000000000     
   79.000000000000000     
   53.000000000000000     
   66.000000000000000     
   65.000000000000000     
   70.000000000000000     
   74.000000000000000     
   86.000000000000000     
   77.000000000000000     
   83.000000000000000     
   50.000000000000000     
   76.000000000000000     
   62.000000000000000     
   73.000000000000000     
   54.000000000000000     
   100.00000000000000     
   99.000000000000000     
   59.000000000000000     
   73.000000000000000     
   74.000000000000000     
   97.000000000000000     
   63.000000000000000     
   83.000000000000000     
   97.000000000000000     
   81.000000000000000     
   61.000000000000000     
   91.000000000000000     
   78.000000000000000     
   87.000000000000000     
   56.000000000000000     
   81.000000000000000     
   91.000000000000000     
   62.000000000000000     
   53.000000000000000     
   82.000000000000000     
   77.000000000000000     
   94.000000000000000     
   99.000000000000000     
   92.000000000000000     
   76.000000000000000     
   83.000000000000000     
   89.000000000000000     
   61.000000000000000     
   53.000000000000000     
   94.000000000000000     
   84.000000000000000     
   55.000000000000000     
   54.000000000000000     
   61.000000000000000     
   86.000000000000000     
   53.000000000000000     
   60.000000000000000     
   55.000000000000000     
   82.000000000000000     
   86.000000000000000     
   60.000000000000000     
   71.000000000000000     
   98.000000000000000     
   67.000000000000000     
   93.000000000000000     
   63.000000000000000     
   64.000000000000000     
   96.000000000000000     
   85.000000000000000     
   64.000000000000000     
   95.000000000000000     
   71.000000000000000     
   69.000000000000000     
   94.000000000000000     
   79.000000000000000     
   68.000000000000000     
   50.000000000000000     
   97.000000000000000     
   83.000000000000000     
   72.000000000000000     
   99.000000000000000     
   88.000000000000000     
   72.000000000000000     
   84.000000000000000     
   88.000000000000000     
   54.000000000000000     
   83.000000000000000     
   83.000000000000000     
   62.000000000000000     
   80.000000000000000     
   68.000000000000000     
   99.000000000000000     
   57.000000000000000     
   75.000000000000000     
   51.000000000000000     
   54.000000000000000     
   85.000000000000000     
   71.000000000000000     
   92.000000000000000     
   64.000000000000000     
   80.000000000000000     
   78.000000000000000     
   61.000000000000000     
   98.000000000000000     
   61.000000000000000     
   52.000000000000000     
   92.000000000000000     
   55.000000000000000     
   55.000000000000000     
   83.000000000000000     
   73.000000000000000     
   56.000000000000000     
   80.000000000000000     
   82.000000000000000     
   71.000000000000000     
   93.000000000000000     
   93.000000000000000     
   92.000000000000000     
   58.000000000000000     
   88.000000000000000     
   50.000000000000000     
   58.000000000000000     
   54.000000000000000     
   73.000000000000000     
   82.000000000000000     
   59.000000000000000     
   80.000000000000000     
   81.000000000000000     
   74.000000000000000     
   99.000000000000000     
   70.000000000000000     
   89.000000000000000     
   69.000000000000000     
   68.000000000000000     
   61.000000000000000     
   88.000000000000000     
   75.000000000000000     
   60.000000000000000     
   72.000000000000000     
   54.000000000000000     
   86.000000000000000     
   55.000000000000000     
   66.000000000000000     
   94.000000000000000     
   69.000000000000000     
   65.000000000000000     
   63.000000000000000     
   84.000000000000000     
   66.000000000000000     
   89.000000000000000     
   71.000000000000000     
   95.000000000000000     
   95.000000000000000     
   80.000000000000000     
   74.000000000000000     
   61.000000000000000     
   79.000000000000000     
   87.000000000000000     
   90.000000000000000     
   72.000000000000000     
   81.000000000000000     
   86.000000000000000     
   85.000000000000000     
   71.000000000000000     
   100.00000000000000     
   99.000000000000000     
   51.000000000000000     
   68.000000000000000     
   80.000000000000000     
   55.000000000000000     
   52.000000000000000     
   68.000000000000000     
   87.000000000000000     
   79.000000000000000     
   71.000000000000000     
   58.000000000000000     
   87.000000000000000     
   78.000000000000000     
   83.000000000000000     
   57.000000000000000     
   52.000000000000000     
   57.000000000000000     
   78.000000000000000     
   80.000000000000000     
   66.000000000000000     
   84.000000000000000     
           1
  0.50050050050050054       0.50050050050050054     
           8
  0.23456532865501478       0.54753729359737136     
  0.23168774950463367       0.55466420621896462     
  0.22059010793505865       0.55489523453033551     
  0.21246035905624291       0.55333303946780676     
  0.21016594318574561       0.53000630182646147     
  0.21832949136307830       0.53242106310559822     
  0.22674394823838728       0.52927827291837803     
  0.23019598624588611       0.53447322458978552     
           7
  0.33525657752995142       0.46720164999804581     
  0.32333031228433073       0.46896632331018290     
  0.31165603526037350       0.45180520843438848     
  0.32096084675848180       0.44475168141278731     
  0.32590668122941074       0.44128610315133615     
  0.33536584015351700       0.44438287573597618     
  0.33398064222052082       0.45057500947440465     
           8
  0.58500292992153080       0.83555826896014596     
  0.59210923434965501       0.84152764797190172     
  0.57940443551489595       0.83587169099835501     
  0.57467628906154866       0.84265198636042471     
  0.56670342901186743       0.83092987075668256     
  0.56247499373285514       0.82270758779212927     
  0.56955416515014190       0.81381753229394138     
  0.57898504373199533       0.81428346260007911     
           3
  0.67967967967967968       0.99499499499499500     
  0.66637019043001255        1.0046158485486150     
  0.69036405001177625       0.98150838517961025     
           3
  0.37137137137137138       0.46146146146146144     
  0.37021765827350656       0.45075710818575893     
  0.37928656212117745       0.44928940796899441     
           4
  0.96196196196196193       0.84484484484484490     
  0.95077480426331240       0.85314428966511791     
  0.95824690211153252       0.83069257935596363     
  0.96795724366451152       0.83283575705113699     
           8
  0.99223750662137133       0.39184716166952888     
  0.97930056590828884       0.39204478075657506     
  0.97759771126300932       0.38487328608701554     
  0.97484310538255936       0.37903371859538249     
  0.97563580923149473       0.37251957464199137     
  0.97959160039078130       0.36762188037124455     
  0.98614841905949535       0.37133896096011365     
  0.99603462176812918       0.36707219663263724     
           7
  0.18660090242715591       0.53988210747514276     
  0.18453371406950414       0.55415321850919608     
  0.16566221742102269       0.54708879394484144     
  0.15999188221560928       0.53742198149043197     
  0.16098303607139713       0.52600722162042557     
  0.18043562527411872       0.53083889269026951     
  0.18784874532196338       0.52552461406146544     
           4
  0.13838877201860839       0.52869174173773692     
  0.12103627660155580       0.52693003569237873     
  0.11134714937358342       0.50319452241101492     
  0.14002398825677675       0.50197722467473860     
           7
  0.34300353885685436       0.63357199277102005     
  0.33458915645118864       0.63796639425177548     
  0.31632696483277650       0.63015942748961939     
  0.31600768545998359       0.62103553522804988     
  0.32165822905541064       0.61318267195168719     
  0.34143876729140854       0.61529026237256301     
  0.34042304212181468       0.62338823840758650     
           5
  0.49002668285053230       0.89696623145117738     
  0.48469682253107949       0.90602659642613437     
  0.46858900716936480       0.89977313666505165     
  0.46397572341273158       0.88331971317717961     
  0.47330705166520309       0.88076819810500906     
           7
  0.20542805064203806       0.36622158447270781     
  0.19558483746088987       0.36824213663816774     
  0.18559326824835917       0.36627438450626326     
  0.17561877795516204       0.36774590763500187     
  0.18251891849530225       0.34350407637929503     
  0.19905400596620426       0.34623145178538639     
  0.20263742054491296       0.35364704261126551     
           8
  0.59951096733963261       0.92026210993542046     
  0.59368067298405869       0.93217591519914078     
  0.58647314011367235       0.92649683895977708     
  0.57381772266427211       0.93148725110587349     
  0.57255341845659669       0.92127378979660424     
  0.57522653010078184       0.91244675561699584     
  0.56922996594210151       0.90290161719770368     
  0.57975963027219701       0.90474989824593854     
           7
  0.32058181379704209       0.65827436408721895     
  0.30664416200693179       0.66681748231918769     
  0.30060853233536883       0.66244588683283778     
  0.29372748683891675       0.66098841271411057     
  0.29336335148726117       0.65425307565145963     
  0.30039567338434170       0.64575791732243049     
  0.31162626312073793       0.64264954427497401     
           4
  -6.6028069318201316E-003   1.8159985646980428E-002
  -1.5037967629891846E-002   1.9963331301631575E-002
  -1.5534612078287045E-002  -8.0270014938273963E-003
   1.1127486353119670E-002   4.1886084116958796E-003
           7
  0.28007038983018406       0.31119671342270500     
  0.26397084109777635       0.31783332709917472     
  0.25979825011263902       0.30283235135927378     
  0.26277157337923657       0.29777544210654106     
  0.25952766232353830       0.29276133160694295     
  0.26970291361838189       0.29371829073407685     
  0.27989281712001007       0.28884055864181546     
           6
  0.66135273002411654       0.39530135762108837     
  0.65867861263621785       0.38722485720780769     
  0.66424073680279705       0.37436084584159091     
  0.68761141813685944       0.37092308657745016     
  0.68217450609849983       0.37693731775287515     
  0.68766446046455254       0.38007533084821582     
           6
  0.24779615322312273       0.42927392548280069     
  0.24015208542318625       0.42899966841663512     
  0.22711014804519949       0.42917865499351510     
  0.21953524462707508       0.42541388379567535     
  0.22553023694068910       0.40854102218497501     
  0.24893456236826034       0.40334729856567408     
           3
  0.59706445669620622       0.15240389712187641     
  0.57254496247768782       0.16447159323564423     
  0.58166302458059060       0.13838832276230661     
           7
  0.67235446728336767       0.13305068632073744     
  0.66346911449545909       0.13130549752485407     
  0.66326626686174661       0.12531878146657374     
  0.66216101980443498       0.10987658318620562     
  0.67376499826290859       0.11146598722594477     
  0.67985463500722143       0.10969250582049392     
  0.68823381937637407       0.11244873995217942     
           5
  0.65807343666758755       0.65690467764035587     
  0.64866900094273328       0.65969876628379787     
  0.63681929456966124       0.65620496594983835     
  0.63193995984665641       0.64290731965605341     
  0.64420498195256326       0.63099496626423635     
           3
  0.40961608794198284       0.55215067805766338     
  0.40040040040040042       0.54454454454454460     
  0.39930846871256082       0.53231123563985150     
           6
  0.84550935934375071        1.0031598941172506     
  0.84829430191175237        1.0146795079932702     
  0.82426808791863582       0.99819504105324253     
  0.83225102870748047       0.99027339178889817     
  0.84274288040490564       0.98684058216610193     
  0.84090206802357415       0.99288597616521901     
           4
  0.85136586397704439       0.95877779076454173     
  0.84284284284284283       0.96496496496496498     
  0.82802288728720286       0.95517063548368297     
  0.83585408230389635       0.94931289148555520     
           7
  0.59594755639573149       0.97503225020553808     
  0.58152412610724213       0.98065010090857585     
  0.56766828723944818       0.97770418594837760     
  0.57152031759240995       0.96204714298211169     
  0.57836537806596366       0.95742837253694746     
  0.59171842546019804       0.95511806808750233     
  0.59696121067826968       0.96364066675588267     
           5
  0.55491849762617218       0.31159933380772264     
  0.54937700790452848       0.32463675656447194     
  0.53180224330287706       0.30558824202300072     
  0.53785236175887652       0.30137850688579720     
  0.55337105051711211       0.30088361990630808     
           3
  0.43017264599854277        1.4573525993160905E-002
  0.41682425614856561        6.2780277958873450E-004
  0.43585975732898674       -8.9212414734418030E-003
           6
  0.95083938316520344       0.85874914375766709     
  0.93487658888615155       0.86345708782207375     
  0.92595955966145682       0.86502647858908166     
  0.92527014993263279       0.84294458471889888     
  0.95541100569800497       0.83674999625559654     
  0.94938773059160997       0.85095082956099244     
           3
  0.89765847543215560       0.61861427514804135     
  0.89889889889889885       0.60560560560560561     
  0.90679965815086683       0.60297769859678307     
           4
  0.36336336336336339       0.13013013013013014     
  0.35135520304320600       0.14200311824407408     
  0.34850010920553920       0.11738739435259174     
  0.35824984842802027       0.11993958541836301     
           8
  0.64542055406906829       0.88385103080171545     
  0.62985722395128074       0.89034157973465466     
  0.62459594744389935       0.88615379494666147     
  0.62661487813742922       0.88012269762231210     
  0.62805419482562930       0.86966253399801341     
  0.63829263433909611       0.86122297827034799     
  0.64439363971452213       0.86145133199898005     
  0.65405156775707318       0.86501079719912577     
           8
  0.33410231041129168       0.20234884077340931     
  0.32648533283332964       0.21621486579709892     
  0.32198902798790013       0.21209494038929225     
  0.31181933827677161       0.21007614476828762     
  0.31155922194667457       0.18692818850510495     
  0.32875069201370932       0.19235089126597663     
  0.33606635687505448       0.18772044235196184     
  0.33547046693124161       0.19334779994503254     
           3
  0.82761605681231565       0.35889282087167734     
  0.82170318831527034       0.33799005765894641     
  0.84198056105499730       0.33977044953913743     
           3
   1.1323550900489074E-002   6.1062640832930441E-002
   7.0070070070070069E-003   5.3053053053053051E-002
   1.5379729163818422E-002   4.1734272336364509E-002
           3
  0.80180180180180183        9.2092092092092098E-002
  0.79270042652555839        8.3512958894460865E-002
  0.80422535719660582        8.0041435563648164E-002
           6
   6.6634808314874477E-002  0.34136561572280411     
   5.8411225880726239E-002  0.33833242273694952     
   4.8694888105444596E-002  0.32994611079387026     
   4.5521774349069073E-002  0.31737413943375209     
   5.4716596708044241E-002  0.32092883953053025     
   7.1766912596506707E-002  0.31735761285172692     
           5
  0.95217337503227906        6.7961638884090226E-003
  0.92920612439881822        1.5658571999626801E-002
  0.93018150932599730       -8.6902403498847966E-003
  0.94483009191149925       -1.1588394883070625E-002
  0.95813823458043645       -1.2329425457168546E-002
           3
  0.57069866853454321       0.28515889024735014     
  0.58581298633772816       0.26343649789746104     
  0.59484432354466943       0.26082209355642921     
           7
  0.84054465113831822       0.41040767921900845     
  0.83642578369835519       0.41600816995501294     
  0.82951286997827234       0.41464191390035793     
  0.82128695609402314       0.40393583039853026     
  0.82489941550640178       0.39531927941958139     
  0.82940998512571140       0.38709292878371432     
  0.83873597179907100       0.38930086756974469     
           7
  0.42125776073634508       0.94969953924177597     
  0.42061694076956713       0.95647099280476433     
  0.39720263296145691       0.95144980336028340     
  0.39753581708592384       0.94217652635908755     
  0.39689416985312115       0.93504411984411695     
  0.41130469106740858       0.93304599834606072     
  0.42103367895329341       0.93346017988055019     
           5
  0.65023199967360490       0.87366676020273937     
  0.64553952274132376       0.88122066083366546     
  0.62611375967581417       0.88609079925273959     
  0.62816730170245927       0.86304834230621064     
  0.63306424320617216       0.85714523865030323     
           4
  0.64016072191702778       0.63191230656557551     
  0.61843966820116281       0.63026507359762751     
  0.61869381382673239       0.61608698153106367     
  0.63251390146962305       0.61688609483178403     
           6
  0.74603039845977381       0.32902982918119139     
  0.72552959517585935       0.32195544952960542     
  0.71852379326138283       0.30349508551836651     
  0.72981831802586461       0.30354182425122173     
  0.74475176460525416       0.29856053267746413     
  0.74377349828249861       0.30599352090329479     
           8
  0.35592841037509215       0.63317056948824280     
  0.34911683733733079       0.63340042933789553     
  0.34674848440996220       0.62788523010029040     
  0.33989972845189875       0.63341757505246377     
  0.32936183943027764       0.61938406885769592     
  0.34606877754005477       0.61132032938639091     
  0.35130891334099118       0.60682596559404611     
  0.35944285117025393       0.61576826815750663     
           3
  0.61695051126670286       0.30412100414742110     
  0.62862862862862867       0.29129129129129128     
  0.64134766439286028       0.28413300523915358     
           6
  0.68683738358258317        9.3750357124218850E-002
  0.68225172556903357       0.10043771900848222     
  0.66307479104058942        9.6300832864298885E-002
  0.66218755660046102        8.9628897186873446E-002
  0.66700930904751976        8.0494971582583549E-002
  0.68667942237591262        8.5886828415608366E-002
           7
   8.2663556364049651E-002  0.61051537691153457     
   7.4207901561469530E-002  0.61450401273454425     
   6.2959454855711666E-002  0.60109642370024918     
   6.4222806438906710E-002  0.59529912536886542     
   6.3693714987346259E-002  0.58918425433282529     
   6.9116113016970487E-002  0.59132740899009917     
   8.4312481473051176E-002  0.59362331262466672     
           7
   4.7810029192610536E-002  0.35275328608587669     
   4.3671087612905314E-002  0.36759741481703401     
   2.3539647948510205E-002  0.36059449622040451     
   2.8766367210481855E-002  0.35119090136420728     
   2.9626454450187654E-002  0.34276491817290117     
   3.5856613342240731E-002  0.33936282401300627     
   4.6373077454845438E-002  0.33993758901005827     
           6
  0.48409574899206903       0.12139387203351518     
  0.46483766626541445       0.10840624579920376     
  0.45999516519641659       0.11544778711148358     
  0.46092605139358694        9.9491811449050366E-002
  0.46011002253718580        9.2124050897573292E-002
  0.47042609313932526        9.6446757921570328E-002
           4
  0.68420114517603225       0.28993256655457644     
  0.66920349267514168       0.28720584071453359     
  0.65487669919946279       0.27838545511130236     
  0.66377615914973687       0.26513539113368673     
           7
  0.52123687479533742       0.81085815625259927     
  0.51337589557513896       0.82032145323834016     
  0.50237184752652719       0.81798922182975586     
  0.49777296247174135       0.82295224097424868     
  0.49639910239885510       0.79911725026304725     
  0.50463936879176219       0.79895161612988053     
  0.52169184968517035       0.80025583624240559     
           4
  0.36229485323256827        2.9705561168879943E-002
  0.35597416864602832        2.4208291976266595E-002
  0.37896325693375177        4.2298430843928213E-003
  0.37893211915827263        1.6597703233370523E-002
           4
   5.5435828964828827E-002  0.19563096730135207     
   3.8176701796234551E-002  0.18751984654522996     
   4.8701343688158073E-002  0.16797959189862152     
   6.4743268911181664E-002  0.16973018726397152     
           5
  0.54249127815033293       0.95056981267306784     
  0.51691939454682867       0.95324405201509543     
  0.51863410497941553       0.93909322464224154     
  0.51586634206653081       0.93270595233821862     
  0.53725194993782688       0.93712552388338544     
           8
  0.28395188350230316       0.75455075515702730     
  0.27882430352663046       0.76006339429704761     
  0.27036085890589351       0.75917572168194070     
  0.25612472081193427       0.76143435275383153     
  0.26201021624909915       0.73193138585942796     
  0.27406964686344426       0.73093988019877387     
  0.28654588201653569       0.73956458176645068     
  0.28122700207355772       0.74410138616797306     
           7
  0.41649973925270445       0.88007255290754505     
  0.40514905109742927       0.88144144504083166     
  0.39693158217343755       0.88662264326233686     
  0.39031873358700886       0.88656447557428897     
  0.39576623796731220       0.86950498746163651     
  0.39653254320081982       0.86047439264733749     
  0.42107172315770364       0.86414698793274436     
           6
   7.0643696171927853E-002  0.90636771120392956     
   6.2360471066559932E-002  0.90929746562057567     
   5.1300074942439669E-002  0.90527686907016558     
   5.3547256809264449E-002  0.89102469893130753     
   6.1119379919767437E-002  0.87957263126677954     
   6.7524303818348674E-002  0.88284940804313461     
           8
  0.63719488925251921       0.49493152664664264     
  0.63457236223236768       0.50311597102053562     
  0.62736695882693172       0.50171502087241315     
  0.61505430787416815       0.50092412841867717     
  0.60832512185730869       0.49931383000193164     
  0.60702696649383181       0.48737623709450689     
  0.63100105615351709       0.47862539799406884     
  0.63677636438430862       0.48791353344260796     
           3
  0.66495317525084063       0.98905153755210962     
  0.66866866866866870       0.97897897897897901     
  0.68290782887198231       0.96448937114216560     
           5
  0.95091964436026255        7.5915245106166263E-002
  0.94082738519069076        8.3288116857760525E-002
  0.92618385943879811        7.6641099867513315E-002
  0.94441835134339325        6.0064055143108148E-002
  0.94961423921927501        6.8177806900719728E-002
           5
  0.56840597855747654       0.63134700418486034     
  0.56167975200092302       0.64796456379950174     
  0.55655655655655656       0.63263263263263259     
  0.56608810188797098       0.62336790491439520     
  0.57170503511033066       0.61783774545182213     
           3
  0.27488333787334690       0.45926699108433955     
  0.27027027027027029       0.44644644644644643     
  0.28131931669901206       0.44878347473372660     
           6
  0.60026681459660125       0.36191097570267589     
  0.58923465495468186       0.35978406553788606     
  0.57621841130576801       0.35063247800866754     
  0.57778516784304568       0.33925204732353997     
  0.59459196039715156       0.33931701314355206     
  0.60127838889431440       0.34707287863109976     
           4
  0.95519069553993352       0.17986703572185736     
  0.94192290466170847       0.16554120351353954     
  0.94510392338171678       0.15341294199464575     
  0.95748971153602513       0.15446091890286454     
           3
  0.39408392948768167       0.32153906509463231     
  0.37290914519100465       0.29959889176850346     
  0.39557757297652452       0.31030749127308282     
           4
  0.24727779668236569        1.0072537067144245     
  0.23422985708048333        1.0010886902711706     
  0.23903830095855449       0.98886018501146844     
  0.26108018295709606       0.99415204732386608     
           7
   1.0011534974594429       0.47474316957200241     
  0.98464282335333431       0.47267792894402400     
  0.97782750012705733       0.47290195307363170     
  0.98249569611110876       0.46691144284939323     
  0.97808663775729354       0.44808910944524283     
  0.98517966349233044       0.45146603305649030     
   1.0053505573351136       0.45982770986931459     
           4
  0.13975306449308600       0.59778983824644372     
  0.12060478300728256       0.60254776979839897     
  0.12811228655593523       0.57643563136963361     
  0.14040294588202906       0.58575475035711599     
           4
  0.76241609555292522       0.85855309414130510     
  0.73150012383411767       0.85174367291672415     
  0.75566306651335957       0.83435460907498493     
  0.76061351698695756       0.84544660500919644     
           4
  0.28896771172299107       0.47151774764995069     
  0.27894435059070044       0.47092365274002651     
  0.27077227412047894       0.45122103820337234     
  0.29488356204324595       0.44800063955451191     
           8
  0.43874462082979010       0.18955298371215942     
  0.44151800588525042       0.19589623229244360     
  0.42764740356843250       0.19691536023315945     
  0.41778529330811964       0.19645061618808521     
  0.42276856297168686       0.19192249397848962     
  0.41518780626895330       0.18431694234758686     
  0.42950008305058751       0.16973779045908025     
  0.43634760228431602       0.17493161094027573     
           8
  0.37395483788396444       0.17144296702401929     
  0.36794063307739644       0.18052937286664020     
  0.35091575618046866       0.17048865163525179     
  0.34933654645526990       0.16163910091703723     
  0.35217654713782132       0.15316670610170083     
  0.36291804705197106       0.15450322794656010     
  0.37928274105315063       0.16100056884845856     
  0.37272436656318308       0.16264659178375257     
           6
  0.65568786019371406       0.69672166711342320     
  0.64724158114122565       0.70072957807193004     
  0.64649300763601458       0.69265941705761136     
  0.65741911204355941       0.67697631762540955     
  0.66693824623571951       0.67970009779853846     
  0.67214902943425747       0.68606520679218208     
           6
  0.56021677540245585       0.79933134068221534     
  0.53672791684891896       0.80180742609108346     
  0.53370146573559762       0.79627477272453351     
  0.53347977540390223       0.78871674497864341     
  0.55089177007024492       0.78210501125046361     
  0.56283307435392793       0.78100712000369554     
           6
  0.52197119472774811       0.16460062736189540     
  0.51372718416259211       0.16486154117015989     
  0.50342801897652301       0.16106204006005487     
  0.50958458412042840       0.14972968269183187     
  0.50578532433598888       0.13845972221239566     
  0.53225773517425112       0.14528687856959982     
           5
  0.26693883260185952       0.62411307276250694     
  0.26770619015378955       0.63276879367325090     
  0.25648642162692820       0.62867848738845933     
  0.24414855294918170       0.61370657844893883     
  0.26278895182042211       0.61266099463554435     
           8
  0.47603706118701095       0.29414131919913067     
  0.45638979580547867       0.29461340928198348     
  0.44917503673841253       0.29353081076897458     
  0.45321700136612897       0.28740819917479582     
  0.45468026216499036       0.26972341613039008     
  0.46773348011648858       0.27006628057478405     
  0.47880889896138185       0.27447941450910279     
  0.47318642264432198       0.28138215533842442     
           7
  0.19689127190679376       0.10870961381987797     
  0.17454223555804027       0.10900836577858809     
  0.17543060278782718       0.10320730591582478     
  0.16868233778044009        9.6054327011509011E-002
  0.17579928852082280        9.1885528167342440E-002
  0.17899385524256112        8.6875992407627764E-002
  0.19265234901290060        8.1780944205786119E-002
           5
  0.46568926765646518       0.28453935490151394     
  0.45231963585067592       0.26020978499422570     
  0.44229229283023097       0.25571567853668542     
  0.46016767057406777       0.25377086949669903     
  0.46975809294889531       0.25718706518421192     
           6
  0.60497391246019971        6.0586423482032734E-002
  0.59363617379083033        5.9014785918199114E-002
  0.57924259394347544        6.2140339471854093E-002
  0.57840959692574412        5.3194813422020523E-002
  0.58893629441460149        3.6691185112632294E-002
  0.60568402287158873        5.2443193249983436E-002
           7
  0.35825190133112489       0.61334279479725551     
  0.36276713166423713       0.62042547837900219     
  0.34310844761386095       0.61805474918768233     
  0.33523414529759188       0.62417930983217829     
  0.33691832338189359       0.60105996612656321     
  0.33320936305096371       0.59488693689643768     
  0.34933021746758958       0.59970525323345225     
           5
  0.78690558984906878       0.12384940899377189     
  0.77594836685940305       0.12071116001675344     
  0.76575396455491684       0.11300109513531612     
  0.78202942605080894       0.10082191222818947     
  0.78890088111916346        9.8652017965227878E-002
           7
  0.54336552920802828       0.21086383036525566     
  0.53161179003727821       0.21318944157663314     
  0.51807252122660341       0.20534374167832115     
  0.51417611343743996       0.19992041501591448     
  0.51449036467861819       0.18756008189162754     
  0.52209509056957359       0.18836249266412805     
  0.53722543073293549       0.18383357715840407     
           7
  0.88737458633954336       0.46141349515812130     
  0.88658019378322861       0.47105732551759549     
  0.87376511356551101       0.47109785368764001     
  0.86431546401131343       0.47026610450232631     
  0.86432606355810337       0.45934193941635520     
  0.86425040160820932       0.44816320078683708     
  0.88101588739931136       0.44724481008221467     
           5
  0.82263822149001586       0.66450772796612190     
  0.80370341124978184       0.66473267207095743     
  0.80428215078340370       0.65446449237544968     
  0.80259604944536256       0.64525971048307529     
  0.81167967147331876       0.63906613567267612     
           7
  0.87683461892124692       0.72810430624246991     
  0.87777072220482921       0.73680831924212065     
  0.86871665944537091       0.73561585840114252     
  0.86232494101750845       0.73370088867953398     
  0.85612600214770307       0.72611744412892720     
  0.85667998971810455       0.70949630589208912     
  0.86695092592029555       0.71152814492612992     
           8
  0.59402687476900540       0.87906587652179058     
  0.59736840042759798       0.88607546865496734     
  0.59031707673896383       0.89032542965214845     
  0.57164441989272441       0.88491168028476930     
  0.57152708217724169       0.86654775868755596     
  0.57685912839716169       0.86271403153486226     
  0.59130943827959415       0.86769643760002313     
  0.59735256595102937       0.87203975161423608     
           5
  0.82852246078243752       0.24535084492465653     
  0.80207431188980638       0.23664092148586263     
  0.80295492349144015       0.22653818457689159     
  0.80239765398883534       0.21951167960269097     
  0.82322633615048624       0.22268287444877821     
           5
  0.19916138400849218       0.92246371289933560     
  0.17939224179963192       0.92281840259481474     
  0.17329259097932603       0.91384426544012187     
  0.17499829109866749       0.90581606000649073     
  0.18618618618618618       0.90990990990990994     
           6
  0.45350396719952674       0.46001875141932946     
  0.44091181829324760       0.45696266254723988     
  0.42834612731398203       0.45741987435841680     
  0.42715311332863526       0.44793310914871404     
  0.43878443451620069       0.43639489106832946     
  0.45111211251851452       0.43765107466589387     
           6
  0.57056934211331356        1.0026444412411879     
  0.56311858446213936        1.0056193473288702     
  0.55669500384158666        1.0038969576893915     
  0.54661886738645571       0.99863816906972014     
  0.54672877722825841       0.98669719171877635     
  0.56792445858725127       0.98171279541388168     
           6
  0.82986820368457559       0.66668379785709142     
  0.83426527238181158       0.67306672111927657     
  0.80790309811265759       0.65978989323612514     
  0.80700822970502861       0.65086103110061044     
  0.80367603840167767       0.64317499085976582     
  0.83401448660643651       0.64917844141344561     
           4
  0.14693317565154321       0.91790707560402462     
  0.13282996739680242       0.91698032991901712     
  0.12387146084060470       0.91469961939763589     
  0.13413413413413414       0.90390390390390385     
           3
  0.45483515150414067       0.96063620265174265     
  0.44744744744744747       0.95195195195195192     
  0.43946715982406775       0.94144178449997296     
           8
  0.98124798139471869       0.52563269331452145     
  0.97467676320242325       0.53199715054104335     
  0.96884563698791848       0.52992990275441521     
  0.95444567263427493       0.52028643310681677     
  0.95429686935949232       0.50878130898370577     
  0.96089446113367638       0.50451256392513188     
  0.97289995984925826       0.51092958434973301     
  0.98429010552855267       0.51097568045725728     
           6
  0.49477370657278558       0.40953721666456483     
  0.49776836406418373       0.41641491899495714     
  0.47457344872604484       0.41184338663278769     
  0.47425371874954675       0.39514619789794075     
  0.49118576974245232       0.38913972544684527     
  0.49747304526607955       0.40034311822389079     
           6
  0.13940938985822993       0.68149080552166907     
  0.13727907087670371       0.67461463502083241     
  0.12770983796942945       0.68070011586014378     
  0.12801116113380714       0.67164013526593636     
  0.14332460138638056       0.65631886870141254     
  0.15759081796733140       0.65540070720187915     
           4
  0.30053408570051560       0.54266972616029174     
  0.28728728728728731       0.53453453453453459     
  0.27742091302643662       0.52542833008901979     
  0.29775628313516733       0.52510497155531100     
           6
  0.39923907313140844       0.19659166349999380     
  0.38846555046361558       0.19274917380152773     
  0.38836937800388088       0.18348000092141784     
  0.38732805874046095       0.17107132932427499     
  0.39489887130263385       0.16910466720783984     
  0.41483533390151212       0.17635434408545336     
           7
  0.15180039759488828        2.7611537421177616E-002
  0.14285546254788234        3.2844642568777171E-002
  0.13254162195571703        3.4489921849480326E-002
  0.13223750086045852        2.8036869460426335E-002
  0.12877749890056517        1.5038935218806934E-002
  0.15586033209234765        8.3906132856294280E-003
  0.15285716547207134        1.6058938555681461E-002
           3
   2.1595691029824719E-002  0.26038913699308924     
   1.8549765759967501E-002  0.24267224803849485     
   2.9029029029029031E-002  0.24824824824824826     
           6
  0.32279130805988543       0.64819618507939247     
  0.29977725694612928       0.65827770414163989     
  0.29790872325111595       0.63957605772334158     
  0.30423100103313222       0.64033837195625187     
  0.31560193397001768       0.63259381970614192     
  0.32304889535687736       0.62883868194537007     
           6
   3.2396191633334036E-002  0.97195671802346228     
   2.5414710080971199E-002  0.98410718408617315     
   5.1376382426243702E-003  0.98738404170060978     
   1.7124333336609603E-002  0.96137471592920443     
   2.6159492824550622E-002  0.95997780568952584     
   3.4169463217813778E-002  0.96517763925324462     
           4
  0.30927363990361906       0.48563620205619940     
  0.30154699446984173       0.48399847159081166     
  0.28428431491584327       0.47920599200860636     
  0.28540481265174217       0.46736022332613880     
           4
  0.44138463063625971       0.22931506290863793     
  0.43348743786306959       0.22886121005255253     
  0.42466754158775810       0.22433093189175898     
  0.44343608076293695       0.20262583453322247     
           7
  0.33803132320577439       0.36260339574789380     
  0.34139341463581874       0.36863220402948577     
  0.33958460283598640       0.37681091865767136     
  0.31510935432677573       0.37623325916132039     
  0.31364930724152246       0.35339555282302226     
  0.33427298983889003       0.34592432583674998     
  0.34273089026439019       0.34816608309998176     
           5
   8.6750052011913020E-002  0.66896141867471715     
   7.1370048297683286E-002  0.66846328176662895     
   6.7034492200739704E-002  0.65603351769589180     
   6.6283760645974313E-002  0.64320480915194622     
   7.6800572205320314E-002  0.64961911152994989     
           8
  0.12417382627581385       0.65258449082077785     
  0.11526686875120848       0.66586998833506506     
  0.10150860753762683       0.66429855850851982     
   9.6674678445483789E-002  0.65785035816522464     
   9.5074842433994125E-002  0.64896451839720781     
  0.10654324718281863       0.64081556019498342     
  0.11220538183514252       0.63870284219800588     
  0.12305584442527616       0.64369116210663646     
           8
  0.33974074254492587       0.45050334871628239     
  0.33428879452065879       0.45590209539265464     
  0.32782219919234318       0.45600271299308281     
  0.31878843845707217       0.44939666802662748     
  0.32145001417390712       0.43575605085922253     
  0.31862402145868890       0.42756602199577937     
  0.32438192082927436       0.42786956594029762     
  0.34345261683264178       0.44262766698743983     
           7
  0.25080360589547596       0.95194366049747892     
  0.24214182839432838       0.95792514790637617     
  0.23643613934576704       0.95279032895312532     
  0.23266476212563192       0.93746575677285038     
  0.23792185043093123       0.93428601182857585     
  0.24667944274676637       0.93156275699292412     
  0.25550312031909472       0.93662171145352524     
           5
  0.10696908183456068       0.49788588440449266     
  0.10753959186364352       0.50686337857733255     
   8.2919793594911070E-002  0.50324584328472466     
   8.3410315787552258E-002  0.49136300628449958     
   9.8048902683359182E-002  0.47802625170364293     
           4
   7.2781888146995710E-002  0.55674752570054542     
   5.4977252822389890E-002  0.55021210417797772     
   4.7256114106909719E-002  0.54659041413960030     
   7.7685192102243866E-002  0.53173097967367811     
           7
  0.48519139418343366       0.21096050139602893     
  0.47864587476800552       0.20807922279920632     
  0.47173337850346553       0.21372914205288371     
  0.46684521912040261       0.20967439081867806     
  0.46307160654902235       0.18829206159264938     
  0.47564658778869656       0.18641729981428265     
  0.49276470343760947       0.18793215911018801     
           3
  0.26726726726726729       0.48648648648648651     
  0.26040193710245996       0.49706227464945996     
  0.25518257416461559       0.47254465245837080     
           8
  0.19376335438584977       0.69005837000404213     
  0.18977223758649989       0.69996206701854358     
  0.16850702090616579       0.70220259678727404     
  0.17223765229946472       0.69445967528294916     
  0.17448531188721650       0.68823656076425588     
  0.16850020341943128       0.68215647123363687     
  0.18287836800661897       0.67204097069738089     
  0.19956730296642644       0.67651620299626536     
           3
  0.12030097215845105       0.38134587787236096     
  0.11080002565423759       0.36918465570786035     
  0.13212845282805558       0.35792198466927383     
           3
  0.35132738188865492       0.59464319831299572     
  0.32968630299355206       0.58212575066152861     
  0.34712103972046077       0.57959833289471385     
           5
  0.32945987606180394       0.55870397866660704     
  0.30850240316441052       0.56526049003615497     
  0.30114503122354197       0.56217946268190222     
  0.30582068255066702       0.55544373817167303     
  0.31729079845781755       0.54454242662328856     
           5
  0.10327919207971607       0.38566730177340003     
   9.3701700525693682E-002  0.37899687204090937     
   7.6658987775033188E-002  0.38430687043342404     
   8.0910725199697511E-002  0.37451502807030823     
  0.10341262220819869       0.35937849534891442     
           3
  0.41741741741741739       0.22522522522522523     
  0.40545033280627335       0.23419824544449183     
  0.43087477430800863       0.21138432548794947     
           5
  0.12132813470244533       0.58534012651578426     
  0.11227803836493369       0.58778773667003081     
  0.10032041491368998       0.56670370937128611     
  0.11497640763222194       0.56230049535104898     
  0.12621321340476430       0.56912966781793395     
           6
  0.47283604877748009       0.23296580092583732     
  0.45603324629952074       0.23693846224000145     
  0.44350682849705719       0.23571233861106614     
  0.44903182079355858       0.22900881346859359     
  0.44921697159332158       0.22117096331632474     
  0.44454018507003129       0.20882744587769067     
           7
  0.33656324734751503       0.34903634389474741     
  0.33082244001465938       0.35239255609686648     
  0.31294664028106900       0.34724498334779091     
  0.30834771456512422       0.35152461039486771     
  0.30951336888778941       0.34234260354980972     
  0.30669067577205544       0.32658536055604909     
  0.31709461157281138       0.32660426817101745     
           8
  0.30288176867230104       0.46733460647302699     
  0.28711917230167611       0.46500712505377423     
  0.27887132806863502       0.46385916537865918     
  0.27935094213869760       0.45771426018524169     
  0.27658693817459989       0.45148005748150827     
  0.29019447472323484       0.44076535002815065     
  0.29766045319176998       0.44151239067663861     
  0.29824773327092136       0.44873799437265854     
           3
  0.37195465521292220       0.57084755838190571     
  0.35273772851977891       0.55630997808953020     
  0.37429525882895787       0.55114516068030917     
           5
  0.13521192673108673       0.62266765785209488     
  0.11458975917642313       0.62409041623346817     
  0.11100420965942863       0.61230470896905942     
  0.12179707581337847       0.59462346586665737     
  0.13447361301500685       0.59796302477830421     
           6
  0.22624574071352815       0.49466215236789152     
  0.21965740263258993       0.49689876315513964     
  0.20480564075566601       0.48823603050561448     
  0.21397912780397779       0.47983786892355895     
  0.22382040845753151       0.47684911680883563     
  0.23082517947736486       0.47798323455090574     
           6
  0.36191336351075909       0.24205004188030330     
  0.35443991435033323       0.24179024794873458     
  0.33821228289406191       0.23854233215774220     
  0.34423554472064866       0.22411830511428726     
  0.34014596525957486       0.21777319574672105     
  0.36602993122542288       0.22930985937051757     
           3
   8.9076042857453241E-002  0.60104818046942465     
   7.3111867727793295E-002  0.58254816836524892     
   8.3314832074957365E-002  0.57660152787766827     
           7
   2.8906945474891501E-002  0.72605925357133438     
   1.8570964742310861E-002  0.73373668886324772     
   9.4494635799260551E-003  0.73353147795191587     
   3.4261032773244306E-003  0.71478862728192949     
   1.1561042726956905E-002  0.70905337206817409     
   1.9474835231171488E-002  0.70489278227323959     
   2.5864840798544612E-002  0.70953149708287022     
           5
  0.34391560400844828       0.34769874070664714     
  0.33581996074416959       0.35213736521098254     
  0.32880348215729810       0.34330491624456755     
  0.33433206380255964       0.33390399305101870     
  0.34434434434434436       0.33733733733733734     
           3
  0.23323323323323322       0.47247247247247248     
  0.22340471929497221       0.46944888317168143     
  0.24750271933883983       0.46348164317753371     
           4
  0.21475064891925541       0.50792877229202604     
  0.20683864591689885       0.51065372848389112     
  0.20304473617836621       0.49476661556819879     
  0.21953421669357784       0.48726087863024287     
           8
  0.14688244002060297       0.59321962608163592     
  0.14389045099296008       0.59967900275561592     
  0.12089254665871176       0.59753332302716877     
  0.11896471748976506       0.59062996880276819     
  0.11878980967760779       0.58155096365791026     
  0.12358734179399262       0.57499922772209988     
  0.14769286173107385       0.56937166764496883     
  0.14214921977070910       0.57774820554642425     
           6
  0.20035515640751700       0.33754825673772615     
  0.19194264906676142       0.34194508283267416     
  0.18570647701881587       0.33881943990077351     
  0.17354491377601239       0.32490459093552332     
  0.17708437827889162       0.31842245790867535     
  0.20287976409352682       0.32224671265481636     
           4
  0.16645739879795035       0.36251448343788423     
  0.16355201771591299       0.34353940934714927     
  0.17325080856500374       0.34062065477913894     
  0.18790149986667271       0.34165190153540931     
           6
  0.29301264772337937       0.70250015098777630     
  0.27944267063997552       0.71424096395997494     
  0.26625857730163471       0.68858907469133601     
  0.28026808623716049       0.69030092887927608     
  0.28746985558270277       0.69364781705652367     
  0.29516829945797390       0.69397882367394914     
           8
  0.25633352401076726       0.65255843410182113     
  0.25963010124542285       0.66040285706952773     
  0.24824906501571070       0.65590032343640137     
  0.24250241346666751       0.65556816816691654     
  0.23732222747470491       0.65926164879025595     
  0.23578698396653902       0.63306931580025416     
  0.24531352142438081       0.63417261696212002     
  0.25796779804286840       0.64152005099880205     
           7
  0.23050777766403172       0.84976483347942011     
  0.22445169974365198       0.84834922477074837     
  0.20997184817195952       0.85104830860911362     
  0.20147358697536855       0.83221068957333355     
  0.21184926312395974       0.82994649321992464     
  0.21034708510585409       0.82378539904508918     
  0.22096692207829541       0.82859929611135730     
           6
  0.43908899756376374       0.69143844481960115     
  0.41307231893125285       0.68673717709444160     
  0.40914575827349753       0.67872324930363193     
  0.41470075144714957       0.67205580513617535     
  0.43660121453670836       0.66390441399970168     
  0.43893975854985690       0.67260985323608979     
           6
  0.44887141536689285       0.68210295152093725     
  0.44189081405304970       0.67753579505369843     
  0.42282122177050080       0.68132792980278234     
  0.42420539431153670       0.65790203338830344     
  0.42981351421670216       0.66180540849859093     
  0.43358733360092017       0.65515184975738572     
           4
  0.46823769804610416       0.55934453223710134     
  0.44594284558964747       0.55647001342954783     
  0.44279033578600674       0.54355897104262896     
  0.46456725731788223       0.53882284776794587     
           5
  0.36486315367626515       0.24004204934745296     
  0.36676678054866446       0.24983069280284645     
  0.33904361686476192       0.23996527754308311     
  0.34620549378356852       0.23458776752527349     
  0.35394470083013263       0.22676598478181295     
           3
   9.1000888924579471E-002  0.40128930732854384     
   9.2757925084996751E-002  0.37373578698861770     
   9.6096096096096095E-002  0.38738738738738737     
           4
  0.47542091760137672       0.54729817773522027     
  0.46091452636948588       0.54511027125386746     
  0.45016766676872871       0.54822887059012082     
  0.46246246246246248       0.53253253253253252     
           4
   3.2379148335096058E-002  0.99248586715991061     
   1.2610037792342207E-002  0.99337276910592165     
   1.3094464978515581E-002  0.97358653239412951     
   3.4697720411667965E-002  0.98064088166330854     
           6
  0.35878536693837382       0.66163583223975997     
  0.35749422142075521       0.67297734467847581     
  0.34793009977229339       0.67043237838602365     
  0.34194889757846120       0.66698145252211671     
  0.33020125649568149       0.64575046292621263     
  0.33997510127020591       0.64379137988251256     
           8
  0.12655206380311906       0.37739903435720606     
  0.12825480014805107       0.38258225508617805     
  0.11625132137201727       0.37860256731538994     
  0.11314782204355378       0.37010400662610576     
  0.11808056639467332       0.36721532404458418     
  0.11323157409668425       0.35969415369494406     
  0.12903112705859118       0.35291523817098869     
  0.14195175912524283       0.36222432049946696     
           6
  0.11413958385857510       0.61492366979018698     
  0.11303388352692280       0.62337508099700945     
  0.10219679954392581       0.62265847191700185     
   9.1787240837555475E-002  0.62267076363419305     
   9.0156589918677255E-002  0.60006743668251528     
  0.10832456646240246       0.59999120973180498     
           8
  0.25482885074147021       0.37825545967837410     
  0.24703266289889589       0.37375474380888568     
  0.23859922751938775       0.37304372723033463     
  0.23144410422684525       0.36588226854478340     
  0.23862410705681067       0.35002903406352648     
  0.24774212948170052       0.35479068655907153     
  0.25197533103798586       0.34858441766062659     
  0.26014888582233658       0.36162126643618103     
           4
  0.36864724310383834       0.50162989272299285     
  0.35502402330703731       0.50085057889742701     
  0.35635635635635637       0.48848848848848847     
  0.35779190070507594       0.47765021185314721     
           4
  0.27488005033634355       0.42431247842509789     
  0.25076480486929181       0.42404201294229793     
  0.25138367676130174       0.39501897139372860     
  0.27381205889344490       0.40478956496303159     
           6
  0.49616973485354166       0.26889867452125765     
  0.49350978533360718       0.27835899166475481     
  0.47411568058271442       0.27960997122093456     
  0.46751458352609260       0.25647722567952369     
  0.47511573728068029       0.26026632318237480     
  0.49106033038654384       0.26476917465047095     
           8
  0.20765265789900317       0.50419931316790756     
  0.19468553243111503       0.50127041953229412     
  0.18860895640027367       0.50197277293619069     
  0.18809862617764006       0.49605996316377837     
  0.18144454184950271       0.49621209385961051     
  0.19466010039497164       0.48348747537319259     
  0.20000724886777629       0.48138298180361178     
  0.20546887659566992       0.48111205732368084     
           4
  0.30523698260849280       0.34702757037770460     
  0.29103262843706090       0.34777813473894986     
  0.30877163653383233       0.32271764330252828     
  0.31558172641510340       0.32907216365203118     
           7
  0.25385979720412366       0.90154880729003029     
  0.24356640996726495       0.90032392456746901     
  0.23155013409295974       0.90184594546589270     
  0.22972063533058537       0.87745679395982912     
  0.24010748798594722       0.87396539891463942     
  0.24928902525404903       0.87482011601997700     
  0.25800625472978456       0.88697801691175926     
           7
  0.46485455515718455       0.22133949103207096     
  0.46702314243755472       0.24115513358288523     
  0.44182326783540404       0.22533818380797954     
  0.44012414832329944       0.21791948974769318     
  0.45080903427229829       0.21309883923124681     
  0.45809124201396595       0.21336682385509712     
  0.46543897263792455       0.21196519455850235     
           8
   4.5422919945702474E-002  0.99743348706467228     
   3.6935470009795579E-002   1.0027417696912810     
   1.7875241048611646E-002   1.0063442899668722     
   2.1879839890864686E-002   1.0024507487087042     
   2.3574372880007320E-002  0.99580733400952759     
   1.7909908465071917E-002  0.99027552312575506     
   3.0032834142317864E-002  0.98504463438549728     
   4.6966783854333560E-002  0.97943814268754592     
           8
  0.29930221520152334       0.53586314805561841     
  0.29899138770035777       0.54274269691033838     
  0.29005529960294441       0.53910752720621691     
  0.28121890701770114       0.54092989000123881     
  0.27797410799037930       0.52099164042439983     
  0.29291147630992959       0.51889945306974572     
  0.29862241795555039       0.51777929680834289     
  0.29552929612961271       0.52613646441456985     
           5
  0.50462213680544388       0.25139209978400745     
  0.49024124682007419       0.24721362440575972     
  0.48271552795266937       0.25078702254599017     
  0.48020190271214319       0.23008798855548299     
  0.50410230017701363       0.24326408444109521     
           3
   6.1976013059924097E-002  0.70574535088010304     
   4.2749937840812366E-002  0.69500745129073183     
   5.2204652372590012E-002  0.68643090467042767     
           8
  0.45374277053367706       0.19824308664622442     
  0.45059536666225170       0.20812386434039820     
  0.44744335377289629       0.20356446034644102     
  0.44029626994423282       0.20547510575160077     
  0.43018136966998566       0.21046042719690838     
  0.43257044932595207       0.18618825800637509     
  0.44588388526778144       0.17987589093795445     
  0.45341966666413736       0.18786446022313941     
           6
   3.0675962366039158E-002  0.93342557962538142     
   1.1914380577807287E-002  0.94601631407800169     
   2.3833770690766202E-003  0.93287567828867768     
   8.6617376886446787E-003  0.92029344386716627     
   1.4744089071430129E-002  0.92212205659486146     
   2.4658262401970110E-002  0.91528066467935543     
           5
  0.29043815666970307       0.28718407158979364     
  0.27654864612161623       0.28553046990458869     
  0.27593487564228469       0.27424578901444641     
  0.27857220006668287       0.26266698716490833     
  0.28815879173773717       0.26472412719786809     
           3
   8.8786078519898920E-002  0.92803784049862403     
   7.5075075075075076E-002  0.93293293293293289     
   6.0254966163328406E-002  0.92056114736717054     
           4
  0.16878220935804927       0.57292234070622106     
  0.15328597674097125       0.57269609614864458     
  0.15328852454189382       0.55249340359212229     
  0.18089878602498027       0.55551900959605216     
           8
  0.38247560296477351       0.36593426171309124     
  0.38250031513259047       0.37161837890898947     
  0.37620072419355055       0.37401233860836580     
  0.36019052312658001       0.36974918139964708     
  0.35523260401542633       0.35917895939045241     
  0.35889583192949354       0.35301025035343175     
  0.36499081962949015       0.34663490713245376     
  0.37981411559901673       0.34954800412060993     
           6
  0.16361132448711138       0.71536978408926744     
  0.15619274896195368       0.72352922951017951     
  0.14199131615758759       0.71035562748452274     
  0.15758633581588369       0.70077073325177142     
  0.16696077758963104       0.69805696964918518     
  0.16947165367505848       0.70406274522583223     
           3
  0.32832832832832831       0.27727727727727730     
  0.32670738351778644       0.29175736178771466     
  0.32954425995301845       0.26228753360573975     
           7
  0.35685416989066393       0.41205403484334507     
  0.34738172129745210       0.40618033291778988     
  0.34124559568611351       0.41441020949683510     
  0.34408691369630046       0.39656634892012776     
  0.34818297543533444       0.38581193864047980     
  0.35863928098918318       0.38367912921799857     
  0.36366111254541139       0.39702491034134707     
           8
   6.6075271506995714E-002  0.65667641727351767     
   5.7690307266362040E-002  0.65131325715242572     
   4.9472428722648065E-002  0.64960997670219900     
   4.1430814013593678E-002  0.64826458026226774     
   3.8698344781189553E-002  0.63633416050565872     
   4.4163495150651544E-002  0.63224469020314178     
   5.1747273090478850E-002  0.62760459100651222     
   6.4291300623088590E-002  0.64119132722266159     
           8
  0.25048652274717775       0.53747381033276864     
  0.24215802737694975       0.53582921518963711     
  0.22650252783255834       0.53730598641057203     
  0.22988832012532781       0.53202190721039488     
  0.22264146615343905       0.52722069597081100     
  0.22214802513230314       0.52155857379123527     
  0.23930491481331187       0.51300097257098942     
  0.25043519799027053       0.52567698692969023     
           3
  0.42142142142142142       0.34634634634634637     
  0.41569825935053861       0.33114857719248270     
  0.43333563782277279       0.33114750936383114     
           7
  0.31927296010261003       0.12006513526656865     
  0.32385926091757661       0.12418133679602135     
  0.29588966934845096       0.13215891028254523     
  0.30025554135481519       0.11840771135905921     
  0.29340814300402673       0.11524557045148819     
  0.30369147736730884       0.10507076362669246     
  0.31663618089871698       0.10929566681419538     
           8
   9.6502027168426513E-002  0.73856969322603361     
   9.6856746138179212E-002  0.74460285630160128     
   9.1243399681987136E-002  0.74739221208006112     
   7.8372122631837376E-002  0.74828631749300278     
   6.7153756672839626E-002  0.73625717795997259     
   6.8062765170888995E-002  0.73074420914320859     
   7.7870171792153747E-002  0.72564684030587234     
   9.7564298051429910E-002  0.72497073919005728     
           8
  0.35674387116245987       0.48231138857055833     
  0.35025656423425616       0.48094185149347685     
  0.33407338860174007       0.46857997361199771     
  0.33018768766902201       0.45403603524088576     
  0.34007069748620022       0.45912992688147836     
  0.34593512674525856       0.45370920052292690     
  0.34827537148364612       0.45948693752060243     
  0.35373702241085125       0.45960592386925853     
           6
  0.41705377851481290       0.36522892846278532     
  0.42208657054981424       0.37371672833998315     
  0.41076566728771363       0.37149165876266083     
  0.40590612432143336       0.37571615442879797     
  0.39326408374765887       0.35343738456855461     
  0.40930185467980146       0.34839039575816111     
           6
  0.11237514851040990       0.66117220761649309     
   8.7630697156702686E-002  0.67380029232967387     
   8.9006274536246072E-002  0.66347447336509791     
   8.6706956875735694E-002  0.65229872496688901     
   9.1468960662563215E-002  0.64734638945018241     
   9.7954399070381046E-002  0.64882349573315345     
           5
  0.41182676846112420       0.20125843662724108     
  0.41007126028572133       0.19146921844228779     
  0.40839070855755710       0.18100135575741710     
  0.41043761229417369       0.17243632362601014     
  0.43020534580151309       0.17991737880030692     
           5
   5.0192275825042723E-002  0.96285055175392487     
   2.5130212660945409E-002  0.96286967417896363     
   2.7345572057114270E-002  0.94947769235309254     
   2.2136559108380711E-002  0.94135338049192263     
   4.0505345943118228E-002  0.94453404216851056     
           7
  0.26257637645844295       0.34402432244839581     
  0.23857405294317074       0.35092562066499550     
  0.23584934812853878       0.34344460508066865     
  0.23576802441675146       0.33164400830443691     
  0.24211980479696774       0.32406782918830807     
  0.25061898417858036       0.32682559255228283     
  0.26211844596751910       0.33646364625384284     
           8
  0.24262004249300506       0.40099148146265662     
  0.23551234173339144       0.40306575043800685     
  0.22665124295257652       0.39930437156352833     
  0.22359962824599905       0.38050049364456362     
  0.23015621848733661       0.38037839531590273     
  0.24035367511838371       0.37639894404309293     
  0.24494559823733797       0.38047383470087176     
  0.24217100127097455       0.38527379090319158     
           5
  0.51103495949632183       0.32077147367133807     
  0.50256421115710703       0.32317736992273433     
  0.48354651322518766       0.31682769843477099     
  0.49430855989351669       0.31686381313022843     
  0.49849849849849848       0.30830830830830830     
           5
   1.3505559884409261E-002  0.95394384206520755     
   7.8305959981452566E-003  0.96101816454758560     
   3.2006695748863483E-003  0.94845756506149514     
   1.0436995476168772E-002  0.93387245027493404     
   3.1389862026267631E-002  0.94443243391877685     
           3
  0.35697637842467722       0.71384716995402953     
  0.34881582667100641       0.69876971849812541     
  0.36236236236236236       0.70270270270270274     
           4
  0.44067358859784006       0.26062680173447900     
  0.43120170334730262       0.26422120013801054     
  0.41870074603352198       0.24974443116933262     
  0.42024144149728376       0.24152061653663576     
           6
  0.11066505755263363       0.52116701069652105     
   9.1013599831001643E-002  0.51420202338508114     
   9.3935909880592486E-002  0.50258434183725997     
  0.10280007628245035       0.49487964491846531     
  0.11488406463731676       0.49697679689643542     
  0.11638628041116468       0.50377245183152042     
           8
  0.25841506766787997       0.52790468381208755     
  0.24793069426338496       0.53097799738792550     
  0.23475967233573139       0.53594655955374948     
  0.22969819057353613       0.51794738469295709     
  0.23543547908001691       0.51847384027131949     
  0.23620185841632224       0.51068869117768123     
  0.24319715617852122       0.51016472451419648     
  0.24734984827336451       0.50584296439188947     
           8
  0.58540821078556782       0.29301927578714293     
  0.56507464134547314       0.29209468075608386     
  0.56843411420275469       0.28562492794424349     
  0.56562120915681779       0.27681681737406871     
  0.56346466827669395       0.27039427577745634     
  0.57603409450652510       0.26969183755887244     
  0.58252689145421721       0.26879675818571430     
  0.58561171018640201       0.27844845052919864     
           3
  0.26926926926926925       0.48548548548548548     
  0.27215423816257406       0.47651083083564127     
  0.28123241422185341       0.47332223446625865     
           6
  0.26570944789995221       0.64846047327405443     
  0.25098649992873462       0.66197124332264601     
  0.24479288218273423       0.64928455257035289     
  0.24839794314244457       0.64236937291878127     
  0.24230013660137170       0.63288024550264810     
  0.27001386513555387       0.64172805606706562     
           4
  0.11807928503238503       0.61753740683225156     
  0.10610610610610610       0.61861861861861867     
   9.6245515003672455E-002  0.61217458369546629     
  0.11648322459512189       0.60908406042719909     
           8
  0.28242042254120592       0.51323416532395794     
  0.27361057921284015       0.52010480982509633     
  0.25745788815064696       0.51590844406519576     
  0.25609260042146109       0.51010166860228878     
  0.25724302964200957       0.49712570112988580     
  0.26101129121368455       0.49159736097170181     
  0.27325098561431760       0.49516734367730247     
  0.28158189861399924       0.50593324571609832     
           8
  0.43531252076656646       0.47426070081350680     
  0.43182766279138579       0.48467279627141224     
  0.42563649219856747       0.48160361771972793     
  0.40871661261219211       0.47159238040676493     
  0.40966439360158607       0.45598105566777658     
  0.41430507691902108       0.46026202758525142     
  0.42295225445218798       0.46099320897308654     
  0.43914801894677713       0.46435355239883958     
           3
  0.20672821788298124       0.48063974298618195     
  0.19343763458363541       0.46138318497227965     
  0.20620620620620619       0.46746746746746748     
           5
  0.13540359914238229       0.67581516210124792     
  0.11192425744240286       0.68068204859608339     
  0.11091647807368650       0.66476614332449080     
  0.12556483217311654       0.65802782338211507     
  0.14113776985802501       0.65545269839556397     
           4
  0.23776461637556787       0.80490069267010300     
  0.22764019029673219       0.80734477305130403     
  0.22150008583472033       0.78021389769513971     
  0.23297130537464636       0.78786134220549142     
           4
  0.25664989715353520       0.31468407909108898     
  0.24124124124124124       0.30530530530530531     
  0.23315030445024526       0.29431026625580031     
  0.25061357816454177       0.29872712555052899     
           4
  0.13082494997627117       0.44470524619584056     
  0.12897942346842753       0.43454389856680820     
  0.12231144945863062       0.42183468892809756     
  0.14574417979452392       0.42136538951258407     
           8
  0.21252290902293358       0.40788264069414204     
  0.20006178758298118       0.40117978520617942     
  0.19462806566272492       0.39778674868260372     
  0.19930535787524567       0.38711759368636406     
  0.20439345501455733       0.37976454177718838     
  0.22044475048498957       0.38144192868491722     
  0.22588019205971435       0.38222540653010761     
  0.22562569520155754       0.39050033250365435     
           6
  0.38486732890818570       0.63231196234176423     
  0.38040166185712138       0.63893278553378163     
  0.37191198801555003       0.63837567698832298     
  0.35839146895887375       0.63053917923412250     
  0.36378116618691908       0.61878041438228604     
  0.38455341377088487       0.61880940200272661     
           3
  0.22291346696709499       0.35533733480933871     
  0.21921921921921922       0.34434434434434436     
  0.23280669431279891       0.34308648039531014     
           4
  0.11159957771947751       0.42344056957915754     
   9.9362893462529245E-002  0.43895028045329282     
   8.8046176568283133E-002  0.41255012141287051     
  0.10431880873131681       0.41584192381541513     
