   996.00000000000000     
   69.000000000000000     
         250
           8
   5.0000000000000000     
   7.0000000000000000     
   5.0000000000000000     
   8.0000000000000000     
   7.0000000000000000     
   8.0000000000000000     
   7.0000000000000000     
   9.0000000000000000     
   7.0000000000000000     
   6.0000000000000000     
   7.0000000000000000     
   8.0000000000000000     
   6.0000000000000000     
   9.0000000000000000     
   8.0000000000000000     
   8.0000000000000000     
   9.0000000000000000     
   6.0000000000000000     
   8.0000000000000000     
   5.0000000000000000     
   6.0000000000000000     
   7.0000000000000000     
   7.0000000000000000     
   6.0000000000000000     
   9.0000000000000000     
   6.0000000000000000     
   7.0000000000000000     
   10.000000000000000     
   9.0000000000000000     
   5.0000000000000000     
   10.000000000000000     
   10.000000000000000     
   9.0000000000000000     
   5.0000000000000000     
   7.0000000000000000     
   6.0000000000000000     
   9.0000000000000000     
   8.0000000000000000     
   9.0000000000000000     
   6.0000000000000000     
   5.0000000000000000     
   8.0000000000000000     
   6.0000000000000000     
   5.0000000000000000     
   5.0000000000000000     
   5.0000000000000000     
   7.0000000000000000     
   5.0000000000000000     
   7.0000000000000000     
   7.0000000000000000     
   8.0000000000000000     
   9.0000000000000000     
   10.000000000000000     
   5.0000000000000000     
   10.000000000000000     
   10.000000000000000     
   9.0000000000000000     
   8.0000000000000000     
   9.0000000000000000     
   7.0000000000000000     
   10.000000000000000     
   10.000000000000000     
   6.0000000000000000     
   9.0000000000000000     
   8.0000000000000000     
   9.0000000000000000     
   7.0000000000000000     
   5.0000000000000000     
   8.0000000000000000     
   10.000000000000000     
   9.0000000000000000     
   7.0000000000000000     
   8.0000000000000000     
   9.0000000000000000     
   5.0000000000000000     
   10.000000000000000     
   8.0000000000000000     
   9.0000000000000000     
   9.0000000000000000     
   8.0000000000000000     
   9.0000000000000000     
   8.0000000000000000     
   10.000000000000000     
   5.0000000000000000     
   10.000000000000000     
   6.0000000000000000     
   10.000000000000000     
   7.0000000000000000     
   8.0000000000000000     
   5.0000000000000000     
   7.0000000000000000     
   7.0000000000000000     
   5.0000000000000000     
   5.0000000000000000     
   7.0000000000000000     
   5.0000000000000000     
   9.0000000000000000     
   6.0000000000000000     
   10.000000000000000     
   5.0000000000000000     
   7.0000000000000000     
   5.0000000000000000     
   5.0000000000000000     
   6.0000000000000000     
   5.0000000000000000     
   9.0000000000000000     
   7.0000000000000000     
   6.0000000000000000     
   8.0000000000000000     
   7.0000000000000000     
   6.0000000000000000     
   6.0000000000000000     
   6.0000000000000000     
   9.0000000000000000     
   7.0000000000000000     
   8.0000000000000000     
   9.0000000000000000     
   9.0000000000000000     
   8.0000000000000000     
   8.0000000000000000     
   9.0000000000000000     
   5.0000000000000000     
   10.000000000000000     
   5.0000000000000000     
   6.0000000000000000     
   10.000000000000000     
   7.0000000000000000     
   10.000000000000000     
   8.0000000000000000     
   9.0000000000000000     
   5.0000000000000000     
   10.000000000000000     
   5.0000000000000000     
   9.0000000000000000     
   5.0000000000000000     
   10.000000000000000     
   5.0000000000000000     
   9.0000000000000000     
   10.000000000000000     
   9.0000000000000000     
   9.0000000000000000     
   8.0000000000000000     
   7.0000000000000000     
   10.000000000000000     
   5.0000000000000000     
   5.0000000000000000     
   8.0000000000000000     
   7.0000000000000000     
   8.0000000000000000     
   6.0000000000000000     
   9.0000000000000000     
   6.0000000000000000     
   7.0000000000000000     
   9.0000000000000000     
   9.0000000000000000     
   5.0000000000000000     
   10.000000000000000     
   5.0000000000000000     
   8.0000000000000000     
   6.0000000000000000     
   7.0000000000000000     
   9.0000000000000000     
   9.0000000000000000     
   5.0000000000000000     
   8.0000000000000000     
   9.0000000000000000     
   8.0000000000000000     
   10.000000000000000     
   9.0000000000000000     
   5.0000000000000000     
   5.0000000000000000     
   8.0000000000000000     
   10.000000000000000     
   5.0000000000000000     
   10.000000000000000     
   7.0000000000000000     
   8.0000000000000000     
   10.000000000000000     
   9.0000000000000000     
   6.0000000000000000     
   9.0000000000000000     
   5.0000000000000000     
   7.0000000000000000     
   7.0000000000000000     
   10.000000000000000     
   6.0000000000000000     
   8.0000000000000000     
   8.0000000000000000     
   5.0000000000000000     
   8.0000000000000000     
   8.0000000000000000     
   10.000000000000000     
   8.0000000000000000     
   5.0000000000000000     
   5.0000000000000000     
   9.0000000000000000     
   7.0000000000000000     
   8.0000000000000000     
   9.0000000000000000     
   7.0000000000000000     
   7.0000000000000000     
   9.0000000000000000     
   6.0000000000000000     
   6.0000000000000000     
   10.000000000000000     
   8.0000000000000000     
   10.000000000000000     
   9.0000000000000000     
   10.000000000000000     
   6.0000000000000000     
   8.0000000000000000     
   7.0000000000000000     
   7.0000000000000000     
   6.0000000000000000     
   9.0000000000000000     
   10.000000000000000     
   8.0000000000000000     
   8.0000000000000000     
   8.0000000000000000     
   6.0000000000000000     
   6.0000000000000000     
   8.0000000000000000     
   8.0000000000000000     
   9.0000000000000000     
   6.0000000000000000     
   5.0000000000000000     
   5.0000000000000000     
   7.0000000000000000     
   7.0000000000000000     
   10.000000000000000     
   8.0000000000000000     
   6.0000000000000000     
   7.0000000000000000     
   10.000000000000000     
   6.0000000000000000     
   5.0000000000000000     
   7.0000000000000000     
   8.0000000000000000     
   7.0000000000000000     
   8.0000000000000000     
   7.0000000000000000     
   6.0000000000000000     
   8.0000000000000000     
   6.0000000000000000     
   6.0000000000000000     
   6.0000000000000000     
   9.0000000000000000     
   9.0000000000000000     
   7.0000000000000000     
   5.0000000000000000     
           1
  0.11244979919678715       0.70281124497991965     
           8
  0.37469826931826772       0.78775153907060425     
  0.36699086408158577       0.79681202344507862     
  0.36014121895430373       0.79686508603945161     
  0.36245194460819369       0.79086170053990479     
  0.35628851711810705       0.77137981924397225     
  0.36179324540481994       0.77331864719546828     
  0.37187535765254109       0.77198127866963773     
  0.37894598290998044       0.77031267472111986     
           8
  0.25751151051805810       0.90005694497729860     
  0.25781687780658141       0.91166673982006274     
  0.24212400435234246       0.90872486755037774     
  0.23225175211168628       0.90889340383766837     
  0.23313660974510997       0.88695752350513479     
  0.24058627512939504       0.88616732189730796     
  0.24861556155595080       0.88525184547150670     
  0.25470186368306658       0.88866230715814887     
           3
  0.23714681090011033        2.6956672534441020E-002
  0.22352836902975884        1.2035726377866943E-002
  0.23895582329317269        1.9076305220883535E-002
           6
  0.19360077075055118       0.35555188198150944     
  0.19354544038450799       0.36232750953416359     
  0.17467705519099094       0.34998217507411061     
  0.17805761550317140       0.33979857036434374     
  0.19582719819996450       0.33781820830360310     
  0.19702976610653780       0.34759804750014284     
           6
  0.31879324428623113       0.77343172541922467     
  0.31091644259356049       0.77680901256850554     
  0.29680653455558620       0.77611514566742890     
  0.29142190851559713       0.76318975084804619     
  0.29779571239022190       0.75895778644212153     
  0.29504759813597442       0.75135683458431168     
           4
  0.37360864980488023       0.82824636145622754     
  0.36496986649330665       0.82674413812442304     
  0.36507445172418446       0.80475324316998831     
  0.38270344726252503       0.81293100275428587     
           4
  0.14466976553674321       0.86948094060976178     
  0.13482004036694892       0.87357672101659867     
  0.13069041624756211       0.84620031919256200     
  0.14295394039133866       0.85114711306954194     
           3
  0.55337270176553233        4.2217018777371246E-002
  0.56113330624069524        2.1786815566244538E-002
  0.57620401983555536        2.8050765574937932E-002
           8
  0.30671794775065331       0.16609285969633492     
  0.30435709579496256       0.17266527150714778     
  0.29335516348761048       0.17035287688462453     
  0.29440260306644273       0.16446379307633460     
  0.29538875930408165       0.15896999243615514     
  0.29633740753378041       0.14755449543883897     
  0.31947100489251651       0.15554556357853180     
  0.31416358994157406       0.16013238652426959     
           6
  0.54062302550871821       0.84747780812054363     
  0.53348507604244422       0.84168414175290096     
  0.51336339484233784       0.84123734145883244     
  0.51570932205689379       0.83361496263300094     
  0.54014803363630104       0.82635067034957155     
  0.53874228678786917       0.83635701735063117     
           8
  0.14431200198013563       0.23276192783952718     
  0.14636350285652786       0.24129545859157633     
  0.13031967772369416       0.24120118891490860     
  0.12482599856271469       0.23762239923672923     
  0.12163214295534606       0.23215124259568531     
  0.12668137454939873       0.22838072240518326     
  0.13575064586118141       0.22118020536410490     
  0.14746750412504320       0.21810183399093691     
           7
  0.86400433524669318       0.45520707078369138     
  0.86192584529790528       0.46142474509770010     
  0.85642100661124443       0.45763042521994607     
  0.84422445606595797       0.45425319359778249     
  0.84325774342121762       0.44307399388374269     
  0.86753126201575048       0.43832670408286867     
  0.86374200260815404       0.44873393616611362     
           4
  0.75658986457822452       0.31935735098619789     
  0.74510716524384557       0.32374987368743702     
  0.73186553199068338       0.30342611673072895     
  0.74473812451995614       0.30358881890492329     
           7
  0.17237724225753170       0.10092094277950329     
  0.17507695838427326       0.10691257666767356     
  0.16547968129915830       0.10747064324328659     
  0.15224484439648994       0.10770184007222829     
  0.15530733732592997        9.1024344595036888E-002
  0.15932147831613339        8.2125743169856200E-002
  0.17470198355776526        8.0688368139399613E-002
           4
  0.28706187274900435       0.50515810793297322     
  0.27548275905939429       0.51275058430840526     
  0.26357679605139250       0.49114625604416268     
  0.27983595111396237       0.48833337485273287     
           4
  0.46975163033054601       0.82619893362983354     
  0.46333888874466378       0.83170394767982547     
  0.45707134110510822       0.81080581492152171     
  0.48456690780135941       0.81700438947747578     
           5
  0.46992940940883854       0.23094647114341349     
  0.45299566543089881       0.23017183636444752     
  0.44345648070246640       0.20792751275337329     
  0.46730084140315709       0.20301429137990465     
  0.46301194511222787       0.21521846240046474     
           5
  0.83223143406479139       0.53101253941019189     
  0.81402176581308305       0.53650838817078184     
  0.80657112522198737       0.52090828891228702     
  0.83003264132318688       0.51362243275501362     
  0.83556729331734181       0.51890869721034483     
           8
  0.32496827282732987       0.92961749933934212     
  0.30045855219910045       0.92993595494663306     
  0.29707499166328344       0.92091857065079630     
  0.29889151874720232       0.91444254779435741     
  0.30540444877298656       0.90672108182371969     
  0.31423631388759382       0.90607712465560075     
  0.32038377072317015       0.90693037283413436     
  0.32608521588350836       0.90537011241105003     
           4
  0.17771084337349397       0.37550200803212852     
  0.16393690727573743       0.36998624672157682     
  0.18113977205685861       0.36642762064227863     
  0.19259675915174515       0.36702226395799697     
           8
  0.24649801156327020        1.2697254153577040E-002
  0.24213624492372363        1.7896492494850834E-002
  0.22371082461114647        1.9204734176080124E-002
  0.22135834143096969        1.0312307776359886E-002
  0.22194090245889667       -2.8481674260425220E-003
  0.22700670358319505       -9.1485196693524822E-003
  0.23836894882463106       -8.4679549078831573E-003
  0.24145354145950795        2.8228326913425522E-003
           6
  0.60766806549683705       0.29883130321881818     
  0.60258971998397715       0.31286450449180703     
  0.57733796188802211       0.30004333225408525     
  0.58376924134522234       0.29386662489921289     
  0.58904869498305745       0.28769055737841304     
  0.60021955517546122       0.28781087748801332     
           5
  0.18528081149330028       0.11643525178161673     
  0.18883746345926491        9.9565955027378930E-002
  0.18360717100697230        8.8952287283777340E-002
  0.20001907929354190        9.3113730171586612E-002
  0.20719568768685065        9.2948820463702467E-002
           4
  0.56971402664171222       0.89215926715816507     
  0.55493369691200833       0.89546887269822639     
  0.54327375183509596       0.88715031783419940     
  0.55245787062942331       0.87431772133192442     
           6
  0.33220230220516866       0.45385839457233479     
  0.31965158651839926       0.46176763409026789     
  0.30188858832865961       0.44951872758006628     
  0.32576248977561356       0.44151651417813853     
  0.33271752586583175       0.43301449533412689     
  0.33230013397766989       0.44325720330235235     
           5
  0.68279534756403470       0.38403912925311939     
  0.65275896514697518       0.38846762267973534     
  0.65640528042338475       0.37982864114842108     
  0.66418311605787728       0.36798860589823240     
  0.66705298525755663       0.36115612842086697     
           7
  0.60491298848610175       0.61709867907523785     
  0.59838106276290137       0.61779715511962008     
  0.59810274815796471       0.62372903815105918     
  0.58956637543238222       0.62613420256379726     
  0.58393582970606195       0.60157423399463028     
  0.60134302788128358       0.59763230054624450     
  0.60167791510975832       0.60580341167788454     
           3
  0.50426855622661981       0.10817745095786642     
  0.51204819277108438        9.5381526104417677E-002
  0.52069063048295772        9.5855729815180826E-002
           8
  0.92377723007676360       0.45900304976922351     
  0.92617629547759683       0.47020861737602260     
  0.91935448695640865       0.46975497376822667     
  0.91331288588892290       0.46826474957166475     
  0.89968733438114490       0.45874720580656997     
  0.91529019017789126       0.44750325202298308     
  0.91685226213137505       0.44205629463470819     
  0.91894125603981569       0.45625982193037562     
           6
  0.82089585683389787       0.96440767813285122     
  0.81352105405711039       0.97446293776326853     
  0.79568210759495583       0.96592597261757784     
  0.79355627630773373       0.95707201323538171     
  0.82172735654254636       0.95117447608867822     
  0.81690501917464131       0.95905635726943494     
           5
  0.35154043935885904       0.34854520535411576     
  0.35881232678940328       0.35732282207451327     
  0.33408304494587587       0.35188075142151137     
  0.32916865863704114       0.34266079547803818     
  0.34521403594109179       0.33761863714308066     
           7
  0.79641609847827333       0.31135698322539523     
  0.79556763284351684       0.32045779206416819     
  0.77914872450524553       0.32354155884404084     
  0.77986722885659321       0.31584533558233835     
  0.77960461297014316       0.30461165332674750     
  0.78435262255890426       0.29645357425977276     
  0.79758232843024723       0.30365644290843596     
           8
  0.66014896706283166       0.59394516099612749     
  0.64239256101348841       0.59881904916393780     
  0.63652316579205526       0.58778190168675981     
  0.63851231198394198       0.57870464855905968     
  0.63871626251864155       0.57188662323893469     
  0.64580946601214972       0.57500519704469266     
  0.64972913772467311       0.57077369804005029     
  0.65510201820180125       0.57363403578250316     
           7
  0.86878167884200597        3.1456940741751628E-002
  0.86275130339768147        3.1293147086759551E-002
  0.85881515935281205        3.9688083244570051E-002
  0.84146872959528074        3.4580414208576563E-002
  0.84029788368088143        2.7148013352234424E-002
  0.83861733721471576        8.4913243409745973E-003
  0.85368953599639130        8.4930395022372648E-003
           5
   3.4156365855794485E-002  0.13178150171409142     
   1.5550932997403528E-002  0.13632454240751044     
   1.5217960443965541E-002  0.12910960496389820     
   2.3822469173496306E-002  0.11658678168659414     
   3.9986785591827542E-002  0.11223305916558284     
           4
  0.46189260968090640       0.82119357017323069     
  0.44846895858093871       0.83284905777045626     
  0.43348276695655025       0.81085246136315525     
  0.44924799093602430       0.81206259472677444     
           4
  0.15169710746934556       0.54276694809371351     
  0.13554351053265168       0.53994038056562299     
  0.13215947491211166       0.52293824733122685     
  0.15666352598757821       0.52100292740241716     
           4
  0.23045591719632377       0.84259507882742923     
  0.22128565226508942       0.83847939509689484     
  0.20518088974870269       0.81337114899468033     
  0.21971262858732776       0.81597957082004213     
           7
  0.41656411563654994       0.15706731314865699     
  0.41907080667963054       0.16615841003435808     
  0.39800870439411412       0.15928187252369053     
  0.39124502523314686       0.13664775720047387     
  0.40098354718007906       0.13698558943080166     
  0.41746226834328637       0.14001534239999697     
  0.42144943183469591       0.14606246356666122     
           8
  0.39814102422524594       0.45246987461149851     
  0.38880899010333686       0.44596736316824404     
  0.38379507411936303       0.45003571851521768     
  0.38017735085920124       0.43964040264730181     
  0.37696291568665186       0.43174996021447215     
  0.39225211266879118       0.42565938097265771     
  0.40443526623200216       0.42243992243526712     
  0.40352362830174626       0.43141212907462195     
           3
  0.45381526104417669       0.62148594377510036     
  0.44474469369899178       0.60690404127408937     
  0.46601072033320667       0.60652244534410094     
           3
  0.40863453815261042       0.36847389558232929     
  0.39856927748269644       0.37202181927058431     
  0.41291395441968065       0.35305782568652971     
           4
  0.96718277420653420       0.52493631238294658     
  0.94093415142693571       0.52497470671650648     
  0.94303847903467497       0.51587779123156985     
  0.93971772068627402       0.50076860257873113     
           7
  0.84070689378461050        1.0119857973563087     
  0.83523777086967332        1.0152148293997403     
  0.82726554445196543        1.0072010152358317     
  0.82494280010693533       0.99854887667112380     
  0.82889179902113663       0.98763934179224955     
  0.83738746996264557       0.98808222485829311     
  0.85272360941560754       0.99035951136680733     
           5
  0.59371441690615157       0.34155152294601537     
  0.58105387367030914       0.34579155482123469     
  0.57138540512128599       0.33633793437080362     
  0.58294955460901343       0.32703227419016939     
  0.59334596130344053       0.33122459980954438     
           4
  0.50750374710386759       0.93736821707440154     
  0.48043770553068105       0.93750759563476649     
  0.48103722252502101       0.92831212104333682     
  0.50374869033587444       0.92936758953217735     
           7
  0.33629492060247412       0.70546893755509033     
  0.31224271618772398       0.71421505805578744     
  0.31309495376981528       0.70606182876416634     
  0.31823628720022901       0.68905838955930654     
  0.33615621831267178       0.68485850729394426     
  0.34158858894969613       0.68840933346352140     
  0.33635571386851298       0.69683696126615091     
           8
  0.85695670291594828       0.85749523710353470     
  0.84954990466975466       0.86060672655640591     
  0.84119527679355588       0.85766814840132932     
  0.82861392380536980       0.85023657748564740     
  0.82630431965675977       0.84386533256928031     
  0.84070537486510166       0.83573785605383732     
  0.85251715211958856       0.83555070772821494     
  0.85567043525898234       0.84604332751933509     
           5
  0.99576172245172279       0.80134457234593015     
  0.97704795205825501       0.79603730097453296     
  0.97486439052559826       0.78484796586771555     
  0.97449984470658546       0.77778523803777033     
  0.99602595185238740       0.77724904869563261     
           4
  0.64046736656901948       0.56652119416518321     
  0.62550200803212852       0.55120481927710840     
  0.62491050558901817       0.53898202196121592     
  0.64058332620781644       0.54835735518118689     
           4
  0.92637779291524969        8.4443058150198189E-002
  0.91300362323773410        8.4691032223550913E-002
  0.90711165750081313        6.8996466798872044E-002
  0.92955712988986594        6.4465941705406982E-002
           6
  0.79117541710767236       0.33475513168228244     
  0.78778559608203369       0.34541277357317368     
  0.76627765999997854       0.33911233476048525     
  0.76314123621068608       0.33096088523001732     
  0.76923075815453934       0.32603926751376211     
  0.78636674147525421       0.32245964395466364     
           3
   8.1325301204819275E-002  0.23895582329317269     
   6.7789119311976259E-002  0.23273246816457882     
   8.3256710120501967E-002  0.22742504214892409     
           7
  0.55005966831081055       0.54403951571468256     
  0.53044188130566317       0.55090087367595908     
  0.52100813389273293       0.55221041104808355     
  0.52394261665029118       0.53850606292596837     
  0.52852693447828325       0.52687229022645898     
  0.54442026171280355       0.52667372497883236     
  0.54679686957162399       0.53512061983331360     
           3
  0.31158751171202453       0.40575804241834229     
  0.29828832937809946       0.41736751402901845     
  0.28918185840181099       0.39260489316049485     
           6
  0.86882908560821226       0.37320621880589977     
  0.85946588318047445       0.37366207542885271     
  0.85483405978812788       0.36746406938973880     
  0.84288439704060936       0.36076869077851353     
  0.84932464958690701       0.34928384361045617     
  0.86807391726401484       0.35794233768193018     
           3
  0.74497991967871491       0.58333333333333337     
  0.75744607463861624       0.59050537530742309     
  0.73051475531569965       0.57558642936294546     
           5
   3.7717633404389377E-002  0.98310126310099666     
   2.1658099084484451E-002  0.96877284355596183     
   1.9453816166405544E-002  0.95278064986021371     
   3.6151867218271433E-002  0.95768302226146984     
   4.4556230583653766E-002  0.95348418644745214     
           4
  0.75716075705802877       0.36784929360204149     
  0.73927724984435672       0.35975024941331257     
  0.73926502006584072       0.34154697982220239     
  0.76109419376699405       0.34517593255854606     
           5
  0.62250291969471283       0.81318745632738121     
  0.60142102630290939       0.81714326165354922     
  0.59765406582372993       0.79641957812988995     
  0.60873891039674077       0.78716878721776817     
  0.62200012407592564       0.79311929813581272     
           5
  0.80088521972521121       0.86323412151033629     
  0.77821316488481462       0.86889328474099981     
  0.78086492349514269       0.84945718163481043     
  0.78958120274304089       0.84203528127767224     
  0.80423766549037778       0.84888586995883630     
           5
  0.51830049827545810       0.17539041108261297     
  0.52079217512916476       0.18192818439721220     
  0.50140782757094693       0.17801135041262950     
  0.49846959237833233       0.15987229219673488     
  0.50508125555082783       0.15669903130491525     
           6
  0.76398323671491486       0.97138471521818393     
  0.74414779044726809       0.97322789795008025     
  0.74688115765006391       0.95154154364402088     
  0.75343889888825133       0.94759165282095470     
  0.76056348590423917       0.94736900481264164     
  0.76708615798027591       0.94726332916236433     
           5
  0.42008665724551059        6.6056154611470283E-002
  0.41731546884961979        7.6557109664094000E-002
  0.39476695722153327        6.6614475326513212E-002
  0.40756628341343792        5.3116861888240899E-002
  0.42221308608535529        5.3729411267119602E-002
           7
  0.49891941805588985       0.73810931114694767     
  0.49118405332356313       0.74561109704023354     
  0.47878859930813061       0.74020659572362968     
  0.47609424545211565       0.73066733697358055     
  0.48543662262280890       0.72366285140463293     
  0.50111444678883621       0.72346149393832904     
  0.49918281755951338       0.73128947758239560     
           7
  0.43160924037170512       0.27188307980611648     
  0.42285694353697445       0.26720902170904326     
  0.41305358182349877       0.26994117109558130     
  0.40699178806319058       0.27253382483354405     
  0.41091194230476374       0.24518842191328236     
  0.42797396404323845       0.24748727183037023     
  0.43305540049292807       0.25417967620040421     
           4
  0.51594122605766946       0.16813651210099320     
  0.49698243768649364       0.16634968380988499     
  0.49484459819125570       0.14301639023289722     
  0.52382294046805833       0.15365596267801043     
           5
  0.94241856849814265       0.60304701331867694     
  0.93470888486126935       0.60503819533038727     
  0.93546612057644107       0.59260084111058420     
  0.93517565479461073       0.58165051201875850     
  0.95815085060454730       0.58140717013413723     
           5
   7.7478148368451918E-002   3.7766224339929211E-002
   6.8273092369477914E-002   4.2168674698795178E-002
   5.8120231296405200E-002   4.0933796268485437E-002
   5.5327253981181608E-002   2.8689850297077921E-002
   8.2241153666627320E-002   3.1850876161549531E-002
           6
  0.82702370685036897       0.60891109163148704     
  0.81283192863617026       0.60607103773124071     
  0.80676718434892269       0.59029795485447967     
  0.81287356951043765       0.58778250948663957     
  0.81933474372653570       0.58446670045238369     
  0.82711889456374388       0.58509496828012297     
           5
  0.41288646835417109       0.27781127927177318     
  0.40483538666897301       0.28709907955279701     
  0.38840240480180926       0.27221543382085511     
  0.38333024645506003       0.26534125729587943     
  0.39511796006856703       0.26662550053214712     
           6
  0.74497341967271546       0.30523163202951037     
  0.72743462222955413       0.31427231469825584     
  0.71703984014313327       0.30616100618468184     
  0.71932802360487258       0.29597623306456039     
  0.73214068020156275       0.28795634527506442     
  0.73285259830109295       0.29446006633418548     
           4
  0.23045590232279750       0.24808464090937593     
  0.20353279172236874       0.24623461519816536     
  0.20693576563758620       0.23807120087522807     
  0.22519523940167699       0.22661481805030589     
           7
  0.83566482730134994       0.31893968556000107     
  0.83049920378865649       0.33360871739885106     
  0.81537136142670352       0.33511843815644154     
  0.81318718676940471       0.31362431718917683     
  0.80905315262791433       0.30579998283552934     
  0.82834101941354799       0.31180049403978799     
  0.83938897584968186       0.30704617973143550     
           8
  0.53181424599509530       0.53197699240919183     
  0.52919720836470330       0.54171698186266337     
  0.50269397349859979       0.54014648099746321     
  0.51191315955037708       0.52343765701601996     
  0.51813471456868243       0.52070827613390713     
  0.52320262235022663       0.51859074256668125     
  0.53319386411430603       0.51995786855301518     
  0.53050972961784071       0.52605653748078707     
           7
  0.62515696807410315       0.17025554088507761     
  0.62011525894320119       0.17556102063092577     
  0.60711007225242331       0.16377589152193067     
  0.60391436734051263       0.15844724309730465     
  0.61854770018645366       0.15123881487417526     
  0.62490734432630002       0.15881434528650837     
  0.63185737252191865       0.15981595087222591     
           4
  0.57251605558714636       0.92595205389971935     
  0.56607381270120916       0.93520903239960307     
  0.55199902013433255       0.93144926479763701     
  0.55031829533873677       0.90979539305549950     
           6
  0.13235293720956978       0.84911401421226118     
  0.12314205258541247       0.84922608392859122     
  0.11629241122391293       0.84934243802947040     
  0.11771222422960897       0.82595583892878899     
  0.13900629833919800       0.82861161679222251     
  0.14125296333641066       0.83877271243127705     
           3
  0.15571799268022077       0.54688122112226289     
  0.16265060240963855       0.53614457831325302     
  0.17804376189371707       0.52882068235038948     
           8
  0.29464505371807681       0.65363327958426387     
  0.29059355792476027       0.65918509818147697     
  0.27484507880978359       0.65839197553322393     
  0.26775300647591654       0.64306103216220856     
  0.27121338958543573       0.63183708717330866     
  0.28043380876377572       0.63585342133197753     
  0.28618534096872267       0.63306433896995740     
  0.29357805299286510       0.64299587274034342     
           4
  0.18875502008032127       0.33032128514056225     
  0.17739403745840698       0.31963781087507687     
  0.18749116722509362       0.32090972636432469     
  0.20115321544646383       0.31935214238028026     
           4
  0.52464555718660943       0.31722561639438157     
  0.51422611265617180       0.30052161680197431     
  0.51618922216968288       0.29097868538166727     
  0.52739740648643108       0.29393017025464874     
           4
  0.33926171145885253       0.79614078915767039     
  0.32216286481665968       0.79940117554240231     
  0.32257054070971275       0.78198058605558851     
  0.34551402775860302       0.77961218139416943     
           7
  0.74535150550054652       0.23534336541996775     
  0.74425394325483873       0.24186256772727091     
  0.71917781197843389       0.24576700413065089     
  0.71863313448983890       0.23993696213604404     
  0.71534241904534701       0.23017854500764676     
  0.72450443893392102       0.22061487536494406     
  0.74005391762802675       0.21775127748716341     
           6
  0.15187159254611532       0.85089540411319597     
  0.14565606062793698       0.86118371986587150     
  0.13093241489587906       0.84924441454690114     
  0.12558729717770450       0.84463622171600705     
  0.12938045619120866       0.83732212681359564     
  0.15085464354857905       0.83843560363418790     
           7
  0.36396602639291559       0.15342024939664933     
  0.36022533577983268       0.16830519984864062     
  0.34574546518639987       0.16318082463829353     
  0.33827482360843653       0.15488560529611084     
  0.34861828172882414       0.14343679736450038     
  0.35860753575587034       0.14261979668908761     
  0.36365536159349293       0.14644649783266817     
           4
  0.25631102340348438       0.16684078175752889     
  0.23264448104782323       0.16286504119302006     
  0.23631674122801705       0.15314928239807130     
  0.25487218656605115       0.15150776774410654     
           6
  0.80478323452287603       0.93612489408238675     
  0.79753986694804457       0.93832394750628656     
  0.78241010460406413       0.93878829998173829     
  0.78063351357087729       0.92954659508856974     
  0.78385413319061326       0.91648396276700006     
  0.80321287576871137       0.92719067104458464     
           8
  0.91950789941044164       0.49875388206140864     
  0.91797418385735452       0.51243031609536460     
  0.90072643730266222       0.51103144547854262     
  0.89861374638633662       0.50446131216969903     
  0.89756532367655673       0.49382691414237845     
  0.89636856499111195       0.48801134548935604     
  0.91328557477669470       0.48854833621618154     
  0.92238481786417015       0.48550313876970741     
           8
   6.0721827682032832E-002  0.60593125178358731     
   5.7168145290015564E-002  0.61026263856165919     
   5.1631658225685641E-002  0.60535811932996397     
   4.1140187187244708E-002  0.59583161625940817     
   3.7948125081046544E-002  0.58928006413565126     
   4.2188992843663654E-002  0.58167842879558718     
   5.2208279451431368E-002  0.58603869783141382     
   6.5121578650117098E-002  0.58343546042715866     
           4
  0.79745964304544958       0.46860774655029647     
  0.77434532512639032       0.47240852451240567     
  0.77810195200759114       0.44435050542703974     
  0.78608666404438998       0.44364373206977287     
           4
  0.64633700702982277       0.75894049701295974     
  0.61761892801410634       0.75121780198687560     
  0.63266238086226168       0.73644315729471588     
  0.64178082395902869       0.74385481946339183     
           8
  0.95143096519856507       0.44559231446463493     
  0.95343239263950852       0.45558339630654549     
  0.94549930476994493       0.44967199805597785     
  0.92394727543137134       0.45166666865079458     
  0.93068477315670206       0.44017840074187464     
  0.93094770291167284       0.42546350157037605     
  0.93825279445332976       0.43027475997708176     
  0.95226774872171471       0.42749287377824741     
           6
  0.65207764498240328        8.2885925214988512E-002
  0.64701379255604152        9.0714274023640101E-002
  0.63980383141225905        9.2347360303857429E-002
  0.63064951243258338        7.5221357528106908E-002
  0.64169182723217999        6.9319366900134183E-002
  0.65364133228210397        7.3364322038134783E-002
           7
   8.8908733820995553E-002  0.84744104281358990     
   7.1657681767109183E-002  0.85293418655008812     
   6.5110667396727162E-002  0.84982792664955487     
   6.6745143207068508E-002  0.84354557493384130     
   6.7415390974897446E-002  0.83661896349337517     
   6.3550900829119475E-002  0.83157396514774395     
   9.0410264321518219E-002  0.82363451445794467     
           8
  0.24671160875265782       0.23868228494629418     
  0.24129813971210615       0.24057289414657279     
  0.23329657699086762       0.23908414101877690     
  0.22280213252545863       0.24203079020537482     
  0.22455060701969265       0.21585060008323967     
  0.24295734179575068       0.21273224267184834     
  0.24742767479618497       0.22122919179845274     
  0.24639154861668744       0.22991996029803191     
           8
  0.13297100799766917       0.48895310485773341     
  0.13042429251701548       0.49409421808437881     
  0.12224811364536750       0.49286617256546461     
  0.10869628052879449       0.47338284359514460     
  0.12168916910446266       0.46581616998338210     
  0.12578030624331615       0.47081728307745424     
  0.13743214741444371       0.46782857203409250     
  0.13423348437133018       0.47523015179266054     
           8
  0.21384909398868493       0.84632291399972481     
  0.22083132426285765       0.85774076971453950     
  0.21463735031540490       0.85566866359585492     
  0.19730552542559118       0.84623484905312618     
  0.19199213694036171       0.84409579020042214     
  0.19940955683054615       0.83215965337304543     
  0.21201282168577470       0.83317873781643503     
  0.21860439974469381       0.83589643924770629     
           3
  0.93128500573783701       0.37044384180338785     
  0.92135706440763998       0.37135893981893658     
  0.93574297188755018       0.35843373493975905     
           6
  0.93306685040551340       0.92293035756862307     
  0.92670087839887194       0.93389744855093570     
  0.91578248391326489       0.93053558953630999     
  0.90680319854788738       0.92016519473006864     
  0.92535065466929645       0.90914399487651487     
  0.93388367215536838       0.91279485931996440     
           5
  0.33095596393710758       0.57318804950092794     
  0.32075135175876601       0.57643788129876894     
  0.31202573592925092       0.55183493303968689     
  0.32552799590693932       0.54996052779795734     
  0.33797173991812307       0.55515697668309705     
           3
  0.41155885404362169       0.38895878790521898     
  0.40317972837097771       0.38019475040750650     
  0.41465863453815260       0.37449799196787148     
           7
  0.37320021165464934       0.48670425534376488     
  0.36414356326035208       0.48749175897925495     
  0.34877260072967503       0.49319462875401521     
  0.35047945163734584       0.48559352132140698     
  0.35334698118107438       0.47066221593336172     
  0.36594434584026658       0.46618801455829706     
  0.37298409874748656       0.47645190460236386     
           8
  0.84438701399883231       0.89208303178423098     
  0.82727317566018255       0.89316813305564069     
  0.82229459814269723       0.89791847123564039     
  0.81675846674852770       0.89899170039063347     
  0.82088708384823861       0.87821935286649988     
  0.82771019330915407       0.86931412081433490     
  0.84240747969779672       0.87536471651875458     
  0.84043497468780115       0.88311638679851967     
           6
  0.85505455872923841       0.27800737616124960     
  0.84028151937998130       0.27895132725337352     
  0.83374814656398155       0.25532851461809225     
  0.83800398616182437       0.24956835667749952     
  0.84136875877254935       0.25505478049871094     
  0.85103672458233859       0.25605886264620181     
           3
   2.4862188640892610E-002  0.93869496641080630     
   1.2215059805687217E-002  0.94982444220926443     
  -2.1414361051072268E-003  0.92626579123796171     
           6
   9.9448174339085621E-002  0.53843905428738703     
   9.2077277914626873E-002  0.55170083819909665     
   8.4402767834955747E-002  0.55160237267011791     
   7.6593222799669999E-002  0.53008282326378031     
   9.2127631762744813E-002  0.52373241318612063     
  0.10066058995591701       0.52638674186303769     
           6
  0.44797290704565296       0.20714680492086318     
  0.45324204731023310       0.21497649103303360     
  0.44334735349215559       0.21265467145659211     
  0.42883031288066692       0.20728919587459427     
  0.42381382252635258       0.19931387856367569     
  0.44548782409164650       0.18653762524846046     
           6
  0.95848517741508898       0.32273737815427972     
  0.95021129162335038       0.33420891837008887     
  0.93766000353764067       0.33249784889909439     
  0.93177505650685755       0.30987159891425226     
  0.94071272586085586       0.30772462287460067     
  0.95618832747746241       0.31215976965375331     
           6
  0.34146135413643774        6.4855700270851149E-002
  0.33959294047276389        7.3539527517278547E-002
  0.31269694682139915        5.9087519904956726E-002
  0.31277232361087492        4.5770664782830539E-002
  0.33065001484245760        4.9791806958832369E-002
  0.33999872505607937        5.5555464925275959E-002
           8
   4.7520259539275377E-002  0.26909401215592310     
   4.3141668415829962E-002  0.27253807650141593     
   4.7931399428800835E-002  0.27866904172500301     
   1.9886136895310179E-002  0.27596834847221030     
   1.9764613305597065E-002  0.26306640371843465     
   2.8428751994247117E-002  0.25358367440901231     
   3.2818890111860004E-002  0.25686732310819499     
   4.3010389094005910E-002  0.25179039043259949     
           6
   6.1193331118209716E-002  0.48202238829533345     
   4.7834230648295895E-002  0.48574837729352965     
   3.2093003339939939E-002  0.48194128990096596     
   3.5339362955457074E-002  0.46435799150807638     
   4.5564322718053503E-002  0.45962854207999460     
   6.1294513317580512E-002  0.46528428211258610     
           4
  0.33754631156019005        9.3101631283570296E-002
  0.30790380738357376        9.8002545047504622E-002
  0.31728427442649265        7.5475379226829953E-002
  0.33346969987320857        8.2439630564862004E-002
           3
  0.75702926904494139        3.8792008608558706E-002
  0.74926643413605998        2.1735312311748554E-002
  0.76004016064257029        2.9116465863453816E-002
           3
  0.82831325301204817       0.29016064257028112     
  0.81544914953713998       0.27655464267728463     
  0.83516201618206642       0.27528453809322911     
           8
  0.30060561536187091       0.30994659421546616     
  0.29172579351599398       0.31639977995646390     
  0.28409016477716043       0.31408084713583412     
  0.27825319057309567       0.31713965444014286     
  0.27990204387931394       0.30270971868973090     
  0.27522913707936747       0.29294581352219529     
  0.29988743877899782       0.29192785257602455     
  0.29844278210645453       0.30367594848554808     
           3
  0.66937598876056392        9.5614946819938179E-002
  0.64573334778282199        8.7440659432504217E-002
  0.67003762874927741        6.8912470406566062E-002
           6
  0.30354381692386379       0.41626768268852765     
  0.29460972285320752       0.41605690654945632     
  0.28856461827034280       0.41813063868649814     
  0.28038112446069330       0.41885550879510114     
  0.28601432237383262       0.39431947226808239     
  0.29349196705683489       0.39542079938029073     
           5
  0.29845489982749668       0.64027699261077942     
  0.27919524698227144       0.64011163303001350     
  0.27431822771897785       0.63444421840284049     
  0.28839539930077535       0.61574055046972809     
  0.29987897684762099       0.62610814469696419     
           6
  0.63061622575785525       0.82891011209649135     
  0.62726145910749154       0.83547501579483818     
  0.61865466658354029       0.84083787590276138     
  0.60404803902411519       0.82852550977803330     
  0.60386737178465477       0.82075687267069874     
  0.61823907218042695       0.81884337577135990     
           4
   6.0143154873077351E-002  0.45777138788071087     
   4.6200694956647692E-002  0.46123883085826078     
   4.6630299553716857E-002  0.43768873391279967     
   6.3231476897584918E-002  0.43807071803825909     
           5
  0.99247097209887836       0.51875135361790647     
  0.98489136199190375       0.52122447681018003     
  0.97312228131027845       0.52086622316299680     
  0.98371992025510635       0.50377808890706732     
  0.99722816278169624       0.50878107408939266     
           4
  0.96003131036229017       0.18179142413074237     
  0.94623802496968845       0.16330974705508688     
  0.95557887259293917       0.16182192727430308     
  0.96282771179158688       0.15791314636471132     
           6
  0.83466126717361755       0.18615741321189319     
  0.82949533646612594       0.19566342207985155     
  0.81779311559529244       0.19496230084224628     
  0.81347117608957942       0.18261324512025540     
  0.80633846843261103       0.17124735878879158     
  0.83302395884054836       0.17605732509590818     
           4
  0.61717818489373510       0.47721245797573913     
  0.60742971887550201       0.46586345381526106     
  0.59733560675745934       0.45286163362416787     
  0.62259984103623944       0.45680362302132227     
           5
  0.47797678217366035       0.94358357615768762     
  0.46239768045312463       0.94815328330208171     
  0.44906967727714092       0.94372740725424109     
  0.44925870408848473       0.93587652073166672     
  0.47307709904999995       0.93168989620166554     
           6
  0.55971648189986756       0.24541392495971284     
  0.55170477429142672       0.22953890089666060     
  0.55424545883505461       0.21670713804266950     
  0.56251654816252339       0.22068296215229902     
  0.57081877520429047       0.21718626634364063     
  0.57855510041471092       0.22582723577192479     
           6
  0.52176683854756134        3.5075020003842737E-002
  0.51120613772710166        4.8506817421902430E-002
  0.49666113591882316        4.1554052214850402E-002
  0.49576115516458724        2.7882028639188976E-002
  0.49539655320778975        1.9875793061675955E-002
  0.51746568562328876        2.8624572350216301E-002
           8
  0.61632028857818122       0.90496454828337858     
  0.61399476100000894       0.91198214960750923     
  0.59656879083520731       0.91266095073235354     
  0.59191795848523743       0.89921709046608234     
  0.58610429668489283       0.88817846158241109     
  0.60689653763118767       0.88694207072598064     
  0.61654601276552767       0.88941106714406148     
  0.61120714684243360       0.89620548526803323     
           6
  0.36500162778687956        9.8945471773795798E-002
  0.35785499492050643       0.10332874821403926     
  0.35214711201685434        9.0361165725861919E-002
  0.35472519812327313        8.1662075603018400E-002
  0.36112130179869689        7.7537627369933929E-002
  0.37639406301583767        7.6225072690024431E-002
           8
  0.51921484634836801        3.6282540599240763E-002
  0.50938571257907095        4.2996522961168265E-002
  0.50480217240697500        3.6476588652629413E-002
  0.49751252388862677        4.1426065758689568E-002
  0.49232780618658400        1.6192984097400977E-002
  0.49779927015328329        2.1086239364744092E-002
  0.50659368152211370        1.5432570018178684E-002
  0.51843419595722096        2.9874671557883516E-002
           7
  0.31912879701164404       0.86659191422109116     
  0.30955784635206179       0.87248543955901614     
  0.29860613379316731       0.87117457658783193     
  0.29297322546724841       0.86935393587360987     
  0.29452905693753884       0.85269448641873857     
  0.29037279349825856       0.84594757996579573     
  0.30522088353413657       0.85742971887550201     
           5
  0.53848237636111418       0.23684353650326193     
  0.52710843373493976       0.22690763052208834     
  0.53001345953043633       0.21770044935518129     
  0.53555684741301024       0.21369194219369592     
  0.53693203572158466       0.22089229993781251     
           6
  0.77045226670285183       0.94018227409231470     
  0.75421510985860751       0.93803397482357465     
  0.74726503592109017       0.93626358514724628     
  0.74870930771321420       0.91804680403029792     
  0.75985404900523446       0.91631954056044951     
  0.76597579953351635       0.92225965720634395     
           5
  0.56048627966037989       0.13292587372647918     
  0.54805824943081272       0.14204079523501903     
  0.53225904890408249       0.13181468592005993     
  0.54682144448370407       0.11886686954442389     
  0.55478049881942815       0.12406388938907346     
           7
  0.35866642385789349       0.13927217446304752     
  0.34821827872872263       0.13977752643748595     
  0.33592714264630874       0.13911342470295410     
  0.33091608470223760       0.12876931738492672     
  0.33282735038271410       0.12215263448251525     
  0.33879626335673169       0.11970108829343559     
  0.35674869471337251       0.13092872613369810     
           7
  0.42250483782690773       0.28617744624825719     
  0.41460320420092839       0.27811343578842812     
  0.40877907194040158       0.27844040055204405     
  0.41100788442417180       0.26956822965665361     
  0.41070255059150002       0.25852072730991466     
  0.42106883924084448       0.25609938369973806     
  0.43167138143804534       0.25897267276789787     
           3
  0.48311408820579815       0.10750092399951638     
  0.46267646461475992       0.10505120060910426     
  0.47432761648775296        9.0477455818864891E-002
           7
  0.46530901851051581       0.85906984652409479     
  0.45632646104363689       0.85615278109219506     
  0.44044062585521326       0.85737508646809912     
  0.43931763136103097       0.84236349417546630     
  0.45383044548505908       0.83914193431690010     
  0.45460847739241350       0.83276471590986501     
  0.46876491013198801       0.83480500123910872     
           7
  0.50869454605261366        4.4002467394803527E-002
  0.50107988734262521        5.0665343173764074E-002
  0.48597608782988011        5.0354225055550546E-002
  0.48584369340024458        4.2088691653083085E-002
  0.48162994106002288        3.7062686373182149E-002
  0.50049132311942168        2.5377654671022445E-002
  0.50826319711310231        3.8235400915385770E-002
           4
  0.53611262529402981       0.14694762323740251     
  0.52087529751670303       0.15053837743179693     
  0.51908506338792559       0.13056355253108667     
  0.54046231336794848       0.12608655031530219     
           8
  0.24367594168805987        1.0060548866385737     
  0.23521211958307461        1.0100913148963540     
  0.21781412764105237        1.0126435614536604     
  0.21957674730128454        1.0056347886794617     
  0.21627120614555984       0.99649080009903057     
  0.21991573444912457       0.98904193561962317     
  0.23212859592153864       0.98554299258389189     
  0.24179878584027664       0.99270390417795451     
           5
  0.68022124824063146       0.28817827821340480     
  0.67336425230590613       0.28958139872660565     
  0.66311365239165376       0.26928582478436242     
  0.67829724463363639       0.26805124804639807     
  0.69031525352739864       0.26816082935109864     
           5
  0.49698795180722893       0.42971887550200805     
  0.48899590871434617       0.43210768172549702     
  0.48225515134803754       0.42003493337367093     
  0.49235008028383642       0.41554125378668011     
  0.50695075917186283       0.42154560867715724     
           5
  0.54652275993509691        5.3687778334466849E-002
  0.54992320285190133        6.5433412992521950E-002
  0.52562266212169328        5.3152443665020296E-002
  0.52883436643310267        4.6369072573065107E-002
  0.54596843628557601        4.1853557932270941E-002
           5
  0.69577005165022998       0.15541691858848047     
  0.67263576561856653       0.16707509421288752     
  0.67700829969168363       0.15550149396327306     
  0.68484948237433918       0.14672712893063711     
  0.69493347851655063       0.14582860544699114     
           5
  0.45831562612465160        3.9117373784642952E-002
  0.45390036734435191        5.0763522473899515E-002
  0.43853975232614717        4.3034416443011231E-002
  0.43616083626074864        2.7017263286238911E-002
  0.44976327742302830        2.2804466117120208E-002
           4
  0.52264269236920602        6.9628860777065912E-002
  0.49907343471526466        7.7081079972554561E-002
  0.52057577150039114        5.1721674613817152E-002
  0.51963997758751568        6.0613286877531980E-002
           7
  0.67039690814415254       0.34190109844251904     
  0.64803687361040285       0.34609225349966372     
  0.64187734071002711       0.32961920216547363     
  0.65475507382320863       0.32250838913146268     
  0.66141527960421675       0.32337273848785852     
  0.66639579825899420       0.32002332512268633     
  0.67076184039933262       0.32423488928155991     
           3
  0.58734939759036142       0.22690763052208834     
  0.57790819217521983       0.22776561719555158     
  0.58251088526251638       0.21272713108010285     
           6
  0.54198155190090691       0.94830153695454844     
  0.53293799774303552       0.95059748461650351     
  0.51298904334646056       0.94935949338974801     
  0.51773167238809115       0.94444186766465921     
  0.52811244979919680       0.93574297188755018     
  0.54366618818134582       0.94202442549239251     
           8
  0.49316682304419796       0.29477136720601138     
  0.49234621293168596       0.30368339358765184     
  0.46547128143271055       0.29976151498118542     
  0.46826470360461919       0.28825839760316169     
  0.47436689127083692       0.27764318808422922     
  0.48746794273069616       0.27699146910040529     
  0.49364311956396600       0.27537817369383971     
  0.49024753984265901       0.28292072645089977     
           8
  0.70215903147588821       0.12182058644153364     
  0.69547274347816168       0.11972519586443389     
  0.70128701514625558       0.10979010235364590     
  0.69576557686124774       0.10802025995165489     
  0.70140516426043409        9.7201006451365965E-002
  0.70899027682993021        9.3536461894247719E-002
  0.71578417235343683        9.3212898286517396E-002
  0.72446989527151207       0.10303484672470574     
           4
  0.60525197274024756       0.16621135399696196     
  0.57656588342167581       0.16533541475428135     
  0.58971032540523549       0.14457775589016103     
  0.59462457320888062       0.15146985511171479     
           8
  0.48522538860300640       0.90545074873754627     
  0.47941264312368420       0.90981272727869189     
  0.46292310612424248       0.91234383264579555     
  0.46001305131440690       0.89947592297611145     
  0.45939026582624320       0.89228305772882222     
  0.46356076117537648       0.88843551584341585     
  0.48120407852253994       0.88752975907672793     
  0.48445744149027092       0.89398049237731581     
           8
  0.62920632610857863        8.9482951646685599E-002
  0.63033838984289969       0.10080241467642241     
  0.61635467929777144        9.7893473520428292E-002
  0.60786977198043146        9.1012203933284991E-002
  0.60803784671946048        7.4481304218591421E-002
  0.61390096628616408        7.3714831620531024E-002
  0.63012502463385034        7.4283086818766247E-002
  0.63531914491321184        7.0202667547643344E-002
           8
  0.43886928214397491       0.38245253514977923     
  0.43102430917942181       0.38997117164026651     
  0.41928846543955350       0.38619834431912425     
  0.42672656510253648       0.37836568271534826     
  0.42131108056866284       0.37760566530824263     
  0.42656456663532016       0.37212540416828566     
  0.42484726588476296       0.36021485048239821     
  0.44631125623010381       0.37728976405012421     
           5
  0.42597181334235745       0.21909604848675165     
  0.40893616132864435       0.22286038747242046     
  0.39835025970266719       0.21865125206878411     
  0.39590597760625540       0.19685915358683753     
  0.40379398935006766       0.19454657804681746     
           6
  0.50315838323961981        4.3383880799805020E-002
  0.48080187916331468        4.4463894818928332E-002
  0.48446692565998323        3.8402835633382926E-002
  0.47835207263489354        2.3493976519082350E-002
  0.49463719051415900        1.9905380365236335E-002
  0.50144301040976680        3.2652120734096193E-002
           3
  0.54754546267143878       0.20897169384368353     
  0.53313253012048190       0.20481927710843373     
  0.54747791501648246       0.19775396456232686     
           8
  0.54951821044641125       0.22696301405583671     
  0.54115446194677119       0.22685296599766175     
  0.53378285434192818       0.22816194119225561     
  0.53886612308470994       0.20320215625252977     
  0.54624142720492008       0.20157297552495773     
  0.55727838172572908       0.19925208827774929     
  0.55987030283724892       0.20451154130674890     
  0.55957341702146035       0.21055478009705092     
           5
  0.48492036955573781       0.93656564405800846     
  0.47265535158856353       0.93773592999037192     
  0.46639489879955875       0.94240964147551831     
  0.45845937846713430       0.92683960957670930     
  0.47188755020080320       0.92871485943775101     
           3
  0.54123192101394024       0.90284971876843489     
  0.52981993600864874       0.87801095390858419     
  0.54626561545466135       0.88773641977126538     
           5
  0.76311274802361684        8.0890005239398807E-002
  0.75910416175161954        8.9475446590788599E-002
  0.76110754140910719        6.9829892581095052E-002
  0.76540053180352141        6.3987779523345875E-002
  0.77309236947791160        7.4297188755020074E-002
           5
  0.56312813043819954        5.7889175217937017E-002
  0.55312976740493303        6.1729956622291408E-002
  0.53774540716519548        6.0823917799948099E-002
  0.53288886643070199        5.5877670513939541E-002
  0.55592438346075201        3.9068676470776054E-002
           6
  0.61799931998916646       0.18700586897624949     
  0.60937377770683776       0.18947923658089313     
  0.60344022342403247       0.19295268253562420     
  0.59960844184728523       0.17561275010510044     
  0.62981724984889520       0.16533047833156228     
  0.62424239606189713       0.17129561396401607     
           7
  0.57944751422826368       0.13971015619566474     
  0.56891763515986471       0.14035905636769866     
  0.56259558882515048       0.14021444371860917     
  0.55215648379855797       0.13653795145316996     
  0.55389862795424782       0.12885884003801248     
  0.55442948137159676       0.12091410418151979     
  0.58044918329431483       0.11392653578706345     
           3
  0.61473605452999203       0.31032582873958037     
  0.59939759036144580       0.30020080321285142     
  0.60064357485330910       0.29031273351441811     
           8
  0.64093546795886336       0.41193953448575760     
  0.63680163042320692       0.40741955438298083     
  0.62348481544519463       0.40369110371166489     
  0.61701306609760853       0.38538952610015442     
  0.62584308887219042       0.38500512978017698     
  0.63274486379934203       0.38683206326235642     
  0.63856164853839781       0.38791038375529185     
  0.64509004787526980       0.39039147199920782     
           5
  0.44556639029622691       0.94432068908633060     
  0.43653967601979748       0.94863059725136389     
  0.43004331085701503       0.95374378880012622     
  0.42494202368826528       0.92565804573318877     
  0.44327150145890160       0.93547952369573939     
           3
  0.55275159333771462        4.1739078166985542E-002
  0.52724413661795511        4.0271347992545677E-002
  0.54016064257028118        2.9116465863453816E-002
           6
  0.53443665070650437        6.7498805881537796E-002
  0.51732916072108792        8.1609370983129967E-002
  0.51158406185392558        6.7628482870177226E-002
  0.51758424021535399        5.9850218765242442E-002
  0.52445033624346304        5.5273519478743816E-002
  0.54082149706221927        6.1515203229727894E-002
           3
  0.56124497991967870       0.18172690763052210     
  0.54714422801754070       0.17880138130601003     
  0.56936126382352703       0.17546087214083300     
           3
  0.32730923694779118       0.84437751004016059     
  0.31772344573838740       0.85063608561484361     
  0.31319303486881167       0.83157101877739614     
           8
  0.54580246811714217        8.7783273071337264E-002
  0.54454735876269089       0.10042863937493485     
  0.53335573996323093        9.4879876673872626E-002
  0.52784946565559454        9.8180844715670179E-002
  0.52433313603113219        7.4601033041886297E-002
  0.53458606410043208        7.1578369558092214E-002
  0.54371541480802477        7.4971628946710750E-002
  0.54974423598741551        8.0236661513185703E-002
           4
  0.48034276870601300        3.4590166174023572E-002
  0.45997814450343649        4.1314148127923472E-002
  0.45916281755113919        1.4125169618869967E-002
  0.48509368185847995        1.2784743001393799E-002
           5
  0.51514526555208739       0.14098975464946970     
  0.50143507345895877       0.14521129701241581     
  0.50066639507197264       0.12145051432120310     
  0.51190040476162502       0.12131626642867105     
  0.51643959697072439       0.13185045836489298     
           8
  0.57095109011806522       0.32195536100570576     
  0.54985047889706729       0.32355830760576565     
  0.55127119097970068       0.31528249459122848     
  0.54455341417752123       0.31475885170228979     
  0.54703418275157589       0.29408001717971605     
  0.56621589412042550       0.29568130881287447     
  0.56795347611058289       0.30499719025775923     
  0.57334318089713343       0.30960976957098124     
           4
  0.35639078017357390        2.5223427666090276E-002
  0.34833184652652605        2.7438383756859558E-002
  0.35081227135297488        9.8218322340830506E-004
  0.36616551689476046        9.7475776968547929E-003
           4
  0.72969160678145129       0.97012741017989890     
  0.71922499690111763       0.97253338590794047     
  0.72289156626506024       0.96084337349397586     
  0.72854020824027288       0.94608554484459462     
           5
  0.53234867366376137       0.10560066206666098     
  0.52372558505771705       0.11808919732723872     
  0.50872527299936143       0.10856062447211819     
  0.50203854961029515        9.9147611646658446E-002
  0.50745918679602930        9.2836939908879548E-002
           8
  0.59080046986233037        9.9416915070832168E-002
  0.58407195147816837       0.10570212172949221     
  0.57789512757305461       0.11085685030997909     
  0.56621119686065702       0.10532072535689706     
  0.56422091577242606        9.5323775626165341E-002
  0.57908998227014274        8.4672086652265471E-002
  0.59174151403207764        8.5095061087620716E-002
  0.58952752177807299        9.3260676415922186E-002
           5
  0.49375115059715569       0.21326948293548245     
  0.48331064179153238       0.21722344615426037     
  0.48367315776653858       0.19017058576491036     
  0.49992905549994299       0.19505931259882683     
  0.51276974325846314       0.18980261686414324     
           8
  0.49193778495718898       0.33986504322200284     
  0.49341505619959747       0.34546593890712907     
  0.47596087229794332       0.34031300957099447     
  0.47049492360324191       0.33444362180842779     
  0.46989779827336248       0.32138826167813928     
  0.47739543104651783       0.31496795379190845     
  0.49747658931540989       0.32126878157067207     
  0.49223612331816480       0.32701096173830019     
           6
  0.35384298785712681       0.92873039284834225     
  0.32966988834576944       0.93513765222550616     
  0.32949415753827915       0.91666431827733241     
  0.34282350392090022       0.91244169862433655     
  0.35260265823937442       0.90876486695866210     
  0.34862947122435456       0.91905399689096212     
           3
  0.44351263267102053       0.80403016873543509     
  0.42871485943775101       0.79518072289156627     
  0.44253630592539456       0.78738562370973653     
           7
  0.45692228231127924       0.30592367303643220     
  0.44859580547674321       0.30776310728807077     
  0.43620469121304034       0.31284927398223389     
  0.43081503360781886       0.30902967126597053     
  0.45029649732354504       0.29031797279440341     
  0.45777418305212259       0.29210915289065320     
  0.45096781265436392       0.30133389252653991     
           7
  0.77787908089403346       0.24508693909634685     
  0.76975904050499788       0.25066528120473669     
  0.76450727311821087       0.25380762526939227     
  0.75487000220159295       0.23788852852349823     
  0.75863349477312059       0.23155085779724771     
  0.76630036505425581       0.22814230795040069     
  0.77848948171224863       0.23147327444824203     
           3
  0.50602409638554213       0.14759036144578314     
  0.49433518552673983       0.15202423868286835     
  0.49214945654634834       0.13563037915208259     
           3
  0.49385075154825847        7.8252608438960952E-002
  0.47769683526157669        7.0058725664152222E-002
  0.50207225279003020        6.0619487260524393E-002
           6
  0.52620793155456158       0.21363909528770803     
  0.51729275446338141       0.21912829665703865     
  0.51344124059343688       0.21360917866110024     
  0.50222091360552001       0.19391843738418257     
  0.51279904508454366       0.19242979155937845     
  0.52337791523852584       0.20335605575980994     
           7
  0.58935949445359570       0.23821556414260170     
  0.57963785026402603       0.24052827301167790     
  0.57201541067678507       0.24131302342396818     
  0.56221920812295667       0.23947409038489484     
  0.56676846517820545       0.23182553362749472     
  0.58318846741086483       0.21590308017358037     
  0.58941374927435319       0.21336324697305212     
           4
  0.59839357429718876       0.93473895582329314     
  0.58583682238738832       0.93486871767207214     
  0.59363710474635623       0.92560554482346558     
  0.61039053783836184       0.92460077621308179     
           3
  0.59072160041833821       0.93313917174810002     
  0.56868218027395256       0.92418421858651556     
  0.58906754035803288       0.92250673086628210     
           3
  0.50744833659352462       0.16584816915151326     
  0.48326199500606376       0.16826224304215784     
  0.49949034410668802       0.14727387390564270     
           3
  0.34840555777550608       0.97599648961210184     
  0.36244979919678716       0.96586345381526106     
  0.37504534949678409       0.96211910094879183     
           3
  0.54116465863453811       0.87248995983935740     
  0.52781557432376169       0.85721493138042149     
  0.53881776971245965       0.86394893418333629     
           5
  0.47047379623221869       0.16165287039948989     
  0.45937361560447776       0.16294074669987058     
  0.45039811517038791       0.15373615273541402     
  0.45801764212114987       0.13522249067347675     
  0.47068827169281946       0.14438465677328183     
           3
  0.48244960474713733       0.81566223827906759     
  0.45798766038341149       0.80713836037620668     
  0.46923986518547572       0.80057167024298392     
           7
  0.45502005777818283        5.7414747645259140E-002
  0.46120680978356027        6.3002751922785413E-002
  0.45097973696624966        6.3441860424348018E-002
  0.44072808145518105        5.6628640446250982E-002
  0.43510432575458474        5.2517325256053723E-002
  0.44144204725347036        3.5100495241511494E-002
  0.46281686650085679        5.2217708913538260E-002
           4
  0.61531420019621963       0.10899878865007605     
  0.59856483375674396       0.11590424702140384     
  0.60196852058257000        8.8498951642265025E-002
  0.61658185742876070        8.8679221817036913E-002
           3
  0.55470963833932518        1.0984595677305201E-003
  0.53915662650602414        7.0281124497991966E-003
  0.53403763267801629       -6.4157423721780309E-003
           5
  0.54788467564814858       0.23196777047434966     
  0.55086325667842184       0.24127638981850549     
  0.52792301539963504       0.23574891329754222     
  0.53294896878734388       0.21542681494266078     
  0.54725041596609914       0.21927074651858589     
           7
  0.71252405812605613        4.4262637792877466E-002
  0.70609036110918821        4.1031189469271902E-002
  0.69411683381281253        3.9153343727226439E-002
  0.68791816934334882        2.0695173480169818E-002
  0.70048596946932740        1.8910176856946612E-002
  0.70870116613690470        2.0211155812239895E-002
  0.71500490444389087        2.4890442981840909E-002
           7
  0.44553524836335867       0.13047985896506165     
  0.43416201576083818       0.13247733438447618     
  0.43101810790774475       0.12343630317002362     
  0.42994180975633034       0.11265590241098081     
  0.44237035237949257       0.11215278005603771     
  0.45019875078306354       0.10707942403051618     
  0.45666053232246312       0.11397089772506304     
           7
  0.39398089582493306       0.20205684104138280     
  0.39249053978236453       0.19510609664918321     
  0.38952336049464786       0.19008394652732466     
  0.39033095488511821       0.18098306737455874     
  0.39743490693966538       0.17741008863319263     
  0.41577694401659621       0.17974943990457881     
  0.41480390160036007       0.18708084927880528     
           7
  0.48549724259485522       0.27148620985995081     
  0.46835224242054352       0.27963842329175798     
  0.46657952815139442       0.27310595227161966     
  0.46044353389248283       0.27756161216952047     
  0.45566651610307890       0.26653540785273661     
  0.45943922201771964       0.25892754655464023     
  0.46912354910562037       0.25390170302891046     
           3
  0.43483866827126727       0.95922654518125872     
  0.42670682730923692       0.95381526104417669     
  0.41837387054362124       0.94041781645273548     
           3
  0.57346475826773080       0.17698900776798618     
  0.56380614735958134       0.17709390920827650     
  0.56425702811244982       0.16767068273092370     
           6
  0.53837976992594117        6.0082848177831216E-002
  0.52098068202489334        7.5439081046538806E-002
  0.51252307933507502        5.9110141396047852E-002
  0.51040268602680150        4.7980985238371708E-002
  0.52367867912281185        5.2538997505301728E-002
  0.53575789279976416        5.0932971280299284E-002
           7
  0.58914864973163739        8.8019345572014837E-002
  0.57520835812078486        9.6705730729841455E-002
  0.56706740555637347        9.4274607498825491E-002
  0.56094959613030537        9.2125056449086612E-002
  0.56543029147370671        8.7439285896051044E-002
  0.55913565651699737        7.9641158553373753E-002
  0.58954145406978109        7.0442689961299473E-002
           5
  0.42787063332564801       0.91673542108255224     
  0.41006549014113558       0.91430228948266778     
  0.41430461459362927       0.90862461055373001     
  0.42698683591266540       0.89404288705906909     
  0.43670350535815333       0.90179096337197662     
           6
  0.45428531116983284       0.92582771789921026     
  0.43989476483556250       0.92323522300747851     
  0.43899499990864493       0.91319060917149508     
  0.43878821829064796       0.90365038716626933     
  0.44915253276850003       0.89927291293901868     
  0.46405550981777116       0.89652801015572048     
           5
  0.51515398646167643       0.25133990415813368     
  0.50144868921697383       0.24415785505241261     
  0.50098140630844923       0.22770019480572007     
  0.51275982130349806       0.22882140588928429     
  0.52263359115450247       0.22293557706926800     
           4
  0.43923760787602190       0.21794865101068822     
  0.42803891558483154       0.21841079141606345     
  0.43121271643751902       0.19905938267757783     
  0.44176706827309237       0.20381526104417672     
           8
  0.64348213214404026       0.94018989584473156     
  0.64162686404193603       0.95124478880861452     
  0.62416751001170101       0.95286881737867590     
  0.61657383778949904       0.93756635752866102     
  0.61690012225505519       0.92604591090648625     
  0.62525291885594092       0.92943001452920671     
  0.63481272015309265       0.92349177274864824     
  0.64232410861728140       0.92969697647761662     
           4
  0.63791055287095877        9.3126618502352390E-002
  0.62498209812792804        9.0800779338392423E-002
  0.63612977388051839        7.5945455358740185E-002
  0.64878884417197336        7.8173416819284150E-002
           5
  0.54047477630451857        4.4677801224426224E-002
  0.52552690156070403        4.2197623529271519E-002
  0.51735036578302107        3.4971058279834884E-002
  0.51957719605484443        2.4007620848073619E-002
  0.53993862451842800        2.6020392948708573E-002
           6
  0.50030399018409999        5.0965492534662694E-003
  0.48727593457955520        1.4862591975111906E-002
  0.48491619624862653        8.9279255069749045E-003
  0.47659123452361019        5.0080358007177327E-003
  0.48373159512300407       -1.1121922795783739E-002
  0.50684287305234510       -3.5682686427659619E-003
           7
  0.52510515685549775       0.18858219050326605     
  0.52012105266688913       0.19411707607771400     
  0.51138599828883557       0.19822306046109711     
  0.49716475362624452       0.19972072290686280     
  0.49641289633540692       0.17765817629245065     
  0.50502909627839720       0.17428695970088018     
  0.52046887166517319       0.16984228515758512     
           4
  0.65209570827965080        4.0551945418918094E-002
  0.62356187632312354        3.8316378371754056E-002
  0.62587786462171036        2.7090953328553082E-002
  0.63755020080321290        2.5100401606425703E-002
           3
  0.49196787148594379       0.10441767068273092     
  0.47964518552423968       0.10429884569700754     
  0.48411423088877298        9.1154498236042658E-002
           8
  0.54518738518233212        6.6791469022456276E-003
  0.54367002279420340        1.4189297499929178E-002
  0.51907824271192471        9.1803737076780606E-003
  0.52182368436561322        3.0866976259153311E-003
  0.51573566966530160        2.1167878899898875E-003
  0.51577616927483583       -4.1292070712912032E-003
  0.53240857018993526       -9.7767453895307201E-003
  0.54078906092238677       -9.2939173599185174E-003
           4
  0.44791028302831781       0.95329795647150972     
  0.43362378901581228       0.95098173281878640     
  0.42471195412203105       0.95019570656229246     
  0.42944268990652018       0.93273072598772944     
           6
  0.49602706607415864       0.97541785452294960     
  0.48983310598304070       0.97357863182395743     
  0.46997321764962185       0.97053302063575786     
  0.47293020603198327       0.96039547272548054     
  0.48099602749878251       0.94904902457814666     
  0.49903502903354363       0.94774447231691050     
           6
  0.47344330030265364       0.85386668286984102     
  0.46288028246455726       0.85958013452251048     
  0.45739448856134235       0.86363379347435010     
  0.44558006791655536       0.85061725068113625     
  0.44571121446183187       0.83790959166123780     
  0.45348051876695578       0.83880235198552733     
           8
  0.46979366519208021        3.5053504477148001E-002
  0.45783343388501835        3.8074963550288374E-002
  0.44690943542069894        3.4198343281103487E-002
  0.44442341426342030        2.9044550868330653E-002
  0.44581031168382595        1.4473563575963076E-002
  0.45778180772584409        1.3435886984552423E-002
  0.46513699157548133        1.7106784940180267E-002
  0.46973533733586420        2.2674084349384449E-002
           7
  0.51242877728672032       0.30135685801593748     
  0.50248948629517487       0.29886081567523082     
  0.49481144298097623       0.30182681675283457     
  0.48222223923773561       0.28734268425323006     
  0.48244836922813084       0.27860953495401081     
  0.50325190541367426       0.27986961221888451     
  0.51142572391029772       0.27265060435695987     
           3
  0.18373493975903615       0.35542168674698793     
  0.17500526368090530       0.35624946281563336     
  0.17406429799646284       0.34066664966199739     
           8
  0.57923186531261983       0.20665027082392254     
  0.57240469723962906       0.20978994903444034     
  0.56189892038603606       0.20961576794095760     
  0.55687715536269233       0.20666039721662544     
  0.55596270408757398       0.19957248640683586     
  0.55014218601862852       0.19819562976937496     
  0.57378948087833548       0.19091640237800414     
  0.58069877714908080       0.19425947902170351     
           8
  0.45962968343960509       0.94196085294859766     
  0.45305707931217004       0.94590032142335156     
  0.43955658282570970       0.94618995408032724     
  0.43690628637131101       0.92775297258283462     
  0.43656598205743774       0.92220821612184567     
  0.44406197956498622       0.91952776883533904     
  0.45436340458813818       0.91977539772165562     
  0.45393855886421330       0.92963656663920213     
           3
  0.83245470808109656       0.28093657946180961     
  0.80663322967941764       0.27852351291071437     
  0.80862407612937370       0.26679872750021011     
           4
  0.36952837471148686       0.89974363766083942     
  0.36044176706827308       0.89658634538152615     
  0.36500921131824260       0.88237228759769792     
  0.37586847602497686       0.89110058204720810     
           5
  0.51036302420217139        5.4357433059330884E-002
  0.51357370801560220        6.1646322096408884E-002
  0.49610133855411964        6.3086385270364559E-002
  0.48777888638145772        3.8897002675406495E-002
  0.50885342572346448        3.6236761036595753E-002
           5
  0.53460384165070296       0.25179989694675076     
  0.51201131218352602       0.25141991272805403     
  0.51322031592871231       0.24447181287479089     
  0.51619389930033555       0.23223232259468704     
  0.52551629726463289       0.23289878133103273     
           4
  0.60040160642570284       0.32630522088353414     
  0.58623987661786581       0.32890843207915454     
  0.58926745360452193       0.31865030967267205     
  0.59914671514412954       0.31139198224332837     
           5
  0.56583256180121144       0.23701806922428070     
  0.55094275690662264       0.24258098817059304     
  0.54624773036553154       0.23573582944246271     
  0.54897578939982739       0.21850639612071146     
  0.56952478137018892       0.21929829151644084     
           4
  0.56383635742936833       0.36656238660094576     
  0.56949609826418490       0.38222422919314741     
  0.54385195576572398       0.36281380117751494     
  0.55674440587679563       0.35326141444439446     
           8
  0.66765257300208058       0.29602010817181540     
  0.66829389445686149       0.30250926780784471     
  0.65605825740101975       0.29790421603212897     
  0.65266925385551766       0.29107747692393021     
  0.65882119019842755       0.27354649589305030     
  0.66271915684207261       0.27920314010601410     
  0.66833710103880728       0.27931181885878886     
  0.67968822582273780       0.28043347225459042     
           7
  0.56063375431724127       0.28959268563489948     
  0.55279927218299107       0.28608808909823491     
  0.54014411573181076       0.28719250182574257     
  0.53944304138474053       0.27559711043222118     
  0.54424491056157287       0.26716780809225293     
  0.56002495410198627       0.26766014492623774     
  0.56381727442193041       0.27747389701522368     
           3
  0.48441992083249719       0.94456420799151519     
  0.47658037786459689       0.94967348926222950     
  0.47075112143548348       0.92632609189923198     
           6
  0.51153272405344230       0.93659536623153949     
  0.50123316326710510       0.93645619583607054     
  0.49262053517608761       0.93741198922368474     
  0.48559127575993583       0.91616958563389717     
  0.49967122081873622       0.91285597603471780     
  0.50996009105744056       0.92066173029375620     
           3
  0.53400079267195599       0.34780802871426680     
  0.51059843409137839       0.35019370501354241     
  0.52409638554216864       0.33835341365461846     
           3
  0.45714411861142307       0.13736471947732701     
  0.44237136025642326       0.14303134105106075     
  0.43080909806547613       0.12160925890692589     
           8
  0.57334494558002935       0.40330949997385723     
  0.57306475183508465       0.40888244654468509     
  0.56258335891753997       0.41262007310484494     
  0.54871848111424149       0.40861176598056287     
  0.55126466134489038       0.39447470592376627     
  0.54964619130243675       0.38875207163583181     
  0.56470912053051592       0.38907924777761760     
  0.57072108733238303       0.39208668419627862     
           8
  0.50884348823055414        5.3547887427357742E-002
  0.50767897200041245        5.8827180924928432E-002
  0.48869054827314051        5.8539237199595168E-002
  0.48527159025418948        4.7847977310468900E-002
  0.48458525504897360        3.4183185825593938E-002
  0.49385561267618028        3.4473249410221340E-002
  0.49969102166691648        3.6331671347900940E-002
  0.50935206734973915        4.5924258187259280E-002
           5
  0.57461099008203076       0.17552016622390693     
  0.55959441147171429       0.17361358145469916     
  0.55450185603302904       0.16738694696284734     
  0.55843432114102942       0.15960765815796049     
  0.56324713626987843       0.14780435343429227     
           8
  0.53621460416781297       0.19592511072331958     
  0.52993953865965215       0.20479300858966723     
  0.51315995283337934       0.20338154753705132     
  0.51826276786296632       0.19469850838602523     
  0.51181017667941286       0.18615049712431916     
  0.51742980163647823       0.18328394509921370     
  0.52188450421140031       0.17887048988155740     
  0.54011183505897953       0.18921596302999652     
           7
  0.52891171837410700       0.94000833547477758     
  0.51138617703786027       0.95327801947474655     
  0.50703612260710118       0.93675796332349681     
  0.50549560465500465       0.92977778617139162     
  0.51496846943173513       0.93021461944241757     
  0.51376049108440658       0.92317281143573071     
  0.53260991349839004       0.92904840682176704     
           6
  0.61540369974718989       0.78238158407027403     
  0.60920442144063869       0.78483042354865662     
  0.59910332376053022       0.77931732648642982     
  0.59227607632985246       0.78112324005405076     
  0.59270475352664720       0.77321009635020410     
  0.62089046603651354       0.76344704879237923     
