   998.00000000000000     
   585.00000000000000     
         269
           8
   77.000000000000000     
   91.000000000000000     
   67.000000000000000     
   69.000000000000000     
   68.000000000000000     
   64.000000000000000     
   65.000000000000000     
   83.000000000000000     
   64.000000000000000     
   77.000000000000000     
   87.000000000000000     
   99.000000000000000     
   84.000000000000000     
   74.000000000000000     
   89.000000000000000     
   76.000000000000000     
   68.000000000000000     
   87.000000000000000     
   69.000000000000000     
   97.000000000000000     
   87.000000000000000     
   59.000000000000000     
   82.000000000000000     
   75.000000000000000     
   55.000000000000000     
   95.000000000000000     
   63.000000000000000     
   87.000000000000000     
   72.000000000000000     
   53.000000000000000     
   66.000000000000000     
   95.000000000000000     
   58.000000000000000     
   76.000000000000000     
   66.000000000000000     
   53.000000000000000     
   67.000000000000000     
   56.000000000000000     
   71.000000000000000     
   67.000000000000000     
   52.000000000000000     
   85.000000000000000     
   99.000000000000000     
   62.000000000000000     
   51.000000000000000     
   53.000000000000000     
   63.000000000000000     
   71.000000000000000     
   78.000000000000000     
   71.000000000000000     
   77.000000000000000     
   85.000000000000000     
   82.000000000000000     
   94.000000000000000     
   67.000000000000000     
   54.000000000000000     
   66.000000000000000     
   64.000000000000000     
   94.000000000000000     
   75.000000000000000     
   72.000000000000000     
   66.000000000000000     
   95.000000000000000     
   59.000000000000000     
   68.000000000000000     
   94.000000000000000     
   84.000000000000000     
   94.000000000000000     
   62.000000000000000     
   73.000000000000000     
   66.000000000000000     
   97.000000000000000     
   71.000000000000000     
   62.000000000000000     
   60.000000000000000     
   86.000000000000000     
   99.000000000000000     
   51.000000000000000     
   90.000000000000000     
   72.000000000000000     
   84.000000000000000     
   78.000000000000000     
   81.000000000000000     
   50.000000000000000     
   55.000000000000000     
   56.000000000000000     
   80.000000000000000     
   63.000000000000000     
   52.000000000000000     
   71.000000000000000     
   75.000000000000000     
   71.000000000000000     
   59.000000000000000     
   78.000000000000000     
   89.000000000000000     
   89.000000000000000     
   93.000000000000000     
   74.000000000000000     
   73.000000000000000     
   85.000000000000000     
   68.000000000000000     
   71.000000000000000     
   78.000000000000000     
   90.000000000000000     
   60.000000000000000     
   95.000000000000000     
   75.000000000000000     
   65.000000000000000     
   92.000000000000000     
   79.000000000000000     
   95.000000000000000     
   99.000000000000000     
   75.000000000000000     
   91.000000000000000     
   80.000000000000000     
   91.000000000000000     
   71.000000000000000     
   55.000000000000000     
   97.000000000000000     
   71.000000000000000     
   53.000000000000000     
   99.000000000000000     
   60.000000000000000     
   70.000000000000000     
   99.000000000000000     
   97.000000000000000     
   75.000000000000000     
   54.000000000000000     
   73.000000000000000     
   51.000000000000000     
   84.000000000000000     
   72.000000000000000     
   97.000000000000000     
   60.000000000000000     
   82.000000000000000     
   67.000000000000000     
   57.000000000000000     
   62.000000000000000     
   93.000000000000000     
   97.000000000000000     
   94.000000000000000     
   91.000000000000000     
   56.000000000000000     
   71.000000000000000     
   92.000000000000000     
   92.000000000000000     
   78.000000000000000     
   100.00000000000000     
   93.000000000000000     
   99.000000000000000     
   95.000000000000000     
   99.000000000000000     
   57.000000000000000     
   78.000000000000000     
   100.00000000000000     
   69.000000000000000     
   53.000000000000000     
   80.000000000000000     
   80.000000000000000     
   76.000000000000000     
   99.000000000000000     
   58.000000000000000     
   68.000000000000000     
   51.000000000000000     
   64.000000000000000     
   97.000000000000000     
   55.000000000000000     
   100.00000000000000     
   52.000000000000000     
   99.000000000000000     
   66.000000000000000     
   74.000000000000000     
   68.000000000000000     
   97.000000000000000     
   100.00000000000000     
   59.000000000000000     
   72.000000000000000     
   63.000000000000000     
   74.000000000000000     
   72.000000000000000     
   85.000000000000000     
   93.000000000000000     
   100.00000000000000     
   66.000000000000000     
   53.000000000000000     
   93.000000000000000     
   95.000000000000000     
   61.000000000000000     
   89.000000000000000     
   86.000000000000000     
   80.000000000000000     
   74.000000000000000     
   56.000000000000000     
   78.000000000000000     
   78.000000000000000     
   66.000000000000000     
   85.000000000000000     
   89.000000000000000     
   74.000000000000000     
   57.000000000000000     
   84.000000000000000     
   88.000000000000000     
   97.000000000000000     
   93.000000000000000     
   80.000000000000000     
   53.000000000000000     
   51.000000000000000     
   85.000000000000000     
   55.000000000000000     
   89.000000000000000     
   72.000000000000000     
   53.000000000000000     
   60.000000000000000     
   97.000000000000000     
   89.000000000000000     
   94.000000000000000     
   81.000000000000000     
   76.000000000000000     
   98.000000000000000     
   94.000000000000000     
   68.000000000000000     
   71.000000000000000     
   52.000000000000000     
   69.000000000000000     
   87.000000000000000     
   93.000000000000000     
   64.000000000000000     
   64.000000000000000     
   71.000000000000000     
   94.000000000000000     
   66.000000000000000     
   60.000000000000000     
   92.000000000000000     
   61.000000000000000     
   86.000000000000000     
   100.00000000000000     
   93.000000000000000     
   70.000000000000000     
   88.000000000000000     
   66.000000000000000     
   81.000000000000000     
   51.000000000000000     
   73.000000000000000     
   91.000000000000000     
   86.000000000000000     
   68.000000000000000     
   89.000000000000000     
   52.000000000000000     
   79.000000000000000     
   60.000000000000000     
   60.000000000000000     
   60.000000000000000     
   55.000000000000000     
   95.000000000000000     
   73.000000000000000     
   80.000000000000000     
   79.000000000000000     
   86.000000000000000     
   79.000000000000000     
   89.000000000000000     
   88.000000000000000     
   70.000000000000000     
   56.000000000000000     
   80.000000000000000     
   64.000000000000000     
   51.000000000000000     
   85.000000000000000     
   88.000000000000000     
   70.000000000000000     
           1
  0.50100200400801598       0.50100200400801598     
           8
  0.64751042874164000       0.52743484230476823     
  0.64283570353639907       0.52452415988453094     
  0.63359664183588604       0.52134934681378731     
  0.63004469865287926       0.51706061204916021     
  0.63137071667740385       0.50876567498815972     
  0.64653922830147803       0.50156602373095227     
  0.65847019059769030       0.49873428924167257     
  0.65161567364387518       0.50498117362128392     
           4
  0.71672176425522449       0.41152763378692581     
  0.71747712655574358       0.42091496002109707     
  0.69442032988928137       0.39314981007780592     
  0.72287881142686639       0.39546329431851018     
           4
  0.41007657450070378       0.36160731224413639     
  0.38714320183529938       0.36716710597891233     
  0.38558061940447469       0.35604472027159140     
  0.37978418917590173       0.34121225317083437     
           8
  0.15432355162501654       0.48188617588718058     
  0.13678015563683343       0.48502139201234545     
  0.13086311969202208       0.48423089419270854     
  0.13081209060525062       0.47441088723575714     
  0.13058115848428167       0.45545251131521258     
  0.14249394490514070       0.46114841547081903     
  0.15573698810996636       0.46698829736668068     
  0.14863383181629233       0.47068115365012375     
           4
  0.37095001940657962       0.23060325688146768     
  0.35272367681032457       0.21680434447274594     
  0.36131515079076854       0.20070366582872459     
  0.37539362911371177       0.21147354379300462     
           6
  0.50662894003138104       0.85652180875070139     
  0.48552892865456820       0.87104540291889065     
  0.48337428106879193       0.86318750787423493     
  0.48119693739991587       0.85068803502000612     
  0.49915136341346256       0.84752378961075803     
  0.50777197716341105       0.85016085346687109     
           8
  0.12879622278386560       0.47620532329714693     
  0.13103664179891747       0.48117958192215016     
  0.11557404133509804       0.47557844219148437     
  0.10952103028339061       0.48172422543584126     
  0.10440519275022592       0.47566463430175127     
  0.10236280714040628       0.47053631491353637     
  0.10313737963294874       0.45737880520537982     
  0.13032575283414516       0.46563262788630216     
           5
  0.46292585170340683        3.8076152304609222E-002
  0.45001972474607183        4.2615293173385332E-002
  0.45865056516757091        2.8726280356908131E-002
  0.46643187770161221        2.4257757737234334E-002
  0.47818922626873500        2.3789132521549804E-002
           4
  0.56186671946013245       0.48847973122185717     
  0.55127913046535415       0.49209804953062325     
  0.53865201051101275       0.47576424017008745     
  0.55392692695073975       0.46705574405546879     
           4
  0.75107285204947383       0.50696352582061921     
  0.73061790322473885       0.49832211327785031     
  0.72914892113006813       0.49029269877017978     
  0.75786469355994346       0.48356206496944903     
           6
  0.53546283033646247       0.72292362805272048     
  0.52655239703738599       0.71643782547112300     
  0.52115127390771754       0.71992972222571328     
  0.52258527743807626       0.70529164261364208     
  0.54825370458515521       0.69679063877816405     
  0.54833464995391090       0.70699827591039588     
           3
  0.79323076397672465       0.44091695320733937     
  0.77391071900121111       0.41482233150140591     
  0.79150083309762675       0.41185442117152665     
           3
  0.81506429452299067        1.2388712924459311E-002
  0.80060120240480959        6.0120240480961923E-003
  0.81183844289028329       -6.4469108417255583E-003
           8
  0.84742281076729598       0.68812842014547115     
  0.83948062610815966       0.68930148737877051     
  0.83447396796968043       0.69696444361892196     
  0.82635594105424448       0.69444672087718684     
  0.82385327054742485       0.67794570001999988     
  0.83950760638190902       0.67174458472330389     
  0.85219353057865488       0.67157065391158333     
  0.84706543577296856       0.67930978650121288     
           7
   9.9020402452214662E-002  0.23023726952134638     
   8.4974637069825845E-002  0.23545750475246263     
   7.2532916609301279E-002  0.22643818846552635     
   8.7232364336758766E-002  0.21732197703440431     
   8.5623379008689673E-002  0.21133003660921398     
   9.4131793175652997E-002  0.21228616348065554     
  0.10179769614211945       0.21498840801803237     
           4
  0.15274203563471478        1.0023682534330471     
  0.15462809595423091       0.98641689706413516     
  0.16155734287234469       0.98011821982121783     
  0.17407539219200108       0.98455741113505402     
           3
  0.53807615230460926        2.0040080160320640E-002
  0.52270283822195629        7.8291992247893558E-003
  0.54645896530298976        1.3881537830288029E-002
           7
  0.62344071741513662       0.39790016592684974     
  0.62701146170458832       0.40416952100281089     
  0.60350266290679089       0.41003723940519232     
  0.60049582544554370       0.39826075959135981     
  0.60060873370857482       0.38045152453748182     
  0.60766939623595895       0.38478796234780721     
  0.62264048409861628       0.38798865545870603     
           3
  0.32455555881638903       0.94192934724327138     
  0.30752823689708431       0.95205714947588904     
  0.31388667699989325       0.92950038648903766     
           3
  0.34268537074148298       0.97595190380761521     
  0.32973984451623062       0.97772765777593351     
  0.35687263796484492       0.96248034836175744     
           8
  0.52902872960355185       0.77151147621605676     
  0.50783644620141599       0.77386606174996098     
  0.50955485720605920       0.76631885168066616     
  0.50401978354611499       0.74797217361586410     
  0.50921393561995243       0.75142403186336792     
  0.51304360363467783       0.74469133527818121     
  0.51964808797132267       0.74387456859919421     
  0.52811203757586533       0.75113777656574154     
           8
  0.87445088102250568       0.78221354542147237     
  0.87571607069591617       0.78780811102099513     
  0.85716552499320386       0.78889420569817326     
  0.85165030696426924       0.79025154230389727     
  0.84825842764905912       0.77567388251300573     
  0.84700625421399767       0.76903653184882015     
  0.86159191264638491       0.76292204998994329     
  0.87413385467234583       0.76071350774434798     
           6
  0.30797066679298973        4.7901939217404564E-002
  0.30126683905699453        4.3304944263933692E-002
  0.30612729913106845        2.7765810083815692E-002
  0.31772564864899527        2.4081558547108872E-002
  0.32218969780812895        3.4468139540407054E-002
  0.32854201923240228        3.4678576688841861E-002
           6
  0.28343759688060177        2.7920222671719792E-002
  0.29120853216357040        3.7446986698415827E-002
  0.25993977991840755        2.9953906633415319E-002
  0.26316551542152050        1.5436782734809055E-002
  0.28584842212592920        8.0238970272192844E-003
  0.28415428852332214        1.5388954698456841E-002
           4
  0.32658580598750425       0.98843357133320875     
  0.31214124167851709       0.97944420979929203     
  0.31367946292204035       0.95793961138165407     
  0.32464929859719438       0.97294589178356716     
           5
  0.83765488030482937       0.60169258553382787     
  0.81230529228181392       0.59935900290417810     
  0.81917191626493957       0.57678825715087489     
  0.82595003335416950       0.57392810908954461     
  0.83407563115296024       0.57808583809083469     
           8
  0.28559022323704741       0.46698337422452069     
  0.28311318885729247       0.47313629252263117     
  0.26183079084923494       0.46818065972763756     
  0.26300909976476078       0.45801437581466747     
  0.26688138238372228       0.44528330849720832     
  0.28086229016258457       0.44903484577244496     
  0.28615875721984491       0.44504196401723967     
  0.28761646931901341       0.45206230954291943     
           5
  0.63061770848021281       0.66671113030651286     
  0.62818384048842302       0.67613950700708092     
  0.60745426731082608       0.66782735881492039     
  0.61202172743191374       0.65778835340538488     
  0.62949253145690409       0.65923735715945697     
           4
  0.87786379683725191       0.44190280564894741     
  0.86102084860522032       0.44210437037646361     
  0.86973947895791581       0.42785571142284567     
  0.87847417268433603       0.43237654195042230     
           5
  0.70234330872812500       0.75966396124307889     
  0.70734524507706609       0.76684476094721576     
  0.68932857757813215       0.76014796128888329     
  0.68400630818314234       0.73869340124477800     
  0.69840358847511275       0.73800422804625831     
           6
  0.96996727947187222       0.43025003686209701     
  0.95535902567416986       0.43341570471996615     
  0.94478193716645298       0.42510996364406223     
  0.94295921904845115       0.40662018588811311     
  0.95807580873896880       0.40599540932793921     
  0.96781037086833455       0.41579217387214612     
           5
  0.25210924364248471       0.82929169879560327     
  0.22668889679891918       0.83095100686995149     
  0.22334565066282880       0.81732629170424487     
  0.25092006668139649       0.81380352879426510     
  0.24982943724737253       0.82175385248273858     
           5
  0.90373810478161842       0.42631471926081799     
  0.89070242240226238       0.42008194067893623     
  0.87847980757512367       0.41965896892834997     
  0.88877755511022050       0.41182364729458920     
  0.89878792766489946       0.40982452353300614     
           4
  0.13915047061719579       0.81906437725485570     
  0.12370351441234384       0.82518863742444792     
  0.10964775969150027       0.81952284910012996     
  0.13819464918910584       0.80046295400995982     
           5
  0.20802353253147718       0.90570825825638257     
  0.20062363147826204       0.91476419468469605     
  0.18307573043094227       0.90498479704205581     
  0.17894960600666346       0.89052591444537854     
  0.20038877570648367       0.89266293475188863     
           6
  0.69682581520752318       0.31185709379858012     
  0.68486140654993066       0.31777306884354301     
  0.68074329809446676       0.31243474383756470     
  0.67747070184345959       0.29298625957444946     
  0.68910110311483397       0.29417954952934872     
  0.69643231921559046       0.29257104724599797     
           4
  0.44789579158316634       0.22044088176352705     
  0.43345267430921819       0.23577185205824408     
  0.43415399888621237       0.21617397099061356     
  0.43925572309120914       0.20483755860155450     
           8
  0.73205114768629431       0.47903828171169083     
  0.72171781970098137       0.48549115647935298     
  0.71668660421824915       0.48863127627973030     
  0.70738416083625388       0.48783309994264840     
  0.70935291751959062       0.48011739719325530     
  0.70826853802768441       0.46750666777163008     
  0.72663185185429213       0.45971018848152190     
  0.73014831548681658       0.46431231213140006     
           8
  0.42529935465364554       0.15611870073073905     
  0.41628278931625007       0.15572631165475062     
  0.40862074213891486       0.15502639990496311     
  0.40309754795744396       0.14793237111666688     
  0.40439378877182691       0.14158718433672521     
  0.41039394256567169       0.12629628017693226     
  0.42621347760284334       0.13331389822171882     
  0.42402238807656722       0.14099546061038487     
           5
  0.75323948819869135       0.31479920771511777     
  0.72436661392216606       0.31879954081710826     
  0.72842772153629232       0.30815345258461085     
  0.73834783177962071       0.29636161142233636     
  0.75376717228795109       0.29711470337612389     
           3
  0.44589178356713427       0.67334669338677355     
  0.43379045439549679       0.67030950547273327     
  0.45783153628939194       0.66125087551629891     
           6
  0.53873760077495703        6.2527247522721000E-002
  0.51171048202578917        6.3994649000321535E-002
  0.51664809723085625        5.7762541022250008E-002
  0.51187213709713641        4.9048124477023447E-002
  0.51807100031024156        4.4964927323704211E-002
  0.53426969417438230        5.0110563371571042E-002
           6
  0.12720559623351077       0.17258011212724189     
  0.11602349203008437       0.16968582619096031     
  0.10642969563851913       0.17066699905167973     
  0.10357924846330041       0.14966162057302551     
  0.11549328196861200       0.14491631555233339     
  0.12226085270090681       0.15320929190652829     
           3
  0.86621313866858274       0.94839048264065429     
  0.86072144288577157       0.93687374749498997     
  0.86932145450348874       0.93866132214587383     
           8
  0.11361578146833751       0.60295044878606041     
  0.11835039078083812       0.60750267965575433     
  0.10722823408657543       0.60731553796944304     
   9.9958718171601929E-002  0.60968746287129183     
   8.8527890755318167E-002  0.60282949535366037     
   8.8762117830541110E-002  0.58296329470857433     
  0.11657030272274874       0.58327429471945680     
  0.11232395055174638       0.58920991504031150     
           6
  0.57258970784838736        5.6358804178131085E-002
  0.55735769408506219        6.3910558450219604E-002
  0.54458860428314393        4.7962296243369194E-002
  0.55451637317233338        3.9285485785918124E-002
  0.56437383430691712        4.2182631358629874E-002
  0.57178402534585371        4.9065697096074501E-002
           7
  0.37094612457047510       0.22409594569453595     
  0.37605432865184707       0.22746394283143295     
  0.37520858806308732       0.23773564710512299     
  0.35883819529216665       0.23573458131743674     
  0.35323971269494014       0.21930645175471020     
  0.34986687682006673       0.21078231799515179     
  0.36922473430509900       0.21297167819647861     
           5
  0.71860944405915261       0.67801908112655895     
  0.72182439059361658       0.67057750656918691     
  0.72260966623705558       0.64890210855457120     
  0.73423827865646241       0.65143112106103696     
  0.73590341819989091       0.65917823190880109     
           4
  0.47821079556909218       0.34988160551438535     
  0.46880569840706054       0.35083401449876134     
  0.47468786679938063       0.33082279387151198     
  0.48568839331610464       0.32783378376523487     
           5
  0.28997616621305511       0.57416378468656182     
  0.26968844574437989       0.58144412864073025     
  0.26089763016803413       0.57571210746475976     
  0.26292985537416030       0.56707930983116328     
  0.27335065941678499       0.55499152447536337     
           6
  0.32609786175771793       0.38473052897550597     
  0.32837396444930855       0.39282214534237370     
  0.30146066410803163       0.39177711642642443     
  0.30747374131843419       0.37388337135748950     
  0.32046939960820314       0.36685138523638661     
  0.32943227773107758       0.37555052940932110     
           8
  0.71555114407687226       0.88013187755805322     
  0.70553687549922162       0.87945247230310164     
  0.69288634379231784       0.87784978604777697     
  0.68982388898478586       0.87334129434727137     
  0.69235829698450857       0.85803712215466765     
  0.70615199281733898       0.85541323954854720     
  0.72034540630486510       0.85103905926909051     
  0.71751545442386910       0.86048851508487334     
           8
  0.94713341897833847       0.26239355076496435     
  0.95000918486167996       0.26931705067188477     
  0.94230633624881210       0.27368847848109074     
  0.92750846019454891       0.26136959496912354     
  0.92903032972732447       0.24765041215085715     
  0.93835720196821060       0.25081197144544498     
  0.94830203569334570       0.24633524058951253     
  0.94847999145854889       0.25414681713632192     
           7
  0.10488440692239534       0.86818651746184983     
   9.4362481595110390E-002  0.87638058035354471     
   7.8459196444530532E-002  0.87481789694173551     
   8.1664895235181126E-002  0.86895427996699659     
   8.0468334028630836E-002  0.85496292676831709     
   9.2064833807706234E-002  0.85159107192677930     
  0.10715211342383568       0.86076719625629317     
           6
  0.71289500169159303       0.94101990960327941     
  0.70939251042912899       0.95144470656212377     
  0.70244977845535861       0.95090675637983435     
  0.69062923908508722       0.92555915291244950     
  0.70047885378076258       0.92218503003448937     
  0.71315236072338362       0.93312101214080989     
           8
  0.39032282570066518       0.31095094533946183     
  0.38368109909146014       0.31385598851419594     
  0.37531871739237016       0.31799285866924781     
  0.37047370517173450       0.31055544744995695     
  0.36772681554612835       0.30298913891694795     
  0.37588516933326066       0.29245952770262401     
  0.38802195114237381       0.29473101375299093     
  0.39528635546892610       0.30065149496837851     
           8
  0.70909033555749457       0.24629394152254308     
  0.70492435224536110       0.25274779730891861     
  0.69057562612870804       0.25306209822529474     
  0.68369771663591494       0.24296207085195809     
  0.68550762748157557       0.23460576779579179     
  0.68861980507147469       0.22697920832813245     
  0.69582406331924695       0.22685518575227251     
  0.70568700506297399       0.22766205648486218     
           3
  0.88176352705410821       0.82464929859719438     
  0.88262616998867249       0.81584671605214398     
  0.89271861697421773       0.81163040481746884     
           7
  0.34712452332964883       0.96866304520032043     
  0.34834322367392961       0.97793539538620877     
  0.34113494693569174       0.97332256384783800     
  0.32688348673861178       0.97553538134991225     
  0.32557871367441149       0.96408287573183427     
  0.33897574226495447       0.95167565700534296     
  0.35099865865577046       0.95566946955196908     
           4
   5.1230412617654611E-002  0.63755549739818984     
   2.5236931468454658E-002  0.64664050490086367     
   2.9193471211345426E-002  0.63697582877769110     
   3.4076684380517253E-002  0.62703647305894583     
           4
  0.30210416363741310       0.17485166798882651     
  0.28118496450383618       0.18239374985886922     
  0.27688150031883102       0.17047647795801321     
  0.28857715430861725       0.16933867735470942     
           4
  0.46967240444989095       0.50602905445282609     
  0.46026933376536705       0.50963951333816093     
  0.44136611367028267       0.48670711872316119     
  0.46870036551369970       0.49746859068578780     
           6
  0.60380305387501232       0.80633921265332942     
  0.58655992728630413       0.80054805686073405     
  0.59193476433165870       0.79487934703341412     
  0.60281537337034030       0.78609856799601807     
  0.61551438181333540       0.78602486089919876     
  0.61201358375896120       0.79350644865261111     
           3
  0.15529462047126752       0.92550731750803794     
  0.14688608028517877       0.90748147837389548     
  0.15531062124248496       0.91182364729458920     
           8
   9.5125751528177857E-002  0.46224662779839371     
   9.1094259066236249E-002  0.46821925766470901     
   8.6694767228917724E-002  0.47521502701272889     
   8.1379119063210409E-002  0.47084059480721041     
   6.9479888294039477E-002  0.47316782557793641     
   6.5138542334105251E-002  0.45259071385929606     
   8.5499226901226175E-002  0.44698062722217219     
   9.3848701779967167E-002  0.44572553045633229     
           3
   9.9996922357007995E-002  0.57454925377106980     
   9.0657300689244893E-002  0.57691477994981077     
   8.7903873254066150E-002  0.55367037864323598     
           6
  0.97369975835064382       0.55235311336308590     
  0.97486041281883673       0.55947810883446769     
  0.95610578581847672       0.55327420916185799     
  0.94601376376898605       0.53323146309299974     
  0.95299016175898033       0.53437691167609092     
  0.96878747415097821       0.54471002313571326     
           5
  0.93863262826246208        6.5034301630926522E-002
  0.92209831369977069        7.1283947780514362E-002
  0.92369807560076223        4.7861579595856539E-002
  0.93776106078528176        4.9445940639193747E-002
  0.94328529501532909        4.2619108281755268E-002
           7
  0.76895891871616928       0.54282894982307606     
  0.75928280684011817       0.54197590804300899     
  0.75556561449033111       0.52362869343082097     
  0.75115978295976771       0.51827611112639183     
  0.76136290590860367       0.52153421824380342     
  0.76739003436126918       0.51999299889151807     
  0.77381505567526976       0.51743313742538211     
           5
   3.0228179516682895E-002  0.85451037361537985     
   7.2701553984797929E-003  0.85396564858286617     
   1.3593823768141788E-002  0.84361856043963146     
   1.7482861115212231E-002  0.82987559031195257     
   3.2565737764477583E-002  0.82785296569819722     
           6
  0.47561029037660224       0.58031550779236163     
  0.46954228502317658       0.58565972262466170     
  0.45951864417896932       0.58446542120760714     
  0.45162136152029786       0.58668342855617239     
  0.45402468909567772       0.56637759438578217     
  0.46900336641189683       0.57153040322732740     
           3
  0.73847695390781565       0.40981963927855714     
  0.73023937462278932       0.40764653928866817     
  0.75399065936878273       0.39511566801597153     
           4
  0.86970759845582069       0.33780764537160707     
  0.85861558859193243       0.34188296065640228     
  0.84343004180037739       0.31398021262860148     
  0.86358078769021374       0.32823898236627086     
           5
  0.93292752191898165       0.78832391450378880     
  0.91830989581085609       0.79097394893308792     
  0.90805299206535295       0.79444976178271254     
  0.90953302795152402       0.76845354704053548     
  0.91552691710792966       0.77347671172434773     
           7
  0.23713936954890291        3.4404400170105348E-002
  0.22633846631034052        3.2559386266633808E-002
  0.20781196153927889        2.9488970776864052E-002
  0.21118719028038427        1.5428092155698179E-002
  0.22898082133023981        1.0265243075783989E-002
  0.23640169975733014        8.3654960895751980E-003
  0.22979591764102958        1.8771437664329978E-002
           7
  0.69910068540195547       0.19452184301811717     
  0.69411376831484572       0.18856211634584277     
  0.69330329213998787       0.19490463122391272     
  0.68130469697397245       0.19146519547990731     
  0.68678126253513794       0.16849498449512529     
  0.69377451512293775       0.17030704025819732     
  0.69618151515417570       0.18032321412447652     
           5
  0.21300795007229759       0.81215861682430734     
  0.19067624368061520       0.81881513521761751     
  0.19172887351393919       0.80022467398060759     
  0.20563999558034898       0.79292317218524400     
  0.21364023041450303       0.79396971178023157     
           5
  0.41873243206815203        1.0073472600034441     
  0.41077488948217089        1.0016073113230310     
  0.40921239205025489       0.99191350227354846     
  0.43529023614432028       0.98767341843940437     
  0.43480496804581364       0.99602145523838148     
           8
  0.96134154305642494       0.29240666329538662     
  0.95838865337748691       0.30810374877021923     
  0.93618697253464966       0.30203263665038660     
  0.93584236240825336       0.28794643532923453     
  0.93581763334076229       0.28053744642607603     
  0.94110491944846597       0.27924513332747702     
  0.95487828482325066       0.28033777562573081     
  0.96121781802792305       0.28542330893504902     
           6
   7.7004588936914337E-002  0.98694014428746168     
   6.5382089508003241E-002  0.99294929033123869     
   6.2657681355315839E-002  0.98641760629503950     
   6.6132264529058113E-002  0.97795591182364727     
   7.5764506300509835E-002  0.96370614365674045     
   7.8664792899467401E-002  0.97453686250336891     
           5
  0.50097611074093251       0.43566653151637974     
  0.49682139746816795       0.44313019355121319     
  0.48889042245867181       0.44429809686320049     
  0.47856655216286814       0.42130061378921746     
  0.50155418768996995       0.41710896705035266     
           7
  0.62801436266375521       0.72610974073581036     
  0.60644981528935482       0.72061430100101487     
  0.60606046068756547       0.70813068344811525     
  0.60517991793683912       0.69869968782194336     
  0.61440041234005049       0.70382351085123673     
  0.61869908740023893       0.69805187709854455     
  0.62494146843151221       0.70315062577147203     
           3
  0.41841929298276032       0.56240252018525716     
  0.39550201583235639       0.55587101639704473     
  0.40088144340366699       0.53315240360024896     
           4
  0.89889249627052425       0.30330046300315694     
  0.87900080589594343       0.30965559339790166     
  0.88146365589821041       0.28491254565535595     
  0.89539438326338894       0.29310772455800999     
           5
  0.72283234703427690       0.69699607760598381     
  0.70541437789516737       0.70431618886910374     
  0.70427711808617288       0.68217278212581323     
  0.71446888919899532       0.68304632678903021     
  0.72137027728247416       0.67953857939759588     
           5
  0.54584250770740173       0.33453013511851765     
  0.52781666542948402       0.33063761293316984     
  0.52575809354460434       0.30467422917665121     
  0.53531669143919181       0.30873011145618201     
  0.54485641018859798       0.30949377637932751     
           6
  0.97611513198310984       0.22263759097607497     
  0.96267121737749306       0.23205549362653805     
  0.95330438316216937       0.21667313894644308     
  0.95740287054149953       0.20624961308172063     
  0.96895491401970324       0.20932369118660094     
  0.98005315690781181       0.21580394126164681     
           3
  0.34445565233056957        4.7292716087502809E-002
  0.32415786591767964        4.2399523479112605E-002
  0.33566022855001548        2.6912521923979804E-002
           5
  0.71360176785105123       0.60939542714057449     
  0.69526183841885025       0.60200097480546200     
  0.69001066513493625       0.58222236592323795     
  0.70780844571950641       0.58399883165040622     
  0.71640895799522297       0.59420095136939133     
           4
  0.69184485874836366       0.85443109990724775     
  0.68443521876204561       0.85680957553008086     
  0.67262737430705122       0.85641966769696365     
  0.67903213808396901       0.82740095618831755     
           4
   6.5546191688000854E-002  0.50329925157857991     
   3.9860967949424730E-002  0.51210856025913221     
   4.2397015815414017E-002  0.49296466283704776     
   5.6525270511125159E-002  0.49250018350052527     
           3
  0.34678012063840358       0.97484533931219430     
  0.32777201634980768       0.97897888588270432     
  0.33466933867735471       0.96993987975951901     
           4
  0.63771512853270473       0.16384412344853846     
  0.62617668733641796       0.16957689452456590     
  0.62095145600309765       0.14619124328031771     
  0.63456967729897384       0.14605682973775183     
           7
  0.49885584659103266       0.43872173424205119     
  0.49340838228446954       0.44838141019804528     
  0.48423663796494953       0.44617534692887861     
  0.47953149290342284       0.43441346104602324     
  0.48277608541369077       0.42281648069338307     
  0.49960790368712832       0.42395944730249252     
  0.50338621646668091       0.43332612514789887     
           6
  0.69254093452331134       0.87097223097051069     
  0.68956167355643982       0.88306048613792865     
  0.66788134058970361       0.87841596540381528     
  0.66582571355949594       0.87054579654891795     
  0.66970904922422503       0.85517752402243852     
  0.69272512530135555       0.85797183805290289     
           3
  0.98671248202367245       0.27807096722877900     
  0.98897795591182369       0.26452905811623245     
  0.99370395147678892       0.24991387836886667     
           4
  0.47702805757143463       0.91754849773375202     
  0.46720265130482935       0.91958123957181370     
  0.47929138185492731       0.89927915462388586     
  0.48764870950399380       0.90440173843547578     
           5
  0.88174287855901290       0.92234657826639677     
  0.86667518467713478       0.92833831379055365     
  0.86036542825855999       0.92129590329099420     
  0.85393815879434309       0.91747206164219763     
  0.85435748556420443       0.89988162927875182     
           5
  0.94695501186609010       0.55329081065815322     
  0.92749566565487418       0.54103213830842423     
  0.92696460969853411       0.53344663019911653     
  0.93920966431066988       0.53420357754723569     
  0.95682206359145294       0.52897127002918065     
           4
  0.11883909959346298       0.99883112902674576     
  0.10096140896573977        1.0042477435694170     
   9.5658589420800647E-002  0.99567723761925597     
  0.11649118284026927       0.97699696698572069     
           8
  0.57297837158565457       0.41378518844969880     
  0.56110856507571227       0.40823062294471585     
  0.55436220097892852       0.41094703634541546     
  0.54480020078844094       0.41251068201564217     
  0.54462041736392397       0.40538259295246487     
  0.54892937569823919       0.38403620202528882     
  0.55711652705128767       0.38649291760089971     
  0.56334909134467692       0.38360654051112025     
           4
  0.67422051148254536       0.21027171210950651     
  0.65588315330754243       0.21469142193082885     
  0.66528877084479532       0.19108400171993831     
  0.67563771694456365       0.19591711603811560     
           6
  0.51428033605231716        1.9355295180140730E-002
  0.51387564133353525        3.1658949469958501E-002
  0.49001882996721940        2.9057536946055000E-002
  0.49253081973508311        1.3781632746775694E-002
  0.49725915508117435        7.0901828872929427E-003
  0.50638755737073882        3.0687728195526471E-003
           7
  0.72226335483079906       0.59725965121001479     
  0.71002226545503888       0.60034451648501230     
  0.69754674016964768       0.58838474493973780     
  0.70900444143923413       0.57589720135260847     
  0.71699703404826920       0.57410469365697392     
  0.71859674680401175       0.58125729884439326     
  0.72459797019792016       0.58394316295300119     
           5
   3.3858302813907566E-002  0.70087739212703315     
   2.3762216330966320E-002  0.70672658576812275     
   9.7337425018943526E-003  0.68855638188768420     
   3.5391176525023736E-002  0.68369968925534674     
   3.3188964980013884E-002  0.69285922821119184     
           4
  0.19296582728140210       0.92420760795890644     
  0.17140999272649446       0.90814373758562039     
  0.17554758280607199       0.89549918579247623     
  0.19231082124612092       0.90585632275731742     
           4
  0.12184429880703369       0.57184070145714427     
  0.11269858485861327       0.56751367926822904     
   9.3239685472900624E-002  0.56276480315284083     
  0.11992766322638039       0.54492800745506320     
           7
  0.52668981652918723       0.41383416719015392     
  0.52224906909048308       0.41826811060732422     
  0.52149462921748047       0.42438402364428174     
  0.50854687268924825       0.42007601907287978     
  0.50629622184100553       0.40014012786206388     
  0.51996653884078581       0.39635139785431561     
  0.52580359250872510       0.40312094382789310     
           6
  0.36109796837013791       0.88694966504173123     
  0.35297101015014237       0.89132829442112549     
  0.34574049153852421       0.88970778782949178     
  0.33760187660942975       0.88657785280803258     
  0.33069235094421262       0.87892109420635245     
  0.35777876244920992       0.86915639769011321     
           5
  0.67368897243704451       0.75818232309090172     
  0.67455910730316759       0.74969279004311828     
  0.67254081772148711       0.74133396717068989     
  0.69550422553282354       0.73815954998166877     
  0.69461537796613926       0.74615430040490471     
           3
  0.10042040496583909       0.68681337918075880     
   8.4131116170789486E-002  0.69768566031501222     
   7.9180152803198831E-002  0.66798094618557924     
           6
  0.46118726210749483       0.18569768732656777     
  0.46044045745557249       0.19453493077489320     
  0.44432246251745439       0.19545496884683661     
  0.43899870598518498       0.18040705011532238     
  0.44507018588285191       0.17065758520465288     
  0.45553469553669212       0.17090798342094818     
           5
  0.83788073294894738       0.55709258000853923     
  0.81643922686849368       0.54708896796617845     
  0.81148389994089576       0.53824877350723055     
  0.82366685328001932       0.53150122517225418     
  0.83963404677485309       0.53953889305494662     
           5
  0.89297732456860057        7.3891788823425425E-002
  0.89396243810038223        8.2390277682593022E-002
  0.87049388085368384        7.3776678850318064E-002
  0.87491154274671601        5.8155460172770769E-002
  0.88429265502402910        6.2301542144865191E-002
           6
  0.84976463343323305       0.70308870484490238     
  0.83293654902893699       0.70189896175569677     
  0.82619165177380482       0.69786762522500612     
  0.83321196802581943       0.68352432188665457     
  0.83477339473176171       0.67522243949507954     
  0.84701669655030065       0.67792114243075841     
           4
  0.14072973377999096       0.52792651039674288     
  0.12925851703406813       0.53306613226452904     
  0.11394720755699496       0.52673505747399429     
  0.12311672592281396       0.52293047446060381     
           4
   8.8625941340582395E-002  0.31584950592330552     
   7.6073573854121335E-002  0.29984212139710931     
   9.4054039129071496E-002  0.29470633640545413     
   9.8148046424000268E-002  0.30318890471899002     
           8
  0.44755249387943041       0.41716886355334726     
  0.43190359879394424       0.42060977454677528     
  0.42773702123518287       0.41707612725822413     
  0.42094552434096627       0.41486859590451797     
  0.42147927481973746       0.40493902737216964     
  0.43069160682731955       0.39848129734343340     
  0.43767909035363273       0.39753560941416988     
  0.44526282718686960       0.40091378587590049     
           7
  0.36010176857212323       0.13412969423092821     
  0.35253171616838080       0.14093902128757924     
  0.34716252898425415       0.14736207606051227     
  0.34203174860492941       0.14136573008032663     
  0.33883990416847953       0.12887181754090965     
  0.33439669832679675       0.12338833966612053     
  0.35837281254116604       0.12145143489448282     
           7
  0.40323647421608877       0.48485542985316354     
  0.39334729383712036       0.48266922260980621     
  0.37904193500298017       0.48963541659267584     
  0.38198214971133615       0.48071680354140645     
  0.37881854270779119       0.47179506227294749     
  0.37710295927307097       0.46406332489543767     
  0.40326503247491058       0.46241876473856358     
           6
  0.61436042685159209       0.29604165832037671     
  0.60401730836064049       0.29495029267268474     
  0.58357073556202788       0.30148092088294254     
  0.58902482182898397       0.27751270296921887     
  0.59642709315711606       0.27689301950037010     
  0.60592549369283200       0.27404253348856072     
           4
  0.47576834593454459       0.89826853432175235     
  0.45215858824635480       0.90297189072140016     
  0.45521806407097593       0.88881357420884544     
  0.47226983106520265       0.88132169777108837     
           4
  0.68367475598359240       0.34569607893984994     
  0.66530551557042616       0.34808729065410421     
  0.66792892263302217       0.32134440477540732     
  0.68218146037002592       0.33724180077228716     
           7
  0.77555999101852191       0.92622555296820042     
  0.77182675036885151       0.92076318035313798     
  0.76096614205737267       0.92028564820811853     
  0.75665486273961147       0.90262327035864320     
  0.76087508885176980       0.89720038503720434     
  0.77313319614080278       0.89752696999936932     
  0.77920768850624222       0.90700709337168095     
           8
  0.14469294064919996       0.63174093998950287     
  0.14585225803323573       0.64779451960209022     
  0.12647887736113755       0.63591461494982615     
  0.12312995578957338       0.62110572848816081     
  0.12927493957920261       0.62209883052824644     
  0.13765979568868383       0.61887788496879403     
  0.14044395063145373       0.62474322765679624     
  0.14667109232200812       0.62492203743219388     
           3
   4.9457334960172100E-002  0.81639939535877815     
   4.0080160320641281E-002  0.81563126252505014     
   4.7255657959305350E-002  0.80314206015699652     
           6
  0.46137640615361730       0.88969704154218865     
  0.45521122255539165       0.89461628970112461     
  0.43089292517985256       0.89185604014211561     
  0.43584555729257513       0.88680543856216976     
  0.44040395955387279       0.88153577151604989     
  0.45402596333773981       0.88217171849447373     
           6
  0.98241689571741042       0.14926967445837738     
  0.97593161191721334       0.14382857268495158     
  0.96717824537148189       0.13948325762837824     
  0.96914147057500555       0.13300284637270787     
  0.98931505505600359       0.12289736934544716     
  0.99460855398003312       0.13182098752082433     
           5
  0.32804043487425383       -9.9846844520370091E-005
  0.31707988701590933        1.5390365660268060E-002
  0.30481735239940994        3.4556031100793309E-003
  0.30421306933492692       -1.0220566297786424E-002
  0.31678879293643997       -9.8794045126304898E-003
           5
  0.69972384556570688       0.10399521711632050     
  0.70213816882392321       0.11148903652414202     
  0.67894479265612306       0.11190306783128724     
  0.67370904122735742       0.10011191786089513     
  0.69868614109037941        9.0827552063755285E-002
           5
  0.39570855965821816       0.14389353850537431     
  0.39898979248851357       0.15149222301010068     
  0.38062976827905304       0.15177538255184442     
  0.38477235275003596       0.12886869439674098     
  0.39744509973251940       0.12703202647074943     
           7
  0.48973577057476647       0.34282456219891622     
  0.48682180750079684       0.35334098839071737     
  0.48123721939573844       0.35063088570204165     
  0.47105472704043744       0.34870063084846309     
  0.46662540459266511       0.32534769386076828     
  0.47307326867977956       0.32989482927033892     
  0.49296574765940804       0.33679378391095205     
           3
   9.6402288833273328E-002   6.1933964180393652E-002
   8.5170340681362727E-002   6.9138276553106212E-002
   9.0845443813432916E-002   5.4487531188927907E-002
           8
  0.89414615341935633       0.84063936218710988     
  0.88819555761556812       0.84102555081716246     
  0.88376547944809924       0.83637219045974842     
  0.87516379280418211       0.83783342196409949     
  0.87207110770269902       0.82765970096099928     
  0.87239534580010569       0.81336278676039220     
  0.87687205086245912       0.81665043017240802     
  0.89830423798893511       0.82703517056573628     
           3
  0.78911149610710607       0.73231438563743401     
  0.77604394166664514       0.72422415476886182     
  0.80288899298742000       0.70864236865400476     
           6
  0.92153587585997954       0.10534380116713817     
  0.92331114527100955       0.11138710011749871     
  0.89873686298589583       0.10821966253351310     
  0.89614412380151720        8.5180341338529295E-002
  0.90664762632818297        8.1363844148160405E-002
  0.91493566487892652        8.3779982563700658E-002
           4
  0.20741482965931865        2.4048096192384769E-002
  0.19286631224716741        2.6372567670770238E-002
  0.19790854207067643        1.9944727881861548E-002
  0.21201576277531395        1.1372493849638945E-002
           5
  0.56615271879177653       0.70909797892762128     
  0.54615665472891350       0.68829719675548473     
  0.55986244968535537       0.68416829051417904     
  0.56660881410382780       0.68145728373423853     
  0.56726131434554661       0.68909465410386239     
           6
   3.5074460638108901E-002   1.3195888138613594E-002
   6.4591757078091804E-003   1.3168218486135893E-002
   6.8070302248561341E-003  -1.2419979239472011E-002
   1.3482745182289561E-002  -9.3000900128216071E-003
   3.4168856149984148E-002  -9.2352795220567545E-003
   3.2237473426833856E-002  -1.3945793340409142E-003
           5
  0.75658742077348695       0.71162432056591685     
  0.72588456255877942       0.70062206642041991     
  0.73082538657865947       0.68551859386150249     
  0.73845160903361506       0.68073059042206474     
  0.75527843674666639       0.69220008133126421     
           4
  0.91272431139730337        7.8731871766554662E-002
  0.88825904020523416        8.6458335877863612E-002
  0.88770141466916630        7.1931307274155989E-002
  0.89178875376827305        6.2544381118281603E-002
           8
  0.85551709513996976       0.19950481201773548     
  0.84856179123833353       0.20747717319033326     
  0.83717430107054269       0.20676631696468992     
  0.83326898189226761       0.19806821060313376     
  0.83086775979819794       0.19095895401104251     
  0.84434193009654512       0.18763315794765117     
  0.84594643873256559       0.18118725025379029     
  0.85821233189531176       0.18676718443098869     
           3
  0.10628148222140510        5.0293562498848109E-002
   8.0240978982842007E-002   5.4102253344409310E-002
   9.3312940206563846E-002   4.2054417768123499E-002
           8
  0.73786489225556973       0.71781945913680556     
  0.74107311916789786       0.72304502562580886     
  0.73269191893268826       0.72490833492658091     
  0.72480170231093755       0.72028139451981632     
  0.71748314382419953       0.71481971261410338     
  0.72311035200220064       0.71162335712341074     
  0.73246492985971945       0.70941883767535074     
  0.74098283827820033       0.71294007587545272     
           6
  0.71532881858203656       0.90233198989074481     
  0.71131604000505522       0.90881930857622051     
  0.69486023709043176       0.91577400583159441     
  0.69494084989163563       0.88899122255014085     
  0.71364452417702862       0.88665869618509885     
  0.71246602972027595       0.89370658869753383     
           3
   3.3417257620450891E-002   3.8434548620551276E-002
   4.5090180360721446E-002   3.2064128256513023E-002
   5.3703062813527984E-002   3.0365125259636905E-002
           3
  0.75592136204966354       0.59379548349197731     
  0.75409320584390604       0.57811063753830305     
  0.76953907815631262       0.58517034068136276     
           8
  0.16359385128017151        5.7043810548336668E-002
  0.16075624319522355        6.3419276825967152E-002
  0.15340433230942879        6.2621060248562427E-002
  0.14427709236860811        5.4777108080968764E-002
  0.13929972941910698        5.2388984343581205E-002
  0.15044720868175593        3.8559126907267406E-002
  0.15682197244991325        3.9146546863818528E-002
  0.16116251168788123        4.6165082496170046E-002
           5
  0.68741448210994460       0.66822336253174364     
  0.66221126340666192       0.67664424612979512     
  0.65808506224502317       0.66089563872659185     
  0.67691945859362845       0.65754179881373820     
  0.68506734904873590       0.65956071168175623     
           4
  0.83241207320956889       0.73184664968937185     
  0.81963927855711427       0.71643286573146292     
  0.82120631421782231       0.70819782730405934     
  0.82876941506192858       0.71015746772649802     
           8
  0.94534386433923945       0.66516904023292922     
  0.93824261065832937       0.66943815166960219     
  0.92652098232327118       0.67363852334977226     
  0.92377580716644869       0.66348633409240754     
  0.92236275920824962       0.65351322414164348     
  0.93300991021223834       0.64612295236957584     
  0.94744668354436090       0.64977319602278127     
  0.94769925381688991       0.65559249436475864     
           6
  0.51564596624414150       0.70778270646318875     
  0.49027275969588746       0.71670501856811686     
  0.48655185750125041       0.69880835670453156     
  0.49260303096516322       0.69317919296674280     
  0.50443907501078222       0.69650525686516085     
  0.51622259536040072       0.69629237406431477     
           5
  0.92399489286705883       0.14789382994749120     
  0.90832356764723432       0.15116296396615830     
  0.90134089380456561       0.13874213219580328     
  0.91583166332665333       0.13927855711422846     
  0.92494538660508108       0.13975468136620850     
           6
  0.90242642832006381        9.0115876378693796E-002
  0.88992754341029023        9.3763346257088057E-002
  0.88375264640934104        9.2434222694422127E-002
  0.87867035901138324        8.5034517710425320E-002
  0.87807737854993162        7.2915452025128225E-002
  0.89925305783272491        7.4104050838642160E-002
           5
   8.5208903399701552E-002  0.15901248604879828     
   7.2885494006570212E-002  0.16018695248140422     
   6.0228893819178966E-002  0.15079418738450009     
   6.7587172736062115E-002  0.13301607218136088     
   8.8489102527459743E-002  0.14923773201073753     
           6
  0.80868103748096076       0.77662729378454309     
  0.80715501041512150       0.78327273354321758     
  0.79672227271873430       0.78319734553558729     
  0.78779891721674355       0.77933478156872293     
  0.78138990222226046       0.76830423702867523     
  0.78777889756840058       0.75687412757754102     
           3
  0.87561433192098526       0.86055127816329036     
  0.85279604287946520       0.85346216913463790     
  0.87363825745013246       0.83947979884229829     
           6
  0.52031806322077401       0.65852495169658254     
  0.51054833416378276       0.65429582839348133     
  0.49021000194084119       0.65877027280362865     
  0.49301745785830792       0.64804264880138907     
  0.49411183663177188       0.64030555794023247     
  0.49301825998890009       0.63012310009334793     
           7
  0.53273315572793500       0.65366731535693712     
  0.52560559271339669       0.65536886249329351     
  0.51092797565352055       0.65458161311465946     
  0.51857731228443593       0.63006111661238673     
  0.52802364372867050       0.63131222205582782     
  0.53395930699495697       0.63116253619945861     
  0.53739196704064995       0.64032086665886423     
           3
   5.2179833689734702E-002   4.8971173842692756E-002
   4.9098196392785572E-002   3.6072144288577156E-002
   6.0950506718059738E-002   3.0176966142029665E-002
           6
  0.55330423007351126       0.73042158234770127     
  0.54140745960820635       0.74269818262396292     
  0.52861023430481147       0.72489091066031086     
  0.53240420608251948       0.71482975236816715     
  0.54440473352976360       0.71934408115268167     
  0.54808947899011329       0.72617270369270892     
           6
  0.15356583050324640       0.12131779242909935     
  0.15160652140547159       0.13081427786468364     
  0.14085405477965546       0.12661851754711939     
  0.12468789729287939       0.10309453959362071     
  0.13433802335170583       0.10681735726856678     
  0.14319947476119058       0.10648943832215330     
           7
  0.94024429330753123       0.59828584595870171     
  0.92240918413549333       0.59714696207542783     
  0.92470836456449557       0.58489366270075194     
  0.92111331137676666       0.57827710269943777     
  0.92753291155015327       0.57880700364738380     
  0.93355644586351916       0.57966100022854106     
  0.94056802692405928       0.57551012163043602     
           7
  0.86170726783484564        4.2221475873888817E-002
  0.85373870089187365        3.9600904672008982E-002
  0.84690997530913015        3.9709956663375831E-002
  0.84308676880528377        2.9437436309504964E-002
  0.83869357933070698        1.6753185975664595E-002
  0.85921526057491060        1.6531899980629504E-002
  0.86230967348063303        2.4343869265386175E-002
           4
  0.90413941773080453       0.61370692252776915     
  0.90737791558682845       0.62528091857892165     
  0.89278557114228452       0.61322645290581157     
  0.87848653861392678       0.60091505181930893     
           3
  0.75824871771524571       0.77776865838637099     
  0.75047512679030326       0.75500947727594181     
  0.76152304609218435       0.76352705410821642     
           7
  0.72101806347510533       0.63854987537682428     
  0.70312190841733013       0.64764438974350069     
  0.70101408600361059       0.64175322218494291     
  0.69797559967467704       0.63187050186925475     
  0.69616837345221105       0.62254535181767934     
  0.70802516577091379       0.62917710815579175     
  0.72195164990225391       0.62885817107754127     
           6
  0.63853379633299023       0.46416360520781930     
  0.61475558817902343       0.46380616466212293     
  0.61485777618317194       0.45422728399251761     
  0.61503814279992575       0.43975612741013220     
  0.63012680582337466       0.44078222098774578     
  0.63863397966134661       0.45229309607142620     
           5
  0.28169433018579765        5.9839132786761208E-002
  0.26502641852627645        5.0190360042745422E-002
  0.26238361922513848        3.3616510883580072E-002
  0.28403948494968179        3.5252540501435385E-002
  0.29122499822567460        3.4091352936698162E-002
           6
  0.59718986649187267       0.72358168258073552     
  0.59001069075965962       0.73705509574103167     
  0.58066223161806063       0.71649302944335691     
  0.58618664827480416       0.71273224256728618     
  0.58283077049374099       0.70661417333919307     
  0.60357139730199383       0.71229894654189529     
           4
  0.80848877257053797       0.72670126719838635     
  0.79018700766294725       0.70131787100201826     
  0.79779122288713178       0.70346583084207714     
  0.81807912850223419       0.69929724289023942     
           5
  0.72778911857896322        7.0551116046542156E-002
  0.71570302393085516        7.2352890597219000E-002
  0.70752198738145666        7.8464807252492941E-002
  0.69873622231655952        6.3413859281530871E-002
  0.72750757046328696        4.8715571490152397E-002
           5
  0.81959269950212710        8.1455685396874644E-002
  0.80628811748223173        7.7564538459652985E-002
  0.79011004084692571        7.3522134158628974E-002
  0.80561243300954333        5.7081289034064557E-002
  0.81520904147148854        7.1961625478918004E-002
           8
   9.4141419480427396E-002   4.0028833636587796E-002
   8.3989135573495202E-002   4.3396649384965624E-002
   8.0361155624630129E-002   4.8597251242669351E-002
   7.1598013444047925E-002   3.6957629103104114E-002
   6.7907384708126836E-002   2.5451666745784349E-002
   7.5516714372063559E-002   1.9355142788971345E-002
   8.2108263930693148E-002   2.0950265004135694E-002
   9.4450342976598475E-002   1.9547077036318784E-002
           8
  0.88825082362505481       0.14332460754954990     
  0.88293750116576741       0.14663736557287668     
  0.87609145506310848       0.13824905748122474     
  0.87357819839769724       0.13223221459837317     
  0.87829856671551154       0.11724275077003640     
  0.89323802572828837       0.12267364264358677     
  0.89868625952867021       0.12594684929876435     
  0.90224577783547277       0.13194685941477044     
           6
  0.55163492779031575       0.33399589047200134     
  0.52389765998946292       0.33235205717058058     
  0.52473774536526574       0.32123606144228578     
  0.52205978916733842       0.31039844178971338     
  0.55052544089584832       0.30761749462357946     
  0.54523486233428864       0.31637545090566754     
           4
  0.90806262274633320       0.17315694665303297     
  0.89735913932610767       0.17579702585749396     
  0.88776378704362990       0.15062834015053009     
  0.89672444083586866       0.15334411690019184     
           7
  0.19990195473251868        3.0216677825389858E-002
  0.18057092757046886        7.9501924284051603E-003
  0.17598022756627915        4.2079733906578796E-003
  0.18212312001427566        1.4528541803659513E-003
  0.18813545839363457        2.5425333315626398E-003
  0.20194047819254554        1.8348032175105559E-003
  0.19338191715524894        5.8860810653633307E-003
           5
  0.15408004313102985        6.2545766382311505E-002
  0.13438861976279828        7.4886012417174047E-002
  0.12872884007026106        6.4469201802546505E-002
  0.12758114070495566        5.5273917566790606E-002
  0.12482491615791810        4.7820372390708257E-002
           3
  0.53530508010312183       0.68070095188267354     
  0.53930009494637032       0.65826717848563321     
  0.54909819639278556       0.66833667334669333     
           8
  0.85084090009313129       0.83937873417900133     
  0.85337880720240866       0.85148313870039816     
  0.84361871241273867       0.85217235841216898     
  0.83991729049697206       0.84767116781523755     
  0.83010988702261634       0.83826726328454715     
  0.82501278513226084       0.83308804513732160     
  0.83393376168836386       0.82836862313971560     
  0.83246297100174149       0.82134316127339624     
           5
  0.90226916912828392       0.75983984219422229     
  0.88731724207844564       0.76466535442524808     
  0.88038651469078022       0.74608177991299363     
  0.88251595553069817       0.73850234573825801     
  0.90139538084442061       0.73832734085207752     
           3
   1.0000000000000000       0.67635270541082160     
  0.99169551559257874       0.68013968587758600     
  0.99711442765004854       0.66161672297142204     
           5
  0.87404509767121408       0.28507928907981162     
  0.85987190175826989       0.28383971207944036     
  0.85542221952029796       0.26371031448508875     
  0.87660894915837217       0.26221648907959749     
  0.87181332412575419       0.26840465003376091     
           4
  0.55642444404961655       0.70757917606267662     
  0.54090406627584642       0.70434447268485612     
  0.54141125925283562       0.68767637769206180     
  0.56271968001382111       0.69038301295751270     
           8
  0.69913060036585828       0.76847081842025322     
  0.69284959513154842       0.77363519829936711     
  0.68814108952053221       0.76819447228750237     
  0.67857895043366878       0.76742368656725846     
  0.68513072377842088       0.75992009112978653     
  0.68019253759066245       0.75655569301600734     
  0.68233845644798097       0.74331367915630020     
  0.70228683265762237       0.74764865149946169     
           5
  0.74792671857473580       0.76919460152105013     
  0.72101422407809257       0.75029244579127796     
  0.72391523282415171       0.74185933340477062     
  0.73221607759443719       0.73970290066644595     
  0.75171813285474576       0.74755053698766605     
           8
  0.48286072656250217       0.62867228603949421     
  0.48010945969049990       0.64174047003922086     
  0.46418949311295149       0.64242166170423098     
  0.45619787244223714       0.62914857918614342     
  0.45595253601111463       0.61930462308115564     
  0.47503713149462146       0.61331932897696073     
  0.48198372822093805       0.61601026006162607     
  0.48346009140267343       0.62248977458100341     
           4
  0.53964700380089825       0.67896466995782423     
  0.52420641882939878       0.66656641879897405     
  0.53031309486986755       0.65174033211431748     
  0.54574205938072751       0.65723924672966505     
           6
  0.74357060303168698        7.3986122256323700E-002
  0.73897308894588265        8.1323463805699117E-002
  0.73276242721748286        7.5514759825373451E-002
  0.72119339572842667        6.9531801458434767E-002
  0.72563215045230678        6.3007257564518318E-002
  0.72174534904590704        5.1527767403005555E-002
           5
  0.86874224971173120       0.15651483741330285     
  0.86789292210468827       0.16930144054360211     
  0.84148700013540534       0.15470425048050307     
  0.85248543333649818       0.14793384213282684     
  0.86107578503305482       0.14437189576413204     
           7
  0.94970286375339275       0.10340055595532656     
  0.93470586217562979       0.10428145905580435     
  0.92268864936804262       0.10194489712155505     
  0.92970942752105945        9.5364763926753152E-002
  0.92270437007192563        8.3554149147789206E-002
  0.94317174186806974        8.1181739168734834E-002
  0.95243099374114248        7.8282249173173946E-002
           6
  0.93616029351095642        7.1464235195622908E-002
  0.92729332990835400        7.3351597125813933E-002
  0.93285417692480677        5.3856714469095068E-002
  0.94281204250481154        4.8599665410803509E-002
  0.95102140360624410        4.7524131230237916E-002
  0.95310684064421125        5.3995779366011951E-002
           6
  0.72986011026910047       0.55097382923922256     
  0.72941406519701002       0.55912316202915713     
  0.70714660811028218       0.54658423381621213     
  0.70839937023553168       0.53171474289871723     
  0.71807572312947565       0.53661857240476896     
  0.72969645062431654       0.53222948801338743     
           6
  0.94315393722347474       0.18368780023929279     
  0.94171014242712248       0.19076886015057934     
  0.92637107273574060       0.18888621310824319     
  0.92149810689930267       0.18264674466042363     
  0.92994376843227222       0.16515095183362002     
  0.94093696650188885       0.16459656147621030     
           4
  0.72097384044146895       0.75265258438378857     
  0.70872506748897901       0.75220340584513512     
  0.72227662016209015       0.73060296446832251     
  0.73539050232701209       0.73229932108556628     
           4
  0.23320967396280196        2.8325107104730182E-002
  0.23159033224955436        3.6679146408781754E-002
  0.21244835541093043        2.0284732182994550E-002
  0.23675140620775645        1.8003393877394715E-002
           5
  0.77013478137441194       0.72747680036806506     
  0.76392483369240916       0.73366907418443961     
  0.76386801830456519       0.72080157781356458     
  0.76049891588941143       0.71222378642021666     
  0.78466928995519258       0.70951261696818613     
           8
  0.72356881789233574       0.72292458627780076     
  0.71181511752282411       0.72190655360305456     
  0.71147362852184548       0.72887614960400215     
  0.70442794647819074       0.72510904126858300     
  0.69634387629776451       0.72808492756090970     
  0.69979058790740889       0.72220023278695511     
  0.69675501104739834       0.69841504151862233     
  0.70555487652905169       0.69924403334513496     
           5
  0.47304642671720742       0.59163882183608185     
  0.46311628290323803       0.59180122908855082     
  0.45962215186028688       0.58573144754599171     
  0.45513403309534806       0.57901945020561751     
  0.47931154918967711       0.57074052427484179     
           3
  0.55110220440881763       0.68436873747494986     
  0.53580085578613346       0.68844495454718302     
  0.54036599371013172       0.67077774022617387     
           4
  0.26452905811623245       0.12224448897795591     
  0.25416382636072277       0.12630699068009751     
  0.25255099989497720       0.11855896446734437     
  0.25750718144690238       0.11036187242393498     
           5
  0.76166234488319928       0.18173398618070044     
  0.76312239785201985       0.19669637037736862     
  0.73730119087659873       0.18090436249923497     
  0.73911459935497070       0.16853085728190662     
  0.75519706540726861       0.16709502907516505     
           6
  0.24457074039190482        5.2129542218280964E-002
  0.24951296459077965        6.0558878024170502E-002
  0.22439873149793665        5.7314952886204348E-002
  0.22650912203970130        4.3566733355771887E-002
  0.23823268188101110        4.0428229675191496E-002
  0.24460759672584553        4.3554795344590613E-002
           7
  0.87785244583470434       0.94955229133778896     
  0.85976314452381175       0.94673635934903688     
  0.85491334449435830       0.95303311804098101     
  0.85523380296972729       0.93801401139523766     
  0.85589464249195379       0.92880488140314066     
  0.86135967877658337       0.93186882267533067     
  0.88430626252128941       0.92854093576746177     
           5
  0.84539596273160089       0.10265945260556808     
  0.83589384628281782       0.10585850283802506     
  0.82708471444327736       0.10629462185658704     
  0.82246461530081627        7.9455449453965030E-002
  0.84586767712317346        8.6320966360302037E-002
           8
  0.77342786491203197       0.78480412835622659     
  0.76453100355378589       0.78661523231576147     
  0.75581346202287825       0.78776274755819431     
  0.75019475361876542       0.77681001493496138     
  0.75565567329789807       0.77348808276140590     
  0.75782792773571261       0.76325476430485728     
  0.76799184656465025       0.76702933727865097     
  0.77209255988305925       0.76261621194099649     
           5
  0.56486750838230793       0.59935828288416504     
  0.56812999116691698       0.60583452524531423     
  0.54988388685810929       0.60531104324299301     
  0.55611222444889774       0.59418837675350700     
  0.56352498996840095       0.58153883616112412     
           6
  0.80567674977091908       0.71984673000056398     
  0.79086290839781614       0.72180735088607206     
  0.78744723810301875       0.71558714559192171     
  0.78347841789678074       0.70725981966241436     
  0.80237774545711937       0.69617134037507733     
  0.80298954569757852       0.71058485613122335     
           8
   7.1462308781179401E-002   9.4885005092446850E-002
   6.4904960309316362E-002  0.10289031188883209     
   6.0217569842641115E-002  0.10692128353688611     
   5.4793569065887122E-002  0.10272005657438937     
   5.0989259502452089E-002   9.6038838007075758E-002
   4.6881705168317106E-002   7.9677884750256944E-002
   6.3556713863844982E-002   8.3002711375725471E-002
   7.4288731840289321E-002   8.8928554979685839E-002
           8
  0.58724956836688591       0.68700757285860437     
  0.57493560299149726       0.68990285763807380     
  0.56484835534225741       0.68730154144529187     
  0.56379242615339409       0.68184069170419126     
  0.56299733640406902       0.66417424237335998     
  0.56749471708174304       0.66954641919998892     
  0.58381992587749476       0.66576339602160006     
  0.58895101583825660       0.67696287721591819     
           7
  0.50966390452336985       0.60974582387989540     
  0.49910456816859522       0.61719189916822970     
  0.49249096719087493       0.62179006714465790     
  0.48349290165465819       0.61831426077267237     
  0.48500907453513276       0.60305431544383803     
  0.49460835460650548       0.60003447639569663     
  0.50186275210643949       0.59477501049074821     
           4
  0.41225474000346773       0.71579163559824921     
  0.40428424928939338       0.71223920105048633     
  0.41139197176304326       0.69108725890830180     
  0.42228681153161945       0.70167565421562439     
           8
  0.62843038746070168       0.63165662805913647     
  0.60834068010163078       0.63844180263129413     
  0.60229438185810913       0.63180592277137926     
  0.59997707149673840       0.62195806696676248     
  0.60137219432124700       0.61327207311784571     
  0.60654961117300399       0.61806367199795986     
  0.61521121814339585       0.61885272528943802     
  0.62777582181715130       0.62070700667670697     
           4
  0.88033870632338340       0.61226165510801023     
  0.86987418617079615       0.61183480445057825     
  0.87954676961976097       0.58478652976110257     
  0.89352800186547054       0.59399138133832308     
           7
  0.24182103061431159        7.7750991238425549E-002
  0.22600192817523260        7.8004049337135686E-002
  0.22112725016569804        7.4389045225452408E-002
  0.21824593898455472        6.8468597875103995E-002
  0.22053006665224190        5.4431199643155730E-002
  0.23715978334371088        5.0156295749459609E-002
  0.24638782910962617        5.6592041460428344E-002
           7
  0.60956780213569006       0.66360172216533320     
  0.60926576894671591       0.67428504154288871     
  0.60121520842721854       0.67524056279162281     
  0.59027205329326415       0.66904071841358226     
  0.58815274754599345       0.65855490928781757     
  0.59594099292324165       0.64500285216307218     
  0.60215918523618450       0.65177426027513541     
           5
  0.82458556764234237       0.61220903725543241     
  0.82640229084419681       0.62414513203520450     
  0.80331812936909786       0.60747400689638531     
  0.80182098516052758       0.59713830764184506     
  0.82658565720740018       0.59728879888955932     
           4
  0.91455003327094342       0.11777572998508082     
  0.90324770341176963       0.10391013243049642     
  0.90791239305774885        9.5157958194417649E-002
  0.93154679493149883        9.6436980084002435E-002
           6
  0.87813611082239262       0.61049685398832720     
  0.87170950520652479       0.61783031154232770     
  0.85667700020020998       0.61862328481444051     
  0.85659186809783661       0.60085113091098707     
  0.86387956804735677       0.59008869892714111     
  0.88203798725973381       0.59273377104616431     
           5
  0.56858389712465962       0.68435958797051399     
  0.56167481683734699       0.68418829580975882     
  0.55173535506371019       0.68474854278645059     
  0.54139927352610295       0.67632342171571147     
  0.55449174781003319       0.66362805578228778     
           7
  0.79008843120477623       0.73954660111956250     
  0.77979371861992919       0.73558840253077629     
  0.76811696875819946       0.74043829374433334     
  0.76925420704330028       0.73081899083697588     
  0.77153304984937388       0.72216179617704046     
  0.78294609073589883       0.71269017617568087     
  0.79434891862263979       0.71997441422917163     
           4
  0.10300623005060199        9.9109149769278204E-002
  0.10773725588339435       0.10623575232393094     
   8.0496494738798108E-002   9.6724576904069853E-002
   9.0689507715944057E-002   8.7069177681398061E-002
           8
  0.75903978378618919       0.87647952922567673     
  0.75606204402634736       0.88273375336998638     
  0.74551549587655164       0.88530448674194828     
  0.73785543860657610       0.88664799041500963     
  0.72921576116452957       0.87761702917523154     
  0.73650216636119148       0.87649464347338635     
  0.73165866477572750       0.86304552001240520     
  0.75746387884019795       0.86125233410941104     
           4
  0.60905302737284894       0.45149553338136644     
  0.60120240480961928       0.45290581162324650     
  0.60637897338957070       0.44344052019411195     
  0.61628081037362492       0.43853958611966132     
           6
  0.63315071146546453       0.75613629095966384     
  0.62900535288335968       0.76381945105876403     
  0.61579824079211598       0.76525560129044379     
  0.60597551518608639       0.74954029028323155     
  0.61878075546398603       0.74505045089355859     
  0.63362281381352159       0.74631818934982974     
           7
  0.90382303687364451       0.19282481102127202     
  0.89218507362384147       0.19014117989964827     
  0.88017188411742708       0.19262232563552664     
  0.87809575199611567       0.18553362387929864     
  0.88031661304449360       0.17580671232433395     
  0.89078068909130870       0.16876947726838820     
  0.90714017718802997       0.17590142921246876     
           3
  0.86010619506732011       0.56365219038116798     
  0.83938207240635765       0.55274400255242373     
  0.84976509477770512       0.53367881945686468     
           7
  0.61513090964917627       0.73069907610910534     
  0.60407479814511889       0.74149993122597346     
  0.59396345844498111       0.74219596401042631     
  0.58603011873163002       0.73502124720427642     
  0.59584355977512060       0.72029474590192910     
  0.60366398597606707       0.71378951397061996     
  0.61530224725576121       0.72148213347002799     
           4
   7.2979578587349728E-002  0.17155195297950859     
   5.8424228663116529E-002  0.18464621025190001     
   5.5708257452679592E-002  0.16290942676533424     
   6.7678642631678915E-002  0.16323797429132544     
           4
  0.80100837308059103       0.60058538337346090     
  0.78831580851408922       0.61475844998219920     
  0.77954682705616651       0.59918096629188800     
  0.80122046789052226       0.58555369082101882     
           4
   1.8623793510158054E-002   9.2712092777506500E-002
  -8.9144740210488453E-003   7.5763331344452262E-002
  -9.3691715307602907E-004   7.2472784180797653E-002
   1.6608904455090220E-002   7.8704005541145705E-002
           3
  0.11667960598696353        3.7325009474058257E-002
  0.11623246492985972        2.7054108216432865E-002
  0.12820614925154755        2.0029445694345911E-002
           6
  0.76408467011349634       0.62430939393630869     
  0.75880873246407554       0.62792949997113212     
  0.74083497926620068       0.62027133408406299     
  0.74518162004547372       0.60423464414796368     
  0.75192838183713417       0.60820228853840219     
  0.76841433966821437       0.60564595103957852     
           5
  0.90983015807432255       0.11159845454315317     
  0.89823903128492244       0.11107127414517273     
  0.88239178617948377       0.10934490229744749     
  0.88849844312334580        9.4197858944093785E-002
  0.91314589442256078       0.10247957126864823     
           4
   1.6542602421285191E-002   1.0883794541140492E-002
   1.7672424318227603E-004   2.1957575100118878E-002
  -2.0386055300935860E-003  -9.5520298625462359E-004
   9.9989564081019739E-003  -2.0213361968647835E-003
           3
  0.75551102204408815       0.74649298597194391     
  0.74505407063187312       0.74767013839409247     
  0.75179252782690875       0.73766625759550586     
           3
  0.79238913221980722       0.77496054424443450     
  0.76356555843621465       0.75972840765454253     
  0.79154535549625060       0.75543701584420941     
           7
   9.9767520794415282E-002   3.3285445032481910E-002
   9.9357222479078952E-002   4.5612324744035745E-002
   9.0520152289323738E-002   4.7502955264635528E-002
   7.2970429212241159E-002   3.8501660968910993E-002
   7.8621169059551521E-002   2.2589623138692970E-002
   9.6577292214562571E-002   1.6548276750566887E-002
  0.10242948488561351        2.6551387455824173E-002
           7
  0.81022794465732118        7.5380442198835690E-002
  0.79659127163809373        7.9406317085389783E-002
  0.79067130380851092        6.0740589482917461E-002
  0.79259528454945805        5.4098604689344632E-002
  0.80060074982135887        4.8850238782081098E-002
  0.80822932649604451        5.2228648775132919E-002
  0.81734321590554371        5.5496924016765009E-002
           3
  0.89799742758927714       0.12414091531023702     
  0.89731957376546390        9.8598339100197829E-002
  0.91760769285021493        9.8017535532977582E-002
           6
   3.6072687100751462E-002   1.7139090205498479E-002
   2.7276878902287763E-002   2.1698941805662023E-002
   2.7892895968873517E-002   1.2781781558722373E-002
   2.0695337252320069E-002  -9.9004953745511146E-005
   3.3031685517685483E-002  -3.6165487435692902E-003
   4.7621663614204598E-002   6.7649319714346498E-005
           4
  0.84563594781959106        4.6127843401990831E-002
  0.82993295805707068        5.1027287034542339E-002
  0.82860362740003990        3.5047767133376359E-002
  0.84053839038889488        3.3292358748951589E-002
           4
  0.60102969698784181       0.55538695417640560     
  0.57775187758461932       0.54960661842465630     
  0.58117796499063468       0.54250146653558273     
  0.58419274890670891       0.53082922477440941     
           4
  0.57712687577793542       0.88369814238082556     
  0.56609265227514616       0.88555914396049640     
  0.56294921965217382       0.87029768369756066     
  0.58698902479315163       0.87118162503014562     
           6
  0.53814400429679898       0.72394562619332226     
  0.51871879422049127       0.72019573697278993     
  0.51545620886107679       0.71199551985596621     
  0.53677453919635976       0.69284662491332338     
  0.54463282994727147       0.69471173283369958     
  0.54520716248455381       0.70742471271093355     
           5
  0.18947337022072694       0.16154974527957305     
  0.17526113597450529       0.16361300987041458     
  0.18737474949899799       0.15330661322645289     
  0.20212846468600926       0.14563583889171894     
  0.19700230512986033       0.15449975288613452     
           8
  0.63832919368490859       0.79956274563875118     
  0.63467692479708337       0.80475159881365299     
  0.62223930979993147       0.80193089028980735     
  0.61684158939020717       0.79981038600382237     
  0.61931055235372556       0.78360500530054145     
  0.63116099202390519       0.77767067062290796     
  0.63809282948591239       0.78351030702648039     
  0.64301043820262593       0.78643968256813923     
           3
   3.3017070729454451E-002   7.6986324074067858E-002
   2.1042084168336674E-002   6.2124248496993988E-002
   3.6322836046245255E-002   5.7289103116417342E-002
           5
  0.78354073603059815       0.66120223126426647     
  0.77791808771577797       0.64683333452494884     
  0.77812127090264471       0.63902878098189519     
  0.78800117846070916       0.64237147514416781     
  0.79943128149269305       0.63705471573434191     
           4
  0.19438877755511022       0.35070140280561124     
  0.18048431714025465       0.34436146591743844     
  0.18593190787044828       0.33682659191975672     
  0.20098492736994805       0.33541017232843268     
           8
  0.86626428265101130       0.71681386707113304     
  0.85996795926226877       0.71573368596674625     
  0.85065081074738680       0.71899400176902839     
  0.84575143990419832       0.70857899085604859     
  0.84735584909456640       0.70046170008116948     
  0.84924064857013004       0.69472029697336135     
  0.86924089075412891       0.69153988836290115     
  0.86774101906466539       0.69816533287770177     
           6
  0.50197183838897208       0.67763770084416830     
  0.49954550757634214       0.68813961740203478     
  0.48145813938014426       0.68641258651666770     
  0.47571055142829877       0.67604736753448746     
  0.47242171912822745       0.66632822478911657     
  0.49932898538045550       0.66016119177372812     
           3
  0.52146930825066939       0.74811384385373059     
  0.49913284181774659       0.73757026426120975     
  0.51855512272901394       0.72349063421986970     
           7
  0.88255520941742205       0.80273358970745712     
  0.86076726246597191       0.81067636699015599     
  0.85917691368599258       0.80389931460254915     
  0.86467095721903453       0.79207275880685901     
  0.87659397822205998       0.78137554000945042     
  0.88923343391170362       0.78522934960050028     
  0.88935344652184656       0.79262000374336805     
           7
  0.11187738473201135        8.6006528403063984E-002
  0.10540544703260611        8.5066639642418104E-002
   8.6574818973825560E-002   8.8952211496395470E-002
   8.4490954539957405E-002   7.7510362881518233E-002
   8.9505041375418065E-002   6.9097686525415106E-002
  0.10779555651002339        6.2410936010377664E-002
  0.11180956542902651        7.6601975684411849E-002
           8
  0.87455361971043855        5.6783675774604671E-002
  0.85106959327649712        7.0788065083216958E-002
  0.85465208385070823        5.4670525115173361E-002
  0.86026613752273950        5.0193090784701841E-002
  0.85833393051634832        4.4180062544081682E-002
  0.86903205346351065        4.5649385277764361E-002
  0.87992804745088160        4.4235778297842081E-002
  0.87402067190328137        4.8802788552006662E-002
           6
  0.14688023793238847       0.16398126244726449     
  0.13474153562754812       0.16083296228056140     
  0.13184854845061048       0.14707979903930457     
  0.13502615288668426       0.14004872825394624     
  0.15628358864686248       0.13367630936192659     
  0.15430219365082501       0.14878659354592724     
           5
  0.92279291645979078       0.24195792137983724     
  0.91316015662990946       0.24750069544667525     
  0.90560464908500626       0.24755780444850270     
  0.90395945496758101       0.22962293515874202     
  0.92675884760971150       0.23312983535393195     
           4
  0.97989197262209893       0.10054570694810448     
  0.95302319773012656        9.4216922793446928E-002
  0.95839765819507616        8.2219026101174639E-002
  0.97318359262647214        8.2240799508180307E-002
           6
  0.14843790993342554        6.5667772332358987E-002
  0.13406887045209065        6.9985886319806928E-002
  0.12439069083465426        6.5781272648686384E-002
  0.12466280467098001        5.4658714443150194E-002
  0.13832914997136775        4.6919547886126005E-002
  0.14886280741449029        4.7501410452307331E-002
           7
  0.75917843411091990       0.67102439749914644     
  0.76396163878950429       0.67589404929934593     
  0.75820937518119425       0.68114794482940189     
  0.73290247674510944       0.67407622561531977     
  0.73674534162634808       0.66933656152168508     
  0.73728660471896579       0.66006766362503388     
  0.76165692900090942       0.65801731714288780     
           8
  0.72727512043990783       0.74139642229879943     
  0.71642081039695193       0.75257101650575497     
  0.70571315765816123       0.74793927372645097     
  0.70553899537685116       0.74108286582839578     
  0.69821271414048180       0.73142876115387123     
  0.69970886414110500       0.72505480744154416     
  0.70948946228183563       0.72355487572790722     
  0.72165850220765093       0.73417225048682022     
           5
  0.76967623185028466       0.74142179485126203     
  0.75986371267866670       0.74024123914538553     
  0.76362572958969277       0.72693091523207032     
  0.76780429544541673       0.71214516657585669     
  0.77542715720466071       0.71367586545251915     
           7
  0.30717214439741736        7.1637291748666621E-002
  0.29255056166539811        7.0590263537898670E-002
  0.29145692548088581        5.9407089339609018E-002
  0.29123588699600500        4.9726267298676914E-002
  0.29773765008573500        4.9526170114678428E-002
  0.31108462048965035        4.3616863148559892E-002
  0.31372505334689049        5.1818847286391197E-002
           6
  0.94405444455769272       0.11931003116590790     
  0.93637933652964489       0.11890310448369654     
  0.92176286778408933       0.10960397405589614     
  0.93005160957541644        9.2438519390961010E-002
  0.93677227504980876        9.7418765445539901E-002
  0.94964365965649966       0.10558314507479444     
           5
  0.77870059264669522       0.68817706177622850     
  0.76738446117563330       0.69355543378479745     
  0.75199084246589787       0.68549520482587312     
  0.76319779267063148       0.66636282874046437     
  0.78255940744958619       0.66889911275515057     
           7
  0.69341036582716209       0.69568613889146147     
  0.68464439796292209       0.69935716665678815     
  0.66592738297233278       0.69727916378450905     
  0.66723212537375798       0.67681536257128383     
  0.66966241405316951       0.67003139787005339     
  0.69026451129824806       0.67112066303723117     
  0.69509465676670612       0.67990023097543417     
           6
  0.65832843437285216       0.80524873924963303     
  0.66262420268384870       0.81342528697054839     
  0.63768777261259979       0.81542577654079207     
  0.63774703694285229       0.80665073283144340     
  0.63768466850743499       0.79465603860794476     
  0.66095064330615583       0.78976985192456861     
