   999.00000000000000     
   101.00000000000000     
         208
           8
   7.0000000000000000     
   6.0000000000000000     
   7.0000000000000000     
   8.0000000000000000     
   10.000000000000000     
   7.0000000000000000     
   7.0000000000000000     
   10.000000000000000     
   8.0000000000000000     
   5.0000000000000000     
   6.0000000000000000     
   5.0000000000000000     
   6.0000000000000000     
   5.0000000000000000     
   8.0000000000000000     
   5.0000000000000000     
   8.0000000000000000     
   6.0000000000000000     
   6.0000000000000000     
   7.0000000000000000     
   5.0000000000000000     
   9.0000000000000000     
   10.000000000000000     
   6.0000000000000000     
   6.0000000000000000     
   6.0000000000000000     
   7.0000000000000000     
   8.0000000000000000     
   9.0000000000000000     
   7.0000000000000000     
   6.0000000000000000     
   6.0000000000000000     
   10.000000000000000     
   5.0000000000000000     
   5.0000000000000000     
   8.0000000000000000     
   10.000000000000000     
   9.0000000000000000     
   9.0000000000000000     
   6.0000000000000000     
   7.0000000000000000     
   9.0000000000000000     
   9.0000000000000000     
   10.000000000000000     
   9.0000000000000000     
   10.000000000000000     
   10.000000000000000     
   8.0000000000000000     
   7.0000000000000000     
   10.000000000000000     
   5.0000000000000000     
   9.0000000000000000     
   8.0000000000000000     
   7.0000000000000000     
   5.0000000000000000     
   9.0000000000000000     
   10.000000000000000     
   6.0000000000000000     
   9.0000000000000000     
   6.0000000000000000     
   5.0000000000000000     
   8.0000000000000000     
   8.0000000000000000     
   6.0000000000000000     
   8.0000000000000000     
   8.0000000000000000     
   6.0000000000000000     
   6.0000000000000000     
   5.0000000000000000     
   10.000000000000000     
   8.0000000000000000     
   6.0000000000000000     
   9.0000000000000000     
   6.0000000000000000     
   8.0000000000000000     
   10.000000000000000     
   7.0000000000000000     
   9.0000000000000000     
   7.0000000000000000     
   10.000000000000000     
   6.0000000000000000     
   10.000000000000000     
   6.0000000000000000     
   8.0000000000000000     
   6.0000000000000000     
   8.0000000000000000     
   5.0000000000000000     
   5.0000000000000000     
   7.0000000000000000     
   10.000000000000000     
   5.0000000000000000     
   7.0000000000000000     
   5.0000000000000000     
   10.000000000000000     
   9.0000000000000000     
   6.0000000000000000     
   6.0000000000000000     
   9.0000000000000000     
   10.000000000000000     
   8.0000000000000000     
   9.0000000000000000     
   6.0000000000000000     
   8.0000000000000000     
   5.0000000000000000     
   6.0000000000000000     
   7.0000000000000000     
   10.000000000000000     
   9.0000000000000000     
   7.0000000000000000     
   9.0000000000000000     
   7.0000000000000000     
   10.000000000000000     
   9.0000000000000000     
   8.0000000000000000     
   6.0000000000000000     
   5.0000000000000000     
   8.0000000000000000     
   7.0000000000000000     
   7.0000000000000000     
   8.0000000000000000     
   7.0000000000000000     
   5.0000000000000000     
   7.0000000000000000     
   5.0000000000000000     
   5.0000000000000000     
   7.0000000000000000     
   7.0000000000000000     
   7.0000000000000000     
   7.0000000000000000     
   5.0000000000000000     
   6.0000000000000000     
   7.0000000000000000     
   5.0000000000000000     
   9.0000000000000000     
   5.0000000000000000     
   8.0000000000000000     
   9.0000000000000000     
   10.000000000000000     
   8.0000000000000000     
   8.0000000000000000     
   10.000000000000000     
   6.0000000000000000     
   9.0000000000000000     
   9.0000000000000000     
   10.000000000000000     
   5.0000000000000000     
   8.0000000000000000     
   5.0000000000000000     
   9.0000000000000000     
   5.0000000000000000     
   8.0000000000000000     
   9.0000000000000000     
   10.000000000000000     
   7.0000000000000000     
   8.0000000000000000     
   10.000000000000000     
   6.0000000000000000     
   8.0000000000000000     
   9.0000000000000000     
   5.0000000000000000     
   6.0000000000000000     
   7.0000000000000000     
   5.0000000000000000     
   9.0000000000000000     
   6.0000000000000000     
   8.0000000000000000     
   10.000000000000000     
   9.0000000000000000     
   5.0000000000000000     
   6.0000000000000000     
   9.0000000000000000     
   5.0000000000000000     
   7.0000000000000000     
   6.0000000000000000     
   8.0000000000000000     
   10.000000000000000     
   7.0000000000000000     
   8.0000000000000000     
   9.0000000000000000     
   7.0000000000000000     
   10.000000000000000     
   9.0000000000000000     
   6.0000000000000000     
   9.0000000000000000     
   7.0000000000000000     
   7.0000000000000000     
   10.000000000000000     
   5.0000000000000000     
   5.0000000000000000     
   6.0000000000000000     
   9.0000000000000000     
   9.0000000000000000     
   6.0000000000000000     
   6.0000000000000000     
   8.0000000000000000     
   7.0000000000000000     
   9.0000000000000000     
   10.000000000000000     
   6.0000000000000000     
   6.0000000000000000     
   10.000000000000000     
   5.0000000000000000     
   8.0000000000000000     
   7.0000000000000000     
   5.0000000000000000     
   10.000000000000000     
   8.0000000000000000     
   10.000000000000000     
           1
   0.0000000000000000        0.0000000000000000     
           8
  0.49898526475211430       0.95486029802122629     
  0.50173682019012333       0.96572533519397297     
  0.49305392838498563       0.96304796520115499     
  0.48786545167567541       0.95895382287777364     
  0.47985146073946228       0.96334544798326860     
  0.47414630240307104       0.95421936490517301     
  0.48516940860168767       0.93430296065425422     
  0.49573224894401063       0.94231175235395459     
           4
  0.50612161611830542       0.77729560056695368     
  0.49613423032292170       0.78377368228592126     
  0.47790532238296135       0.75765487876849258     
  0.50668184257462179       0.75675978455560611     
           4
  0.15415227626920971       0.56719982128450175     
  0.14285746009195233       0.56504082486841711     
  0.15985933191705687       0.54509520952485147     
  0.15877105652730802       0.55890519236296710     
           6
  0.14446145741992100       0.72496434478335114     
  0.13658455277678594       0.72952878823928524     
  0.12481701039302606       0.73523030724532068     
  0.12071924832904743       0.72676334642540497     
  0.13853048712997326       0.70774526690460049     
  0.14229038662918272       0.71844886458430979     
           6
  0.97297170626016638       0.39871741213267620     
  0.96856133929625532       0.40672040598398873     
  0.94800274317341093       0.39075297274823217     
  0.95492590559974022       0.38882044460874299     
  0.97225533582077428       0.38281245215019982     
  0.97852346629521081       0.38598998779614585     
           5
   6.6950735394120747E-002  0.89542587717629341     
   5.7607330766571430E-002  0.90041979287258433     
   4.2901764001000833E-002  0.88565375584407369     
   4.0610444659900054E-002  0.87792276096810062     
   5.7996456657656327E-002  0.87610256272247145     
           4
  0.87392441065658977       0.70335048438811465     
  0.87221101886001051       0.72011062905789580     
  0.84745687164123851       0.69322499543982230     
  0.87536764438606507       0.69059791625129974     
           8
  0.35153146759809678       0.63218093448952650     
  0.35152836549445426       0.64316268704613189     
  0.33626408257974855       0.64275679458502466     
  0.32983104875207314       0.64527617404327020     
  0.32356604308658810       0.63149849396728908     
  0.32948199673185746       0.61724865440637633     
  0.33738183520657411       0.61942026747924928     
  0.34867659459851524       0.62062487308558134     
           6
  0.12456134060899716       0.75000485286472085     
  0.11776429426981627       0.75709037372451793     
  0.11058353376542325       0.75321038452393219     
  0.10483221503638809       0.75725168824283240     
  0.10412285188150434       0.73288054203682940     
  0.12127416164363694       0.73134539948013666     
           8
   5.7891937561596316E-002  0.30815034613389475     
   5.2018108098633234E-002  0.30451502023042809     
   4.4715582388027600E-002  0.30548848571874598     
   4.1987495436514630E-002  0.31034545022222071     
   3.7476656569599059E-002  0.30236559491766962     
   3.8681570321508374E-002  0.29221350212220693     
   4.0714713047396336E-002  0.28440850579487276     
   5.9047332166400707E-002  0.28627445814772856     
           5
  0.98967432656338516       0.84308209576795556     
  0.98527443306615092       0.83775621862402494     
  0.97380696116431087       0.83723764909092346     
  0.97424703841517601       0.81715600832860880     
  0.99487689956612801       0.83161740790438565     
           4
   1.5523407618755366E-002  0.97048622155004849     
   8.0025720090914805E-003  0.96321610523570123     
   2.8823767138785397E-002  0.94280904895895279     
   3.3351555232217979E-002  0.95161991618824915     
           7
  0.55684697337628264       0.71426321972433326     
  0.54972077187746526       0.71213371431547068     
  0.54355796448265226       0.71179454054483093     
  0.54417455605266873       0.69180506333537695     
  0.55984786061683900       0.68668769434826726     
  0.56790154297540452       0.68664231570896095     
  0.56986427962457264       0.69477974901687023     
           5
  0.86903446642666138       0.34102353949588010     
  0.84624646363735068       0.34799049833214563     
  0.85285111939999447       0.32645578994328606     
  0.86074703025306443       0.32573467447643112     
  0.87105247865801472       0.33139555543243338     
           4
  0.97464103795496282        7.4882152515055700E-002
  0.94855783811070205        8.6226647423203948E-002
  0.95281550669931592        6.8133803273229848E-002
  0.95355096401494732        5.7678445586674010E-002
           6
  0.22135644085544587        5.4389441348360879E-002
  0.21391696787585418        5.7526666400385451E-002
  0.20652937730597135        4.8988232751023798E-002
  0.22185680549231657        3.7656961547038965E-002
  0.23029319514953867        3.1654686770242947E-002
  0.22920828919823763        3.8976013123235953E-002
           5
  0.71107117976857392       0.49678916363379444     
  0.69321549318722242       0.49463969502664112     
  0.69050293765162407       0.47649852865939263     
  0.69819594415037178       0.47397958786183653     
  0.70789239384634350       0.46944614029748433     
           7
  0.33067358053607521        4.9993153877181881E-003
  0.32249269612997267        1.3199369290931667E-002
  0.30459180980363532        8.8034884316625650E-003
  0.30105912227173748       -1.8364875029283243E-003
  0.31314599325136472       -5.6810163162760302E-003
  0.31807851532079123       -1.1337530078790539E-002
  0.32853024891673588       -8.6949746871984538E-003
           4
  0.32752952192390583       0.36914124477614935     
  0.32053444872754494       0.36172682205684792     
  0.31574013525477546       0.35485930618365030     
  0.34520423151275309       0.35931320726341792     
           3
  0.68461110703628958       0.17126734436584967     
  0.67501316815125778       0.15882356675464102     
  0.68868868868868871       0.15615615615615616     
           8
  0.32775973520835638       0.35019297063691585     
  0.32184477050053123       0.34950447758473513     
  0.29983963597500407       0.35386677836495850     
  0.30031608283948652       0.34542055313532360     
  0.30524504046933665       0.34297531188934816     
  0.30453280308687491       0.33341583125651986     
  0.30675555536370835       0.32487872957846664     
  0.32929119486107455       0.33696149523250207     
           7
  0.22590170462183984       0.43434774278924093     
  0.21452854935337526       0.44103861847210890     
  0.20378397767323705       0.43993344324907491     
  0.19924844025053118       0.42711721587766394     
  0.20523280903289420       0.42658203286269719     
  0.20512904600638754       0.41840407948418490     
  0.22488853054625002       0.41644993891800380     
           4
  0.19319319319319320       0.86686686686686687     
  0.18006997610556222       0.87363351212659401     
  0.18061715735524381       0.85476273787503676     
  0.19332959236694644       0.85549128472336056     
           6
  0.39066926287926179       0.93353591003733594     
  0.38371969116601112       0.93343921222694126     
  0.37171688740818909       0.93002834718623606     
  0.37478034178002778       0.91255825740025576     
  0.38503662321264492       0.91241434455398895     
  0.39636754237412197       0.92172751621772719     
           7
  0.98256262109737336        1.9994063392666898E-002
  0.97624035749253701        2.2223728032591050E-002
  0.96612313821453533        2.4189359851127044E-002
  0.95497094265020088        2.0540282701443056E-002
  0.95890207190711452        5.6372281717967298E-003
  0.95373226924890964       -1.9617961023525934E-004
  0.97063209540653139        5.4390478282071060E-004
           7
  0.80601002363418028       0.39598729337540728     
  0.78334358517155644       0.39472461533371428     
  0.78508929183976828       0.38457064613919351     
  0.79374296498382269       0.36956104288412317     
  0.79715700522603872       0.37433848816408000     
  0.80553733327120425       0.37289082670832258     
  0.81278577703755295       0.37818484701062849     
           7
  0.74170301354384516       0.54611873876944961     
  0.74408293345313348       0.55966748396400978     
  0.71901869023432186       0.55985948127577922     
  0.71895938819993843       0.54151172078720555     
  0.71814584212464139       0.53346486855295505     
  0.72847526798240680       0.53184254387060492     
  0.74911043105077324       0.54073505671601108     
           3
  0.94306812949199637       0.89426884168078935     
  0.95695695695695693       0.87887887887887883     
  0.97125971729416172       0.87738979540717077     
           5
  0.58995627253788097       0.28206510639640203     
  0.57669017274247625       0.28591679023307376     
  0.56910024498072187       0.28511283055963138     
  0.56484851599804264       0.27679501469743106     
  0.58776934027392558       0.26144107974564407     
           3
  0.27294370862797562       0.77370397177411621     
  0.25725725725725723       0.77877877877877877     
  0.25076140182900308       0.76691587117967941     
           8
  0.72838164459196164       0.61901338316963750     
  0.72148837679829692       0.61843453468603038     
  0.71567502478461431       0.62134276320694426     
  0.70846623734658720       0.61980516399461327     
  0.70544463714757888       0.61485203905441699     
  0.71562201792571156       0.61411980430548130     
  0.71371371371371373       0.60560560560560561     
  0.72775204714178721       0.60976945799530624     
           8
  0.28378096801622910       0.94532447505654071     
  0.28551284299235896       0.95517649094793478     
  0.27175080635984561       0.95550047247147807     
  0.25551132632798906       0.94428743185229891     
  0.25635948716840173       0.93447596085303963     
  0.26890440676110317       0.92855983777766915     
  0.27956667112335931       0.93493970785202241     
  0.28380689242356377       0.93920432979085089     
           4
  0.89615513986820572       0.41167813917755908     
  0.87598084344301508       0.41651725974777842     
  0.87739330129461690       0.39146498000765872     
  0.89176570343692030       0.39274774400327034     
           5
  0.24524524524524524       0.16816816816816818     
  0.22979201398821766       0.17960732839333246     
  0.23163324505058228       0.16540223555873110     
  0.23350491652539246       0.15785868688068966     
  0.24521833578672350       0.15773257213087671     
           3
  0.98922786214025560        4.4086824154432616E-002
  0.97397397397397401        2.9029029029029031E-002
  0.98628220423359492        2.1560232921056275E-002
           5
  0.89368736352384193       0.93360529413356097     
  0.87866901992991908       0.93241961082304481     
  0.88203647878338509       0.91172935710686687     
  0.89403522115663381       0.90999934010102013     
  0.90342623928720422       0.91626046371713210     
           4
  0.95260289826118616       0.71433598373547025     
  0.92998361838712595       0.71668259771945875     
  0.93541932620968316       0.71014870089901816     
  0.94241307384218842       0.69528437189759662     
           7
  0.37991582707453864       0.24669612865203927     
  0.36790861000720343       0.26378898333924611     
  0.35105166346470240       0.25786029279457517     
  0.35152917049810628       0.23567292238840759     
  0.36084654235006991       0.23497780676341842     
  0.36778484473515316       0.23502733149500063     
  0.37467231207923918       0.23279623662636009     
           6
  0.94543921773698425        6.7556547149605489E-002
  0.94529125244130785        7.3896757559646933E-002
  0.93370143224034829        6.8431600231351378E-002
  0.93293293293293289        6.0060060060060060E-002
  0.94144845725544812        5.8579140844286275E-002
  0.94602396348737061        4.8844251471845929E-002
           4
  0.59095522681656210        3.2295725728877747E-002
  0.56522213213675387        2.6249126985395492E-002
  0.56008775879845807        1.6247618385008177E-002
  0.57364445574489653        4.7545950013469888E-003
           3
  0.65405933878843070       0.99745550702186148     
  0.65375581524786408       0.97719944312138862     
  0.67725628278134142       0.98361323309022941     
           7
  0.68120467234295812       0.35604378740287890     
  0.67638865829693184       0.36316758766464691     
  0.66648920760578922       0.36427896715374997     
  0.65495223562049021       0.36337045175194871     
  0.65560829031061063       0.34389014512112992     
  0.66192459682128102       0.33621781154894964     
  0.67560435692401732       0.34168598055644400     
           4
   9.4975969620796991E-002  0.72142299008737520     
   7.2425900760017106E-002  0.71930114744838825     
   6.9482495425742544E-002  0.70307413606997649     
   7.7614490290464189E-002  0.69373207037963613     
           7
  0.81609741145100057       0.33489725049375191     
  0.81182614799622888       0.34541700879834913     
  0.80555789432528457       0.34016890944687628     
  0.79970319851590599       0.34251885695230616     
  0.78752281769821264       0.32115434507528823     
  0.79662027170376060       0.31675028064955024     
  0.81535317545467134       0.32404693864701817     
           6
  0.26400333200020093       0.10034382619631593     
  0.25018324657817903       0.10338333384466052     
  0.24723610130478194        8.7417974110617636E-002
  0.25058544530436516        7.7865413570972250E-002
  0.26098452886011236        7.9282062043708162E-002
  0.27543558945224272        7.7082414263020788E-002
           5
  0.17674531334052987       0.95998114167819848     
  0.17822163182061326       0.96677410495621674     
  0.16316316316316315       0.95395395395395399     
  0.16337264993266046       0.94014482817795808     
  0.17538833575690099       0.93914875384524366     
           5
  0.50040315532331026       0.26186501266002737     
  0.49500808978323219       0.25716685786046040     
  0.49520666281698500       0.24928698686056835     
  0.49817291792176227       0.23927783597651939     
  0.50950950950950946       0.24924924924924924     
           4
  0.24804791626105707       0.34392850246596685     
  0.23698646896669159       0.35063419523662681     
  0.22482274304417121       0.32515386838535715     
  0.24683052270144448       0.33368889262317053     
           7
  0.80036458101955898       0.37054457255446427     
  0.79280291403407643       0.37132841610311479     
  0.77632159083672925       0.36662043985398407     
  0.77858887940795307       0.34917913627010660     
  0.78429681584543331       0.34187795587477088     
  0.79028302106845005       0.34064842668760659     
  0.80627819234401410       0.34848675130754170     
           4
  0.32551341386565213       0.17114746291631394     
  0.30254663385352110       0.17154904047227590     
  0.30745772374260755       0.15283531835736611     
  0.32920256998571484       0.16056504410209607     
           8
  0.36628406540544700       0.72716251969071477     
  0.36637457377802940       0.73348533423362572     
  0.36597688434088549       0.74011266272414677     
  0.34678986252304977       0.73782947964311407     
  0.34586921569675078       0.72862634691491646     
  0.34799253822221382       0.72162183859725093     
  0.34956737365616208       0.71154082084010073     
  0.36852170281251911       0.71632456802630284     
           6
  0.27046796832760095       0.41644047356400943     
  0.26647646364098881       0.42651461678555436     
  0.25730361613555275       0.42615629813359163     
  0.24810008633632544       0.41507113554822683     
  0.24607901060770271       0.40477032524269568     
  0.26493332068868169       0.40118189719148822     
           7
  0.64180340138499958       0.14644700757620902     
  0.63733501502356571       0.15765951865467925     
  0.62232964612490405       0.15362370892981964     
  0.61953898215170566       0.14820900983726565     
  0.61537491388438570       0.12991283780915261     
  0.62688938980233699       0.13144280016064325     
  0.64302675090718675       0.13055086345529224     
           6
  0.54771290328607347       0.26019993037350003     
  0.55004184829260105       0.26911739930727457     
  0.52043901964339045       0.26838411242812549     
  0.52788261717093266       0.23988995206308830     
  0.54377790082677435       0.24156547665090286     
  0.54406754200347573       0.24941648073829958     
           7
  0.36716249396569373       0.43882786584383809     
  0.35283628146105994       0.45642864043660381     
  0.34354212739665096       0.43707285639173682     
  0.34523541228282578       0.42952931517925974     
  0.35269790740221985       0.43461234292307199     
  0.36043808357030982       0.43588892879678576     
  0.36963890181190351       0.43296034647278830     
           4
  0.44844844844844844       0.32032032032032032     
  0.43331588950069494       0.32464085772607193     
  0.44553148806008902       0.30672186959589343     
  0.45249263242679871       0.31196372866141886     
           3
  0.99994525790863875       0.32888271275838010     
  0.98798798798798804       0.33333333333333331     
  0.97916165045523018       0.31827835535460586     
           8
  0.70332445764625462       0.11049726376303430     
  0.69871517111708026       0.12055597351745677     
  0.67953195905902897       0.11918461465570272     
  0.68126464299077905       0.11107334341872380     
  0.68295028334480534       0.10128576733958398     
  0.67819913294346601        9.3993695505896674E-002
  0.69545200635921312        9.5231050368016906E-002
  0.70013939665266178       0.10392673299215371     
           6
  0.32738306992377081       0.48785109924921027     
  0.31500141243583113       0.49204524830333568     
  0.30891497830805098       0.48137599977336792     
  0.30573339764886764       0.47018064094655543     
  0.30513195291532991       0.46070836070650362     
  0.31312746018702459       0.46125582842517310     
           7
   9.4421178304364917E-002  0.72040032256360143     
   9.0615600426379742E-002  0.73096531876398185     
   8.4343725765678779E-002  0.72797805304811436     
   6.9419164958496593E-002  0.72502945456146806     
   7.1012751641600369E-002  0.71450663897600630     
   7.0544812155092396E-002  0.70813934463010142     
   8.9252583304065200E-002  0.70330461695666124     
           4
  0.40681306806571871       0.83446563268678253     
  0.38688056860181719       0.83202313487404911     
  0.39900576418828931       0.80955278429400979     
  0.40629950829369460       0.81878390139624624     
           8
  0.61523343993809676       0.77971587901013961     
  0.60675342973788426       0.77845398523479903     
  0.59897033715590753       0.78174752865254993     
  0.59037134875634323       0.76906150539669560     
  0.59330971573113844       0.76372761748177953     
  0.59024864344747052       0.75811465467672934     
  0.59969937101473714       0.75801134521264879     
  0.61331495493663413       0.75789018696563526     
           6
  0.64335742733227275       0.17536772208622400     
  0.63454714038894844       0.17759975281038276     
  0.62656660612952941       0.17622846850140023     
  0.62218928176811916       0.17150920628823824     
  0.61833127859575465       0.15306619429540230     
  0.64209031111544668       0.14998392266000840     
           8
  0.66704961614242397       0.65111909911987753     
  0.66253584627731010       0.65699676557429976     
  0.64948158723432015       0.65504329629167823     
  0.64375093433368802       0.65926173135568378     
  0.64086808151582519       0.65083992767707066     
  0.64176266270629856       0.63223017418560701     
  0.66129900872883285       0.63555607726837671     
  0.66262542537817914       0.64770131042955914     
           4
  0.23509307969188856        1.9010224497876135E-002
  0.21492783079588812        1.8114146976110680E-002
  0.20921158321602537        1.1967574303340266E-002
  0.22122122122122123        4.0040040040040040E-003
           6
  0.56517089104092655       0.91279278278937548     
  0.56675634596093616       0.92339644607201732     
  0.55250819292685427       0.92744776421356279     
  0.53744916512278484       0.90523004997701428     
  0.55232645052295648       0.90260598880166343     
  0.55650228826716719       0.89779592926330842     
           6
  0.77488751572714254       0.60625452275410008     
  0.76139088234673891       0.61733496485430994     
  0.74916675633464425       0.61817067239859036     
  0.75039973173212271       0.60625959310675581     
  0.76643501472073750       0.59394858572249654     
  0.77431939827218221       0.58884453727144681     
           3
  0.33955586525755227        5.6183404389340733E-002
  0.33006169573299998        5.2024035239202175E-002
  0.34380360783461356        2.9061105268571853E-002
           6
  0.16451030126859656       0.31864577988886633     
  0.17182625012268404       0.32235925723040798     
  0.15637854433199852       0.33198670355278181     
  0.14286675500360074       0.30925695738370990     
  0.15176361893568655       0.31039178180163252     
  0.16441370065749827       0.30460892532506456     
           4
  0.77109940441389813       0.36350697104904328     
  0.75675675675675680       0.35735735735735735     
  0.75446872670867404       0.34179071575707826     
  0.76864970823935785       0.34492649259249125     
           7
  0.75895449551663330       0.17313571391698804     
  0.76099409796903339       0.17922112836330698     
  0.75188173884669651       0.18559012882580131     
  0.74683414524307901       0.18236302599154988     
  0.73918318807994621       0.16573885298257598     
  0.74334580167911368       0.15958641737286552     
  0.74958735865360504       0.15797479878006235     
           6
  0.54006714235982323       0.24510871746697177     
  0.53254508395538147       0.24884649355981925     
  0.52349232331499507       0.24698624453072560     
  0.52322446755151697       0.22656982962531502     
  0.53589915002728683       0.22397958982251592     
  0.54857435412262556       0.23015621011323606     
           4
  0.72080958385567839       0.71359278941074988     
  0.71018518177902934       0.71237626876371829     
  0.70823868567151682       0.69315898091608774     
  0.73123317103956731       0.68501025672098947     
           5
  0.91145851163660907       0.57935758460337516     
  0.89430865439701401       0.57374586920889081     
  0.88560134568478832       0.57096579688754334     
  0.89215414227208778       0.56149724716648264     
  0.91162041064394961       0.55472603222369798     
           8
  0.72601974556378812        1.2059888372559373E-002
  0.73050966740369561        1.5640717375716030E-002
  0.72141388220161129        1.6532957376966671E-002
  0.71541652542411360        1.9694735832460553E-002
  0.71216958194145552        1.4525551214233257E-002
  0.70269393351211529        6.0561869087812394E-003
  0.73234858330344066       -5.9159093663178376E-003
  0.73224609037811272        7.2527277657462880E-003
           6
  0.34397045220519101       0.45638726897329573     
  0.33803650678497860       0.45228398521333013     
  0.33125033840498058       0.45283894062851288     
  0.32202594729125389       0.43829111187627023     
  0.34642866175367076       0.42869559780066024     
  0.35056234476260612       0.44125719997578516     
           4
  0.75411045862068016       0.11754622632255120     
  0.74644245703038881        9.8491004208299551E-002
  0.75237022795861364        9.3497813847429875E-002
  0.77066169863575440        9.8088797046613579E-002
           4
  0.62898231614561295       0.14642858394989486     
  0.60277745859632703       0.13287390176528682     
  0.61561561561561562       0.13213213213213212     
  0.63040291138887428       0.13190382887630137     
           3
  0.37976600752501771       0.50102018449933083     
  0.36536536536536535       0.49849849849849848     
  0.37055852047702215       0.48654435034306287     
           7
   5.2918272159700526E-002  0.27299852019545756     
   3.8681512061781706E-002  0.27917449099677538     
   2.6524886493492057E-002  0.27835160498611916     
   2.7567834797477341E-002  0.26015499344492848     
   4.5907636685840143E-002  0.25650413345087664     
   5.2446157394674953E-002  0.25957612828136961     
   5.7369992383526913E-002  0.26571287249458775     
           6
  0.96261096296427506        1.4160277540007614E-002
  0.94994748973945398        1.5787972608402735E-002
  0.94029569252439182        1.3369965094545491E-002
  0.94461502945206366       -9.7234443798507094E-003
  0.95367540327804590       -6.1460019947574360E-003
  0.96435814533060504       -2.7510376214821448E-003
           4
   1.0052644200680632       0.31645556328627766     
  0.98873261290229109       0.31536744415902040     
  0.97531685280479108       0.29707136552394164     
  0.98283313347965906       0.29090550120096803     
           7
  0.48074023149874545       0.82465229283726305     
  0.48451882995876805       0.83403528251756875     
  0.46316491543564625       0.83233889295595265     
  0.45798399467103990       0.82899989631673188     
  0.46766289680784329       0.81357925995696490     
  0.47191180837765273       0.80610422195466636     
  0.48335108719296394       0.80617264977440184     
           4
  0.66506699079060017       0.22909762216090659     
  0.65490452105174146       0.22796446008021082     
  0.63885433102116274       0.21064864284549364     
  0.64857503446931031       0.20347575300049059     
           6
  0.31483095480420414       0.88659941588219637     
  0.31224593445960391       0.89746212063922792     
  0.30395920808776361       0.89410289374613505     
  0.29104928950034320       0.88800533485466870     
  0.30822208329027856       0.86883939671639965     
  0.31099814394359643       0.88129133248470559     
           7
   6.5502574630475277E-002  0.46998701048241587     
   5.5402329753226377E-002  0.47320675760486547     
   4.9571650061819891E-002  0.46892334476709285     
   6.1184078269504318E-002  0.44408901602049494     
   7.5301292976228659E-002  0.44851552667946898     
   7.0768678513012967E-002  0.45326607522111878     
   7.5590956696583056E-002  0.45674542194237311     
           4
  0.40362184792934452       0.41628864724576203     
  0.39257901118469940       0.42018780678113021     
  0.37964813373077938       0.40898802525406514     
  0.40358116150010293       0.39521931999150184     
           5
  0.36207983575413688       0.18189279036397951     
  0.34914001032168185       0.17810135479258041     
  0.36108131458270737       0.15779111280666563     
  0.36903370200388680       0.15948955040183993     
  0.37918150772841458       0.16663985753192170     
           4
  0.65378942184203837       0.74937783839199645     
  0.64217406904360852       0.75661797471935288     
  0.63130847386401490       0.74127271541465811     
  0.63135288531594624       0.73027028630157487     
           5
  0.33362337805394771       0.62764687920520978     
  0.31762320016224865       0.63034056992102017     
  0.31127246911139356       0.62750893290263243     
  0.33994819376489571       0.60519165350583581     
  0.33603589151498042       0.62092617227349423     
           8
  0.57047548746293530       0.45863289691648740     
  0.54463233093653352       0.46478169254921842     
  0.54829477203424026       0.44703155233840525     
  0.54871502142221262       0.44085646655916649     
  0.55265040356718198       0.43431289310347532     
  0.56182531444879269       0.43779097088453434     
  0.57179977198825249       0.43494352152163340     
  0.56785125005323867       0.44156247336973203     
           5
  0.10170892888410682       0.92938178679996197     
   9.0782104672768316E-002  0.92642053083105935     
   8.0454473607212973E-002  0.92664852394917296     
   9.2092092092092098E-002  0.91491491491491495     
  0.10315762445279038       0.91374813752069772     
           3
  0.14240264709423031       0.62310944438959315     
  0.12507547306079653       0.60391837337016219     
  0.14390400581193688       0.60892202206083590     
           3
  0.23873967828561002       0.95965297452205256     
  0.20835715736771038       0.95178448677366423     
  0.22274569234473809       0.94017716583496946     
           8
  0.99845747522987571       0.42974750933636729     
  0.98969561585939836       0.42535724669636593     
  0.98036506580206495       0.42548209434298273     
  0.97430189891385532       0.42715249041140196     
  0.97633078396079398       0.41090749246042857     
  0.97617256549137310       0.40271963293934604     
  0.99605048450824551       0.40305128045118738     
   1.0036495699162642       0.39997077969762324     
           3
  0.95636611424918128       0.63057391287207465     
  0.94394394394394399       0.61661661661661660     
  0.95546518797563562       0.60566066364609794     
           5
  0.77967237502930564        8.1014864652435552E-003
  0.75011458889265392        6.9720064361546413E-003
  0.76363376895340440       -3.8792299354868508E-003
  0.77101126993063862       -7.1195587370845841E-003
  0.77880022966730533       -6.4820459957900620E-003
           3
  0.65965965965965967       0.25025025025025027     
  0.65882515400427444       0.23708919609533588     
  0.66762820937284817       0.23955370549262200     
           3
  0.77592872885397068       0.53929606638605365     
  0.76676676676676681       0.53253253253253252     
  0.78084742690262343       0.52221506514864058     
           5
  0.74142679996845373       0.34480748808922213     
  0.74122076595550257       0.35352829865666718     
  0.72077081250192188       0.33307276190149770     
  0.73484815110175228       0.33004903300262667     
  0.74644717637294489       0.33242678454756774     
           8
  0.86017785941556768       0.49296159791174365     
  0.85621253384723761       0.50119652276061943     
  0.83807362550458853       0.50440895204284064     
  0.84138909062620015       0.49352336572787397     
  0.84060344168952883       0.48095265879736282     
  0.85223402670815551       0.47724521341137460     
  0.86490135272262791       0.47725254553610796     
  0.86279132391303803       0.48676870686440660     
           7
  0.48955959287784412       0.46772868598335537     
  0.49302099540978012       0.47953902862387482     
  0.48466474727789155       0.47542553742409432     
  0.47659617652657699       0.47771693303739776     
  0.47280000171793618       0.45696289027691922     
  0.48171171126273599       0.45513269367136494     
  0.49237532852339433       0.45269132295310416     
           6
  0.56456456456456461       0.29629629629629628     
  0.55250086439591806       0.31085980839814226     
  0.54944475390560710       0.29396149382625303     
  0.55266471657418326       0.28749579550927601     
  0.56400073590648547       0.28784932551606918     
  0.57347551709589784       0.28174298835539291     
           4
  0.48351519412955940       0.53368220346778728     
  0.47553910820020445       0.54395519406787884     
  0.46123160939646457       0.52892369296054420     
  0.47648980758230675       0.52174176012741269     
           8
  0.55355876700292639       0.12242643209751462     
  0.54430573535377769       0.13146759232371158     
  0.52933448746426526       0.13283430707538538     
  0.52296433928882036       0.11925309946142465     
  0.53099688482710916       0.11111462905730263     
  0.53615484458724327       0.10726087439358789     
  0.54096223633263130       0.11301908849714606     
  0.54650553063814489       0.11580516912819450     
           6
   1.0092341918223586       0.17841783985407761     
  0.98834322239667582       0.19382626027269217     
  0.98709209405330112       0.18467541603387688     
  0.98431216728106641       0.17036442810752378     
  0.99657600111624145       0.17415061406454682     
   1.0046406371036567       0.16884645007364282     
           4
  0.13427274033422806       0.97975502510996038     
  0.11435456268846483       0.96554409083865644     
  0.13647748603725371       0.95261607559099226     
  0.14022238019300332       0.96360009964842264     
           5
  0.89636305480658085       0.54014777510847001     
  0.87323166530228324       0.55118519080998285     
  0.87561099770986695       0.52330039061656353     
  0.88057807455536652       0.53033672201915827     
  0.88762333015837991       0.52906293890640954     
           6
  0.31123311955737332       0.99502777689722954     
  0.28999113532937104       0.98097960309766874     
  0.29771598181343978       0.97708542353460048     
  0.29304574460932042       0.97264707512115300     
  0.30559861618903605       0.97414238083864446     
  0.31223448527047537       0.97225945362946020     
           5
  0.46472395617509998       0.13652726423391889     
  0.45619902385190197       0.13768495116376994     
  0.44905535791445156       0.12606526379695646     
  0.45211161042683712       0.11379113913690336     
  0.46659089590762481       0.11257613144233167     
           6
  0.78623660514448535        8.1377485234646482E-002
  0.77494951641416798        8.2856072584972018E-002
  0.76897412720672442        7.6513950079305906E-002
  0.77752049375300558        5.6888399644935410E-002
  0.79321875299472888        6.0912041190619284E-002
  0.79346533297262234        7.0899774399273058E-002
           6
  0.89592052832965985        9.3532772590379440E-002
  0.87783475790477750       0.10617086709947091     
  0.87242061295402451        9.6399099470406147E-002
  0.87505997763983334        8.3679014489037626E-002
  0.88765182305126833        7.7460020904237051E-002
  0.89233898264702172        8.2278367365978392E-002
           4
  0.43932908354888833       0.68358844994047463     
  0.42798957108196684       0.68764461486453710     
  0.42421399206062727       0.66589052265224868     
  0.43990969167189065       0.65845385929665057     
           7
  0.60160973910442683       0.66424230832860287     
  0.58182812485362134       0.67297524793979491     
  0.58079852453781067       0.66303626282359118     
  0.58320493755996361       0.64846369235342738     
  0.59097511462744212       0.64901492643461445     
  0.59990963610056314       0.65187195826084399     
  0.60318856545566280       0.65811782895010518     
           7
  0.94265973984574392       0.90627019568195311     
  0.92673839400763502       0.90839923306753267     
  0.91918399566019682       0.90510945927480968     
  0.91577164605968986       0.89718722495941639     
  0.91535423537908089       0.88795365691828276     
  0.91985679674274157       0.88305113197137464     
  0.93740428072637516       0.88098183585401169     
           4
  0.12173715710931701       0.82474879558128655     
   9.6277038100530343E-002  0.83049068511150215     
   9.8525794260627575E-002  0.81716919010853095     
  0.11799405436569912       0.81231363098284870     
           4
  0.58158158158158157       0.79979979979979976     
  0.56813838457168186       0.79376261203862108     
  0.57584598554332245       0.78405774324350364     
  0.59184824618051468       0.78480935179324240     
           8
   5.9832820817173414E-002  0.29346596134787040     
   5.9882180821372186E-002  0.30251504171486510     
   4.4816698787091852E-002  0.29805869727933271     
   3.7869340775326298E-002  0.30360827609103613     
   3.6433912131721001E-002  0.28974390125260718     
   3.3424903944321113E-002  0.27550888574538696     
   4.5314876763104188E-002  0.27613441267008054     
   5.6756568778002926E-002  0.28520208171915828     
           4
  0.55436068071316691        8.1491864934591530E-003
  0.53942923302574552        1.5690408781142574E-002
  0.53678848397741386        5.1435128415241293E-003
  0.54686713006585208       -1.3933631197028059E-002
           5
  0.38912697345881608       0.72867203061528896     
  0.38147937127327408       0.73687556173736146     
  0.36736780591193030       0.73271938617342081     
  0.36818176103549122       0.71608170834063700     
  0.39460915350828868       0.71421174559830292     
           6
  0.19232168286308968       0.50520950593299752     
  0.18068677221124291       0.49933484226669850     
  0.17622738082612899       0.50392889916217065     
  0.17604164187637814       0.47503598607551772     
  0.18867333989581456       0.47587228616222826     
  0.20037364412984901       0.47623773730855801     
           6
  0.95870606421107163       0.16899432695038286     
  0.95211156182168522       0.17182035424378675     
  0.93681372819052733       0.17559684666516753     
  0.93426823950814153       0.15656130501300089     
  0.94355530277071509       0.15142019532552028     
  0.96172435181573235       0.14983208292913069     
           3
  0.71108751232678313       0.72346815359973715     
  0.70270270270270274       0.71271271271271275     
  0.71139091440496915       0.71012339503119370     
           7
  0.23875566275275467       0.72997189986971578     
  0.24427846884563439       0.73556603738719861     
  0.21927257317116919       0.73806368113406851     
  0.22192336557855602       0.72805288728211126     
  0.22149481853912259       0.72100696190922542     
  0.22599518873025509       0.71083680452017539     
  0.23873372579445348       0.70843088832545142     
           3
   2.6049827977441410E-002  0.90751875107054480     
   2.5305286084021897E-002  0.89152722682603669     
   5.2857054476557065E-002  0.88296020823619381     
           6
  0.36997904730109510       0.57724875637632800     
  0.35884809858593536       0.58354202668313093     
  0.35115306665606633       0.58357895086473288     
  0.35273269485006215       0.55937163851109195     
  0.36114851664236935       0.55483870473334440     
  0.36895838367729689       0.55971173272115349     
           6
   3.9172671551906769E-002  0.62289690815248233     
   1.8786314654512835E-002  0.62984835135632955     
   1.0863170804124411E-002  0.61469614022976216     
   1.7992870845686466E-002  0.61250684507060260     
   1.0394869443489455E-002  0.60224682743164515     
   2.6725596424439137E-002  0.60063653377076986     
           4
  0.41198569138296037       0.10721096901971089     
  0.38266103223315889       0.11088063140497328     
  0.38805115139597651        9.5563832066036802E-002
  0.40069406463293483        9.5537867612121727E-002
           5
  0.76511667435230146       0.66132603104756227     
  0.75858074935258890       0.67032071519649372     
  0.74137108810758390       0.66948401651037015     
  0.74736603713770744       0.65741463217502105     
  0.77228867040171778       0.64413944240839882     
           3
  0.82604708903495072       0.44682405586539298     
  0.81881881881881879       0.43343343343343343     
  0.82489842181477557       0.42397007612176396     
           4
  0.24836177409889601        7.6903765604434279E-002
  0.23825940425456657        7.5968595242799697E-002
  0.22476896965862678        6.4994390871413968E-002
  0.23083137051821118        5.0449351697830741E-002
           5
  0.31742653971086698        6.9295486672421497E-002
  0.30510482234262259        7.1002291813198670E-002
  0.30210509796658536        5.5003272685836831E-002
  0.32488182166958945        4.7825135724776459E-002
  0.32501000285234360        5.6126786053668436E-002
           4
  0.27419842092529528       0.48021208857798031     
  0.26701524938162563       0.46736916649407545     
  0.26788221556714337       0.45802508829039162     
  0.28040482085253621       0.45578525314168256     
           3
  0.79914335386655644       0.83678776893519002     
  0.78046072218255036       0.82230982496341010     
  0.80069548697489790       0.82386161556694304     
           3
  0.62960368801004885       0.69149264478583838     
  0.61660930025072391       0.68589490442814993     
  0.62662662662662660       0.67767767767767773     
           8
  0.63203545104665737       0.17118399064919146     
  0.62615621960126477       0.17143575876812309     
  0.62335803366049780       0.16583696770573261     
  0.61769130844616238       0.17146828224937372     
  0.61491152632658497       0.15958847153326769     
  0.61543077416793057       0.14463196695766331     
  0.63289401187378269       0.14680867089879801     
  0.63756605465697080       0.15003398248257366     
           3
  0.37242703430544311       0.51797100077158231     
  0.35875416581505576       0.50209254355723765     
  0.38296162027894715       0.49294027507097504     
           8
  0.22108037013828441       0.46683234382603617     
  0.22272584590307784       0.47630540975795160     
  0.21573100042112553       0.47271818310415648     
  0.20029946000209248       0.47000239264253246     
  0.19164189435981413       0.45115018248666228     
  0.20170473265949704       0.45042617098337601     
  0.21082670960372124       0.44790688178791832     
  0.22246710463842923       0.45127935548727527     
           6
  0.58215964577127943       0.84643225370978059     
  0.55144532407702940       0.84800266806003555     
  0.55316443955132077       0.83276216198314701     
  0.56251545297036420       0.82941158797305337     
  0.57503812266829346       0.82825433432515838     
  0.57628357256822194       0.83664579227760760     
           3
  0.67667667667667664       0.87187187187187187     
  0.66775303719595558       0.86255207487899355     
  0.68703397998695237       0.86539484195162497     
           4
  0.14106763084625978       0.99528142534234432     
  0.12669894698118556       0.99337293825992712     
  0.12547573896671319       0.98008799830461035     
  0.14332353710652343       0.97589404688219628     
           6
  0.95425383394798757       0.19533488691163445     
  0.94630845369374839       0.18516828712852409     
  0.94251112746876675       0.17662179416731277     
  0.94413861135574517       0.16774000780949155     
  0.95337165235448862       0.16986943284596950     
  0.96763142955148429       0.17182899536643439     
           3
   5.0050050050050050E-003  0.20920920920920921     
  -8.9931182632277326E-003  0.21811005224951963     
   2.0728458725311122E-002  0.19484480695467565     
           4
   2.2056442135605606E-002   6.7863615780068401E-002
   1.1317644790266779E-002   6.9129472814838347E-002
  -5.2810601807332189E-003   4.8269089571153917E-002
   8.8017061636020914E-003   4.1791249851100040E-002
           7
  0.49949949949949951       0.61761761761761758     
  0.49475345422804995       0.63300866936320344     
  0.48836088928483457       0.62138169669308962     
  0.48446965834045996       0.61254879681988283     
  0.49077908071904186       0.61541247219010253     
  0.48666040575762909       0.60261589081867339     
  0.49484780638164011       0.60925569858784212     
           5
  0.37708971784273743       0.49766846378727775     
  0.36952803173776821       0.49813096612384539     
  0.36033271880612949       0.46734967590725007     
  0.37925509608187630       0.47162803773229350     
  0.38091946567634749       0.48305565667342831     
           3
  0.96983067906885656       0.20411916294028928     
  0.97198125666501944       0.18179956429538724     
  0.98735640384222212       0.18349626647016243     
           3
  0.89705889382382520       0.47973876722950443     
  0.88096844808885810       0.48015221958853765     
  0.88288288288288286       0.46546546546546547     
           8
  0.72742019217636877       0.15185505190678786     
  0.73056381827380623       0.15633617624043078     
  0.72304560000576601       0.16149631635684233     
  0.71430825224335437       0.15880039537716287     
  0.70611569369326643       0.16014953674880894     
  0.70623644722733392       0.13829290831679766     
  0.71353866244100339       0.13210092082318664     
  0.71519702828153142       0.13730165995707455     
           6
  0.75155132310901585       0.99996167038352546     
  0.73606966537188245        1.0070280290501199     
  0.72606504055969945        1.0078045935706590     
  0.73190810926696570       0.99939436629298328     
  0.73995139384321729       0.98239048149895947     
  0.74994312342137226       0.98579954833798422     
           6
   8.5009193645871423E-002  0.48864016266095750     
   7.3688646460544766E-002  0.49585177296406785     
   6.6239222353948815E-002  0.48953742764833408     
   6.2777661002418494E-002  0.47505780408623177     
   6.5071812040894100E-002  0.46726232826392050     
   9.1244081946224853E-002  0.46962635054784951     
           6
  0.75690878123279526       0.23769657408475428     
  0.74760480626257431       0.24263725148964752     
  0.74140857327299203       0.24858338272422703     
  0.73006043856421621       0.23396314575729199     
  0.73377429980917808       0.22832750602131063     
  0.73457560190336846       0.21994619322705883     
           6
  0.88349315283786789       0.82786393144073667     
  0.88268805681147744       0.83559943422432870     
  0.87206202079025963       0.83848061144917907     
  0.85544798657611809       0.81245687263524802     
  0.88501871955912470       0.81026816968051074     
  0.88561257353315159       0.81840017177566082     
           5
  0.81838565058700419       0.99034478693343753     
  0.80534880235696948       0.99698021284251759     
  0.79438307600096458        1.0029381004745543     
  0.80553160888301079       0.97658788064262259     
  0.81388575495887161       0.97693152042260567     
           4
   1.0077839759499236       0.52606775017947693     
  0.99021755535657718       0.52546348923814079     
  0.98540360302607832       0.50411973389319342     
   1.0129350563394710       0.50127062677821543     
           5
  0.76260532651713886       0.40205008262055847     
  0.75362225781639747       0.40380430638079606     
  0.73338956875955452       0.40557999816490026     
  0.74874874874874875       0.39139139139139140     
  0.76279761500061394       0.38322398781705758     
           4
  0.36932659930963652       0.93293192953646686     
  0.36064159231025356       0.92626389410109822     
  0.35786336204342900       0.90890666836422873     
  0.37136818663221766       0.90925824863895965     
           3
  0.27227227227227230       0.87587587587587590     
  0.26265242817879880       0.87398412484641896     
  0.26518863224154232       0.86321068112488397     
           8
   1.0985008739551690E-002   1.1536113260734927E-002
   6.5673878335890763E-003   2.3859720004599082E-002
  -1.3363270913273146E-003   1.9655416901200679E-002
  -1.5597705916403496E-002   2.2336695469658708E-002
  -2.0810860151686669E-003   1.6262356892849869E-005
   1.3010141796653709E-002  -4.6497693978356548E-003
   1.0537434269169846E-002   2.9019832286872500E-004
   1.5023712957763419E-002   5.7593916704539866E-003
           4
  0.26852310947125552       0.37168741302898733     
  0.25262427845258106       0.37351016978818091     
  0.25086931280923436       0.35428616084580600     
  0.27036947375573311       0.34907817153204068     
           6
  0.46102043862322351       0.21277434801441153     
  0.45487681822844894       0.21931704150344514     
  0.44452499096022552       0.22315171148062346     
  0.44009007820536949       0.19732644778104513     
  0.45517003272110640       0.19254655414868596     
  0.46135768422082246       0.20016834392505450     
           6
  0.29354839383330195       0.71546859127908946     
  0.28308406077488057       0.72198269971007389     
  0.26947977308951382       0.72260327989010731     
  0.26978529989964456       0.71340948687682904     
  0.28257187907549436       0.69790283100609196     
  0.29372448262998130       0.70840899864758522     
           7
  0.43047689787145099       0.45872955221796485     
  0.42310088295300979       0.45538666691617424     
  0.41534231536714827       0.46059956494137044     
  0.41196766482385616       0.45509730046636243     
  0.40731569509150500       0.44208630767536811     
  0.43331659950694190       0.43621632701944230     
  0.43816532567198252       0.44237523897683273     
           5
  0.35661566319812343       0.45978183319254651     
  0.32897476563723527       0.45364691848347338     
  0.32697266909261652       0.44673521134840466     
  0.34738866170867372       0.43292082390080355     
  0.35575064620091623       0.43876711085414349     
           4
  0.68448606360319786       0.50823220992015006     
  0.68368368368368371       0.49849849849849848     
  0.68587257642898714       0.48895354068741714     
  0.69451413102223358       0.49118328367167902     
           6
  0.93993703275589635       0.69734134889996269     
  0.93773859164848272       0.70420401991581827     
  0.92812632042298171       0.70335182994853651     
  0.92163567114653788       0.68431048911064662     
  0.94054421673020272       0.67703543178307635     
  0.94192320523706452       0.68909255553084692     
           5
  0.18998324945088246       0.57701723038727804     
  0.17613692661157504       0.58091612505676782     
  0.17863662396178442       0.55620304430561152     
  0.19003661993273543       0.55879219597301488     
  0.19774508078161146       0.56353928387288554     
           3
  0.26908553230742382       0.36549184401740875     
  0.25725725725725723       0.36036036036036034     
  0.27168007969676378       0.35695315900778607     
           5
  0.45662553052579052       0.11265110366234109     
  0.45047323164759717        9.9572143286018155E-002
  0.45439895676177045        8.8519874432746892E-002
  0.46868886787158559        9.1989641894399066E-002
  0.47945003464890207        8.7973977245437179E-002
           5
  0.79860200861124897       0.66029148862305020     
  0.76802082369140101       0.65877396941276078     
  0.77311365849739999       0.63338485471047323     
  0.78197676079614487       0.63515718386037423     
  0.79503864914623479       0.63909880061863789     
           3
  0.27773338334290748       0.89997689476517584     
  0.27354896325646300       0.88678114533398211     
  0.28914873490691512       0.87661286078755984     
           7
  0.99190939793913446       0.69218257951148765     
  0.98149379936467374       0.69723264966911769     
  0.97513010565457559       0.69745342842148828     
  0.96866069668758970       0.68824452201981101     
  0.97207361865292874       0.67422708782841334     
  0.98570631070911297       0.67760770440103513     
  0.99344859368003635       0.68273392125757681     
           4
  0.51451451451451446       0.34934934934934936     
  0.51853547453299309       0.36093991922880919     
  0.50652465853458639       0.34910494363541139     
  0.50102012815792685       0.33507672624459256     
           5
  0.35217670259040851       0.55938389393734456     
  0.34458539177407471       0.56689434018549856     
  0.33661441133549430       0.56829710151817159     
  0.33503853038452946       0.56080611477785069     
  0.33934860095967806       0.53977013963839582     
           8
  0.30514545431866208       0.17546607901529190     
  0.29723850415910430       0.18000599577037557     
  0.30072017281783081       0.18527568475505554     
  0.28223165944475659       0.18272555604807550     
  0.27819417763922688       0.17748796334683109     
  0.28082826596395277       0.17076629035933213     
  0.29648260837677470       0.16254608604557555     
  0.30216487304573275       0.16561115143623414     
           8
  0.68709829526701105       0.41852591701774672     
  0.68850157179710403       0.42851959211021390     
  0.68351035266853410       0.42599616424395670     
  0.66675696323228850       0.42478452541468908     
  0.66147686266575745       0.42717902247029482     
  0.66260466150266084       0.41489212694840083     
  0.66346210298010166       0.40326330128994547     
  0.67157374076453336       0.39893323378920270     
           8
  0.39673090696045904        8.5685438469672304E-002
  0.39633522412886957        9.4478382275088285E-002
  0.37329166748879106        9.8430747697189999E-002
  0.37485501412461525        8.4613925299931975E-002
  0.37157425173833225        7.9119703750741663E-002
  0.37496700380624171        7.3260250084298428E-002
  0.38504871900581872        7.4206252715274229E-002
  0.39159063412159306        7.1209236502096276E-002
           8
  0.58931533469136543        2.9996685790685852E-002
  0.58774245248712575        4.1346231020851651E-002
  0.56986061337254312        4.1482795738448860E-002
  0.56048845469772335        3.6598502537350405E-002
  0.56270183666258045        2.8371588665203909E-002
  0.56231428972365916        1.6107459352397425E-002
  0.56908175545414985        1.6811116053272582E-002
  0.58584806153648505        1.4196996041042877E-002
           6
  0.86914099893252050       0.98485717662011774     
  0.85954378508898999       0.98459917152183707     
  0.85164183832714468       0.97855298091546716     
  0.85391352996477465       0.97199520594303490     
  0.85033767728931176       0.96174495959621753     
  0.87844988320201201       0.96774887933957698     
           8
  0.23363214032985127       0.42130454334487250     
  0.22790336326982949       0.42549082730938925     
  0.22089188936018725       0.42646425461751780     
  0.20792934540714139       0.41955549433762357     
  0.21396982685544000       0.41532376054641129     
  0.23312587425253936       0.40197032212772166     
  0.23793126037700446       0.40557946961831387     
  0.23351326151949872       0.41155084477697695     
           7
  0.97103349515745507       0.18593682455906715     
  0.95822338403781226       0.18465495196359549     
  0.94724813603049696       0.18837946721550575     
  0.94556130236185443       0.17811100453897524     
  0.95510332477245474       0.16598931929612998     
  0.96730303101174275       0.16500274529084033     
  0.97188704566505524       0.17203127726552234     
           8
  0.40666138095766868       0.82646421153195182     
  0.39897629138129626       0.83580524973725867     
  0.38707867307512511       0.83291963323507578     
  0.38161857622377815       0.83981937828757203     
  0.37999692175218014       0.82043853199048467     
  0.38157177589412727       0.81067193956998429     
  0.39373603983694450       0.81363536931135960     
  0.40316648434763686       0.81978817462816123     
           8
  0.23636513241343146       0.10314318225812753     
  0.22271226872569044       0.10789140073542110     
  0.21503017744046732       0.10450590981059972     
  0.21416421025914892        9.9080847353747128E-002
  0.21529231706527757        9.1969990602343579E-002
  0.22077279359935148        8.0438126517961936E-002
  0.22881519109608509        8.0084500502247719E-002
  0.23996733094791087        8.2797217517415131E-002
           4
  0.69866486978373288       0.96204487951808459     
  0.69461312104959805       0.93793884742053291     
  0.70902456463988373       0.93264373864482342     
  0.71804736404536618       0.93589598045907363     
           4
  0.93893893893893898       0.99599599599599598     
  0.92383207512633625       0.99034301054212659     
  0.93203541093866438       0.98077089020919317     
  0.93999356762452568       0.98475514659701491     
           4
  0.17174089873069262       0.35663193796345138     
  0.15073434073639988       0.35446694430374842     
  0.15466515724789059       0.33430757744947870     
  0.16877533172169079       0.34664651030623783     
           5
  0.70869665679782590       0.11951972620904000     
  0.68330903647226338       0.11293021938440186     
  0.69216349326539728        9.5635152685790245E-002
  0.70469557820095297        9.4922776631940306E-002
  0.70829188506782637       0.10179317139134565     
           4
  0.90282932391895110       0.17931215332132255     
  0.88612985960602320       0.16919733917480842     
  0.91178478913639516       0.15545784512246003     
  0.91184731578021727       0.16488280796904986     
           6
  0.37104484088025674       0.93633056791908353     
  0.34906069624447006       0.94631649894344283     
  0.35283087897072929       0.94049386821790715     
  0.35302725104442279       0.92718186573878847     
  0.35916172960582127       0.92478939988982911     
  0.36588803193392772       0.92796664596593270     
           5
  0.21349922779787736       0.13051478633147123     
  0.20210896599698872       0.13373080970978235     
  0.18595618623857732       0.12795666991151847     
  0.19149436488368932       0.10788265465004167     
  0.21269967185216085       0.10512480804855812     
           7
  0.17132020314463400       0.86747864670449670     
  0.15484073901976944       0.86245669743198294     
  0.14362133352201573       0.86534882189292628     
  0.15007462126411161       0.85608353547581229     
  0.14250632172724145       0.84007230056895388     
  0.15430621766248706       0.84162704932887988     
  0.16622508937224578       0.85456517330337523     
           4
  0.79949530934962232       0.62872147184498506     
  0.77391502363245712       0.63462336492278038     
  0.79026909346386032       0.61506410373257547     
  0.79737863783371388       0.62127188079191076     
           7
  0.10264713163324152       0.91570963192583099     
   9.3380844022225185E-002  0.92287367071237170     
   8.5741970154213587E-002  0.91997701337531756     
   8.2832762071898894E-002  0.91043393939295170     
   8.1946047616985346E-002  0.90346289624636411     
   9.9929478263480795E-002  0.90656737950816479     
  0.10564529032759659       0.90539423902176908     
           5
  0.30316689891588039       0.34499828934646198     
  0.29405438260520439       0.34872542539355422     
  0.29374601820460572       0.34178723965056595     
  0.28049750116527211       0.32555826238919577     
  0.30340042137189716       0.32488467780449037     
           6
  0.58929515822482703       0.94395016521016939     
  0.56934040517745921       0.94620454094156570     
  0.56202448618562917       0.94299295856001830     
  0.56179975864938214       0.92156636124227442     
  0.58583517032915899       0.92435621008753555     
  0.58960063092431225       0.93384693457745305     
           3
   6.5804771594810310E-002  0.77491297665060843     
   4.5138694873637759E-002  0.75140516890960163     
   7.3155058150460972E-002  0.75611152363227752     
           4
  0.32908669392256112       0.85231863455816936     
  0.31394632639947218       0.85163804925806441     
  0.30735594525143772       0.82905156723944062     
  0.33587977000702013       0.84162385106467641     
           5
  0.16105952445711774       0.31693161314016177     
  0.15415415415415415       0.30230230230230232     
  0.15423970482538077       0.28841985263369402     
  0.16482659054539756       0.29028705213258771     
  0.16247228810293798       0.29701881682895820     
           5
  0.50008646011900071       0.22612111670401547     
  0.48252555694510724       0.22356991179478586     
  0.47597989468917384       0.22670755183225544     
  0.48362075547010946       0.19987944620709713     
  0.49873692989138485       0.20421882442756539     
           7
  0.61301702844157324       0.40613933445059763     
  0.60390214469463133       0.40163637341471647     
  0.59773163828962439       0.39813755226919639     
  0.59707562655589097       0.38678042265758061     
  0.60574663922263949       0.37916153917544637     
  0.62826881094479370       0.38580723651069404     
  0.62557084997026413       0.39204102835771981     
           8
   8.1490795685939935E-002  0.16299802035182634     
   8.0210802296461020E-002  0.17366281405610123     
   6.3256224248357987E-002  0.16793042926210824     
   6.2526293933966984E-002  0.14504047984161031     
   6.8159598579562608E-002  0.14577894278169146     
   7.4829506166847443E-002  0.14791190702472615     
   8.1088031722478318E-002  0.14745659349756998     
   8.2387885673434136E-002  0.15499421415011919     
           6
  0.98265326953087340       0.99600340100315665     
  0.97442696524850869       0.99825729629315596     
  0.95828222609394809        1.0013839684613586     
  0.95899344682232324       0.99385654385922984     
  0.96092283863120254       0.97807711848755419     
  0.97085589141598816       0.97364685056288214     
           5
  0.53721699857330008       0.34475434983015263     
  0.53862768494053637       0.35304754083696660     
  0.52146294645044466       0.34980188225435199     
  0.51762567202002840       0.33259338956121537     
  0.53637833422465797       0.32481693258739269     
           5
   3.6481564922204529E-002  0.25498916991821879     
   2.9141105503466769E-002  0.24959888760048896     
   2.0706189927803608E-002  0.24881664689968641     
   3.3500075510399401E-002  0.22987115225410382     
   4.2192757609595975E-002  0.23929697330258584     
           8
  0.69809062759438412       0.33478451404335685     
  0.68060205498155701       0.34863568791232330     
  0.67641598500539157       0.33926964617998329     
  0.67770373945154605       0.33280731506766315     
  0.67457662937214957       0.32187626780113443     
  0.68187153366740338       0.31904729144815708     
  0.68750139777533803       0.32507944639676079     
  0.69511560731452648       0.32371498430564905     
           8
  0.88687800555967811       0.48374556754596504     
  0.89164581247274965       0.48694899391603019     
  0.88438500122017072       0.49471046221164877     
  0.86885198266350538       0.49065944144351786     
  0.86829766324680346       0.48423725530128015     
  0.86717064501695029       0.47808440927657847     
  0.87832052009871597       0.47429254012930344     
  0.88898441377630311       0.47649690873315353     
           3
  0.88588588588588590       0.20520520520520522     
  0.87126479010634206       0.18996985359265436     
  0.89992521780379897       0.19459127209007815     
           3
  0.11704756039028469       0.42500132778575628     
  0.11161025744997172       0.40472608048576331     
  0.13525106690920652       0.40291129877159659     
