   1000.0000000000000     
   37.000000000000000     
         222
           8
   6.0000000000000000     
   6.0000000000000000     
   9.0000000000000000     
   2.0000000000000000     
   4.0000000000000000     
   10.000000000000000     
   2.0000000000000000     
   3.0000000000000000     
   3.0000000000000000     
   1.0000000000000000     
   4.0000000000000000     
   3.0000000000000000     
   8.0000000000000000     
   6.0000000000000000     
   4.0000000000000000     
   4.0000000000000000     
   6.0000000000000000     
   3.0000000000000000     
   5.0000000000000000     
   10.000000000000000     
   7.0000000000000000     
   3.0000000000000000     
   8.0000000000000000     
   9.0000000000000000     
   2.0000000000000000     
   2.0000000000000000     
   9.0000000000000000     
   2.0000000000000000     
   2.0000000000000000     
   1.0000000000000000     
   2.0000000000000000     
   9.0000000000000000     
   9.0000000000000000     
   1.0000000000000000     
   9.0000000000000000     
   5.0000000000000000     
   9.0000000000000000     
   8.0000000000000000     
   6.0000000000000000     
   2.0000000000000000     
   10.000000000000000     
   3.0000000000000000     
   10.000000000000000     
   10.000000000000000     
   1.0000000000000000     
   8.0000000000000000     
   1.0000000000000000     
   7.0000000000000000     
   1.0000000000000000     
   9.0000000000000000     
   3.0000000000000000     
   5.0000000000000000     
   5.0000000000000000     
   5.0000000000000000     
   9.0000000000000000     
   2.0000000000000000     
   2.0000000000000000     
   2.0000000000000000     
   2.0000000000000000     
   5.0000000000000000     
   7.0000000000000000     
   10.000000000000000     
   9.0000000000000000     
   10.000000000000000     
   4.0000000000000000     
   4.0000000000000000     
   9.0000000000000000     
   1.0000000000000000     
   5.0000000000000000     
   1.0000000000000000     
   5.0000000000000000     
   8.0000000000000000     
   3.0000000000000000     
   9.0000000000000000     
   6.0000000000000000     
   10.000000000000000     
   6.0000000000000000     
   3.0000000000000000     
   9.0000000000000000     
   8.0000000000000000     
   9.0000000000000000     
   9.0000000000000000     
   3.0000000000000000     
   6.0000000000000000     
   10.000000000000000     
   1.0000000000000000     
   2.0000000000000000     
   4.0000000000000000     
   4.0000000000000000     
   7.0000000000000000     
   3.0000000000000000     
   8.0000000000000000     
   5.0000000000000000     
   5.0000000000000000     
   8.0000000000000000     
   7.0000000000000000     
   3.0000000000000000     
   6.0000000000000000     
   3.0000000000000000     
   5.0000000000000000     
   2.0000000000000000     
   6.0000000000000000     
   1.0000000000000000     
   7.0000000000000000     
   5.0000000000000000     
   1.0000000000000000     
   7.0000000000000000     
   7.0000000000000000     
   3.0000000000000000     
   8.0000000000000000     
   1.0000000000000000     
   4.0000000000000000     
   3.0000000000000000     
   4.0000000000000000     
   1.0000000000000000     
   6.0000000000000000     
   9.0000000000000000     
   7.0000000000000000     
   6.0000000000000000     
   5.0000000000000000     
   1.0000000000000000     
   9.0000000000000000     
   6.0000000000000000     
   6.0000000000000000     
   2.0000000000000000     
   4.0000000000000000     
   9.0000000000000000     
   9.0000000000000000     
   9.0000000000000000     
   9.0000000000000000     
   8.0000000000000000     
   10.000000000000000     
   7.0000000000000000     
   10.000000000000000     
   3.0000000000000000     
   10.000000000000000     
   9.0000000000000000     
   10.000000000000000     
   8.0000000000000000     
   6.0000000000000000     
   8.0000000000000000     
   10.000000000000000     
   4.0000000000000000     
   4.0000000000000000     
   5.0000000000000000     
   5.0000000000000000     
   2.0000000000000000     
   10.000000000000000     
   9.0000000000000000     
   1.0000000000000000     
   1.0000000000000000     
   5.0000000000000000     
   7.0000000000000000     
   8.0000000000000000     
   7.0000000000000000     
   2.0000000000000000     
   7.0000000000000000     
   3.0000000000000000     
   3.0000000000000000     
   5.0000000000000000     
   6.0000000000000000     
   4.0000000000000000     
   9.0000000000000000     
   1.0000000000000000     
   8.0000000000000000     
   9.0000000000000000     
   1.0000000000000000     
   6.0000000000000000     
   7.0000000000000000     
   8.0000000000000000     
   5.0000000000000000     
   10.000000000000000     
   9.0000000000000000     
   5.0000000000000000     
   1.0000000000000000     
   8.0000000000000000     
   9.0000000000000000     
   4.0000000000000000     
   1.0000000000000000     
   1.0000000000000000     
   10.000000000000000     
   7.0000000000000000     
   8.0000000000000000     
   2.0000000000000000     
   4.0000000000000000     
   8.0000000000000000     
   1.0000000000000000     
   10.000000000000000     
   7.0000000000000000     
   9.0000000000000000     
   10.000000000000000     
   4.0000000000000000     
   5.0000000000000000     
   3.0000000000000000     
   10.000000000000000     
   1.0000000000000000     
   2.0000000000000000     
   10.000000000000000     
   7.0000000000000000     
   4.0000000000000000     
   3.0000000000000000     
   7.0000000000000000     
   4.0000000000000000     
   3.0000000000000000     
   5.0000000000000000     
   10.000000000000000     
   1.0000000000000000     
   5.0000000000000000     
   7.0000000000000000     
   3.0000000000000000     
   3.0000000000000000     
   4.0000000000000000     
   7.0000000000000000     
   4.0000000000000000     
   7.0000000000000000     
   5.0000000000000000     
   4.0000000000000000     
   9.0000000000000000     
   4.0000000000000000     
   5.0000000000000000     
   10.000000000000000     
   7.0000000000000000     
           1
  0.28399999999999997       0.16700000000000001     
           8
   8.8632105725907021E-003  0.72633284652259855     
  -1.1929859184430062E-003  0.72423945930983125     
  -3.2284538456533538E-003  0.71568026277055696     
  -6.5681173615270930E-003  0.70518113120083481     
  -2.6862222331949358E-004  0.70252365865049993     
   4.0996971380110464E-003  0.69821369773224318     
   6.7285443389649762E-003  0.70294713390743546     
   1.2074422423917281E-002  0.69800448505987356     
           8
  0.88486514284916296       0.75073131281024630     
  0.88333898638940878       0.75957672267179155     
  0.87097128197834472       0.75494476369211050     
  0.86464562973921910       0.75446270673300864     
  0.86287933727733834       0.74922016206768982     
  0.86275465736740797       0.74260720133464175     
  0.86644381424999817       0.73452266143709632     
  0.87587639347819513       0.73106948703448438     
           3
  0.48749732383739069       0.90663130149786531     
  0.47087378426188420       0.89501300033430065     
  0.49846519531993411       0.89199127922410570     
           6
  0.74489803425845968       0.18775464669050723     
  0.73249990053899416       0.20171220966098508     
  0.71967608855952125       0.20090784433093586     
  0.72793880885597850       0.17736455708000445     
  0.74074579707669175       0.17600813683704586     
  0.74553571273551633       0.18020925534714508     
           3
  0.33969578591867949        3.8797640850740334E-002
  0.32386618890857349        2.7067287417798590E-002
  0.34560296549863090        2.0912912533618044E-002
           4
  0.48314805464409721       0.69729559303077993     
  0.47284822240713831       0.68464875235516387     
  0.47409972612053369       0.67396207099596928     
  0.49688499766274014       0.67466099435796645     
           8
  0.83347957043101673       0.90748462298214083     
  0.83681731766145551       0.91695409279193396     
  0.82787587594564382       0.91295833861669551     
  0.81123211257777861       0.90438958226767363     
  0.81926736526492394       0.89261193325862154     
  0.82892811672311195       0.88923568036783618     
  0.83479552688707637       0.88884802353200831     
  0.83474228232287617       0.89810971180406052     
           8
  0.10873524062479113       0.41587895589263130     
  0.10942020111806790       0.42356872255262268     
   9.9777986175057509E-002  0.42671471059133631     
   8.4555012734857840E-002  0.41551404959098465     
   8.7680161385423505E-002  0.40605680752112655     
   9.8713711866061232E-002  0.40407654216852412     
  0.10486481183348881       0.40152923786131367     
  0.11202763643927544       0.41138351881732921     
           8
  0.21451891671745138       0.31705336065922518     
  0.20695214829418970       0.31477710405491305     
  0.20007016610364495       0.31726181688135652     
  0.19157928517714562       0.30974579541826669     
  0.19050476015731177       0.30188801521374908     
  0.20023953668250002       0.29555716162429496     
  0.21866724475997551       0.29427631478745570     
  0.21617459494067337       0.30266590130111881     
           3
  0.50814893204342781       0.64524212654284174     
  0.49182698558033722       0.65176896357827363     
  0.49449501616030750       0.62915580490673495     
           7
  0.51456174377117647       0.74445902695014377     
  0.50176285828176648       0.75728866203140188     
  0.49040015010312477       0.74550601237001179     
  0.49213403702600111       0.73612357124258831     
  0.48461529468527226       0.73041064761634156     
  0.50486863693396355       0.73405333282407703     
  0.51383786938355480       0.73746773646613240     
           5
  0.48580165413125376        5.4425553190405977E-002
  0.46993188956123066        5.3500666205470004E-002
  0.46859109919692848        2.8881940355245488E-002
  0.47607780497575275        2.6171276304306781E-002
  0.48338104300020834        2.6475471463845809E-002
           8
  0.51482189461329964       0.39457590068661408     
  0.51136464206643040       0.40310816800971966     
  0.48964054516425676       0.40412862434632646     
  0.48480933103034146       0.39172568095991533     
  0.49126087175180144       0.38795582750075863     
  0.48851887037342817       0.38325833164050555     
  0.51311050523247614       0.37676901302120375     
  0.50858669093636344       0.38657279877513862     
           8
  0.86459974980450527       0.27786013096624629     
  0.85276502532996290       0.28312321989610562     
  0.84196964365109683       0.26612870341287465     
  0.83804227908730655       0.26135723104861169     
  0.84446950505268259       0.25423479016249184     
  0.86261896563366014       0.25305040132923279     
  0.86621440099724922       0.25983301633901140     
  0.86161415996560575       0.26340390734302127     
           8
   6.3362441045917872E-002  0.28770263742849406     
   5.8988569141811796E-002  0.29222305455107017     
   3.5711638525059618E-002  0.29020716453570644     
   3.9951953291715504E-002  0.28576096147654551     
   3.8690176480597332E-002  0.27967442712988377     
   5.0533739622628936E-002  0.26707608496976554     
   5.6159788995363329E-002  0.26319279068814300     
   6.4992446912521804E-002  0.27832274601050161     
           7
  0.81919837057107903       0.79659609796558817     
  0.81371528596698817       0.80263249792810587     
  0.80237006588010251       0.80417607851293893     
  0.79060360556624609       0.80319305695378140     
  0.78991666447242326       0.79339268445942002     
  0.79295445927909636       0.78111472266872062     
  0.81568995975220582       0.78709967141333936     
           8
  0.56265801804977900       0.78162838726670447     
  0.55106778729636008       0.78068757127251343     
  0.54463796516368479       0.77535357590523479     
  0.53960327580249068       0.77265071751656877     
  0.53910337655394236       0.75755053657733329     
  0.54802635900530028       0.76307490852114468     
  0.55649037873285356       0.75561762491673057     
  0.56490151468510696       0.76348580863491777     
           7
  0.58776315860315687       0.99184587875043406     
  0.58125591608825944       0.99475611623555815     
  0.57633478273600813       0.99877089994558199     
  0.56140930237069675       0.99916074150621415     
  0.56317965879266674       0.97917422076074534     
  0.56150406003082043       0.97053066290308343     
  0.58671240379511980       0.97818853013898988     
           3
  0.74944109813185400       0.24929535723722651     
  0.73399999999999999       0.25100000000000000     
  0.74851474940816876       0.23764878286040347     
           7
  0.33426618794079072       0.41996975097412664     
  0.31873268090536422       0.42742534243780161     
  0.31127184163349270       0.42839152322300533     
  0.32283807415409066       0.40012221072697390     
  0.32990023845338717       0.40175548789532795     
  0.33315621045718752       0.40863201554016276     
  0.34029244934466812       0.40814299454662417     
           7
  0.66664647678291822        8.4718400403897359E-002
  0.66396846066491100        9.5391359008959523E-002
  0.64419008589012261        9.3126036351026661E-002
  0.64257377583208763        8.3272602031585916E-002
  0.64888995645882463        8.0452007296928044E-002
  0.66137161693914859        6.7348074581640910E-002
  0.67331291574872520        7.6171024546524607E-002
           5
  0.27765944101683554       0.47744745830416779     
  0.26704886526767624       0.47992879551642903     
  0.26757708880410175       0.47223772209823295     
  0.26456585375740088       0.46324535657747057     
  0.29402298555019418       0.45298039474526530     
           8
   1.0000453377899101       0.81773590778407768     
  0.99443199444086350       0.81692790937614823     
  0.98506240916375254       0.81909060317705440     
  0.99114357536182107       0.79472829639072096     
  0.99733735798748502       0.79246943554315197     
   1.0019435446535410       0.79529477947693650     
   1.0084060545858058       0.78882036674848821     
   1.0086348902922264       0.80004833661289987     
           6
  0.13788129142518099       0.15077332293108692     
  0.13211788980078285       0.15330104177704715     
  0.12245155252437119       0.15632849041648167     
  0.11374987908214138       0.16024027711990985     
  0.11464796977848389       0.13343705156823843     
  0.12036916120664679       0.13856155811467563     
           8
  0.56733030796137407       0.59606646738171687     
  0.56657940458931189       0.60245924856900201     
  0.56218880836080221       0.60649007333885152     
  0.54466264316222546       0.60781117930116246     
  0.54058096041241710       0.59713380070904187     
  0.54388014148565422       0.58196881731553951     
  0.55628290753367182       0.58351210523032127     
  0.56272965188675095       0.59266173102678354     
           7
  0.65611157297778555       0.16789526117821868     
  0.64878117912439115       0.17884326220952690     
  0.63904420755204094       0.17945930569292540     
  0.63652826425125975       0.17048351951898177     
  0.63058609863001724       0.16155010765369268     
  0.65297027083935311       0.15527961302666943     
  0.65907501375219757       0.15304298094786797     
           6
   1.7724049442266750E-002  0.97508185735576558     
   1.2127058086846621E-002  0.96850568792965674     
   4.0000000000000001E-003  0.96499999999999997     
   4.3164876565640747E-003  0.95288162762762052     
   1.0532694653138533E-002  0.95338099814207500     
   1.4311866805707171E-002  0.96167041864644709     
           7
  0.62537369811318833       0.27642640814889741     
  0.61840987899414890       0.27528115571413553     
  0.60981034581735361       0.28111026863936445     
  0.60371610265855624       0.27275218172175852     
  0.60411430397864729       0.26219204647054017     
  0.60164279420249056       0.25175416759648750     
  0.61154118172136529       0.25162670099844414     
           7
  0.95066654050866661       0.72420763695552604     
  0.94266247652733204       0.73015895627215810     
  0.92520106738322627       0.72862790567924673     
  0.92465525354773470       0.72127495059296587     
  0.92528899032148570       0.70983604687927793     
  0.93067801917125026       0.71304930871307304     
  0.93360847580294626       0.70502479765125092     
           7
  0.94504531284173299       0.80623599250893763     
  0.92666997340890789       0.81471091874369161     
  0.92382770658688762       0.80842887890088888     
  0.92258166608649816       0.78622639107354386     
  0.92930045981766740       0.78463982541878896     
  0.93376030322631709       0.79088449812389483     
  0.94959641619923951       0.78741924843574573     
           4
  0.11926254935413848       0.16358039382724210     
   9.5679002034060004E-002  0.15251991581453336     
  0.10073727465768581       0.14628114781736173     
  0.11274844903362349       0.14476353493052549     
           5
   4.2544621967311000E-002  0.56782765031404003     
   2.3315368654010044E-002  0.56615185776481114     
   1.6436719800987466E-002  0.56230527923801965     
   2.1722592090415445E-002  0.54652034643037162     
   4.4440981956465661E-002  0.54552345022888904     
           8
  0.97170372707043728       0.51865522974847700     
  0.94973886306503441       0.52615816286866024     
  0.94664068658964740       0.52127654000237134     
  0.94957109904281445       0.51250952040363640     
  0.94675444567754630       0.50022998257331397     
  0.95289276469345563       0.50111465890866014     
  0.96158729202995974       0.50180766345114558     
  0.97424417264287277       0.50295782999594796     
           3
  0.50063557610725062       0.85480385060959674     
  0.47515584497496438       0.83783123108432811     
  0.48482012740534935       0.83144533281894550     
           8
  0.39103202156841460       0.69472968917087197     
  0.38110771250453146       0.69567661443279794     
  0.36980693868914782       0.69597233908893474     
  0.36583684040702041       0.69005425615220661     
  0.36353997905583074       0.68426178653657066     
  0.36873926529022782       0.67856036140690978     
  0.38056300600684545       0.67575733830106222     
  0.39022915846805034       0.66962370048157493     
           4
  0.95473696373902106       0.80725231558391397     
  0.92960159731516845       0.81020805500848547     
  0.93206824420108436       0.80127003269339669     
  0.94585638242573644       0.79728487772107925     
           4
  0.73330306672254830       0.17688317960192387     
  0.71851121464781575       0.17839467773318948     
  0.70889040497882372       0.16717093566544280     
  0.72941911610739341       0.15351360088973245     
           4
  0.24132309016703241        4.4285735314688955E-002
  0.22544433759651017        4.8186261661659818E-002
  0.21436715411838869        3.3905731823507736E-002
  0.23167949628190468        2.4255843187606430E-002
           4
   8.5794622420237471E-002  0.26405301779847645     
   6.4485993732386282E-002  0.26412190233140126     
   6.3082825187004241E-002  0.25114290357799290     
   8.1614136691435649E-002  0.24519339110948005     
           8
  0.75712690373867964       0.34732123191480579     
  0.75477521128709213       0.35530288424307127     
  0.74982433547698391       0.35827373946095181     
  0.73499863492541639       0.35208614322308407     
  0.73704978074258620       0.34354750841360504     
  0.75115669955996722       0.33480399781730319     
  0.75738364462493424       0.32871399854120770     
  0.75671096079753508       0.34029407001868084     
           6
  0.78509391689728181       0.52892299159471423     
  0.77410637402095017       0.52471937391263368     
  0.76734877112889266       0.52876467094720991     
  0.76062590501714555       0.52426143131650516     
  0.76295875238620225       0.51132395233733896     
  0.77400000000000002       0.51400000000000001     
           4
  0.15564842778445503       0.90797023020186374     
  0.12857319563948652       0.88793097861459003     
  0.14646433414066670       0.87877870328235252     
  0.15081297432651611       0.88667166303970024     
           3
  0.16800000000000001       0.46100000000000002     
  0.15391421751557116       0.45085370181927120     
  0.16464930726199925       0.45219683123560850     
           3
  0.17679406228352834       0.49263880012802919     
  0.16400000000000001       0.49299999999999999     
  0.15067105267179393       0.48262437438535227     
           5
  0.64307314594096265       0.54418602535554617     
  0.63184117461681233       0.54728336103062802     
  0.61672933241875350       0.53322463403422460     
  0.61773394938075477       0.51969954538396124     
  0.63301178308818251       0.51761629135814324     
           5
  0.82555179810285206       0.19831789654811546     
  0.80205219910523129       0.19519623458959118     
  0.80118487729527033       0.17793987775768919     
  0.81092748692190963       0.17855057007865249     
  0.82878971850999172       0.18239736701549664     
           3
  0.83299999999999996       0.28399999999999997     
  0.82071170621814793       0.27339655561262938     
  0.84075897319593296       0.27421774011372363     
           8
  0.75497103262582810       0.10249263193945909     
  0.74708938158467486       0.10813329896101126     
  0.73730992079303681       0.11171202739286114     
  0.73049416496138175       0.10487864248433822     
  0.73627201100482187        9.5699494120916301E-002
  0.74886177538741672        9.1211689303893992E-002
  0.75776578666668626        8.9661047398944663E-002
  0.76086401738163423        9.5454274568193304E-002
           8
  0.26133324331130148       0.84958485155490016     
  0.25222352370569368       0.85448123010794763     
  0.24081132625396151       0.85272075131109770     
  0.24194054841583390       0.84455297142840313     
  0.23782751434315827       0.83696881765786435     
  0.25311395055240610       0.82358107400022285     
  0.26698961094361434       0.82524563775530857     
  0.26246580820389631       0.83524365183503468     
           3
  0.89608401241339763       0.48583535356574947     
  0.88418288331241457       0.46624304995715282     
  0.90412940807268061       0.45746655200963837     
           8
  0.95192504712446357       0.60363832548694274     
  0.93804777030432329       0.60598378821425392     
  0.92979135506647914       0.61078680539840513     
  0.93553854787459323       0.58525629162049697     
  0.94457821517068774       0.58772995376064929     
  0.95060145392403628       0.58745620498277829     
  0.95929406635432346       0.58714272828160374     
  0.95658802356915695       0.59443170510523502     
           3
  0.37758618036271063        4.2349587679879411E-002
  0.35684120881606340        3.7890390964754432E-002
  0.37100000000000000        2.8000000000000001E-002
           6
  0.56349019791042876       0.18926560507823506     
  0.55687187358746582       0.19586474706358062     
  0.53831266051820326       0.20053287257898261     
  0.54766967089895924       0.17408798100694012     
  0.55558334623423622       0.17666471707049605     
  0.56264878682950370       0.17100800553381418     
           3
  0.60227661487961137       0.55654146987691056     
  0.59918643990092946       0.53025426441048384     
  0.61679628489548599       0.53235884998749050     
           6
  0.58983764794395888       0.67769432783879635     
  0.56761798864974744       0.67414945552029359     
  0.56887104688696555       0.65841230850637344     
  0.57432624668009402       0.65137610386205524     
  0.58622085496922072       0.65490516523236053     
  0.58975885910167591       0.66293885244904782     
           4
  0.76295035183017301       0.66490969049234427     
  0.75177753706623507       0.66457621224163788     
  0.73374624041785341       0.65639157337931242     
  0.75588877976706881       0.64205277946563122     
           6
  0.90836459413413584       0.98389289630692134     
  0.89911379056312268       0.98706948165730213     
  0.88670703761700453       0.98087309245487297     
  0.90595357224099404       0.96122239830371925     
  0.91236477858975407       0.96545438885118540     
  0.91100371462154772       0.97422537271432830     
           8
  0.28840071408468948       0.97505264888892174     
  0.28074355996254119       0.98135398076798308     
  0.27516914880062504       0.98015495303143152     
  0.26195583203650996       0.98018665651945758     
  0.25899111547096598       0.97359671519550273     
  0.26937837706037127       0.95915600031204284     
  0.27867580840467621       0.96021871206871601     
  0.28890986958437143       0.95865855736357442     
           4
  0.52782325664322216       0.65259982219640744     
  0.51041067731728651       0.62996314189170277     
  0.52633400256826635       0.62693931493345278     
  0.53373576589884475       0.63075891025132180     
           7
  0.92348845987634498       0.37341246651982468     
  0.92524551606397543       0.37930768758318695     
  0.90404194401971427       0.36795477090839224     
  0.89851568696079387       0.36547071607054277     
  0.90236645000584259       0.36107171226000612     
  0.91817869371008243       0.36174118189979693     
  0.92263105465804096       0.36693752794638118     
           5
  0.61949260545710139       0.74573254720558491     
  0.61192995501571890       0.75031251695621759     
  0.60330235189335657       0.75203026790003635     
  0.60285183988480562       0.72519304590321987     
  0.62373633349784885       0.73629854671505635     
           8
  0.78698325327788377       0.60369206636941031     
  0.78678141375955235       0.60970616410165634     
  0.76402767870385402       0.60902606122855596     
  0.76175841579442383       0.59942038910096251     
  0.76559967136741691       0.59111604017367081     
  0.77781852411559216       0.58818590452228958     
  0.78517006781183840       0.58975248931578195     
  0.78328386834718478       0.59576053942407692     
           3
  0.75027733239739425        8.4881485478625424E-002
  0.74337155021846280        6.1487964021729333E-002
  0.75744922557904515        6.0087235719426493E-002
           6
  0.72770418959839644       0.10428052753621295     
  0.71416247167362412       0.10326443919740640     
  0.71521731542737277        9.2112655750684322E-002
  0.71595863457027042        8.0524472714912920E-002
  0.72171820578699319        7.5973787158821970E-002
  0.73860491902295067        8.3568448232811371E-002
           5
  0.46579634469852782       0.66949293911338514     
  0.45789210832446897       0.66967008652159843     
  0.45014080887141733       0.65253821912236742     
  0.46881482573537092       0.64438192323269294     
  0.47824280197606323       0.65709838047205515     
           3
   8.4276931653663359E-002   4.7523616100296123E-002
   7.3732866382293691E-002   4.5462041929015283E-002
   6.2888891370324634E-002   2.2370412134410322E-002
           3
  0.97480553538630388       0.39758380595409609     
  0.95053466500161776       0.40148052001196027     
  0.95442387917709015       0.38860536680359137     
           4
  0.38011139547097506       0.74548280036769154     
  0.37246645815664481       0.73887058843385156     
  0.37445246314656871       0.72671723415139866     
  0.39646384172776394       0.72155108776616639     
           7
  0.19955839553000032        5.4130158963865596E-002
  0.19360628703936908        6.5151026548123048E-002
  0.17938925911101908        6.2754214200463398E-002
  0.16956991717222120        5.0774800746091281E-002
  0.17253520624388169        3.5809504826322593E-002
  0.18642934250823157        3.6224593029801577E-002
  0.19739641230218760        3.9287938212152665E-002
           8
  0.71969903432877491       0.15567766875056138     
  0.71121970031667103       0.15516655226426457     
  0.69960525839369603       0.15261412761763327     
  0.70168583225058201       0.13983499560725735     
  0.70989032180503053       0.13528274883450697     
  0.71529390323356135       0.13366242163720282     
  0.71983849768404018       0.13015986732622559     
  0.72679910228155520       0.13963335158944243     
           6
   5.9417644972389362E-002  0.44401395056244869     
   3.9197993185708990E-002  0.44541460457571674     
   3.5165471861622805E-002  0.45038227194347463     
   3.6130942523793702E-002  0.43364962047513911     
   3.2713494976734807E-002  0.42528287363669171     
   5.2226628207806242E-002  0.42799426987815065     
           3
  0.91888755614109385       0.74048399250363384     
  0.91292051222982662       0.74990402581357118     
  0.89693641805476565       0.72925966715735246     
           6
  0.96411207124315779       0.88004058640665273     
  0.94780510318874933       0.88889075780769589     
  0.94204471004523027       0.87962731970003949     
  0.94526057486982396       0.86714678485030672     
  0.95047525507853392       0.87075310564083896     
  0.96226380094026109       0.86879975973373491     
           7
  0.32916952701963498       0.56743106866988646     
  0.32741142937726320       0.57520946531333639     
  0.31551688618722434       0.57277452431093023     
  0.30368170594647725       0.57037755063832341     
  0.30965802576636342       0.56097097576628485     
  0.32041101944602185       0.55145203554239208     
  0.33143695211387325       0.54614858086625373     
           8
  0.60160981740990638       0.92654094270908793     
  0.59487412143521667       0.92464762941240897     
  0.59010687197502454       0.92726914078531808     
  0.57998705215945390       0.91588835458710316     
  0.59114231759435820       0.90186638766924065     
  0.59729188199858041       0.90468822011409666     
  0.60213136331013428       0.90015088035009228     
  0.60618680963221472       0.90635548373915420     
           7
  0.64245327000084829       0.57483611727976591     
  0.62805857739947735       0.57945450971989632     
  0.62655878111959740       0.56367524956313109     
  0.63995524162348694       0.55518297357944135     
  0.64249437494988204       0.54860800217108951     
  0.64993122384321600       0.54974104737996876     
  0.65205390191432544       0.55870579785028374     
           7
  0.91535326888016222       0.24179409078053604     
  0.92010085530898245       0.25164683412629646     
  0.90307161723135676       0.24929292004493567     
  0.89459601217455853       0.24909966029310512     
  0.89383297188769339       0.23857139965456656     
  0.89769108604832915       0.23301320533743478     
  0.90134134759068552       0.22593898056104661     
           6
  0.10272792013120643       0.20119150490475995     
   8.0877396096753346E-002  0.19741078203210649     
   7.4140051840455676E-002  0.19899214729472650     
   7.6422717075390723E-002  0.18443192382826742     
  0.10032390794639298       0.17162378459935243     
   9.7148882520562183E-002  0.18459044848388531     
           4
  0.41067048237167131       0.94010383338563042     
  0.39793966313242901       0.94336107589598017     
  0.38870597874866258       0.92248636585991028     
  0.41437624962622532       0.93059368718611923     
           3
  0.76668662210418548       0.19166814837192930     
  0.75246346337778225       0.17976305577599674     
  0.76300000000000001       0.17999999999999999     
           5
  0.63868167168472645       0.88850820626581772     
  0.62841774820039253       0.88701016761775286     
  0.61737457433531817       0.88313694846526247     
  0.61422615508377354       0.87561337041214571     
  0.64008146274309341       0.87589912830212791     
           8
  0.31446386816855809       0.68863417270658944     
  0.31306960488511565       0.70061652119485474     
  0.29068614592020064       0.68769716725933516     
  0.28709056518703846       0.67847132583479863     
  0.29495963002224951       0.67953572835299292     
  0.30228310808479958       0.67706342077909520     
  0.31014449558308066       0.67380421169266835     
  0.30832141341515312       0.68059485137001374     
           6
  0.97475305465700124       0.49822522558027610     
  0.97062417623001718       0.50494113684753350     
  0.96007974299781362       0.49669524494110456     
  0.95754728598647054       0.49076965325143557     
  0.95903062950270435       0.47944609516184405     
  0.98332988862104154       0.48501861441418803     
           7
  0.78845476086654620       0.57886415914231359     
  0.77902446520226809       0.58951984478458541     
  0.77563489911249428       0.58209653737258960     
  0.76438160412047473       0.56975781015666715     
  0.76407330793617834       0.56366353304007188     
  0.77853659949976584       0.55842603943387792     
  0.78381318406285461       0.57360637530900960     
           6
  0.66663716213699709       0.68210225226972354     
  0.65603015168078482       0.68215077295433524     
  0.65102871516300176       0.67713619797722036     
  0.65767142124300526       0.67501572849864500     
  0.65300000000000002       0.66700000000000004     
  0.66664366313166912       0.66665507954575487     
           8
  0.82786655914967344        1.0059964224588536     
  0.82194928913852960        1.0101780114458796     
  0.80633576670051033        1.0134406759378771     
  0.79798782924462563        1.0077198041834015     
  0.79919432962764358       0.98891849023455103     
  0.80816711504432870       0.98969291673514193     
  0.81588027106322458       0.98929503716482392     
  0.82157199474471221       0.99799268604904379     
           3
   1.7358189337968819E-002  0.98059887701718895     
  -1.0039964871867292E-002  0.98924430145036679     
   1.7251676951598224E-002  0.96755400931107793     
           5
   2.5490073827730070E-002  0.25981884167468439     
   1.5981161955703392E-002  0.25862052054778945     
   7.7637224737591949E-003  0.26376476871198623     
  -4.1221066640674889E-005  0.24917980403524967     
   2.0958651184621577E-002  0.23528118210403032     
           7
  0.98929253615776380       0.14832136802215043     
  0.97860222847159795       0.15137398436961017     
  0.97210523684175509       0.13950676170165263     
  0.96908276752759348       0.12876414823413929     
  0.97723730956015464       0.12653228479417863     
  0.98528997294315135       0.12678007306050437     
  0.99295707479824635       0.13178355109671319     
           7
  0.57006210737085350       0.83113453642302915     
  0.55756082713756527       0.82626275651267611     
  0.55066927797985754       0.82384218995214809     
  0.54286112232793526       0.81762596200597870     
  0.54717506182543063       0.80349670839426424     
  0.55805675062338345       0.80571964078816849     
  0.57059710315782874       0.81255528781740038     
           3
  0.91636620633799659       0.69530214394030576     
  0.89948671940565972       0.68445057764008943     
  0.91997087415757983       0.67019056157850188     
           5
  0.14020977783908090       0.71520559786604765     
  0.12283836391547985       0.72971153617013218     
  0.11866165439834651       0.71196400390461012     
  0.12546385321431380       0.70918605895924680     
  0.14416050666000882       0.70735462186638220     
           6
  0.56169632105219380       0.94566265042157616     
  0.56325494526094133       0.95248778963922465     
  0.53956973999520830       0.94761633394671907     
  0.53990637844076961       0.93122143543368374     
  0.56033612613648354       0.93786245204427565     
  0.56609611789853986       0.94037987190676964     
           6
   5.6219658079137869E-002  0.10919540203892120     
   4.5956212051025916E-002  0.11572197011233265     
   3.6773520549252835E-002  0.11009624404280638     
   2.9590104770996970E-002   9.7116950383561843E-002
   4.7111957213082332E-002   8.5666041158247441E-002
   5.3721580325773455E-002   8.8712395856164639E-002
           6
  0.31487307304587669       0.26848539154382450     
  0.31323176736266367       0.27501335047870007     
  0.30085309927218468       0.27317891683882128     
  0.29165384509035303       0.26978035492330116     
  0.29141325034581467       0.24798231667991655     
  0.31710783340976051       0.25939903647119789     
           8
  0.64221902432458933        3.3182583854936130E-002
  0.62599717225308238        3.8419092844686774E-002
  0.61802984361147395        3.8234316052774282E-002
  0.61210453710052504        3.2055842993283915E-002
  0.61330047219486561        2.2747807509909374E-002
  0.61649608629605523        1.2864187393886768E-002
  0.63849140340499888        1.8349004774833342E-002
  0.63594313180141915        2.7223689263503194E-002
           7
  0.77929915183719800       0.39439202846622173     
  0.76524281461901444       0.41147209307763655     
  0.76243011194374599       0.40323710698154047     
  0.76211776281858579       0.39137974785616181     
  0.77176341925884273       0.38372030895057563     
  0.78049508881888952       0.38511571368932063     
  0.78657050303926535       0.38878930799909089     
           7
  0.87809785298040721       0.59890269833974275     
  0.87179234257905724       0.59399368588884771     
  0.86505699265741298       0.59791648612679060     
  0.85705785403763379       0.59311631447254598     
  0.85743116543871511       0.56953682849930176     
  0.86851139591419202       0.57267354780132973     
  0.88323672710166878       0.57553000915713348     
           7
  0.49852121210382683       0.29322555104194231     
  0.48801833382318244       0.29749208401613092     
  0.48085408389000073       0.29485967307566496     
  0.48573700293081129       0.27212390786529739     
  0.50069753411710372       0.26846361119112971     
  0.50670638526067224       0.27579608519557081     
  0.50642673058438403       0.28341942000771442     
           6
  0.32354446075850851       0.22311821397033962     
  0.31096351320820476       0.21990378138374880     
  0.30417584427923866       0.21746675680402822     
  0.29880103285827575       0.20378704048575455     
  0.31213840611128485       0.19989046037173153     
  0.32444287941836403       0.20182707118201387     
           3
  0.99637879777885785       0.94060444642355967     
  0.97453112570582245       0.95357929155319310     
  0.98729020250782873       0.92640934570885858     
           5
  0.20717295421825074       0.26949664797229927     
  0.18169452335458569       0.27437764316375324     
  0.19048567444763279       0.24662670407627793     
  0.19446326825672675       0.25381271856249765     
  0.20250105779028083       0.25349449960184056     
           3
  0.99199999999999999       0.69799999999999995     
  0.98557912613826471       0.68717287042872577     
   1.0004916587102388       0.68741089905839836     
           7
  0.84687791551253710       0.84997938058682121     
  0.83249432083930186       0.85405656593914836     
  0.81843244739666898       0.84044400131887143     
  0.82475550166825307       0.82843936535070783     
  0.83161944050840875       0.83447353797784518     
  0.84002605127556862       0.82864163091672638     
  0.84230271550411961       0.83793188332991808     
           6
   1.1026874613982593E-002  0.65911817415197216     
  -3.1529007243516856E-003  0.65927869131296490     
  -7.6166352553031528E-003  0.64999062117102124     
  -3.8979457302031366E-003  0.63942364322751055     
   5.3195095264799994E-003  0.63695419472889159     
   1.4997762505651657E-002  0.64712987711115955     
           7
  0.27502623135619836       0.90702624634726980     
  0.25729412870688473       0.90784219519180354     
  0.25780866768625638       0.88839620417842025     
  0.26254791915250481       0.88287262175704195     
  0.27007560276002107       0.88297467855801270     
  0.27718024546263292       0.88146348672927910     
  0.28167167741963928       0.88860198341107988     
           7
   3.0661486784632430E-002  0.36039206611696728     
   2.1787045009287534E-002  0.36007979977392102     
   1.4157332649738433E-002  0.35993462249286079     
   9.3580608553638124E-003  0.35437167151430737     
   5.7768932402548472E-003  0.33796832485571893     
   1.5897932081249705E-002  0.33865992381540327     
   2.6363972219616567E-002  0.33880168446869452     
           3
  0.17300632008515687       0.50860903116519662     
  0.15368783335876238       0.50369994687882302     
  0.17390665513207387       0.48834925817484076     
           6
  0.59227532880555767       0.77435222190549446     
  0.58102460980070081       0.77413076338913922     
  0.57524595568071657       0.76972856927324196     
  0.56689194114368857       0.75540223737781431     
  0.59447437661420099       0.75741455424594761     
  0.59063851141698731       0.76278290626654854     
           6
  0.93109432288571348       0.51651741828203168     
  0.92485030003907465       0.51617726889922921     
  0.91469039585220713       0.51700010028819532     
  0.91892390930310952       0.49177622599248699     
  0.92965331440671761       0.49110960616543742     
  0.93728164982764495       0.49928992357493929     
           3
   9.0033305405954125E-003  0.47948942992473198     
  -9.5509118416541219E-003  0.47416784943548856     
  -2.0447823039969849E-003  0.45496147710135171     
           3
  0.11091597518040397       0.29405289939708484     
  0.10299999999999999       0.28399999999999997     
  0.11203383813218647       0.28203496079909779     
           6
  0.92440759915465054       0.14504119932668719     
  0.91744543881379359       0.14059768426170544     
  0.91965892733936738       0.11694636569892211     
  0.92574363751783595       0.12097038995151280     
  0.94107181118547434       0.12316246349047023     
  0.93720444552111848       0.12911737250494823     
           4
   6.1414781756093190E-002  0.89460787484842164     
   3.6711659090766208E-002  0.89796248599463979     
   4.0471937931729748E-002  0.86930814625070862     
   5.2256943747457665E-002  0.87021194232169485     
           6
   6.5697929273363126E-002  0.19323398184648521     
   5.7893752636221860E-002  0.19153836023707810     
   5.4264951405939385E-002  0.18516787950885827     
   5.1375977643516486E-002  0.17331598092515810     
   7.7739107127786311E-002  0.16596992361277951     
   7.2952225835584264E-002  0.18159005738290762     
           6
  0.79628455416862709       0.31010648766240090     
  0.78956559327624110       0.30888357474534700     
  0.77777729491880643       0.31499672529829070     
  0.76881282653485972       0.29811993030905187     
  0.78192336927562822       0.28551933137087937     
  0.78291990492049968       0.29205828344236190     
           8
   8.3061454760368622E-002  0.87075643837701056     
   6.9520416470653171E-002  0.88116297643928865     
   6.2578929068113479E-002  0.88121871268413887     
   5.6983960706044168E-002  0.87746564496088031     
   5.9680679208336501E-002  0.86935018359189264     
   5.6824897763433246E-002  0.85416930976368388     
   6.1842958793793812E-002  0.85799593973194932     
   7.4482828655027936E-002  0.85384253070852956     
           4
  0.83908216543928549       0.23129966957468429     
  0.81653077325840195       0.23306538138580341     
  0.82814192600786563       0.21151401437285899     
  0.83595532466249878       0.21231734624763104     
           7
   6.0536622654736694E-002  0.84668292042667748     
   5.4532532252171376E-002  0.85700952537486175     
   4.7273638001546159E-002  0.85373479591968449     
   4.1585449909006096E-002  0.84210509538901013     
   3.8255121738786417E-002  0.83261838050566550     
   6.0916030678301980E-002  0.83203732590910251     
   6.3177733556919302E-002  0.83929095034211609     
           8
   4.7176607314886793E-002   5.2720200789787494E-002
   4.6694639598446060E-002   5.8399152085426322E-002
   2.7109759420011807E-002   6.5753365744391737E-002
   2.4198589757763112E-002   5.4983149319994776E-002
   2.7998428939788832E-002   3.6495163378104586E-002
   4.2373060090014188E-002   3.7654784520101348E-002
   4.9392337606816147E-002   3.5568901820994522E-002
   4.7446899322487204E-002   4.3625231063704709E-002
           4
  0.22646714874032764        9.5806290757467563E-002
  0.22181049705528713        8.6603756446890834E-002
  0.22415801179759864        7.0762039406513474E-002
  0.24366888376452794        6.6645716755568019E-002
           3
  0.98608379662576373       0.17124085392475200     
  0.99909945143564260       0.15390352528245085     
   1.0108941811009471       0.16234932346465439     
           6
   6.5598600948034602E-002   8.8680279666551953E-002
   4.4881691405562654E-002   8.8198973960214366E-002
   4.5652492522857614E-002   7.3276773912383117E-002
   5.0335944619627392E-002   6.5253614992295636E-002
   6.0419867021196380E-002   6.5676167407234406E-002
   7.0233037845222293E-002   6.7469697521974112E-002
           5
   7.2353544086640437E-002  0.28323883331741229     
   4.9522808729474656E-002  0.26668591299710953     
   5.6027792027279755E-002  0.25698236138583297     
   6.6034177539004105E-002  0.26369100304202586     
   7.3920091728356438E-002  0.26734637271409467     
           8
   3.5841242013429878E-002  0.28856450560432989     
   2.2280807128216354E-002  0.28474593857330011     
   9.8300920596547520E-003  0.28793449852630687     
   6.8721320215757668E-003  0.27019212412945220     
   1.4725770826545035E-002  0.26141001672827374     
   2.5059908119556360E-002  0.25825233113552726     
   3.6781767282992775E-002  0.25788015864908387     
   3.1193369936313678E-002  0.27103410395631006     
           5
  0.11868528559873609       0.90789256393801088     
   9.3803981155279353E-002  0.90957139430916611     
   9.7412874027609841E-002  0.89311557838108857     
   9.0489256658574838E-002  0.88173949229635895     
  0.10589162252539419       0.88378595569758767     
           5
  0.81255234410368404       0.27626551164489310     
  0.80286758909905642       0.28151967760075058     
  0.79960324582295672       0.25865656659731506     
  0.80708237605113653       0.25333301304241101     
  0.81864692395136274       0.25910498104763674     
           7
  0.96485192541481879       0.11446602111159521     
  0.95823882950389250       0.11540704156396031     
  0.94977605590702607       0.11263069607588921     
  0.94554127672602384       0.11658144458333879     
  0.93791083772186257       0.10422355130457099     
  0.93476773689447401        9.2554685411822282E-002
  0.96332262599317531       0.10166501804351849     
           6
  0.16200456007405778       0.80502521942344851     
  0.14901405354700803       0.80854687195426567     
  0.14093515790297348       0.80389633804455718     
  0.13511873410238279       0.78824607286258908     
  0.14892718048397854       0.78262928865509174     
  0.15828837137600066       0.79526890238829140     
           6
  0.11252497125032868       0.14346050483835657     
   9.4673563024381555E-002  0.13445787003812740     
   9.2775172231146980E-002  0.12263034595242599     
   9.9376928923384747E-002  0.11817516226795241     
  0.11118571408278417       0.11343286935025659     
  0.11423590334054863       0.12240436178639856     
           7
  0.22548463027052781       0.59804167115294715     
  0.22322192218882442       0.60507094599647016     
  0.21717428355986665       0.60056150348542603     
  0.20264527957755590       0.59257753966044846     
  0.20041269313702206       0.57584632938777358     
  0.22607733787964251       0.58292724337127222     
  0.22461792669864730       0.59117604174000538     
           5
  0.33647742934115416       0.11608634683416401     
  0.32353200631334056       0.12907002996345479     
  0.31771526829786217       0.10813875516452830     
  0.32422215980904756        9.9329198291648171E-002
  0.33513178966101953       0.10349721242026132     
           8
   1.6573870939299691E-002  0.37375821456293684     
   4.6391071838197753E-003  0.38123787616750177     
  -1.1435994850400337E-003  0.37107918818955032     
  -7.4174366395325228E-003  0.36848752741970425     
  -5.1197024321086486E-003  0.35777274421871247     
   5.4839062338163467E-003  0.36290502926408752     
   1.2089606240867114E-002  0.36237044255315942     
   1.9767762426292298E-002  0.36609996518202864     
           6
  0.65551126949912719       0.22864562608937986     
  0.65021552801958582       0.23444581838192152     
  0.64334986267438665       0.23057162303347645     
  0.63205041020788189       0.22189791075281182     
  0.63783046773295471       0.21870978664719878     
  0.65216917215716730       0.20841852703384350     
           8
   1.4920172624801151E-002   8.1525346516813313E-002
   1.6093079483053701E-002   9.0487265176810966E-002
   6.1818594299089371E-003   9.3179761108948433E-002
  -1.1081116254469382E-002   9.0743680916060901E-002
  -8.2732941524677507E-003   7.9305567203902819E-002
  -1.0119451362785577E-002   7.2402139959790182E-002
  -1.3602350308394569E-003   6.9115926845508713E-002
   1.5348117796485171E-002   7.2032564279441658E-002
           4
  0.26942142433111849       0.28054024312082954     
  0.25900000000000001       0.28199999999999997     
  0.25653388798124549       0.26875020098183172     
  0.27287836013695349       0.26668450923517806     
           5
   2.0896856115959365E-002  0.86813095323233935     
   3.1295476941563382E-003  0.86961308718893948     
  -5.4968682119033649E-003  0.86010703498743302     
   1.1709406936498749E-002  0.84489763335684842     
   2.1170394671977011E-002  0.85124602766611246     
           5
  0.97512867283672633       0.25492548338340909     
  0.95936074317328124       0.25078575631830624     
  0.94836217959050151       0.24842121062966130     
  0.94871954184574558       0.23738055846863432     
  0.97055139200943019       0.23908301077839658     
           5
  0.97648804898859187        5.8635655456678544E-002
  0.95957961669927094        6.0137035035223364E-002
  0.95730569602560589        3.4603014501282101E-002
  0.97058221580121384        3.6794508667069369E-002
  0.98742782931464779        3.9527779261834130E-002
           5
  0.70147562253658913       0.30089673005512874     
  0.69833194248121133       0.31067012688997131     
  0.68305967313427929       0.31274154513508062     
  0.68182097506766282       0.28923395155136272     
  0.70516823189209721       0.28848320739912553     
           3
   5.3810544383176478E-002  0.95677662679078979     
   3.4196601570677318E-002  0.94333536288505482     
   4.7598318056444641E-002  0.92964833168833139     
           8
  0.99271076478414932        9.9228693929250475E-002
  0.99353846896468945       0.10535585151492548     
  0.99488194177726286       0.11270379037096442     
  0.97970228680026139       0.11247754682485184     
  0.97279112761670561        9.2244751279739065E-002
  0.97339548868843273        8.5925984357999807E-002
  0.98471871774017306        8.8907246617444341E-002
  0.99020373844688325        8.4233575832826757E-002
           8
   5.6297698736708625E-002  0.87914711608574292     
   6.2590412579600269E-002  0.88722580333720258     
   5.3363347062828248E-002  0.88406234824343632     
   4.5210595269698485E-002  0.88520541826176924     
   3.3025958799493299E-002  0.87083893441336446     
   3.4769364155578499E-002  0.86554606250567634     
   4.7613471066020652E-002  0.86449650964979696     
   5.7658872868134897E-002  0.87222764545891107     
           4
  0.80989567202578117       0.28617827626550973     
  0.79022116216315608       0.28363906985508075     
  0.80100000000000005       0.27200000000000002     
  0.81020604780943706       0.26486968472943501     
           4
   8.0473634770527824E-002  0.18325601977778680     
   7.4874278840281264E-002  0.19929313633229354     
   5.8787645036336614E-002  0.17001934996449478     
   8.5585643076092566E-002  0.17600977934382003     
           5
  0.64206077370360337       0.25610983435992374     
  0.63666608570477390       0.25131529682556752     
  0.63555439372258249       0.24233933116455389     
  0.64368429588109111       0.23129062259942895     
  0.64600000000000002       0.24199999999999999     
           7
  0.97577055462149531       0.12662202153029201     
  0.98072379336588655       0.13218765526199641     
  0.96971639115917185       0.13715909481991362     
  0.95880317293049966       0.13503592857823640     
  0.95209399677653361       0.11120102902003076     
  0.95910994171075370       0.11545912595674819     
  0.97739280907990567       0.11167360278131315     
           4
  0.20188742080688021       0.39684812488841464     
  0.19071653622218343       0.39777782159836855     
  0.17553764399626864       0.37919378802105480     
  0.20157135303425389       0.38484615288700152     
           5
  0.12903771801107319       0.29729906378807430     
  0.12087228178264627       0.30349626257692847     
  0.10907602796535035       0.30061138941823845     
  0.10624452129372824       0.28811111205062490     
  0.13199547618971505       0.28047143908058869     
           8
   4.3640630876586907E-002  0.34763698983943314     
   4.4290245091359259E-002  0.35363145701726073     
   1.6482583240721438E-002  0.33869842223963492     
   1.8982368799837390E-002  0.32552982459988872     
   2.4046462666933697E-002  0.32359665297847756     
   3.4362516089584051E-002  0.32827683367187066     
   4.4093883696105882E-002  0.32700697914410748     
   4.3678776430382871E-002  0.33402501405811708     
           8
  0.94453094979418262       0.10228086935440531     
  0.92685309125010251       0.11063441607521901     
  0.91839632255046666       0.11525033570820817     
  0.92441690803689236       0.10156047730339990     
  0.91943377384307723        9.2379585811728560E-002
  0.92721000373511053        9.2034475556137640E-002
  0.93324246348968509        9.0851356663222735E-002
  0.94816466931571375        9.7781028465190212E-002
           5
  0.74358285139375879       0.19444466944949684     
  0.73720730214115926       0.19713189072950077     
  0.71998144656928198       0.19502659045626475     
  0.73039426143798203       0.17357697505965153     
  0.74468917431271775       0.17553748445062761     
           7
   7.2563947354971611E-002  0.14831731225163311     
   6.2365534734803593E-002  0.15665320358881107     
   5.4768951960134045E-002  0.15212470358115218     
   4.2898370214091763E-002  0.14710423375388193     
   4.5207486889575786E-002  0.14063050597410917     
   4.6386734738698844E-002  0.13145606801749396     
   6.9020566784097279E-002  0.14345386715867112     
           8
  0.10291205254102409       0.77029914168432101     
   9.6464002257271073E-002  0.77037808659600482     
   9.0896965817346159E-002  0.76841662118921061     
   8.2651596213499962E-002  0.77179952371080995     
   7.8770190836206247E-002  0.76003041018810313     
   8.2090196910170291E-002  0.75192039102445418     
   8.8615737829152968E-002  0.74477795555748261     
  0.10767615819727808       0.74601706506659404     
           7
  0.83660526139818459       0.26555176967308047     
  0.82120138286317801       0.26925923959398440     
  0.80913060246167146       0.26665350216267714     
  0.81013728351771874       0.25664229460008170     
  0.80851536065234231       0.24598644992671997     
  0.81435695539849096       0.24820193148031960     
  0.82267502051774111       0.25069600212641080     
           6
  0.93037264818294074       0.24790920987927997     
  0.91737651125263198       0.25033271746966984     
  0.90987982254902577       0.24114710243232598     
  0.91589908176494228       0.23634396312205389     
  0.90935962626438593       0.22786545889102944     
  0.93538572576489254       0.23033371753105453     
           4
   5.5815546553186150E-002  0.35321601402894981     
   4.7604843258871557E-002  0.34686597750663695     
   4.4765892584962316E-002  0.33396374387625655     
   6.1551598445118358E-002  0.32750420724755380     
           8
   4.4336135425002580E-002  0.84006693232503227     
   4.6532929954449798E-002  0.84761309630629611     
   2.4716053422997718E-002  0.84815370057422390     
   2.0873329766852758E-002  0.83178397596843556     
   2.3944727956070187E-002  0.82308580880314208     
   3.4588883873357859E-002  0.82379410152666366     
   3.9395083494068221E-002  0.82108363955293329     
   4.3948018656280001E-002  0.83305403716112159     
           8
   9.0897185789242718E-002  0.19503307759258492     
   7.3580907700618370E-002  0.20088656802105601     
   6.7581845984810873E-002  0.20219826867506699     
   7.1869053407197403E-002  0.17526589432950054     
   7.7541960577743263E-002  0.17948791925774063     
   8.7390323222380051E-002  0.18038077503794495     
   9.6138618093498968E-002  0.18060165506673304     
   9.2618104549910207E-002  0.18593616703098756     
           5
   5.9648146362555096E-002  0.21760167781687934     
   5.6625343176020353E-002  0.23242501891850401     
   4.6355537864252304E-002  0.22560314921688143     
   4.6743689737701502E-002  0.20202870197690903     
   6.1938477770013656E-002  0.20717742577597936     
           4
  0.78235490819906706       0.33088808184595353     
  0.76484438135770760       0.31444692966160981     
  0.77783632431848659       0.30389007127256762     
  0.78000000000000003       0.31600000000000000     
           4
   2.3854068624321694E-002  0.13789992205299600     
   1.4866499210614652E-002  0.13806963795899233     
  -3.2152304298587123E-003  0.12404608470818541     
   1.1715135546494672E-002  0.11223666529725906     
           3
  0.98977746803473743       0.17574506222599867     
  0.97599999999999998       0.17199999999999999     
  0.98901605044861662       0.16131218545272877     
           8
  0.31957494909270229       0.61574975939704935     
  0.30957689550927020       0.62436644637220318     
  0.30708223374487903       0.63011861931860280     
  0.29161837521298306       0.62341740293636894     
  0.29304794789899707       0.61251058012686344     
  0.29533115518110886       0.60706054355957539     
  0.30174953082097439       0.60707741953988237     
  0.31391647067618589       0.60461302308761800     
           6
  0.92281101501758078       0.18432857893598420     
  0.92377688852754092       0.20554393780597555     
  0.90201795440895327       0.18224755366831871     
  0.90644369870056929       0.17658062218461881     
  0.92248774250068832       0.17594586023089842     
  0.92924581307829734       0.17976095426043984     
           4
  0.12481336711831865       0.28573135663423210     
  0.11100000000000000       0.27100000000000002     
   9.8748573498219722E-002  0.25647798089201246     
  0.11802264011469921       0.26307461889989098     
           5
  0.35292625556620483       0.75877125828672654     
  0.34499999999999997       0.76300000000000001     
  0.33057484244024993       0.75443141150098103     
  0.34090141788768791       0.74889117753435330     
  0.34937331988944198       0.74920188624670681     
           7
  0.12728807080138463       0.98811710333524716     
  0.12428517325792021       0.99454376453264537     
  0.11674997182366069       0.99279898383492760     
  0.11645945175538494       0.97369441323354722     
  0.11671855852309362       0.96367320191271966     
  0.12677486381264733       0.96759516585096328     
  0.13930372911653982       0.96842901424426620     
           7
  0.92014341536505562        5.5826334889603063E-002
  0.92640235340863974        5.7427418976591080E-002
  0.92669233588679045        6.7496712347164603E-002
  0.89897614043216112        6.2149365612855181E-002
  0.90371850652099928        4.6618549968839566E-002
  0.91167283937248544        4.6624514984893922E-002
  0.92376946726225484        4.7166122031387731E-002
           4
   5.3191985607678287E-002  0.96543532501583129     
   3.7992965176468524E-002  0.95150736803322256     
   4.8482420893399228E-002  0.93988923953322856     
   5.2999999999999999E-002  0.94999999999999996     
           6
   2.2788415453898446E-002  0.82367425079965606     
   2.3247011973557521E-002  0.83050111327029708     
   8.9999999999999993E-003  0.82299999999999995     
  -9.8272139164774959E-004  0.80870872022409890     
   9.0716320867199988E-003  0.81100394110440976     
   2.3756045071274934E-002  0.81204981192743020     
           8
  0.76306334892024386       0.29741423585489712     
  0.76495973241417614       0.30668242811234664     
  0.74263446410684042       0.30527568223852608     
  0.73740086112933334       0.29540786171755951     
  0.74232533502007647       0.28518281334976869     
  0.73636668957347962       0.27986910465266962     
  0.76488413813105227       0.28326321342182798     
  0.76549482664827773       0.28975778035745936     
           7
  0.14325699995368718       0.32443398944702123     
  0.14829193198465199       0.33121539867186806     
  0.12800136281391708       0.32544678556351891     
  0.12003731372033034       0.31802667728387862     
  0.12265249313261714       0.31128702214062837     
  0.13042301676440365       0.30856883854981254     
  0.14019126002793153       0.30352120043708763     
           8
  0.90146599582277498       0.18721630958610899     
  0.89120617829934701       0.19237246079329667     
  0.88093678801604047       0.19252597444518282     
  0.87992703448340071       0.18207541546222195     
  0.87582676444867580       0.17077501471803769     
  0.88640425939371714       0.17349685849199631     
  0.89637287409242450       0.16893839665823432     
  0.90174896982663455       0.17302621817652386     
           8
  0.14257295442413295       0.32240271229673506     
  0.14167757683825466       0.33245049033169705     
  0.11836385121245192       0.33556783408944846     
  0.11899173878090304       0.31935337953332432     
  0.12609613904603356       0.31376754095536058     
  0.13133996764712938       0.30843333186737026     
  0.13150542885445138       0.31455591188670534     
  0.13930930039406161       0.31112375929196423     
           5
  0.10928642564315545       0.30097333888793004     
   8.3201312237127734E-002  0.30433349157221623     
   8.4178235417113112E-002  0.29301922174613299     
  0.10774350566017142       0.27749299417954998     
  0.10644364242741260       0.28601226974856053     
           6
  0.18024631330024740       0.23147781672244780     
  0.15664873757681833       0.23406074395024945     
  0.15915448359331033       0.22753751079683132     
  0.16903887358879871       0.21039510145400170     
  0.18118540919186987       0.20794726226655069     
  0.18316544862857032       0.22024024513458049     
           8
  0.94059086480002896        8.7187577569311864E-002
  0.94528429231573141        9.0934546927916429E-002
  0.93372389638421849        9.2590021999591821E-002
  0.92760752647522848        8.6475815125388947E-002
  0.92128580499277335        8.9703290439067010E-002
  0.91721483359808353        7.1987572057080160E-002
  0.92931676630856463        6.8155258171898894E-002
  0.94504382704346435        7.1312549148609614E-002
           5
  0.73764842694515176       0.34339804078112929     
  0.72348043624031699       0.32338146035767251     
  0.72739975640646459       0.31766013171909968     
  0.73956311586992196       0.31737478614269732     
  0.75341117028448512       0.32272591358928121     
           6
  0.17499967929280133       0.96957764481966580     
  0.16991173805029283       0.97601349596410880     
  0.14761294902919078       0.98316124820017503     
  0.15186594402089953       0.97359015479451350     
  0.14822344124740511       0.95517927011284554     
  0.15781768743979557       0.95643352655655578     
           8
  0.18848248888862176        5.7819139374101859E-002
  0.18732344131256165        6.3548743712428468E-002
  0.17503436794672769        7.1020165055882253E-002
  0.16827448455406704        6.7914435997459402E-002
  0.16555043554125171        5.3168872626171503E-002
  0.16288785978283493        4.2751826970081133E-002
  0.18746872316737948        4.2290421636749460E-002
  0.18997155652234546        4.9168781304060841E-002
           6
  0.82531037580660094       0.18419821784052845     
  0.82438884091655140       0.19110305028997202     
  0.80928163011788723       0.19252955783102585     
  0.81399999999999995       0.17899999999999999     
  0.82151944049277870       0.16526943141381076     
  0.82888283938041174       0.17902213257838046     
           6
  0.88188806121881103       0.11438250732516730     
  0.87381477698838184       0.11051095924767640     
  0.86126033700553906       0.11632634735720504     
  0.86280131764837109       0.10721220213152236     
  0.87785196581833713        9.0458020388467036E-002
  0.88274426105868953       0.10059865070119881     
           3
   4.0782871636491268E-002  0.36003135427005639     
   1.7569532273828854E-002  0.36676385523552635     
   3.3022700138875774E-002  0.34967377160737328     
           7
  0.14937131271469337       0.21874138407283175     
  0.14162489123617164       0.22123893950909532     
  0.13219020096244558       0.22038911924915408     
  0.12315810926054975       0.22052907862927032     
  0.12189789871838416       0.20958947902432154     
  0.12354823267526079       0.19891297783259540     
  0.14789000097525107       0.20185831960880318     
           5
  0.96886356680754926       0.20909106658618928     
  0.96111694908808876       0.20829040056551867     
  0.95506716367007960       0.19887722201240129     
  0.97859142861623138       0.18007661531200311     
  0.98239666039530349       0.18986731283917610     
           7
  0.16457546253589034       0.98774050454606999     
  0.16423282591497135       0.99685611245417738     
  0.14138600781656124       0.99059668793864131     
  0.13986634941882620       0.98394563597846685     
  0.14831910897865716       0.97430279873231251     
  0.15565413883367873       0.97891738196116984     
  0.16466775428496275       0.98002055399136567     
           4
  0.78286258314792678       0.15742641470801669     
  0.77452015952960618       0.15084456826108181     
  0.77698255139744987       0.13274715229564224     
  0.78477980935464819       0.14286991028101206     
           4
  0.12558318978431063       0.95308363131201601     
  0.11961083539027907       0.96678242343420817     
  0.10865949159921229       0.94742988091274205     
  0.12254932718611643       0.93791817837464753     
           4
  0.86399691390103561       0.13963505324488079     
  0.84736480273270942       0.13984072928300073     
  0.83884191240764039       0.12435765431050855     
  0.85881457307242215       0.11836443793819064     
           5
   3.2792875586204133E-002  0.19172291612182751     
   1.8466740018823605E-002  0.19501751970131512     
   2.2871879708742840E-002  0.18599987048755603     
   2.2884192408504336E-002  0.17469798256893976     
   4.7982467393071424E-002  0.17189337395767856     
           4
  0.70785638639390980       0.18629989746840922     
  0.69843842825531632       0.18607094448490766     
  0.69979487283058339       0.16201651857856542     
  0.72507679237074363       0.15916854893708426     
           7
  0.12616663599341740       0.26965763308795998     
  0.12165949517937880       0.27909650416331383     
  0.10945542483123633       0.28105565681032274     
  0.10223312945034954       0.26935118016313703     
   9.9540643027556969E-002  0.25506315905181698     
  0.11710954145085599       0.25488036747720122     
  0.12464861886505585       0.25941404794366596     
           8
  0.88461635914400338       0.11659782475625695     
  0.88818797528274485       0.12835624582639044     
  0.86050103276522272       0.11582545234675241     
  0.85758645631846597       0.11015210378290483     
  0.86086018916526263       0.10376164422595424     
  0.86914826288507308       0.10102782519605590     
  0.87510641683646107        9.8080973916603184E-002
  0.88833492889491206       0.10401780197885506     
           4
  0.12006324685337834       0.23292781893154069     
   9.4146205398127958E-002  0.22393462180042017     
  0.10581179213484324       0.21311219974041781     
  0.11618928902078421       0.22162019899759694     
           4
   4.9774988571277760E-002  0.45264031081259326     
   4.0946577861462378E-002  0.44653847421687221     
   6.0623623481639972E-002  0.42934146272382639     
   6.1077021554587357E-002  0.44233007394407231     
           5
   8.6484458477733256E-002  0.24264463454475604     
   7.7388891463164883E-002  0.23598483034324527     
   6.9213945381716629E-002  0.23823666712410102     
   6.6816367858450354E-002  0.22328426080918973     
   9.5739762132073150E-002  0.22156890703329560     
           8
  0.94532886879014522       0.31964599045446535     
  0.92372533083981567       0.32037316005512106     
  0.92022815900678046       0.31270628321580685     
  0.92466673587622061       0.30447505441431599     
  0.91830362785197839       0.29802056788654468     
  0.93076590311898200       0.30206017788281703     
  0.93700241146351881       0.30081348061335267     
  0.94233911355330491       0.29753661872750897     
           3
  0.90514099499829703       0.13412449535805798     
  0.91351497580591323       0.10989576649907076     
  0.91300000000000003       0.12200000000000000     
           4
   7.5432446163558889E-002  0.89712976930965094     
   5.5972026991387529E-002  0.90741782976161456     
   5.9814420317571802E-002  0.88705835117395915     
   7.6373994812848775E-002  0.88364536542604000     
           3
   6.2853739975095163E-002  0.19673761998987241     
   3.7768669231297583E-002  0.20322447040426564     
   6.6368477484526373E-002  0.18785734457261347     
           7
  0.16234650548427071       0.28652145406358420     
  0.15698427897714054       0.29729229926619050     
  0.14791686136561186       0.29607929878862166     
  0.13207253886636167       0.28627642966294364     
  0.14542445328692308       0.27735447224637416     
  0.15842619881432887       0.27566261343392606     
  0.15839132724812852       0.28194580364613486     
           5
   2.2071048731167484E-002  0.81811556787198669     
   5.0440584158660175E-003  0.82236244762902810     
  -4.3536433082343607E-003  0.81963223004210539     
   8.1926014340750926E-003  0.80078882446621003     
   2.0782550370551246E-002  0.79940281673142100     
           8
   5.2476633827797749E-002  0.80217419562215131     
   4.9455270036681265E-002  0.81001210797417078     
   4.1224399076919924E-002  0.80765494127583370     
   2.8205410624639146E-002  0.80014108961295805     
   2.1838810885098571E-002  0.79735603915443154     
   3.0080006597924869E-002  0.78617724534997036     
   4.1588849176819355E-002  0.79103030406060160     
   4.8763712816487864E-002  0.78498319465935251     
           3
  0.84402544479071784       0.22203546120230103     
  0.82872687904185383       0.21862611779479960     
  0.83185701556884373       0.19946807215463874     
           7
  0.76563528365665234       0.31670798066100087     
  0.75322681641519929       0.31287677730760360     
  0.74021699878964697       0.30361027274835956     
  0.74305848664388086       0.29680020100783738     
  0.74008429533004216       0.28685490281628995     
  0.76719188504626612       0.28953559869672296     
  0.76520757055653787       0.29892384222314416     
           4
   5.6610826573374816E-002  0.31137297371887906     
   3.9251512993523550E-002  0.31100795661521685     
   3.1399652900627094E-002  0.28733018273555616     
   5.3587968160049300E-002  0.29409077060371508     
           5
  0.81638206596731988        6.0587868444495430E-002
  0.81330886318028628        7.0133507656784083E-002
  0.79144709441083405        6.4426608919169279E-002
  0.79146290887240789        4.9624136691920735E-002
  0.81106135275936653        5.1993739392104998E-002
           4
  0.12300000000000000       0.27300000000000002     
  0.10944364625620519       0.27541849553327424     
  0.11436629448339247       0.26568686732714819     
  0.12902063923880816       0.26021357171527582     
           4
  0.49326908283523674       0.21939852624323347     
  0.47998281907347007       0.20932659442870072     
  0.50392470681920665       0.19460918288497253     
  0.50334083610637492       0.20235858877339041     
           4
  0.69411521690067446       0.39678397808333943     
  0.66814181801532224       0.40708922710447226     
  0.67890514282148451       0.38414144476348772     
  0.69765964956804549       0.38815266145291255     
           7
  0.88385385278060624       0.16163354221524628     
  0.86468443458823652       0.16793150573916735     
  0.85965952537774792       0.17371690253636468     
  0.85997552722375570       0.15343349831582823     
  0.87284528921429616       0.14708601105288580     
  0.88046203576356608       0.14755624778014670     
  0.88805883924214546       0.15579411840172241     
           5
  0.60303493114338891       0.56184711682862964     
  0.59732473603129332       0.55447360915894628     
  0.59527959052363955       0.53915005582792264     
  0.61411344752678398       0.53617509051148238     
  0.62233683515476923       0.53746929022523315     
           3
  0.79812185850940620       0.31546777977755786     
  0.78559645549265622       0.31046989629945909     
  0.78800000000000003       0.30099999999999999     
           6
   6.6354653139261713E-002  0.33852068043539824     
   6.2005226421704418E-002  0.34858582980768643     
   4.8148177241214979E-002  0.34794640916057384     
   4.3893372642951088E-002  0.32710344519406970     
   5.6140176172261518E-002  0.32628187491845273     
   6.4256087456666097E-002  0.32950732564179075     
           6
  0.23075399477246308       0.12189676674400830     
  0.22344171331746437       0.12548637216779471     
  0.21021682683104426       0.11812983814156802     
  0.21276116345319110       0.10547461579870465     
  0.23312189942304812       0.10579741506961950     
  0.23044375146632187       0.11425456032479489     
           5
  0.86145109891219718        8.5672387487654378E-002
  0.84711791207121434        9.5165625810628582E-002
  0.83295682332149001        6.6440814750767602E-002
  0.84348772839995634        6.5560459606919558E-002
  0.86185683850049355        7.7098535784833777E-002
           3
  0.16000000000000000       0.83499999999999996     
  0.16068215307977640       0.82668292933237197     
  0.17421969159665701       0.81981040432324048     
           3
  0.98236953999858911        7.3124692053793655E-002
  0.96799999999999997        6.4000000000000001E-002
  0.95605848702608742        5.1577603868578827E-002
           6
   7.5628292013556628E-002  0.86667980444306036     
   5.0944822841220552E-002  0.85739984930020086     
   5.4268454734022989E-002  0.84787427226496204     
   6.2314909545591483E-002  0.83730664317087489     
   6.9521685036824724E-002  0.83758711476522041     
   7.4853686200112776E-002  0.84883382386081385     
           5
  0.78234556635130226       0.23509544654994521     
  0.76215570305932245       0.23831377028787393     
  0.76112156451759128       0.22332988158083480     
  0.76659146930032962       0.21402165695586450     
  0.77363516910866226       0.21709570993640354     
           6
  0.14731427859166035       0.84420861036064498     
  0.14239528915387975       0.85307881703672872     
  0.13480838186904961       0.85527953703826398     
  0.12448374631345076       0.83106883805688403     
  0.14414874058841140       0.82956630031272227     
  0.15380238637373717       0.83147439380268529     
