   1000.0000000000000     
   55.000000000000000     
         297
           8
   2.0000000000000000     
   9.0000000000000000     
   1.0000000000000000     
   4.0000000000000000     
   9.0000000000000000     
   5.0000000000000000     
   7.0000000000000000     
   2.0000000000000000     
   4.0000000000000000     
   7.0000000000000000     
   2.0000000000000000     
   9.0000000000000000     
   5.0000000000000000     
   10.000000000000000     
   5.0000000000000000     
   8.0000000000000000     
   5.0000000000000000     
   8.0000000000000000     
   8.0000000000000000     
   6.0000000000000000     
   7.0000000000000000     
   2.0000000000000000     
   1.0000000000000000     
   3.0000000000000000     
   9.0000000000000000     
   1.0000000000000000     
   1.0000000000000000     
   10.000000000000000     
   3.0000000000000000     
   4.0000000000000000     
   8.0000000000000000     
   10.000000000000000     
   7.0000000000000000     
   9.0000000000000000     
   6.0000000000000000     
   1.0000000000000000     
   1.0000000000000000     
   9.0000000000000000     
   9.0000000000000000     
   5.0000000000000000     
   9.0000000000000000     
   3.0000000000000000     
   6.0000000000000000     
   4.0000000000000000     
   2.0000000000000000     
   8.0000000000000000     
   3.0000000000000000     
   10.000000000000000     
   6.0000000000000000     
   9.0000000000000000     
   5.0000000000000000     
   5.0000000000000000     
   7.0000000000000000     
   10.000000000000000     
   5.0000000000000000     
   8.0000000000000000     
   1.0000000000000000     
   4.0000000000000000     
   4.0000000000000000     
   10.000000000000000     
   7.0000000000000000     
   8.0000000000000000     
   9.0000000000000000     
   8.0000000000000000     
   1.0000000000000000     
   5.0000000000000000     
   9.0000000000000000     
   8.0000000000000000     
   4.0000000000000000     
   7.0000000000000000     
   5.0000000000000000     
   2.0000000000000000     
   9.0000000000000000     
   1.0000000000000000     
   6.0000000000000000     
   10.000000000000000     
   10.000000000000000     
   7.0000000000000000     
   10.000000000000000     
   6.0000000000000000     
   6.0000000000000000     
   9.0000000000000000     
   2.0000000000000000     
   6.0000000000000000     
   1.0000000000000000     
   9.0000000000000000     
   8.0000000000000000     
   10.000000000000000     
   3.0000000000000000     
   9.0000000000000000     
   3.0000000000000000     
   8.0000000000000000     
   10.000000000000000     
   6.0000000000000000     
   10.000000000000000     
   9.0000000000000000     
   7.0000000000000000     
   7.0000000000000000     
   4.0000000000000000     
   1.0000000000000000     
   3.0000000000000000     
   4.0000000000000000     
   5.0000000000000000     
   10.000000000000000     
   4.0000000000000000     
   2.0000000000000000     
   9.0000000000000000     
   1.0000000000000000     
   6.0000000000000000     
   4.0000000000000000     
   7.0000000000000000     
   5.0000000000000000     
   1.0000000000000000     
   3.0000000000000000     
   4.0000000000000000     
   4.0000000000000000     
   6.0000000000000000     
   6.0000000000000000     
   9.0000000000000000     
   9.0000000000000000     
   7.0000000000000000     
   9.0000000000000000     
   2.0000000000000000     
   8.0000000000000000     
   10.000000000000000     
   5.0000000000000000     
   10.000000000000000     
   3.0000000000000000     
   8.0000000000000000     
   7.0000000000000000     
   6.0000000000000000     
   3.0000000000000000     
   8.0000000000000000     
   8.0000000000000000     
   8.0000000000000000     
   9.0000000000000000     
   9.0000000000000000     
   8.0000000000000000     
   1.0000000000000000     
   1.0000000000000000     
   8.0000000000000000     
   5.0000000000000000     
   4.0000000000000000     
   6.0000000000000000     
   1.0000000000000000     
   10.000000000000000     
   6.0000000000000000     
   3.0000000000000000     
   1.0000000000000000     
   7.0000000000000000     
   9.0000000000000000     
   4.0000000000000000     
   8.0000000000000000     
   4.0000000000000000     
   7.0000000000000000     
   4.0000000000000000     
   6.0000000000000000     
   2.0000000000000000     
   1.0000000000000000     
   9.0000000000000000     
   6.0000000000000000     
   7.0000000000000000     
   2.0000000000000000     
   8.0000000000000000     
   7.0000000000000000     
   4.0000000000000000     
   5.0000000000000000     
   9.0000000000000000     
   6.0000000000000000     
   1.0000000000000000     
   5.0000000000000000     
   3.0000000000000000     
   4.0000000000000000     
   6.0000000000000000     
   1.0000000000000000     
   9.0000000000000000     
   10.000000000000000     
   3.0000000000000000     
   4.0000000000000000     
   7.0000000000000000     
   2.0000000000000000     
   10.000000000000000     
   9.0000000000000000     
   3.0000000000000000     
   7.0000000000000000     
   6.0000000000000000     
   2.0000000000000000     
   9.0000000000000000     
   4.0000000000000000     
   2.0000000000000000     
   3.0000000000000000     
   5.0000000000000000     
   4.0000000000000000     
   8.0000000000000000     
   6.0000000000000000     
   10.000000000000000     
   6.0000000000000000     
   10.000000000000000     
   7.0000000000000000     
   8.0000000000000000     
   7.0000000000000000     
   1.0000000000000000     
   8.0000000000000000     
   3.0000000000000000     
   2.0000000000000000     
   5.0000000000000000     
   9.0000000000000000     
   1.0000000000000000     
   1.0000000000000000     
   3.0000000000000000     
   4.0000000000000000     
   10.000000000000000     
   9.0000000000000000     
   10.000000000000000     
   8.0000000000000000     
   6.0000000000000000     
   7.0000000000000000     
   7.0000000000000000     
   4.0000000000000000     
   8.0000000000000000     
   3.0000000000000000     
   3.0000000000000000     
   5.0000000000000000     
   1.0000000000000000     
   6.0000000000000000     
   3.0000000000000000     
   4.0000000000000000     
   3.0000000000000000     
   4.0000000000000000     
   1.0000000000000000     
   3.0000000000000000     
   5.0000000000000000     
   7.0000000000000000     
   1.0000000000000000     
   4.0000000000000000     
   3.0000000000000000     
   9.0000000000000000     
   8.0000000000000000     
   8.0000000000000000     
   3.0000000000000000     
   7.0000000000000000     
   2.0000000000000000     
   9.0000000000000000     
   7.0000000000000000     
   8.0000000000000000     
   5.0000000000000000     
   7.0000000000000000     
   2.0000000000000000     
   1.0000000000000000     
   9.0000000000000000     
   7.0000000000000000     
   6.0000000000000000     
   1.0000000000000000     
   1.0000000000000000     
   9.0000000000000000     
   6.0000000000000000     
   4.0000000000000000     
   1.0000000000000000     
   2.0000000000000000     
   2.0000000000000000     
   9.0000000000000000     
   5.0000000000000000     
   5.0000000000000000     
   10.000000000000000     
   7.0000000000000000     
   2.0000000000000000     
   10.000000000000000     
   9.0000000000000000     
   4.0000000000000000     
   10.000000000000000     
   9.0000000000000000     
   3.0000000000000000     
   10.000000000000000     
   1.0000000000000000     
   7.0000000000000000     
   1.0000000000000000     
   8.0000000000000000     
   10.000000000000000     
   6.0000000000000000     
   10.000000000000000     
   2.0000000000000000     
   2.0000000000000000     
   7.0000000000000000     
   5.0000000000000000     
   5.0000000000000000     
   3.0000000000000000     
   4.0000000000000000     
   9.0000000000000000     
   1.0000000000000000     
   6.0000000000000000     
   3.0000000000000000     
   9.0000000000000000     
   8.0000000000000000     
   9.0000000000000000     
   1.0000000000000000     
   10.000000000000000     
   10.000000000000000     
           1
  0.44000000000000000       0.73199999999999998     
           8
  0.23480868575959032       0.35184377442118181     
  0.22017418823920834       0.36173067996437858     
  0.21448924440544809       0.36185389532795953     
  0.21001329331818666       0.34700022234085959     
  0.20838925182735932       0.33282732955408945     
  0.21590813035418382       0.33811414762466796     
  0.22347180481296955       0.33847807073546560     
  0.23387628712989528       0.34238788939557818     
           7
  0.12753231877851393       0.55033422618796390     
  0.12501728911445931       0.55960888222630301     
  0.10785301353951408       0.55192161386457461     
  0.10166577652675826       0.54061874302914770     
  0.11776039427605196       0.53693452869713854     
  0.12824500313493012       0.52979158346976363     
  0.12730645681721203       0.54331285974610832     
           4
  0.50726945641270604       0.65705821463622693     
  0.49050029831209679       0.65928925741046152     
  0.48965713623835461       0.63401592142088836     
  0.50459540597247410       0.64599911747424044     
           5
  0.14159128525830555        2.5443975383962834E-002
  0.12029615228125004        2.4605659202187366E-002
  0.12005409993634249       -1.9247766891046757E-003
  0.13477215565758988        3.2361067540320268E-003
  0.14984844573923461       -1.6477635838506761E-003
           4
  0.78088085775812210        1.0057669238529277     
  0.76100450179221713        1.0109332844496515     
  0.76348129521666275       0.99052891882997018     
  0.78900161883985975       0.99121019144759370     
           8
  0.75421332856600420       0.44695333492050543     
  0.75569040835815371       0.45401735918285102     
  0.74097456350086388       0.45443912779851053     
  0.73126501061070626       0.44733294858709505     
  0.73514185288305967       0.43392240488858608     
  0.74705104439562020       0.43563355504276696     
  0.75197281686746353       0.42847668133128980     
  0.75438930750859512       0.43654960627111145     
           6
  0.95795663836017864       0.31666248627401433     
  0.94041009359407723       0.32554597132222518     
  0.93796311083910455       0.31019750467592266     
  0.93629420442790323       0.29978801859648729     
  0.94442327099700485       0.29852025841173924     
  0.96104280890428040       0.30764970438366718     
           6
  0.53845076027926553       0.15605556109143481     
  0.53000000000000003       0.14999999999999999     
  0.51562337415932491       0.13653953064940139     
  0.52770156425748482       0.13682944610228401     
  0.53881401337024659       0.13563459680378223     
  0.54388861776068842       0.13952136239471002     
           4
  0.91401024605259851       0.52090640204238525     
  0.89377460832868760       0.51851390481249870     
  0.89500364431166723       0.49307496875474682     
  0.91160408413253813       0.49697626128808348     
           4
   5.8459267092386920E-002  0.52799273802813795     
   4.9120590512815039E-002  0.53386303099537857     
   3.7802766733001113E-002  0.52503774506910661     
   4.1243527558382967E-002  0.50788484862704086     
           3
  0.28475255922264175       0.21104974492559039     
  0.26900000000000002       0.21700000000000000     
  0.26269227378994309       0.20145686661525025     
           5
  0.73761822424141676       0.35870608577313146     
  0.72592133190933816       0.35709401415419834     
  0.71883110232784775       0.35693284770899564     
  0.70686277593875280       0.34017732040719384     
  0.73153774759131662       0.34193033694126562     
           3
  0.49029579675473406       0.74160122053738431     
  0.47342521580674524       0.74428674512394899     
  0.47169174643071082       0.72232901728921384     
           7
  0.99018324348529507       0.42862318295959373     
  0.97552408901805665       0.43458018287824751     
  0.96993289132105576       0.43152779493943383     
  0.96310214833268848       0.43516108938276699     
  0.97802326221300961       0.41140855845889707     
  0.99223168678186446       0.40811539072614417     
  0.99169862685868415       0.41637338911045668     
           8
   1.0067503792975518       0.23235365310264106     
  0.99951544110954260       0.23137599957395519     
  0.98344898205718700       0.23469335619982593     
  0.98786326956028270       0.22357800135452247     
  0.99072046447487749       0.21836310845339821     
  0.98988360315168522       0.20426047152822391     
   1.0098754212539909       0.21357059036023512     
   1.0087185891289512       0.22110156623754254     
           6
  0.64549893583072504       0.33570318468168209     
  0.63559689241831896       0.34566866110165007     
  0.62302439566739420       0.34188085190472017     
  0.62346863181823187       0.32480262014256894     
  0.64439875205867969       0.31648753656686884     
  0.64877292962216693       0.32590187320328950     
           5
  0.86338139703100836       0.17465935515400785     
  0.84521249642809637       0.17504532659098213     
  0.83901784486656994       0.16542748847288929     
  0.83920658801822645       0.14852445225549665     
  0.86215143390963322       0.15294053772131247     
           7
  0.57470048242533889       0.56990448999214272     
  0.56756903075280152       0.57158108580300948     
  0.55929002754351653       0.57889081253248253     
  0.54551486586562592       0.57013020067003062     
  0.54903144964696671       0.56432018597551503     
  0.55804113813041167       0.55483119476042442     
  0.57125245455582330       0.55964619110755354     
           6
  0.39956963984830535        7.0082676645531028E-002
  0.40431580993195876        7.9658281401253694E-002
  0.39306977031587070        7.7446573114894196E-002
  0.37433383011464888        8.3350235609744472E-002
  0.38090753850981995        5.3982566098219012E-002
  0.38842426488341408        5.4673483301820910E-002
           5
  0.54066125607406101       0.83760492817416865     
  0.51897363372537131       0.83944348448804473     
  0.52091552371274352       0.82788851772992289     
  0.51622963734207783       0.82109044591587244     
  0.54305209021563272       0.82494846520267429     
           3
  0.30299999999999999       0.42699999999999999     
  0.30661224214755922       0.41857789805267526     
  0.31408532499857472       0.41198491623290234     
           7
  0.40442333428423610       0.65263255588243063     
  0.39623600058991143       0.65344023520996963     
  0.38905533788873692       0.64898587309956657     
  0.39162463740821923       0.63613986142054024     
  0.38632625101594920       0.62861426978595458     
  0.40198895458892508       0.62807634363598763     
  0.40965002582130944       0.62347023985033945     
           4
  0.90398381436115427       0.91061931871157376     
  0.88265867340952986       0.91064238957188803     
  0.89574253183101293       0.88881839180527300     
  0.90778545616123185       0.89632797652543750     
           3
  0.49580461733998055       0.10761652299285368     
  0.46935107347508642       0.11524587090642532     
  0.47718777638485893        9.4399552208324217E-002
           3
  0.59029299804429713       0.80205856329451131     
  0.57070233479934807       0.80941103659427382     
  0.56652496162178834       0.79227747422838757     
           8
  0.19895505455381490        9.1907628392637511E-002
  0.17889624285080793        9.3348247720448405E-002
  0.16943136721761898        9.3738724459536030E-002
  0.17317528490421052        8.8113699679423424E-002
  0.16942473218497972        7.6949746320251866E-002
  0.16834968986664833        6.9807110585012377E-002
  0.19083195089494803        6.7092666988035329E-002
  0.18676489158613865        7.2634665080950733E-002
           7
  0.68330509133923134       0.76404299369677209     
  0.67586368141843312       0.76618215957911262     
  0.66188242679707321       0.76690467922477090     
  0.66242593765609170       0.74484352861385816     
  0.68181574879790874       0.74033097493907019     
  0.68280247727295551       0.74722375497828764     
  0.67865843305628981       0.75346928425910231     
           3
  0.92125748483117920       0.43322380536514543     
  0.91061870698415903       0.43842632194793624     
  0.90600000000000003       0.42399999999999999     
           4
  0.37400000000000000       0.69199999999999995     
  0.37134427888475441       0.70482383560141448     
  0.36519608993113672       0.68671958669843169     
  0.36183262072680161       0.67674854206664126     
           4
  0.18688088713669027       0.62154952664635665     
  0.17643723010542878       0.62231239214788114     
  0.16652895354876454       0.62224342845160630     
  0.17763669661371848       0.60510471059869408     
           4
   7.3007589636898351E-002   5.1993164741066189E-002
   6.2343437522326323E-002   4.1209766772665260E-002
   6.8239596277504116E-002   2.2962487848875654E-002
   8.6837064545284295E-002   2.6336087248802788E-002
           6
   5.2432666926351845E-002  0.57108287004066860     
   4.6432542206818500E-002  0.57861780223876680     
   2.8039146530669256E-002  0.56338035646011420     
   3.0743855439154387E-002  0.55293557545587035     
   4.6738785520216139E-002  0.54729366039500094     
   4.9690662355572568E-002  0.55463088591754361     
           4
  0.84605862548043009       0.17169173861857356     
  0.82966832312959249       0.16313299558554339     
  0.83100483976601247       0.14432710875019969     
  0.84220393576674635       0.14694093568791924     
           8
  0.72346554257036344       0.72392313425338128     
  0.71619664239543024       0.72050245906912258     
  0.70858993090043587       0.72304785335372623     
  0.69603209818654066       0.71311580670125008     
  0.69796093441053964       0.70319360826231592     
  0.71125989842349302       0.69706070003626608     
  0.71877096245401617       0.69731063267524718     
  0.72134530908166894       0.70614069106464239     
           7
  0.18001538983196533        7.7158595931326318E-002
  0.17175648930505893        7.5005382158468317E-002
  0.16078479788888100        7.3764452217314647E-002
  0.16105304542228208        6.6927343974525558E-002
  0.16675782098393044        5.2787255986687535E-002
  0.17614782475141547        5.7038871415112942E-002
  0.18716812494444363        5.4288713493181637E-002
           7
  0.44671996104991396       0.33784629017221934     
  0.43704662694409924       0.33953778836243664     
  0.43648443903090073       0.33187173565791639     
  0.43551450676417586       0.32309478259895408     
  0.43344729031192070       0.31226019350802176     
  0.45505045709576036       0.31186719019329756     
  0.46232847807699889       0.31070456457074502     
           8
   8.2067843655327974E-002  0.39592936504798060     
   8.3638833306738006E-002  0.40256947008529465     
   7.1115210905704968E-002  0.39925405913262879     
   6.4413923027009018E-002  0.39994102695545075     
   6.1228872531952347E-002  0.38899607391594421     
   7.2774452293184022E-002  0.37352484541812420     
   8.0240779087769734E-002  0.37968417708844732     
   8.6703170385633896E-002  0.37393036171940347     
           4
  0.72251648103348654       0.12459181451024129     
  0.69594822749404373       0.13039130933931964     
  0.71256013331555657       0.10597430532911953     
  0.72229196639000692       0.10863948023067448     
           4
  0.24733715723430183       0.55608935415344252     
  0.23699999999999999       0.54700000000000004     
  0.24830915422776476       0.53641749254656379     
  0.25097554849804404       0.54510069521948046     
           5
  0.52852383060557728        3.5237044336742719E-002
  0.51749561969711455        3.1333161856060478E-002
  0.51880833477241939        2.2973837549265293E-002
  0.53095381336292713        1.7469258744938598E-002
  0.54472080239878806        1.5173629921512836E-002
           8
  0.63985273023501221       0.22784217339193552     
  0.64376095876514405       0.23673504855416005     
  0.63340897708609778       0.23109397339633816     
  0.62382582227495242       0.23281263023087409     
  0.62165331336055185       0.22054658453786605     
  0.61880662422552479       0.21288008377624851     
  0.63213944211120798       0.20737312194570412     
  0.64529860731064126       0.21979194061132884     
           8
  0.18162624095923435       0.34711739373947742     
  0.17914314963670078       0.35639900162489085     
  0.16781458388169640       0.35648536953030907     
  0.15886811438293702       0.35493432816074016     
  0.16204800203926131       0.34225812757790280     
  0.15682432115828313       0.32729452517218621     
  0.16928769357595735       0.32839929705596571     
  0.18352884455985091       0.33835823278039079     
           7
  0.23845938841687556        6.2296361418262329E-002
  0.23601431241517412        7.8994697002451014E-002
  0.21661628896151994        7.1784279534178916E-002
  0.21513092967764022        5.1868191668111296E-002
  0.23083890692586501        5.4436801994526884E-002
  0.24159042324910451        4.9509546649468862E-002
  0.23637932891585547        5.6636021069749749E-002
           6
   3.9662790607135415E-003   1.0133437572820416     
  -7.0353952754179400E-003   1.0133853073033035     
  -9.7128985327738174E-003   1.0074453896919773     
  -6.1372919149039872E-003  0.98322135729969151     
  -2.2119530086294990E-003  0.99551027800355574     
   1.6413077967955610E-002  0.98850024714307094     
           4
   3.0991371515732183E-002  0.64714660849548378     
   1.8757275221211636E-002  0.64729434434354727     
   9.4434260010502237E-003  0.62838332825393994     
   2.5940091604771478E-002  0.62479496935147227     
           8
  0.67934727800096950       0.16365697927134981     
  0.67747645379798205       0.16975172208412992     
  0.66801927028458996       0.17312230234409273     
  0.65338815190253052       0.17665170872175120     
  0.65823599710001635       0.15843733546230532     
  0.66761812866030501       0.15668211844488539     
  0.67616207534029404       0.15015457867758822     
  0.67518929419912477       0.15664726978335791     
           4
  0.32628125658732726       0.60698747355567395     
  0.31800000000000000       0.60799999999999998     
  0.31957550295869830       0.59576925920723267     
  0.33358684499716623       0.59552054327565818     
           7
  0.44036479348554064        9.0861682172621916E-002
  0.43026138627653454        9.5067046104739039E-002
  0.41491399755212555        9.0444768094535860E-002
  0.41866340677224190        8.2389931837128783E-002
  0.41781368506496108        7.3170188869712244E-002
  0.43221949189327225        7.1870115803409601E-002
  0.44132983167721518        8.0534592812663702E-002
           5
  0.22142770311849511       0.24335785233332793     
  0.22111636277884064       0.25216695083138013     
  0.19643734082127162       0.24549113502733777     
  0.19925462146927522       0.23251927153049029     
  0.20925833308490990       0.22622300905023146     
           6
  0.86410955807544787       0.13936617752441449     
  0.83981240775816057       0.14101330923995073     
  0.84008813202106492       0.13353623985263119     
  0.84244453303425737       0.11051828078542526     
  0.86590058862174801       0.11834366277312953     
  0.86326524315122077       0.12629222191024497     
           3
  0.39630771602151832        5.7556375929053320E-002
  0.38700000000000001        4.7000000000000000E-002
  0.39316164384731306        3.8637953436366078E-002
           6
  0.68976275241976437       0.15630566328065473     
  0.66541094206258466       0.15496632033952890     
  0.66619562126792831       0.14457824144395642     
  0.66143600481037379       0.13003679986743497     
  0.66763792553332546       0.13552608015306433     
  0.69218101327827630       0.13097995477874114     
           7
  0.12208877958010821       0.80147072958957999     
  0.10286413993139464       0.80339078193597713     
   9.6767576792003485E-002  0.80042745387690850     
  0.10053548961013935       0.78760920477017693     
  0.10820202260163771       0.78007287098395983     
  0.11868871208164314       0.77632358656641109     
  0.12662147272521346       0.79115267599138772     
           7
  0.97275323131563940        3.7345611937378967E-002
  0.95198456722173597        4.3775041521489928E-002
  0.94590129605570838        4.3182540449687133E-002
  0.94308281072768985        3.5907346934724041E-002
  0.95107591514768897        2.2948117080636824E-002
  0.96763870467465318        2.5567689450412875E-002
  0.96606285395735447        3.1953665450631358E-002
           8
  0.52611034192764239       0.64606942677611179     
  0.51081104890449502       0.66040813796203690     
  0.50064838589808791       0.64753680774139311     
  0.49648267639385152       0.63698257206232423     
  0.50258091936874472       0.63660355692755821     
  0.50838403639826213       0.63337091864593054     
  0.51590442348053323       0.63243668963249011     
  0.52534674834252437       0.63193946308779725     
           3
  0.45824085359284955       0.57630295464995451     
  0.44414864171080348       0.57511176404576225     
  0.45700000000000002       0.56100000000000005     
           5
   9.8504872747919192E-002  0.69094338983684356     
   7.5269511960194685E-002  0.69802090578900833     
   7.2020462229150456E-002  0.68500230170153020     
   7.7507411509236498E-002  0.67259516275065212     
   8.8526369295382282E-002  0.67885851083273996     
           8
  0.29906934599930457       0.47033939907690647     
  0.28744022793092500       0.47109719229801783     
  0.27772170975245875       0.47118810486658541     
  0.27735670561734754       0.46217927046027801     
  0.27782370312166066       0.44874704484463857     
  0.30144226406182417       0.44074544176383851     
  0.29838816663072493       0.45203027978981936     
  0.30128555345645430       0.45923872932391963     
           8
  0.48318684280463076       0.57178181277865536     
  0.48623635712315627       0.57819461715513487     
  0.47565914150967770       0.57608742315279982     
  0.46973760110583485       0.57822473315567735     
  0.46063489975952876       0.57163812360385402     
  0.45828047948718065       0.56479571708919762     
  0.45851281581693054       0.55433044013039390     
  0.48389435379467105       0.55901641680942082     
           4
  0.81228720864385029       0.73411321880690195     
  0.80443072315969855       0.73822719467678599     
  0.79450273491380807       0.72261725491807460     
  0.82065415275905840       0.72078538953921323     
           3
  0.47366092474332094       0.47395618301826214     
  0.44823272366193512       0.47438688528048589     
  0.45146856925780365       0.45493562032809309     
           8
  0.74800670260911861       0.23847810994109975     
  0.75394370187237503       0.24355514229138869     
  0.72922213779547107       0.24810671178073057     
  0.72727524964758938       0.23880827181066805     
  0.72873624123014868       0.22808046529924811     
  0.73378793304251466       0.22577959288594704     
  0.73915141029624642       0.22215044643709350     
  0.75457593372688114       0.22858685445204896     
           8
  0.26496625102504801       0.34934585235143756     
  0.25791953034168880       0.35420595184363429     
  0.25121786952563135       0.34862496143221849     
  0.24543156487818998       0.35024525897834907     
  0.24741311595408902       0.34219209908643861     
  0.24372309196551631       0.33792369065503525     
  0.24558598257455902       0.32479038831756013     
  0.26874695169533724       0.33042566505222587     
           5
  0.59786893527388352       0.54694214600971380     
  0.59887271412044540       0.55622247381601153     
  0.58670417600595470       0.55306969475358880     
  0.57904521108155971       0.52992583996417131     
  0.59723533344359614       0.53888525089223038     
           3
  -2.8234196302741824E-003  0.32515111130464680     
  -8.8769969160364410E-003  0.31841824023066179     
   6.0000000000000001E-003  0.31100000000000000     
           3
  0.26800000000000002       0.97599999999999998     
  0.25950462707985023       0.97794793500798227     
  0.26331769321109810       0.96621329594231276     
           8
  0.56764855888170718       0.42833496951207228     
  0.55657553397078896       0.42905027119358863     
  0.55160612548518084       0.42497212346777713     
  0.53903719290032504       0.41793657643710386     
  0.53934466255186464       0.40722349974578215     
  0.55071820770801472       0.40529780346498678     
  0.56050243517348386       0.40444603088158276     
  0.56370608450056447       0.41222816898546749     
           7
   1.0040666876035358       0.95615501046001228     
  0.99777294943458794       0.95468150065648305     
  0.98475170187934180       0.95524481907097913     
  0.98386984939227362       0.94278381431445624     
  0.99654666854768625       0.93169932106505338     
   1.0026964110933039       0.94433945223551818     
   1.0086162275955166       0.94480386601202926     
           8
  0.46202685448507963       0.53776189657043794     
  0.46436804374441354       0.54325803668918438     
  0.44701856612892937       0.54883858214592296     
  0.43952377254209440       0.53786795028707601     
  0.43767232426119917       0.52228509246497890     
  0.44830961569611233       0.52367578607536813     
  0.45748152625627969       0.52517412936963093     
  0.46335981129293757       0.52227664804506768     
           6
  0.42647573739437861       0.55626215071070706     
  0.41954131218811536       0.55395202517508912     
  0.40828762609162367       0.54952727464995010     
  0.41260812453869805       0.54086617907275092     
  0.41533932776190607       0.53365660694778916     
  0.42972457136754388       0.53407917364999025     
           6
  0.26114548347452238       0.61449745142779932     
  0.25339242432477416       0.62025421341957576     
  0.23248474413882597       0.59523989277874667     
  0.24043173036365703       0.59655561864247730     
  0.25051509451262333       0.60281526786053197     
  0.26095668733176619       0.59893452775756373     
           3
   4.2886163155958411E-002  0.37883982325436488     
   4.2999999999999997E-002  0.36599999999999999     
   5.4218912208336523E-002  0.35433611887988042     
           3
  0.97699999999999998        9.6000000000000002E-002
  0.96776059609135301        9.6853147961856220E-002
  0.96213157252699355        8.9568176853842746E-002
           3
  0.81079258462369541       0.59543913423312489     
  0.82199999999999995       0.57999999999999996     
  0.83220334023960529       0.58187615610807819     
           7
  0.93403006330484317       0.65969965627949934     
  0.92516455617823856       0.66114364923185298     
  0.92659340288043746       0.64693759260351424     
  0.92640481217376458       0.63482743318374268     
  0.94193043133025156       0.63531142787732686     
  0.93865055026293021       0.64089130907798675     
  0.94852680768282016       0.63959539510724039     
           5
   9.6892711217616986E-002  0.26298496273805916     
   8.0156260241168883E-002  0.27814388719044159     
   7.1234874676372809E-002  0.25612378527322877     
   8.3197924525244396E-002  0.24734717799442457     
   9.4740751072435084E-002  0.24875335806253310     
           5
  0.72871981256907714        9.3192969854836896E-002
  0.70175756035267933       0.10787778113040696     
  0.70665990282327817        8.9914261267056567E-002
  0.71561559458189106        8.8587131612823319E-002
  0.73039317209997989        8.3720023327234716E-002
           8
  0.67898754792120486       0.99613851612197757     
  0.67537267170787663       0.99186522717207037     
  0.66420760162450532       0.99276890077347768     
  0.65247074926881499       0.98263082031465843     
  0.65275180966487456       0.97011212543893977     
  0.65757230883774953       0.96592319368805135     
  0.67447884549662007       0.96761387083969952     
  0.68352878213175339       0.97149345704824053     
           3
  0.43911297826425527       0.64980299775243422     
  0.42704402065952418       0.64680690697560084     
  0.42399999999999999       0.63800000000000001     
           4
  0.30207318800250471       0.61865688601393831     
  0.28930800464461887       0.59706979820594575     
  0.30733764721082890       0.59274905116827159     
  0.31182068057913925       0.60033326783855390     
           8
  0.26447818200626833       0.28832676417254000     
  0.25824698021606834       0.29591600226413056     
  0.24730550322507794       0.29728350082918126     
  0.23918547360871867       0.29255863337342253     
  0.23837834213033940       0.27292008259812978     
  0.24390350835915686       0.27131843144956352     
  0.25654888414873583       0.26854604273210309     
  0.26325196322658212       0.26638842055262185     
           7
  0.24753637502369788       0.42335686204233092     
  0.24148308751279449       0.42149423702103300     
  0.23564428374192517       0.42487124445148877     
  0.22124421152395879       0.42782689815248315     
  0.22708799072386129       0.41334591105438528     
  0.22292409047456616       0.40162448469598105     
  0.22993933945861533       0.40460028899777628     
           6
  0.21661128302894678       0.58342655110206787     
  0.21012776083904908       0.58136218730303424     
  0.20185401298236960       0.58227260984441953     
  0.18941685760246027       0.57974285300688100     
  0.19499754662332111       0.56405261344120117     
  0.21044108119908064       0.57425595280678676     
           3
  0.16999543912579890       0.39967819564325063     
  0.18099999999999999       0.38500000000000001     
  0.19397980808075996       0.38262089438032032     
           5
  0.13857296287033122       0.53962189206798927     
  0.13009618612907281       0.53836240693454074     
  0.11489202181929084       0.54118714136002022     
  0.11740632739908026       0.51974280107616488     
  0.13920171697072531       0.52935366782105142     
           7
  0.39520257122574742       0.82260674808216017     
  0.37850487006441291       0.82595170714545718     
  0.37576143888030628       0.81709797130645390     
  0.37257293627388954       0.81128405959001115     
  0.37122307459948928       0.79525192394916877     
  0.39231343339687014       0.79616249625951652     
  0.40013838339830726       0.79881241650265444     
           5
  0.98917485327023691       0.85164566967205879     
  0.97480884259600220       0.85871759629830047     
  0.96720760102051584       0.85846991232575121     
  0.96353613847318842       0.85041026214159676     
  0.96271966703413647       0.83167168472155739     
           7
   7.6517858047016413E-002  0.10979103582441965     
   7.1084800656429387E-002  0.11227434577199769     
   5.9788009226376629E-002  0.10961103904195892     
   5.4872927439589915E-002  0.10291690259446208     
   6.0587730228830614E-002   9.9427736369835443E-002
   8.5091244929290363E-002   9.2859560236642560E-002
   8.3224175375084114E-002   9.8908008163343317E-002
           5
  0.34113695229525282       0.36196629933786922     
  0.34736717514693410       0.36949938003812133     
  0.32086224292792970       0.36597879928105354     
  0.32967192922431415       0.34203892863157243     
  0.34797339263551691       0.35936238279442417     
           8
   6.4747802036364252E-002  0.87882173058876911     
   5.0802145730031889E-002  0.87791369985153889     
   4.4940805920784380E-002  0.88143157197531319     
   3.7850278668702358E-002  0.87626745589865884     
   3.3258436487676200E-002  0.87130315554038407     
   4.0429046083251881E-002  0.86467166423277930     
   5.2268109036364301E-002  0.85601963936735825     
   5.9227756521001568E-002  0.87176119734301383     
           3
  0.16588145952728958       0.74806531155380129     
  0.14283784929786258       0.72563459774998684     
  0.16771248084203760       0.73608553410273181     
           4
  0.63576685571731284       0.28201472432983921     
  0.61838885624529860       0.28185850423031927     
  0.61690365383212964       0.26457894240119700     
  0.62024717923916461       0.25510797057133655     
           6
  0.83287405311469243       0.43925599554412725     
  0.82856107224320186       0.44796363005465095     
  0.80777237347020403       0.43342359285989668     
  0.80418516946199559       0.42060697821393522     
  0.81872077351898642       0.42211057269973778     
  0.83053215935603908       0.42191933536406301     
           8
  0.75312717164504206       0.55274844082527674     
  0.74659209251170322       0.56827600594903682     
  0.72810002779035188       0.56820085670345111     
  0.72653236133077881       0.55426295991735974     
  0.72330045907258755       0.54526388578348239     
  0.72489515574216878       0.53986844503069031     
  0.73064042961937026       0.54330143854302237     
  0.75106405066667614       0.54759580443814160     
           3
  0.36119320739336225       0.90737003227576774     
  0.34999999999999998       0.90900000000000003     
  0.36252627028634327       0.89366775641480467     
           6
  0.35125389534987034       0.92912613936687272     
  0.34682439693101069       0.93719434077652874     
  0.32738913609939058       0.93564208136154270     
  0.32284346467823316       0.91728628020925551     
  0.33211109955761037       0.91728099417062758     
  0.33914857547019112       0.91492072458661167     
           6
  0.98846494485933789        6.8692951743827863E-002
  0.97517126713497049        6.8946496805478472E-002
  0.96696728166394741        7.4065811451095309E-002
  0.96276610069102553        6.7274032624192931E-002
  0.98099025082305458        4.8206742767609119E-002
  0.98892992999576579        5.3014197557888131E-002
           5
   5.6568020163021308E-002  0.60454034844859450     
   4.6966305660336723E-002  0.61007965434663192     
   4.0514656249442553E-002  0.60692033316243521     
   2.6964953585826946E-002  0.59840875706019225     
   5.5315928596573326E-002  0.58981281639252092     
           3
  0.87919243628095312       0.93214542330585837     
  0.87000000000000000       0.93300000000000005     
  0.88153450555424462       0.92085661953419917     
           8
   3.1246180756628834E-002  0.13350380195314412     
   1.8066821875395361E-002  0.12901849651056888     
   1.4458146385300068E-002  0.13423474750711692     
   3.6414695799393323E-003  0.11757128803572736     
   7.9490349639558620E-003  0.11257157097897967     
   1.3866472645126953E-002  0.10463047798491028     
   1.8281793121783237E-002  0.11087630977373927     
   2.8913738145855610E-002  0.11713589181190101     
           8
  0.17010503358019466       0.68910475615072220     
  0.15838784499530842       0.69370228683219060     
  0.15189097501789228       0.68832902754497771     
  0.15688585029962882       0.67837287913180788     
  0.15167347553438221       0.66397913296896482     
  0.17114263339324859       0.66688263673788117     
  0.17723326286749294       0.66484487010394266     
  0.17990727010909818       0.67517792794672915     
           6
  0.13809286539529891       0.99688596465151835     
  0.12225521983791764       0.99368043719871102     
  0.12183961412831341       0.98674507914912812     
  0.12305272840314888       0.97788804060014178     
  0.13597575948423793       0.96851804179615408     
  0.14596544247082591       0.97904531873850442     
           4
  0.24335744448458418       0.76664837700193478     
  0.21655726384077559       0.75821566134547425     
  0.22064077591559150       0.74501725523694096     
  0.24565635985894230       0.75630477881185720     
           7
  0.32645547381514722       0.43020535111033548     
  0.31246660617835115       0.42927727422534878     
  0.30879145394192015       0.42235569622891628     
  0.31089653738697942       0.40653872537548397     
  0.32313077909825227       0.40883500888306668     
  0.33162215387292027       0.40284093372097957     
  0.33327620001534519       0.41609659028725998     
           5
  0.19753395672399296       0.37728783737792732     
  0.18093812977540324       0.38776441232147540     
  0.17708053676994445       0.37736866147918835     
  0.19269377072536273       0.36635367342334585     
  0.20257596854456256       0.37017203522395697     
           3
  0.26057263715773843       0.49296318721870880     
  0.23561225098749178       0.49369982039091909     
  0.25221292634233183       0.46998439386735003     
           3
  0.65700000000000003       0.21900000000000000     
  0.64992991987896254       0.21016210615375513     
  0.66793907925317486       0.20890907445109472     
           7
  0.20899999999999999       0.39700000000000002     
  0.19679046214598872       0.39942205930057478     
  0.19999137384464596       0.39276821496797054     
  0.19548192933881878       0.38334674872021524     
  0.20917208110379107       0.38423598559935446     
  0.21593938277716829       0.38790601831330712     
  0.22266336966686961       0.38981726674135092     
           6
  0.81503006294070646       0.38456004782443437     
  0.81184986192524922       0.39196962146009967     
  0.78488810583140500       0.38341742601851303     
  0.79632287201370000       0.36844734643599669     
  0.80256177052586508       0.36391556050616269     
  0.81021067031726957       0.37577141750619542     
           6
  0.23765149873568356       0.12622551173627072     
  0.23079061326592737       0.12845953709778549     
  0.22360843884807244       0.13017309121584383     
  0.21709483685743447       0.12776293199658123     
  0.23440388024954167       0.10568650224606914     
  0.24323977398236252       0.11173561559041817     
           6
  0.57688741350447925       0.56467231346167601     
  0.57037633510468511       0.57310080707727029     
  0.55423797164409394       0.56778363658997533     
  0.55384274996667171       0.55611398418268121     
  0.57775638200848134       0.55004424568488419     
  0.57850266164870701       0.55735678385391274     
           3
  0.49922096001952004       0.16091382025519291     
  0.47549158895572186       0.16947464551202235     
  0.47835154014266751       0.14743374505871823     
           7
  0.23015273584061338       0.55500654500727398     
  0.22208206300782213       0.55886233859437473     
  0.20961690290511320       0.55928728280901385     
  0.20264263905191063       0.55049112616666029     
  0.20584147951021792       0.54060128374909366     
  0.22494186951318615       0.53438977479834471     
  0.22437860804500775       0.54025582202281752     
           4
  0.97720185450644836       0.68066523071819141     
  0.96859016338128134       0.68532406552949376     
  0.95088704826566450       0.68348277980640204     
  0.97968281004064994       0.66706276681340848     
           5
   8.5000000000000006E-002  0.89700000000000002     
   8.2549099865391856E-002  0.91053816325535197     
   7.3207129677249502E-002  0.89262811545495580     
   8.2432809206385141E-002  0.88213670438563518     
   8.5063394050036378E-002  0.88890230477123122     
           6
  0.30152178628688192       0.81584673959414100     
  0.29015000627543469       0.81586388442037971     
  0.28086528366317054       0.81285369011531483     
  0.28292898382366888       0.79616530212503500     
  0.29088348769760092       0.79752880252338221     
  0.30739188891844416       0.80172892973211773     
           6
  0.61325585081958489       0.88849644979009856     
  0.59681046533815252       0.90141568514107107     
  0.59052791774551872       0.89857016058985240     
  0.58574948383089576       0.88351710282669749     
  0.60125234572145603       0.88042379080560706     
  0.61464925397487913       0.87852213138464152     
           4
  0.94681664975096969       0.22036890914087992     
  0.92917614792765280       0.22888305738463555     
  0.92460843242960500       0.21893651765171016     
  0.94579793720678806       0.21270063325094218     
           4
  0.55404578277243688       0.76205616801198306     
  0.53995172386238210       0.76139731614327832     
  0.53008378028139458       0.74454722816505658     
  0.55626283027966827       0.73349888150623999     
           6
  0.58349941793285276       0.97407039785234140     
  0.56904933349728737       0.98900484922779208     
  0.55772954520919682       0.97873741117233493     
  0.56753759577628082       0.96780110723894885     
  0.58732187914786782       0.96236223928018672     
  0.58756838305391501       0.96898404781705005     
           7
  0.57967287290634795        5.8477066970662066E-002
  0.58360724888299209        6.4775336996086688E-002
  0.57812354798377885        6.8627336323412141E-002
  0.55466805419898668        7.0244172289184781E-002
  0.55800868634197398        4.3721450087596148E-002
  0.56597474389299840        4.9815570519617165E-002
  0.58463946421806956        4.6782311662002196E-002
           4
  0.72475081596872726       0.57514176155986885     
  0.71024769604393956       0.58281822291321206     
  0.70378075711283672       0.57529064339192348     
  0.71158596882657388       0.56195254702516662     
           4
  0.98430749971816944       0.52602534943971191     
  0.95838652966692606       0.51722665610577379     
  0.96841773484121541       0.49938455678981453     
  0.97763308929572623       0.50481164735905892     
           7
  0.62779338617561742       0.31904185168933219     
  0.62085909571142872       0.31899633620175688     
  0.61412933518852530       0.31477364997320895     
  0.60671963557401942       0.31308717961498800     
  0.60050753929544742       0.29445402839933638     
  0.61790442927108480       0.29634955812925617     
  0.62805107039499664       0.29254381706180888     
           4
  0.70273166938124443       0.85064947448599715     
  0.69062515127634838       0.84788082696369527     
  0.68469833793461832       0.82454654684927653     
  0.70772204118409077       0.82815403331849136     
           8
  0.43581961024420673       0.82791948710413799     
  0.42971741580064898       0.82503684534594590     
  0.42956958401281714       0.83487972688635181     
  0.42484816493375172       0.83081485604820238     
  0.41285735768818671       0.81512763576952108     
  0.41023611358448908       0.80747515940236736     
  0.42351122907362682       0.81099951159951378     
  0.43525288944529256       0.80721990112846775     
           5
  0.61833315468453764        1.0040735611148635     
  0.61133905833886948        1.0092814268433299     
  0.58860102009441995        1.0073942313900563     
  0.59621787279786254       0.98584009663550687     
  0.61485457754901551       0.98557916407936508     
           4
  0.54767551984412155       0.96938881165329605     
  0.52466526540931679       0.97078818396777544     
  0.52500831743738441       0.95817667853345201     
  0.53700000000000003       0.95699999999999996     
           4
   1.0156214215573369       0.65329269749213104     
  0.99976590473690574       0.66547823672170403     
   1.0000000000000000       0.65300000000000002     
   1.0083406817827467       0.64033590172921406     
           7
  0.29196114694778291       0.82155216389602481     
  0.28344182920464894       0.83153884519559940     
  0.27172439621963562       0.83202874294182494     
  0.26956908575482019       0.82463899313831512     
  0.26938384048624769       0.80560493492073615     
  0.27866251936361708       0.80176409227835832     
  0.28546911939232805       0.80283947508361919     
           7
  0.39060364820979310       0.87830511559611979     
  0.39447043809701493       0.88539616584859404     
  0.37935623391283158       0.88456448434657597     
  0.36638160295433614       0.87922948244247956     
  0.37111382980636426       0.87548856260531072     
  0.36540205024463662       0.86663843668939677     
  0.39353362229746269       0.86485158398550421     
           7
  0.77998482622350152       0.11641692139046277     
  0.76932105282473218       0.11199859991785352     
  0.76913827190695339       0.10280754701400914     
  0.76738473401927165        9.0887067162143093E-002
  0.78297028675637803        8.8263920083951258E-002
  0.78868893425280318        8.6242070555988745E-002
  0.78943739293880122        9.8602492544620557E-002
           3
  0.44826762889152827        8.9763055886093568E-002
  0.45466979496658072        8.2214751963320912E-002
  0.46200000000000002        7.3999999999999996E-002
           4
   9.7418211208718075E-002  0.69562394768524138     
   8.4417404573157856E-002  0.69240908002180335     
   7.3457443113287960E-002  0.66728615641603717     
   8.6999999999999994E-002  0.68200000000000005     
           6
  0.44998273050311871       0.23905832459238432     
  0.44338675171612796       0.24145624202954039     
  0.42591029854509499       0.22850630329138866     
  0.43068363678617511       0.22106705277260325     
  0.43525414871159396       0.21486247037905856     
  0.45467605093398383       0.21292395379567783     
           4
  0.62321593263381225       0.43551347069971708     
  0.59928363612394397       0.44364287929960650     
  0.60683430789901238       0.41492272803096891     
  0.62294483963715852       0.42610221653085950     
           3
  0.51700489017564721       0.32240742575957282     
  0.49745335754949893       0.32434610124273533     
  0.51100000000000001       0.31300000000000000     
           8
  0.72406253316751767       0.30758646515208804     
  0.72101197747978274       0.31524670695025470     
  0.71014539016032918       0.31227137598072335     
  0.69925279537085283       0.31424323500802753     
  0.69595665304947629       0.29912292711372873     
  0.70574037124754074       0.28971189726013635     
  0.71005553626688778       0.28613789729888317     
  0.72111955298493902       0.29189859048331795     
           8
  0.64367118022265635        2.1787923943695279E-002
  0.64365114202944618        3.2334733899399851E-002
  0.61844407160109116        2.3418381445125286E-002
  0.62047437648830406        1.3811727919057494E-002
  0.61581112233103941        8.4892050219293434E-003
  0.62606327814447715        9.8498961421226369E-003
  0.64309188988786159        1.0859517757333592E-002
  0.63977439184456686        1.5717653299983377E-002
           3
  0.61850458615621573       0.66018006207587443     
  0.61554411999881531       0.63478345486445531     
  0.64176757917048077       0.64388730044504650     
           7
  0.54645016629194587       0.71436125340943646     
  0.53927945105234953       0.71921718566038628     
  0.53074513796018608       0.72977974363281994     
  0.51744656061758165       0.71083608193813053     
  0.52639293497055706       0.71078800811554710     
  0.51850014486353857       0.70466161851521769     
  0.53040355362678093       0.70390811630868200     
           5
  0.61186549155672842       0.83531865263241345     
  0.59895493327776739       0.83329166746703220     
  0.59143102849221174       0.83825453433078234     
  0.58918048709590531       0.80908544277494299     
  0.60987366879429639       0.82861226934483612     
           7
   1.0067929648934348       0.62796136204545194     
   1.0089501801559675       0.63578970860875572     
  0.99827360109921193       0.63717406269569554     
  0.98470167691792065       0.63408950073435755     
  0.98246125479257063       0.61711830375935794     
  0.99216797884903540       0.60825561357138513     
  0.99906292652417694       0.61014898154674602     
           3
  0.25800000000000001       0.98099999999999998     
  0.24953405819542596       0.97239127886780685     
  0.26752265968430383       0.97295059158745201     
           3
  0.34734630623830448       0.28811346045086095     
  0.36417060340129059       0.26534448475560429     
  0.36969834024246589       0.27537177702828075     
           5
  0.28441123801776896       0.17870256682005692     
  0.27184479994040645       0.18201686875311124     
  0.26765222762451635       0.16203409627856158     
  0.27813327980136276       0.15826467309645928     
  0.29445774281351161       0.16539849745871510     
           3
  0.29785467558733508       0.26914682470946266     
  0.28865509540984852       0.27623530027673376     
  0.27040788484222489       0.25505457233421780     
           8
  0.26977659105938478       0.66502444886116019     
  0.27043659583738811       0.67478094757218388     
  0.25378725153933285       0.66990090738510699     
  0.24786586175725042       0.67456971731510684     
  0.24419265613504271       0.66878954609337815     
  0.24560991376903474       0.64925805096937972     
  0.24980152993669588       0.65317084015997395     
  0.27440897566620243       0.65672785301849723     
           5
  0.79172426057343470       0.13369551824211739     
  0.76912329895266518       0.13065542820833681     
  0.77071562607905819       0.11701041356801904     
  0.78200474740032300       0.11706355580401806     
  0.79164655433085129       0.12227557667282273     
           5
  0.85526739940181118       0.52919485941000732     
  0.84807745722980410       0.52665712339794435     
  0.84663984175040830       0.51978769558354798     
  0.86311326433155511       0.50445791798941020     
  0.87166218005929630       0.51829448683865131     
           4
  0.47109475994588706       0.61544117510833429     
  0.44645881916417191       0.60659789692462873     
  0.46008044407126270       0.59246841853715604     
  0.47109356732267055       0.59539675670841763     
           5
  0.22301831953884912       0.45137620095852637     
  0.19542870948754051       0.43664559350723126     
  0.19968900278196167       0.42652732852902897     
  0.21051573678047000       0.42277000237393453     
  0.21940267633669724       0.43421213084907118     
           6
   4.7481706851668845E-002   5.1944873365637946E-002
   3.9465714084818096E-002   5.9123719401351214E-002
   3.1586018704880946E-002   5.2053038521756412E-002
   3.5112952865419864E-002   3.0749816153394421E-002
   4.1380253886513618E-002   2.9948920642328458E-002
   5.9517739618805916E-002   3.8353972798089567E-002
           6
  0.54162833168016256       0.83078518579891458     
  0.52319079531493873       0.83148330217569677     
  0.51821890379049929       0.81724805928771527     
  0.54002410518473964       0.80231419753382005     
  0.53722150182154038       0.80936447892794605     
  0.53850515033768565       0.81768891044827208     
           4
  0.17390137495766983       0.16637515730769489     
  0.14867447966792055       0.17159108263835354     
  0.15380854633578891       0.16444951369452407     
  0.15959190175799370       0.14483692607316792     
           3
   1.5093062555098527E-002   9.4702024415196623E-002
   1.4121015026005903E-002   8.1949195217601106E-002
   2.3000000000000000E-002   8.5999999999999993E-002
           6
  0.35301737333820077       0.94120888395150537     
  0.32674963250113909       0.94567121148874178     
  0.32910096251311532       0.93215095040953178     
  0.32857631232449541       0.92387466517020744     
  0.34626951344350160       0.91696810224008085     
  0.35173141548934261       0.92564683600183084     
           3
   3.9000000000000000E-002  0.28199999999999997     
   2.6669678770990010E-002  0.27523753818200519     
   3.4328617890895599E-002  0.26637235844158924     
           5
  0.27696574925638384       0.84891262641303677     
  0.27996095607874505       0.85826415856868121     
  0.26151586558525314       0.85830139504973901     
  0.26570976000261259       0.83735404996708018     
  0.28263898164543272       0.84140719064307379     
           4
  0.42138835595649282       0.90108124366792497     
  0.42429420028817078       0.89255830329795294     
  0.42039870019370129       0.87656487697902530     
  0.45122039132610720       0.87172469667061581     
           5
  0.33496448904013520       0.35541189429363707     
  0.31029870380050456       0.35017822754576666     
  0.31449123772578391       0.33794043054928630     
  0.31438722591618734       0.32645756285788158     
  0.32310453840413983       0.32875801770896340     
           8
  0.25234924547789184       0.89525340932481867     
  0.23944307787323815       0.90386981029127400     
  0.23153363187256581       0.90198586233666844     
  0.22159299514817157       0.89482031369987802     
  0.22380889681844596       0.87858028393279874     
  0.23748422582304787       0.88294609507797950     
  0.24883301659282511       0.87545282722017737     
  0.25050021651123699       0.88875662746495521     
           5
  0.34848330594640042       0.50355867172914603     
  0.33170622485300705       0.49892932868499718     
  0.32064250480571527       0.49815478095444243     
  0.32002574561712738       0.48899411859326380     
  0.32242784291105853       0.47618542646957734     
           6
  0.53124409577521792       0.13330138056457849     
  0.50776857678032894       0.14568323367422917     
  0.50167195842962287       0.14179196904484187     
  0.50693529754666566       0.12863409851030974     
  0.51627591187430300       0.12375619880195353     
  0.53097877969062734       0.12625667201384988     
           7
  0.60005953651455191       0.97934808122044581     
  0.58900908310664346       0.98051857227192152     
  0.58204258555195520       0.97594924085410706     
  0.57592716610907901       0.97182140488569346     
  0.58623115805435955       0.96028248654972692     
  0.59452957173875676       0.96345123026896251     
  0.60434021070932809       0.96444288526949173     
           8
  0.55029815293655682       0.89570629936297885     
  0.54403095306023952       0.89820713513162731     
  0.53873497768948508       0.89962824363353378     
  0.52554559433019743       0.88453822791606929     
  0.52998285147531388       0.88056958479787262     
  0.54732135264028414       0.87995986641200619     
  0.55292347928107222       0.87724298172503445     
  0.55234541125568437       0.88685792974031341     
           7
  0.13697689903187693       0.27814370946539940     
  0.12789065214246984       0.29550444920400415     
  0.11975941358523397       0.29184294329318439     
  0.10804406946996253       0.26428979783787343     
  0.11705448358153103       0.26699643849543153     
  0.12256270493582004       0.26478032743385593     
  0.13563473987258640       0.26526639136812591     
           5
  0.17297408367054695       0.66005667795200207     
  0.15951157611164854       0.66456765692068931     
  0.14596990665759924       0.66476888009384949     
  0.14941102008552271       0.65354217456864439     
  0.14386462024663008       0.64559926442390114     
           3
  0.19428184191318723       0.16824737088833872     
  0.18917421881856430       0.14619599822335819     
  0.21041684931981378       0.14873468087054204     
           8
  0.46152261968150393       0.29622250961074809     
  0.44585602370347255       0.29449146094577827     
  0.43027789054370391       0.29551409043501131     
  0.43663866999652073       0.28703827307673263     
  0.43351003024730794       0.27692857114557579     
  0.43922482587598666       0.27331905735510492     
  0.45008338979305029       0.26774641826159068     
  0.45452917796117909       0.28085732500768634     
           7
  0.12195816279646059       0.31399718558620682     
  0.10515788020293047       0.32989962993645860     
   9.5707749093252525E-002  0.32549860551452048     
   9.3817034525166793E-002  0.31304936688470103     
  0.10202430372406689       0.29996898971674224     
  0.11162645693247826       0.30180301096879752     
  0.11576961112216227       0.31217413668241328     
           7
  0.59578033394284269       0.28059596088330879     
  0.58540046406554291       0.27986801482554086     
  0.57447217071317080       0.28178555831391389     
  0.57543149808462246       0.27020272889736663     
  0.57233086832203106       0.25722679496654183     
  0.58445058828307372       0.26085166941233240     
  0.59797565737825920       0.26582626110089963     
           8
  0.16702711201939105       0.37317034514939929     
  0.17162668887189064       0.38182991505637931     
  0.16438283131433090       0.38882110987468188     
  0.14937159723235627       0.38196431999644220     
  0.14627245924861756       0.36248537476675596     
  0.15694324029391257       0.35837985749087309     
  0.16646639305064526       0.35861750338471132     
  0.16694398421682421       0.36535626036715846     
           6
   3.8668999975240911E-002  0.36837525199219273     
   2.3881406859959219E-002  0.36278691063896995     
   1.5306077112832233E-002  0.34706465664160796     
   1.1373372752482350E-002  0.33728590319789914     
   2.2773458259740777E-002  0.33936914932545842     
   3.0897231835500208E-002  0.34386806546727583     
           4
  0.97276729184446187        7.8793689337505926E-002
  0.95899999999999996        7.5999999999999998E-002
  0.95892037508619588        6.3908303706270903E-002
  0.97423184794597184        6.4824075878544413E-002
           7
  0.86661465849141606       0.33200727187192786     
  0.85961313090860381       0.33861968882443627     
  0.85041880871563369       0.33935309472987452     
  0.84312929020963612       0.33672885258560986     
  0.83641257392229440       0.33071326411042651     
  0.83847461530257783       0.31772109552402023     
  0.85221919516110600       0.31769848498344955     
           4
  0.94269791939994207       0.72740306062423810     
  0.92700000000000005       0.73599999999999999     
  0.91314552226819401       0.72033869999191857     
  0.92794614247485829       0.72384599687720330     
           4
  0.43700000000000000       0.13800000000000001     
  0.43628881744197900       0.15220804387460984     
  0.42637782087157977       0.13799914781141770     
  0.43272505068842765       0.12282196805754717     
           3
   6.2309729756820892E-002  0.95082588668338541     
   4.6597941692778082E-002  0.94735957185593411     
   5.7393688998749977E-002  0.92801431986231908     
           5
  0.34510907840197641       0.20622423608143867     
  0.33388354979674295       0.20141236398897175     
  0.32178813060708583       0.19573115402807051     
  0.32358702730277639       0.18061365817616717     
  0.34366689457223326       0.18572522093261423     
           7
  0.93754217794061800       0.49360944730037737     
  0.92200000000000004       0.49900000000000000     
  0.91049655327156820       0.49636833981407086     
  0.91196714730012485       0.48915215080048113     
  0.90639290071189949       0.48681900176424148     
  0.92045290963510484       0.48355581723080693     
  0.93045734612898900       0.48944258349001818     
           6
  0.40436851313790056       0.95764952803727010     
  0.39650221200826619       0.95466864266242091     
  0.39698262406829510       0.94566748562838732     
  0.39748363938839038       0.93561659728949254     
  0.42100135791309673       0.93782479534190122     
  0.41567932197829610       0.94330074258753516     
           3
  0.96999999999999997       0.66400000000000003     
  0.96001900394322837       0.67317261258112837     
  0.96664580499449060       0.65202373665639723     
           5
  0.22615858667943123       0.74764468210119317     
  0.22530516582875240       0.73940411299534281     
  0.22738435128540044       0.73037438958284528     
  0.24829402444543236       0.72573394869680663     
  0.24914928491359978       0.73331763045693232     
           5
   1.9041456454967097E-002  0.56649442725119437     
   2.2004541584249970E-002  0.57275741793742807     
   2.9093193897676310E-003  0.57109826868153346     
   8.7676257820370265E-003  0.54817309588289442     
   1.6455103490956434E-002  0.54532590455280427     
           3
  0.75874378180128177       0.85229993261515558     
  0.74700000000000000       0.85199999999999998     
  0.73591332071251869       0.84425357812432811     
           3
   1.0003873463593265       0.91700377017517953     
  0.97404994192883876       0.91891760662442179     
  0.97476803120097510       0.89448936698665094     
           7
  0.11397655269702593       0.87497826750791019     
  0.10302349825352471       0.87121555258144268     
   8.9568347679535948E-002  0.87307402302113202     
   8.7691006865195611E-002  0.86437009425583877     
   8.4506274140295712E-002  0.85876590424102650     
  0.10590225464959603       0.84948041713951883     
  0.11163961959047601       0.84628927180050462     
           6
   1.8865567799404109E-002  0.95957574879312990     
   1.8663142886911468E-002  0.96755679997288446     
  -3.0122202855344411E-003  0.95440796208299472     
   8.9470593289383542E-003  0.94541570221635840     
   1.4774951226682636E-002  0.94809487403169868     
   2.4401386930137499E-002  0.94756538928744327     
           7
  0.85345100232943949       0.19530815167037888     
  0.84278216016437268       0.20042509046504345     
  0.83712525269515636       0.19812540757253880     
  0.82691562019538867       0.18522126434845856     
  0.83120244085780459       0.17889373459043745     
  0.84238617554156525       0.17593261496926330     
  0.85239834754501742       0.18552873663190908     
           8
  0.60289484556242134       0.72509710408705841     
  0.59904199264317104       0.73121730519739425     
  0.58745602276880071       0.73093401017666204     
  0.59035074671825716       0.72496283666801509     
  0.58502433713570112       0.72008156304104787     
  0.58326878223385570       0.70583646461722482     
  0.59933914954154577       0.70505447844485369     
  0.60381449822998601       0.70978363444501480     
           3
  0.27117946414488592       0.97409913686328053     
  0.28173851982321169       0.95517034703836012     
  0.29582903429917745       0.95940857212759056     
           5
  0.21113471022920968       0.37596361772281855     
  0.20659049797473550       0.38213203101485205     
  0.19332494718793461       0.38148493861220478     
  0.18748175809480017       0.37430851168488416     
  0.21472032232832441       0.36202501623156003     
           8
  0.17452978266958549        7.4309496392326965E-002
  0.15959264048137761        8.1276964475181887E-002
  0.15006386844787001        8.1322149253597181E-002
  0.14537187473534588        6.6603998254235033E-002
  0.15084816887859726        6.4568005381199403E-002
  0.17060573804592341        5.2198245078677111E-002
  0.16819408241623307        6.2236680479754627E-002
  0.16872048767771816        6.8435136887513529E-002
           8
  0.98747292151294874        2.4615353891060832E-002
  0.98205180510204981        3.8338678599014152E-002
  0.96606747950456573        3.2758118291828703E-002
  0.96379183075175956        2.3664424711990654E-002
  0.98095335040723586        1.6608293035771646E-002
  0.98333335053025306        1.1316511078338904E-002
  0.98913659568530943        1.0237278728470771E-002
  0.99415157589904668        2.2431337688835224E-002
           7
  0.50377710049774993       0.47503555547724469     
  0.49613268461499321       0.47539007416760803     
  0.48799999999999999       0.47899999999999998     
  0.47564897211652507       0.47154951982974774     
  0.47945302789350425       0.46625454895204343     
  0.48597408323521912       0.46763182581590834     
  0.49595734418280518       0.46494990868225972     
           7
  0.81598059420276048       0.62191331624901691     
  0.81052555488660882       0.63385046494824349     
  0.80292241054247604       0.63319828681156043     
  0.79293306194090118       0.62829101878590443     
  0.79887608400139265       0.60829185035933520     
  0.81536915163589907       0.60738309981653293     
  0.81741164232932606       0.61313126047357702     
           7
  0.75738861758554399       0.85589831463229682     
  0.73612977677756464       0.86509105306186396     
  0.72822253183367358       0.86862492795369706     
  0.73391039473597075       0.85441182053901965     
  0.72909506184242678       0.85070439357639027     
  0.74462366079254549       0.83811910288609925     
  0.75134472486433956       0.85405722769934578     
           6
  0.54183165728364791       0.17102211754136476     
  0.52421869110015318       0.16869768712898101     
  0.51652940607714304       0.17274468901251627     
  0.51621044538504934       0.14820453949464929     
  0.52279352301538795       0.15000425153868813     
  0.54324559344610235       0.15881732723637729     
           4
  0.23597290127023907       0.34983948386096836     
  0.20875199495324553       0.34314619768242516     
  0.22162803255970775       0.33334033273353902     
  0.23568795018942329       0.32854277851565478     
           4
  0.51602773685417647       0.17277632728275280     
  0.50122722265911823       0.17105076746058331     
  0.48768236537284992       0.14924943300508753     
  0.51772365633120654       0.16356433360200198     
           5
  0.72459799870539454       0.68026436390213485     
  0.72021971368473658       0.69654201002764415     
  0.70192971199548282       0.68240368580238830     
  0.71322183884135171       0.66982000310672452     
  0.72046054876350785       0.67103851548960014     
           4
  0.33900000000000002       0.34000000000000002     
  0.32740490213587381       0.34417928753901372     
  0.32452618107210340       0.33493291448556078     
  0.33518164348443241       0.32596984076093999     
           5
  0.35462520484577326       0.51454329598438231     
  0.33886499629678413       0.51823269104917724     
  0.33424001263808029       0.52461566793547965     
  0.32935177987114611       0.49554293100474855     
  0.35443690773684644       0.50736763388448369     
           6
  0.93474887356660419       0.60751778764418873     
  0.91724120481500815       0.60670834048122224     
  0.92183362013506409       0.58973005003587664     
  0.93890903334120801       0.58794839434144774     
  0.94566866177397035       0.58895562594631989     
  0.94153028456135734       0.59572047691367047     
           8
  0.78084381522285817       0.95625316310550512     
  0.77161813563490889       0.96674358569379215     
  0.75460260644417987       0.96458505722535470     
  0.75596057334546218       0.95896504869094912     
  0.75072065395660836       0.95525889070635872     
  0.76609496007173927       0.93865167743492073     
  0.77761926722944519       0.94455586319482465     
  0.78002058474258362       0.95021673376310511     
           6
  0.71905735674831228       0.17428808850818064     
  0.72404022891373832       0.18362293359893614     
  0.70714130682886578       0.18360904772532402     
  0.69801549012971842       0.16742676468557960     
  0.70325673719263504       0.16187180216722688     
  0.70978502539304889       0.15851038128062114     
           7
  0.53529595152141329       0.46630676800946286     
  0.52504748247110000       0.46375882777012462     
  0.50633716898032388       0.45831587405642915     
  0.50599204391808983       0.43608589425793548     
  0.51831276410444493       0.43936033856194456     
  0.53400742394240208       0.43913060385405006     
  0.53049475373903121       0.44756544653560859     
           8
  0.18055958391302135       0.16268474199990163     
  0.18495036058558240       0.16690225855263030     
  0.17938587662233316       0.17077285510930779     
  0.17211162893380327       0.17220253433344113     
  0.15836074057602659       0.16092421343343258     
  0.16088502971427246       0.14939684774531958     
  0.18730494346297236       0.14490222952868181     
  0.18377157967647054       0.15286874376770684     
           8
  0.69212644551988978       0.84491102607600033     
  0.68516979716387205       0.84800048433260400     
  0.67627612200366216       0.84965441362700767     
  0.67145864158846280       0.84142892867879981     
  0.67387800529115294       0.83463872227896918     
  0.67613777771054684       0.82950158800868801     
  0.69812575197979920       0.82362360437728854     
  0.69633994329173021       0.83768387499183439     
           7
  0.63998909086419142       0.17002212992019466     
  0.63248359882426775       0.16869462785792283     
  0.62653754108247262       0.16924843908983273     
  0.62500545766108118       0.15342323397236793     
  0.63000236923315556       0.14611567878992673     
  0.63953112598981732       0.14581373606302647     
  0.65196826815135855       0.14812133178825707     
           7
  0.77852416650993406       0.66364471655936286     
  0.77594518252881783       0.67160067393916412     
  0.74817168637770970       0.66067955783718402     
  0.75438604396764852       0.65416789224189742     
  0.75172338018844331       0.64503237609833863     
  0.76437993232143275       0.64064876022305062     
  0.77128677633670117       0.65303188585426275     
           6
  0.28347957334207169       0.24805553713553863     
  0.27276375640511907       0.25305094675399858     
  0.25354002864736203       0.23872181193021669     
  0.25444133391126100       0.23079691364255631     
  0.27139086939217050       0.22893600784720325     
  0.28113228354855951       0.23475373451112291     
           3
  0.82499999999999996       0.76100000000000001     
  0.82997579030259105       0.74603600585777541     
  0.83788554333992882       0.75308031904843808     
           6
  0.33960252571118882       0.18509468943783658     
  0.33464117324014020       0.19011262450821756     
  0.32363936179468461       0.18784977811983311     
  0.31824541052701283       0.18450758790030491     
  0.31931190122285047       0.17422445828922375     
  0.31697610864532566       0.16470433390619862     
           7
  0.90768517691474104       0.13671412127902330     
  0.89443279879781257       0.13643272208692667     
  0.88534554275437349       0.13683261001001848     
  0.89011336699511401       0.13144557121368147     
  0.89217009263587566       0.12383778391408494     
  0.90091305800634858       0.11523149661658563     
  0.90564902065738273       0.11112747372205949     
           3
  0.71745863162040413       0.86794345380994875     
  0.69864649496713238       0.85622688575319161     
  0.71884021333475612       0.84873820834496605     
           3
  0.62220593880200126       0.94068601862342116     
  0.60580426392011655       0.93044117714029262     
  0.61989729885509925       0.91389007997301008     
           6
  0.69998889381020291        2.9999080734154471E-002
  0.67994313403264262        2.9776041710476882E-002
  0.67695186557820530        2.3465982297549780E-002
  0.68384083691889608        1.9641112590006143E-002
  0.68802226460663707        1.0192812143438406E-002
  0.70271969088104003        1.5963305711213349E-002
           6
  0.11100563010326731       0.88339674917853250     
   8.8916181362953109E-002  0.88886157539499477     
   8.0369047953500916E-002  0.87340509155301649     
   9.4543090900031504E-002  0.86061608998975214     
  0.10348801627578871       0.86779039453825324     
  0.10907125442732128       0.86336805569628328     
           5
  0.95902688946449854       0.18234979566518841     
  0.93853258800925665       0.18999267568826095     
  0.93426140916081934       0.17503412669847895     
  0.94961724226102939       0.16370433641385232     
  0.95910718612493673       0.17415621316747107     
           8
   8.9763436695261295E-002  0.80096642037232646     
   9.2649500922733358E-002  0.80732799185387882     
   8.5801488320263172E-002  0.80488892835702341     
   6.9403627018438122E-002  0.79558824998351119     
   6.7242654239958552E-002  0.78775800985589739     
   7.7885392745276324E-002  0.78597160032756908     
   8.7303500542410803E-002  0.78893756492909839     
   9.0525837392501321E-002  0.79504751749607294     
           4
  0.84342167817052505       0.86074249782316858     
  0.82277867826419249       0.86366224999535735     
  0.82451764696656049       0.85174580161342472     
  0.82855412861707323       0.83749051615061598     
           3
  0.33867578072966154       0.45256474713404249     
  0.32739715407218445       0.43944338831994589     
  0.33600000000000002       0.44400000000000001     
           5
  0.87791358106151762        8.9424154361988431E-003
  0.86242784148627116        1.5632434648755536E-002
  0.86179308351193429       -1.1855773507536638E-002
  0.87293769410520938       -9.2933739173780474E-003
  0.88646402703223937       -1.4652898893757583E-002
           5
  0.30127257358724729       0.61274453029176856     
  0.28984063129829846       0.61202510839051927     
  0.28540273090828028       0.60518273444392201     
  0.28104341011415707       0.59286341269915543     
  0.29359280115767922       0.58721765929767922     
           3
  0.57606661433642992       0.74392361021236975     
  0.55716590732413440       0.72764592643142034     
  0.57930102221789448       0.73188401774900136     
           8
  0.95074438871808731       0.37858045277438646     
  0.94890578799990477       0.38947455060552971     
  0.92570906247300488       0.38281278723535928     
  0.93057848725186842       0.37995771494954200     
  0.92487819551064743       0.37473135742989649     
  0.92987876986457996       0.36583349998684839     
  0.94141783292623837       0.36713745566573364     
  0.94844619626642490       0.36949887423323691     
           8
  0.36465719538700270       0.27061202163384807     
  0.35705063530775294       0.27570226033952805     
  0.35103731215796807       0.28243854463434642     
  0.34274464171481883       0.28107044114148760     
  0.33446468963549419       0.27243250911491679     
  0.33869298293698452       0.26127111704613931     
  0.35047587811814906       0.25586750334254593     
  0.35737270065485954       0.25769633123158392     
           6
  0.95152156803201582       0.82736298336339220     
  0.95431953539446557       0.83712145280223615     
  0.92362133572632565       0.83351033359023530     
  0.94293309109603085       0.81170329556329912     
  0.94962884461016062       0.81272627790503182     
  0.95390888920480199       0.81881473096541468     
           7
  0.91115339825905961       0.13574659073981352     
  0.90126918499896136       0.12963005223489493     
  0.89564983001654996       0.12696824554702685     
  0.89248953032023348       0.12153056674147585     
  0.89735112931057459       0.11344882066560444     
  0.91140349841402235       0.10808453937044876     
  0.91694176557476137       0.10564288169166489     
           5
   5.8003590268257577E-002  0.74639974344839588     
   3.4274227026675014E-002  0.75509203668269786     
   4.0388580780897090E-002  0.74130884344202319     
   4.8246629164309100E-002  0.73188717696319283     
   6.2750183060324691E-002  0.73150447003673524     
           7
  0.67827772625381122       0.57180383510401200     
  0.66341755800471380       0.57788342028619588     
  0.65478475739568232       0.57508388302566138     
  0.65522707861815110       0.55739678864567377     
  0.66411721165270787       0.55936103045236563     
  0.68365160045244944       0.55346411083968727     
  0.68544444801709281       0.56298022338183507     
           8
  0.76745352440842496       0.75530584800366618     
  0.74811253130242872       0.75934432933301887     
  0.73819862260350333       0.75934196608289140     
  0.73731118453988231       0.74773019163089116     
  0.73777843939802912       0.73862331189815122     
  0.74723522960983302       0.72864251184605688     
  0.75776179995027582       0.73208874079713038     
  0.76120997145743075       0.74476115748609850     
           3
  0.57699999999999996       0.35099999999999998     
  0.56329733725465514       0.36086609933844233     
  0.56511842547305924       0.33981746401848362     
           7
  0.15551487561858648       0.61644946746988161     
  0.14655407382119648       0.62661819082603998     
  0.13445320207676179       0.62402190814747038     
  0.12537814989532772       0.60850473545466899     
  0.13351842699327454       0.60620030271288983     
  0.15143910469944905       0.60187678468474870     
  0.14929425996210499       0.61250782411092519     
           8
  0.10658501277030803       0.62293273834126894     
  0.10489323305384646       0.63857101094413915     
   8.2557407415564513E-002  0.63954865341585865     
   8.5272837435097407E-002  0.61984155493324500     
   8.5405639673761691E-002  0.60999974834464321     
   9.8579263488844660E-002  0.61282181242451617     
  0.11083386898570005       0.61004351697856107     
  0.10622577701928067       0.61614711980321435     
           4
   7.9719324040114448E-002  0.87882212476333899     
   5.9717056957524654E-002  0.88334802515229616     
   5.0937715329158056E-002  0.88050997708062273     
   5.4371320591681788E-002  0.86939488958747357     
           3
  0.50971315215834756       0.16855280062587114     
  0.48623897107109665       0.17184552893243005     
  0.48040405029509864       0.14575801573611297     
           7
  0.53055652117858765       0.61264887852323402     
  0.52137518887736578       0.61067602570696422     
  0.50558644356258609       0.60837807527347598     
  0.49967366171706823       0.59984378266316651     
  0.50875077944863145       0.58692597942459768     
  0.52215537116154132       0.58785886969230550     
  0.52578725406254523       0.59378551212156550     
           6
  0.35366674288116046       0.81683115695591824     
  0.34583988087733364       0.81362155102636691     
  0.33591073135590266       0.81006939173499193     
  0.32928801172206706       0.80508863492015403     
  0.32939812953551151       0.79289375537702644     
  0.35362106071569799       0.80685912546046967     
           3
  0.27825417487270787       0.52335078919727196     
  0.27400000000000002       0.51000000000000001     
  0.28733649853870635       0.50320311058210920     
           5
  0.29973298703824636       0.18313992783411787     
  0.28542113773765992       0.18481724555314477     
  0.27530621743298067       0.18497404136479165     
  0.28275601265126743       0.16588987798934154     
  0.29901996707643369       0.16646671217784692     
           8
  0.81566917780090809       0.31354842128241456     
  0.80952557912042622       0.30944221601914479     
  0.80106608479994323       0.31447033057095736     
  0.78714438601382530       0.30573694188610273     
  0.78969858702513418       0.29173301114695122     
  0.79346324705137339       0.28739576558625007     
  0.80779215408988470       0.28822980288376543     
  0.80958897539886299       0.30138195951035801     
           3
   8.4237977613091292E-002  0.62467039971332283     
   6.4879292008137537E-002  0.61552909735044037     
   8.4653288563379739E-002  0.59507639946628954     
           6
  0.37542857321831580       0.20532621213579488     
  0.36320829526463250       0.21669143310184003     
  0.35799887910539985       0.22044763973908627     
  0.35174495724890736       0.19350944689344310     
  0.37177955062256418       0.19551076636963144     
  0.38022050962976633       0.19471302626975934     
           6
  0.80333187558392083       0.39731119433724726     
  0.78529690875020952       0.40687299291185502     
  0.77892267918882485       0.41032020490369947     
  0.77533278255933957       0.38382404293223316     
  0.78130166759941633       0.38802457220579095     
  0.79591395402684229       0.38373988906670969     
           8
  0.46672099863457167       0.86212717261950400     
  0.45756232889459486       0.86213992493350877     
  0.44914762381602025       0.86213270480796511     
  0.43772965640044098       0.84368627181937039     
  0.44009836405249375       0.83805396121886599     
  0.44976811317220716       0.83926027857648755     
  0.45157319469674140       0.83336518567170137     
  0.45570657085227267       0.83727358376158934     
           3
  0.39533081233662154       0.19923009326894939     
  0.41539018422495161       0.17562917018986154     
  0.41539275946888443       0.18733595649250251     
           8
  0.40736402543403455       0.29487297110150762     
  0.40671634726212597       0.30283771016810218     
  0.39381881638331911       0.29873487006020943     
  0.38174908477623648       0.28273012176056783     
  0.39066699865943005       0.27797700946057557     
  0.39783613031206444       0.27808106961499329     
  0.40362982239518330       0.27432004959502598     
  0.40821253949121095       0.28379573876491532     
           4
  0.53885052887868223       0.75544363051945307     
  0.52182560225164010       0.75321908231615564     
  0.51005608724961238       0.73090065896086998     
  0.53594448211041734       0.72898888069534706     
           4
  0.27487035358900569       0.39222874427897486     
  0.25920246532802604       0.40035363457893408     
  0.25160265382116898       0.39256577558298877     
  0.26410219312013911       0.37002055187989485     
           4
  0.40799999999999997       0.83699999999999997     
  0.39272338455680050       0.82200141118300007     
  0.40039801611453490       0.82427632622080571     
  0.41823049392887379       0.82161813449929755     
           5
   1.5368991503623683E-002  0.35745154844359661     
   1.6465439933484045E-004  0.35737212559227588     
  -1.1124728554456766E-002  0.35292172547818090     
  -3.6634434424822095E-003  0.33749617445543467     
   1.5486692308135406E-002  0.34640264586344660     
           7
  0.24145339715183109       0.50906266253506727     
  0.23123557339551321       0.51636476285429511     
  0.22574619480286606       0.51951778406722271     
  0.21669145494506986       0.49806111151645871     
  0.22488247751981047       0.49610176838698533     
  0.23429658248925955       0.49494288503294054     
  0.24591974863085372       0.48887707375788053     
           5
  0.84783680844527742       0.57968722231715797     
  0.82751701860554916       0.58384034597942891     
  0.82621414670051574       0.56818180217836634     
  0.83505843750825859       0.55748386135658989     
  0.84828118111730255       0.56490350215431662     
           4
  0.61756380951470669       0.47973820587564808     
  0.59792552076893291       0.47603234872288291     
  0.60078421581391883       0.46445480882967244     
  0.61172580399211662       0.46495603365869626     
           3
  0.91420710622327417       0.73512475057331617     
  0.88968238705490343       0.73263815776536234     
  0.91270879908470337       0.71862143824774249     
           6
  0.35062039176000764       0.87916701116092644     
  0.33278167715496432       0.87172947694210667     
  0.34013752212371567       0.85239039344184386     
  0.35016448177578852       0.85791981766137182     
  0.36169010768258558       0.85441288092147949     
  0.36164171266395023       0.86199660310128690     
           7
  0.13346433447656358        7.9434248456573903E-002
  0.13430498222261206        9.4024617374086628E-002
  0.11139751702333553        8.6359055013678798E-002
  0.10762246478668877        7.3911112636729101E-002
  0.11332064222126387        7.5177656834537809E-002
  0.11711688653084470        6.4896707298467901E-002
  0.12456610627225910        6.7715842605551357E-002
           6
  0.48370014744440970       0.18072110560997307     
  0.47125752745292432       0.18107363744287233     
  0.46210058265851994       0.17850221151583540     
  0.46392412899347085       0.16719180252004670     
  0.47260694737799136       0.15810595356380278     
  0.48614938507065447       0.17081651677215517     
           5
  0.39669240121720334        6.6120456055291502E-002
  0.36982705713588754        6.7622692886772598E-002
  0.37353870760972463        5.6463377439794162E-002
  0.37133444116166986        4.7229217717344042E-002
  0.37783495415955748        5.0680045116650835E-002
           3
  0.51855441922165901       0.42160778970132751     
  0.49810507897944123       0.39553031511304426     
  0.51842153471740027       0.39849161996781252     
           7
  0.90360628019678890       0.11315003586100016     
  0.89787603094311164       0.10963318211029759     
  0.87494268376744033       0.10902398115222987     
  0.87565997220349689       0.10271142799638693     
  0.87747959444753776        8.8599500028794159E-002
  0.89078060713110241        8.5323260291051861E-002
  0.89793880341455823        9.1088601518331147E-002
           7
  0.96494659818810258       0.64281832106252912     
  0.96379533670094841       0.64924899245277234     
  0.93624385392225684       0.64381668634776412     
  0.93844108550776884       0.62954192674406573     
  0.93796337345013014       0.62077134699699543     
  0.94918520370594983       0.62657573744498252     
  0.96264261222422387       0.63109119813150893     
           5
  0.83283277763440444       0.72990760762478879     
  0.83977864713907246       0.73511002559179017     
  0.82422843312824112       0.73173971412491623     
  0.81423190629114572       0.73248919560971315     
  0.83424049748800833       0.70795132989943454     
           7
   7.3903785348382336E-002  0.61320687164099008     
   6.5757670466243395E-002  0.61212168089483487     
   6.4737190116041177E-002  0.60631722769268204     
   5.9271486929227700E-002  0.59690339455992825     
   7.5284799746256001E-002  0.58446673812562788     
   7.7350052895914401E-002  0.59387943894856432     
   8.3206074907162364E-002  0.59571135127542274     
           4
  0.24910881865407955       0.84604310648146519     
  0.22072882332640681       0.84052465771261897     
  0.23348282450362731       0.83204952745952243     
  0.24119273863530341       0.82738723168540551     
           6
  0.91911077266297003       0.72701995822901599     
  0.89821050523197610       0.73186579467565627     
  0.89539952283494229       0.72439100831664416     
  0.90142178435108700       0.71000515504869932     
  0.90957331126539787       0.70732435508035285     
  0.92596737344061808       0.71592378955826297     
           5
  0.18619232738199773       0.37733947305121973     
  0.17502939663048084       0.38262355865427272     
  0.15686061214041949       0.35338570029555882     
  0.16781357752534956       0.35565160781685445     
  0.18294281941909454       0.35661936611048439     
           6
  0.56933507800625616       0.30024581636598691     
  0.55856278464331477       0.30330208868179270     
  0.55488555388834448       0.29302218807248631     
  0.56019992046423128       0.28494867946599139     
  0.56654767753075763       0.27863298505834105     
  0.58228202698186227       0.28238447051796772     
           5
   8.7791816795039404E-002   2.9031843000150229E-002
   7.0418824276175351E-002   1.8301469067013056E-002
   7.6779496923401788E-002   8.0305701516652159E-003
   8.5566215121623837E-002   8.5452738785391207E-003
   9.8059833767967466E-002   1.2792995387457522E-002
           6
  0.69540407131116755       0.92744869898101567     
  0.68943529078294874       0.92500470050421557     
  0.68420346285858258       0.93099043225883726     
  0.68234085040870263       0.91722341716852884     
  0.68522749134813365       0.90170244806925393     
  0.69217111318620195       0.90070367197066614     
           6
  0.46306476250444217       0.41245527787631914     
  0.46826714013998233       0.41670395744491018     
  0.46944748275737802       0.42540976487995630     
  0.45400000000000001       0.41199999999999998     
  0.44876524588246003       0.40038055556335744     
  0.46462337002967075       0.40044101904026963     
           8
  0.26888583170874047       0.24847795765352282     
  0.26152693717866377       0.24813840243519003     
  0.24910664070242847       0.24477819335975448     
  0.24783378146235258       0.22833709387903403     
  0.26204366422746539       0.21797649217721785     
  0.26289699137329470       0.22464216387623978     
  0.27089799611341553       0.21816226040207229     
  0.27129890329178391       0.23066211178097840     
           3
  0.70421248592004826       0.38163084552553095     
  0.67784144912374411       0.38664160227217081     
  0.70550024887748519       0.36438067640667021     
           8
  0.59870134800602548       0.85842799010518589     
  0.59580677166412976       0.86688000388798181     
  0.58450256837603098       0.86594695288256562     
  0.57732978977711380       0.86769934350705924     
  0.57476501395371427       0.86184909981940216     
  0.57752052294746814       0.85266721306718818     
  0.58764233668256272       0.84206694833974272     
  0.59575076170391117       0.84120541830696383     
           5
  0.27866268332655914       0.54746406252627777     
  0.26194364941003717       0.53959812839382615     
  0.26513088568502924       0.52412880785495730     
  0.27747968797824535       0.52574914502678527     
  0.28605637620308488       0.53272799546256699     
           3
  0.60657386992934537       0.58284251842999890     
  0.59899999999999998       0.56899999999999995     
  0.61229841005369223       0.55355671247750016     
           3
  0.14199999999999999       0.15800000000000000     
  0.13240929296384518       0.15908977901144175     
  0.15559178610180416       0.14757515078688657     
           8
  0.34845566309477294       0.81657102708185658     
  0.34211862844789809       0.81364639771413527     
  0.33455306151285485       0.81305096462008886     
  0.32777699263554588       0.81990722780737968     
  0.32687830978412791       0.80875633571032191     
  0.32668219688499939       0.79652204159608597     
  0.33974250305643411       0.78933477745957037     
  0.35210847970034176       0.79542638041736735     
           7
  0.32400000000000001       0.19400000000000001     
  0.30893745466042660       0.20886439500157425     
  0.31248533872869128       0.19233754854055679     
  0.30877259126263440       0.18505971574829827     
  0.32255624982221293       0.17875072575869208     
  0.32735288669417451       0.18398750274887235     
  0.33351871203852657       0.18275318596167975     
           6
  0.75455398188449907       0.32854630125239848     
  0.74358645784189881       0.33419574207865277     
  0.73377216098570575       0.33487668038478008     
  0.72423152898831433       0.32504348302664321     
  0.73055528829138539       0.32587677841935708     
  0.72933183969347848       0.31892154148804125     
           3
  0.84726640072438852       0.65053878634994844     
  0.84165327597495943       0.62628715149082959     
  0.85729574038847933       0.63291839560465890     
           5
  0.65317644526610741       0.18693138968658557     
  0.62522899919926023       0.18894051805707501     
  0.62789416095596418       0.17690886506901649     
  0.64046249981701242       0.17396569606521101     
  0.64798666770543623       0.17342479910539746     
           3
  0.85772810468873995       0.10167959672626711     
  0.85799999999999998        9.2999999999999999E-002
  0.85960384066968687        8.3411090647200564E-002
           6
   5.0114993078387404E-002  0.92406632590650573     
   5.5751347337954504E-002  0.92825693746348947     
   4.7720453662094535E-002  0.93759891359181058     
   2.6947270091987913E-002  0.93122018358043879     
   4.5550906103246157E-002  0.91195369371088486     
   5.4519616498779219E-002  0.90840342544012953     
           4
   5.2207858842826783E-002  0.59511861951111034     
   3.6885914830020163E-002  0.60766620921012737     
   2.5152099199575867E-002  0.58541569300798524     
   4.1522984208807456E-002  0.58338056043163067     
           7
  0.63548508120619607        5.0138066346024600E-002
  0.62921984313272739        5.4035584116311326E-002
  0.62488683102274090        4.1831577988437035E-002
  0.62643625312016504        3.3314526423499483E-002
  0.62529926548557568        2.7043130060847201E-002
  0.64105601383632771        2.8348860176992209E-002
  0.64660770241927623        3.0453676240490293E-002
           7
  0.23053685656709597       0.71871468464317079     
  0.22233855819969103       0.72469113436856603     
  0.20929109315087416       0.72667177700881058     
  0.20360523619107074       0.71144808296453532     
  0.20724004980571462       0.70348055258735731     
  0.22896894047298091       0.70058118010984372     
  0.22597671942854047       0.70983627899182489     
           5
  0.57855158302818621       0.68735508566681380     
  0.56356894265831980       0.68744273804766809     
  0.55283012289374378       0.68473368551579650     
  0.55784358792079525       0.67146200184730920     
  0.57914376272749601       0.66231233344840901     
           6
  0.30281563541181927       0.84326515612057107     
  0.28545308141911296       0.85009839893906713     
  0.27876110932867909       0.84947912770181444     
  0.27562032048767388       0.82463167087278821     
  0.28156484014956945       0.82980268924601575     
  0.29273542130730118       0.82679762699073700     
           5
  0.44940067208105916       0.57302187540845051     
  0.43196704157047672       0.58513494438365110     
  0.42326503082126893       0.55583276632806833     
  0.43993113984763943       0.55829954902215073     
  0.45451573389686328       0.56221914258458916     
           6
  0.32971438610507797       0.81316304494070213     
  0.32129198220195027       0.81006303445644967     
  0.31278800382359429       0.79368037329278707     
  0.31374198496064604       0.78696939774711328     
  0.32870022879579947       0.78732858663836414     
  0.33923586583398874       0.78528211223168842     
           4
  0.58712265055320112       0.28699086069639568     
  0.57682579061591155       0.29209608342947724     
  0.58316685091016840       0.26795375291749135     
  0.58699999999999997       0.27800000000000002     
           7
   1.0073607415029027       0.68201507082527835     
  0.99239358120947463       0.68967366009218045     
  0.98246979681632884       0.68156719646198516     
  0.97958370462296573       0.67473560224894247     
  0.97773432925860948       0.66241691422126614     
   1.0039313962601606       0.67000229535772937     
   1.0009014344370113       0.67645489600591269     
           4
  0.61239644409453364       0.61613709731501298     
  0.58468909596556184       0.61182894258880582     
  0.59136490450611834       0.59339013884821490     
  0.60802550557525203       0.59801069969095111     
