   976.00000000000000     
   402.00000000000000     
         199
           8
   83.000000000000000     
   52.000000000000000     
   73.000000000000000     
   70.000000000000000     
   86.000000000000000     
   51.000000000000000     
   74.000000000000000     
   84.000000000000000     
   52.000000000000000     
   93.000000000000000     
   91.000000000000000     
   89.000000000000000     
   64.000000000000000     
   75.000000000000000     
   64.000000000000000     
   61.000000000000000     
   2.0000000000000000     
   86.000000000000000     
   95.000000000000000     
   100.00000000000000     
   73.000000000000000     
   61.000000000000000     
   83.000000000000000     
   60.000000000000000     
   85.000000000000000     
   48.000000000000000     
   66.000000000000000     
   70.000000000000000     
   91.000000000000000     
   54.000000000000000     
   55.000000000000000     
   64.000000000000000     
   56.000000000000000     
   62.000000000000000     
   89.000000000000000     
   100.00000000000000     
   96.000000000000000     
   67.000000000000000     
   21.000000000000000     
   15.000000000000000     
   55.000000000000000     
   58.000000000000000     
   84.000000000000000     
   85.000000000000000     
   91.000000000000000     
   55.000000000000000     
   79.000000000000000     
   79.000000000000000     
   82.000000000000000     
   91.000000000000000     
   89.000000000000000     
   22.000000000000000     
   31.000000000000000     
   85.000000000000000     
   22.000000000000000     
   72.000000000000000     
   59.000000000000000     
   95.000000000000000     
   99.000000000000000     
   98.000000000000000     
   54.000000000000000     
   96.000000000000000     
   69.000000000000000     
   97.000000000000000     
   67.000000000000000     
   80.000000000000000     
   65.000000000000000     
   86.000000000000000     
   90.000000000000000     
   72.000000000000000     
   69.000000000000000     
   80.000000000000000     
   72.000000000000000     
   62.000000000000000     
   78.000000000000000     
   24.000000000000000     
   88.000000000000000     
   70.000000000000000     
   71.000000000000000     
   76.000000000000000     
   93.000000000000000     
   64.000000000000000     
   80.000000000000000     
   91.000000000000000     
   75.000000000000000     
   81.000000000000000     
   79.000000000000000     
   71.000000000000000     
   51.000000000000000     
   65.000000000000000     
   68.000000000000000     
   39.000000000000000     
   69.000000000000000     
   55.000000000000000     
   100.00000000000000     
   98.000000000000000     
   87.000000000000000     
   55.000000000000000     
   79.000000000000000     
   68.000000000000000     
   99.000000000000000     
   52.000000000000000     
   99.000000000000000     
   85.000000000000000     
   77.000000000000000     
   51.000000000000000     
   55.000000000000000     
   54.000000000000000     
   70.000000000000000     
   88.000000000000000     
   9.0000000000000000     
   91.000000000000000     
   65.000000000000000     
   67.000000000000000     
   93.000000000000000     
   70.000000000000000     
   73.000000000000000     
   98.000000000000000     
   64.000000000000000     
   68.000000000000000     
   100.00000000000000     
   66.000000000000000     
   8.0000000000000000     
   98.000000000000000     
   15.000000000000000     
   71.000000000000000     
   92.000000000000000     
   72.000000000000000     
   76.000000000000000     
   76.000000000000000     
   93.000000000000000     
   97.000000000000000     
   79.000000000000000     
   99.000000000000000     
   58.000000000000000     
   84.000000000000000     
   82.000000000000000     
   86.000000000000000     
   77.000000000000000     
   75.000000000000000     
   59.000000000000000     
   24.000000000000000     
   69.000000000000000     
   95.000000000000000     
   83.000000000000000     
   53.000000000000000     
   56.000000000000000     
   57.000000000000000     
   67.000000000000000     
   62.000000000000000     
   62.000000000000000     
   91.000000000000000     
   60.000000000000000     
   71.000000000000000     
   68.000000000000000     
   84.000000000000000     
   64.000000000000000     
   71.000000000000000     
   82.000000000000000     
   59.000000000000000     
   72.000000000000000     
   95.000000000000000     
   63.000000000000000     
   94.000000000000000     
   92.000000000000000     
   98.000000000000000     
   14.000000000000000     
   85.000000000000000     
   52.000000000000000     
   85.000000000000000     
   96.000000000000000     
   62.000000000000000     
   76.000000000000000     
   72.000000000000000     
   94.000000000000000     
   52.000000000000000     
   51.000000000000000     
   54.000000000000000     
   96.000000000000000     
   96.000000000000000     
   82.000000000000000     
   10.000000000000000     
   54.000000000000000     
   82.000000000000000     
   58.000000000000000     
   28.000000000000000     
   37.000000000000000     
   90.000000000000000     
   91.000000000000000     
   95.000000000000000     
   89.000000000000000     
   88.000000000000000     
   100.00000000000000     
   87.000000000000000     
   66.000000000000000     
   88.000000000000000     
   74.000000000000000     
   70.000000000000000     
   80.000000000000000     
           1
  0.98053278688524592       0.13831967213114754     
           8
  0.16324627171378125       0.15200824160660947     
  0.14984016768829170       0.15359409686672829     
  0.14493702107309489       0.15519707274771802     
  0.13938863770485069       0.14775538907482519     
  0.13956839474093938       0.14094328149620169     
  0.14851440950017125       0.13619838442897728     
  0.15979559842483454       0.13361836668715932     
  0.16717852589821156       0.13031959951436203     
           7
   1.0732909124220260E-002  0.11092628037088155     
  -1.7215148517062461E-003  0.10655693969305825     
  -1.3718217480809250E-002  0.10639409077997289     
  -8.8743704884741478E-003   8.7785728295677046E-002
  -7.6871616094868148E-004   8.9716583437491337E-002
   8.7447353644178362E-003   9.2623132325572052E-002
   1.0016800793461594E-002   9.8189529173441453E-002
           6
  0.24256779456235078       0.28819929199802852     
  0.22879580911786537       0.28545185305863430     
  0.21976840506266368       0.28785034495323625     
  0.22075873575383981       0.27840089938361046     
  0.22736576610826056       0.26682475548391527     
  0.23300004044552211       0.26321397461772955     
           7
  0.80948000584578217       0.54636783290744151     
  0.79832260779442210       0.55146965709404305     
  0.78731168994761780       0.55451276073088784     
  0.79027673017318312       0.54487636680308194     
  0.78604412979960647       0.53560813357305181     
  0.79055480141021295       0.52800591351184445     
  0.80632968391604454       0.52933556367886392     
           4
  0.89864186602349283       0.81577528835276492     
  0.88831967213114749       0.81659836065573765     
  0.87812958677362341       0.81130738850426920     
  0.89398550916766384       0.80911094760545565     
           4
  0.11811011662230576        6.2130010743077294E-002
  0.10226064982556433        5.4081023951243180E-002
  0.11617828837517713        4.0868682246749249E-002
  0.12398762751737419        4.9905580361635872E-002
           5
   2.1003771323326356E-002  0.47188761896761472     
   1.4625804435949756E-002  0.47413227989305018     
  -1.0562056177705961E-004  0.46567071006428129     
  -5.0175780924887996E-004  0.45749247552246952     
   1.3319672131147540E-002  0.46004098360655737     
           5
  0.14509824987412287       0.29689278494101284     
  0.14160709896231954       0.31066341164051359     
  0.12444676204364388       0.29795313781284877     
  0.12693500059895801       0.28997504788226741     
  0.14900993326413375       0.28570475552662883     
           3
  0.25540410878699277       0.18811355928708320     
  0.25558802153046850       0.16208793714156711     
  0.27490471202335726       0.16982786393548979     
           7
  0.94464253369908591       0.70458029280951850     
  0.93263355931812897       0.70596925060332016     
  0.92590556156665793       0.70310542769326623     
  0.91604769718288159       0.70045372789039217     
  0.91731520392995214       0.68877468256184871     
  0.93124213486533691       0.68330865415773978     
  0.93881325337812016       0.69620342166973948     
           8
  0.96751174898779480       0.89319142119722850     
  0.94691907020482458       0.90301206071548235     
  0.94930141342267937       0.89642080653065026     
  0.94233861319966117       0.89549150653477083     
  0.94124097127887851       0.88253088852969197     
  0.95686345195079248       0.87545292318518686     
  0.96511586603949473       0.88002356590472830     
  0.96414130742609305       0.88737885676693795     
           3
  0.91638479697227659       0.79775880618567030     
  0.93373881114091761       0.77043854119650723     
  0.93471795604221497       0.78079266525118340     
           4
  0.15548602313250423       0.27569835128065884     
  0.14047294242698452       0.28323536037447317     
  0.13757122183825993       0.25869686435605088     
  0.15156732436841511       0.25803747718310355     
           5
  0.76721142996448932       0.51691480134391010     
  0.74371317217783139       0.52640705317959380     
  0.73987810387655994       0.51907371259233348     
  0.74367481085236919       0.50507767648504154     
  0.76790633338020786       0.49980833707207795     
           8
  0.27302938363047746       0.26088033999253707     
  0.28020104600588919       0.26918861616541145     
  0.27680468651942275       0.27306593331981377     
  0.26986291236045523       0.26928773733847838     
  0.25282108627113808       0.25941605999888906     
  0.25579140137058543       0.24937598278545930     
  0.26305956834208161       0.24689804729403941     
  0.27100458622537493       0.25045300573623924     
           7
   6.9725589139212216E-002   6.2533786570218283E-002
   7.5226482980269488E-002   7.3345384403131514E-002
   6.5870317657090990E-002   7.1879539926418962E-002
   5.9289059345962368E-002   7.1313972331450565E-002
   4.7031711424692313E-002   5.4351640406034338E-002
   6.3474033047455927E-002   5.1960962577242108E-002
   7.4371931791115814E-002   4.9320216312316395E-002
           6
  0.76572455813324314       0.48027440025140600     
  0.75849204416235083       0.48824905941690921     
  0.74488203206564130       0.47666069216212270     
  0.74313103003460856       0.46655696446931610     
  0.75523190068878143       0.46598820118123407     
  0.76045806407944450       0.46076036466707321     
           5
  0.95822069164384238       0.61228420373681192     
  0.95116775035621792       0.61034833746342732     
  0.93778799953605874       0.60956007160556025     
  0.93785794669551581       0.59771546565226741     
  0.96223450521100817       0.59580061508898452     
           8
   2.5771522161181989E-002  0.42747854177870909     
   1.9250396115645958E-002  0.42822642429133195     
   6.9710991220882090E-003  0.42828615178525781     
   1.5749065828532405E-003  0.42570572412935787     
   8.3148146518010370E-003  0.42094311275495500     
   1.2819673840250699E-002  0.40471000212557429     
   1.7883500154027013E-002  0.40220989876039337     
   2.8007867980916288E-002  0.40137437302841467     
           6
  0.92564056397543470       0.75024824425503334     
  0.90612784061934681       0.74294806465672647     
  0.90415099085874395       0.73685039391656004     
  0.91191855747093165       0.72659812626072318     
  0.92107503902346088       0.72651524216694452     
  0.92920028045113967       0.73109869797430760     
           8
  0.14773260061059157       0.20739963777256040     
  0.14099233340200024       0.20612618915823597     
  0.13243291116670639       0.20706196670344498     
  0.12637979041371539       0.20674163948025681     
  0.12517810277993227       0.19656833262862627     
  0.13720025269221792       0.17913122688634098     
  0.14552179331043896       0.18775109915254634     
  0.14453506555848494       0.19838281848054687     
           3
  0.21729708628860858       0.24697880016652729     
  0.21853958770990767       0.23064152482976397     
  0.24132283299790172       0.22683017181305246     
           3
  0.29200819672131145        6.9672131147540978E-002
  0.28123243573647455        7.6736964829435803E-002
  0.28601640654720073        6.1119155751450702E-002
           5
  0.12950145591914225       0.33769487029268508     
  0.11269358920792655       0.34140496137099186     
  0.10705344794167163       0.33546875526655801     
  0.11059911012746437       0.31759806142148272     
  0.12515782838183895       0.33262135735512705     
           8
   8.3454263581127786E-002  0.31203251949770661     
   7.5810398264687801E-002  0.32330106362423339     
   6.5792143180537804E-002  0.32640368415098292     
   5.4281970026260541E-002  0.30996076548275342     
   6.2005488741765175E-002  0.30154957011758043     
   6.8332428617937202E-002  0.30259265521529272     
   7.5911694209386732E-002  0.30398455950242531     
   7.6132859548720788E-002  0.31034005847270124     
           4
  0.82611882731248421       0.39243407612424647     
  0.81659836065573765       0.39036885245901637     
  0.80679644448389309       0.37808155179995162     
  0.82859250516057670       0.37722348290849045     
           7
  0.83578533143286637       0.59521996442344638     
  0.83177963220985274       0.59965052086821946     
  0.82158073367270246       0.59466723994136916     
  0.81591961612152919       0.59241656769842699     
  0.81117133934013896       0.58453450747847302     
  0.82673012806158563       0.57568779408419624     
  0.83800794499952969       0.57580712129961809     
           6
  0.92577963067205971       0.86554940522867752     
  0.91425671278814158       0.87239511847693385     
  0.90037468716423552       0.86074448218626542     
  0.90607202505435414       0.84834097073368631     
  0.91619834655666832       0.85065470499505524     
  0.92769860098729418       0.84882444962274406     
           4
  0.32762764438685421       0.15786274850161436     
  0.31477786830796450       0.15851109703793567     
  0.30599983536633363       0.13665476664664192     
  0.31345320603488097       0.12984826575209535     
           8
   5.1768722271291631E-002  0.35726209677734844     
   5.1813373088511763E-002  0.36555430995274862     
   4.2741522903568842E-002  0.36310077112972894     
   3.8582107641604094E-002  0.36672203093870359     
   3.3088317466576693E-002  0.35655709657493978     
   3.3433669659009478E-002  0.34240347154032302     
   3.9582245430079745E-002  0.34398349244007814     
   5.0888142830448832E-002  0.34107254565344203     
           7
  0.96947493856476297       0.73734459707918243     
  0.96080581524533160       0.73507635169665375     
  0.94870143971724186       0.73611102481219748     
  0.94673695959409021       0.73010671059763743     
  0.94500897670006911       0.72096550129947656     
  0.95039401264507306       0.71415402695675723     
  0.95989506736942409       0.71651068129467999     
           3
  0.93099783403981440       0.75650189371229648     
  0.91966578755482220       0.73553145547118581     
  0.93901171649357162       0.73001717299268953     
           6
  0.25953307297459038       0.24744163237557479     
  0.25187814137413073       0.25083611822582091     
  0.23848582760594400       0.24670552498467371     
  0.23633404514120759       0.23944402037150997     
  0.24277828711651139       0.22301057303680782     
  0.25918646480253515       0.24048600789534172     
           8
  0.32586503211583662       0.27029488075044678     
  0.32917710517742366       0.27475143858746603     
  0.31773325062807123       0.27453728656247939     
  0.30581938683396342       0.27139708234850890     
  0.30979296821800983       0.26151293810793758     
  0.30331358213385340       0.25131644255783020     
  0.32541369268600800       0.25460461642439469     
  0.33113125211484568       0.25551671461283176     
           7
  0.19767413112332952       0.31989742073359134     
  0.18748119553457082       0.32607492480206035     
  0.18130817056505241       0.32918350581658340     
  0.17567262900950290       0.31149614891653998     
  0.18569963138341161       0.30697841299596851     
  0.19225612978085854       0.30701039157501392     
  0.20026427317481807       0.30281394432956854     
           7
   7.0358436961806978E-002  0.16902337399749143     
   6.3708230944501704E-002  0.16741406076710535     
   5.2177884966212937E-002  0.16816044342244635     
   4.9012316245356402E-002  0.16205082172313445     
   4.9438685779548505E-002  0.14399216744556334     
   6.2297266640952059E-002  0.14289498425033603     
   6.3412173875240396E-002  0.14917209760660691     
           3
  0.12500000000000000       0.26024590163934425     
  0.11171035389425285       0.25985327751084092     
  0.12133785969647681       0.25006947074894909     
           3
   1.3834483252414875E-002  0.45956589255742647     
  -1.9650402694820022E-003  0.45970096561324636     
  -3.4677333859842235E-003  0.43717619923677137     
           5
   9.0130348860754647E-002  0.57260201106087916     
   7.5759341521148202E-002  0.56570279501878784     
   8.5439589233286400E-002  0.55176738197362052     
   9.5714120657869162E-002  0.55140759840847353     
   9.6687840546113277E-002  0.55964201669805880     
           4
  0.89096154337627476       0.44705444139143735     
  0.88315991752513756       0.44891017462494853     
  0.88533476251946985       0.42817733392394092     
  0.90248411796250594       0.43443892391839056     
           5
  0.12063744020694893       0.33732462536930563     
  0.11335100823366384       0.32968430453167391     
  0.11129818519091784       0.32320868438194883     
  0.12681829229184688       0.31733555816998171     
  0.13467611847919378       0.31008166365398104     
           5
  0.10288371816003590       0.42516876050509256     
   9.4890915226564898E-002  0.42001686131763943     
   9.1862973448045643E-002  0.41148255532946032     
   9.5154578342338522E-002  0.39847841706438247     
  0.10736352304535626       0.40345425741406388     
           3
   5.1923238294894147E-002  0.35653395765722351     
   4.6439385298153411E-002  0.33526620151511144     
   5.8988840264082770E-002  0.33376859598904668     
           6
  0.19315387186010585       0.12705590191386099     
  0.17055986705128626       0.13501256092578276     
  0.16987042413405082       0.12514897170679273     
  0.17563011221897543       0.12164948377872876     
  0.17411954838715388       0.11527241939904681     
  0.19252579782108620       0.10960334828713911     
           5
  0.90532733361773299       0.80392390892708165     
  0.89318915522497511       0.80087093016652522     
  0.88334542783828907       0.79833043747043930     
  0.88543429332282586       0.78716195644985743     
  0.90852147380490211       0.78556939608853560     
           3
  0.80421463831349660       0.80106139416728195     
  0.80696544113892366       0.78276272383855339     
  0.82466775104888101       0.79076105990021051     
           3
   9.4262295081967207E-002  0.17008196721311475     
   8.3442351834114040E-002  0.17672957822453292     
   8.1943520408791104E-002  0.15973592975073589     
           7
  0.91992398364489103       0.84652655021255974     
  0.92053203951941931       0.85408160484315221     
  0.91513043634377578       0.84962309968960847     
  0.90704256733575939       0.84974848079952336     
  0.90019404262404257       0.83984711245388666     
  0.91575105309277705       0.83079946859886233     
  0.92658225563723329       0.83526989152085540     
           3
  0.18814022114628803        1.7640981042834368E-002
  0.18852459016393441        6.1475409836065573E-003
  0.20274348327776409        9.4729847041313698E-003
           5
  0.20270172772487999       0.30879814199069627     
  0.20677524311536666       0.31607972306288096     
  0.18290572313248946       0.31986244652610579     
  0.19227455737615540       0.29676553464529393     
  0.20535936076902112       0.29796158989674770     
           8
  0.24986979542783516       0.25086961563476506     
  0.24253783155636538       0.24981491672404921     
  0.23544625562114505       0.25164211152988325     
  0.22751219702645797       0.25416293945046337     
  0.22441206686633897       0.24949118173841445     
  0.22555094332649797       0.24301279407076123     
  0.22700015795122430       0.22762327250807010     
  0.24414273229037214       0.23865950094934280     
           7
   7.0416476406707507E-002  0.74473861995578672     
   6.2920860797135533E-002  0.75400230601898310     
   5.6735686747248798E-002  0.76072443339936024     
   5.3021870334708239E-002  0.74292634842509475     
   4.9128321976088726E-002  0.73236205882312244     
   6.9661876240964926E-002  0.73816518140583087     
   7.6894784436043306E-002  0.73681624813557500     
           3
  0.16310314427206163       0.52452181737084669     
  0.14455522178267341       0.52398487533431659     
  0.15061475409836064       0.51331967213114749     
           3
  0.18442622950819673       0.38012295081967212     
  0.17001110525631730       0.37390487521627863     
  0.18148487700886828       0.37227269254569395     
           5
  0.77210586046642615       0.48093131442841913     
  0.76625748157475293       0.47811255701884270     
  0.76104419853802030       0.46233119905105974     
  0.76835997324313499       0.45847004489475446     
  0.78500875661628056       0.45280094950843514     
           6
  0.13196825358321795       0.25993622855359744     
  0.12775415495606202       0.26476521867983005     
  0.11778683046283123       0.26295955744742822     
  0.11334906740695803       0.24911701621376187     
  0.12825288463128692       0.24573077691750436     
  0.13582322380551426       0.24552720132001668     
           6
  0.77368286544455434       0.77543777835717020     
  0.77511593204224727       0.78550999518188969     
  0.75618650792322195       0.78528634456304558     
  0.75557461163218387       0.77255773539862238     
  0.75667432748073027       0.76100253157958364     
  0.77935545998178002       0.76277901506597756     
           6
  0.92355598965018537       0.85899897344759257     
  0.90896807496016485       0.85793595246403243     
  0.90428701121835509       0.85162925927188404     
  0.89873789797274228       0.83192052666347105     
  0.90830077790936503       0.83435782307125539     
  0.92185950536263228       0.84490391132956266     
           3
  0.28176229508196721        6.4549180327868855E-002
  0.27031765826956350        5.1187546367068106E-002
  0.28860246889073637        5.2841587495607821E-002
           3
   8.3318105143927970E-002  0.12912433790573941     
   6.8647540983606564E-002  0.13422131147540983     
   7.8078822304674278E-002  0.12165674207256341     
           6
   8.8605871142241638E-002   2.3381721323979698E-002
   8.3706438429081362E-002   2.8031922985265398E-002
   8.4526724198847436E-002   1.0509119156004580E-002
   8.9254636960675315E-002   2.6808942036178757E-003
  0.10945768732852919        5.0174769208136127E-003
  0.10648536175208662        1.0953630149607081E-002
           3
  0.71997556429092269       0.63422963078151295     
  0.71464754045107726       0.61960018168848452     
  0.73632555053074078       0.62363864122059909     
           7
  0.92899037087723768       0.84031006809960240     
  0.92318494685636321       0.84696591523581344     
  0.90967484031692591       0.85206512812608470     
  0.90245132246233517       0.83312053672984476     
  0.90833126283064958       0.83204210031988812     
  0.91535229518301320       0.83203542339137926     
  0.92036664992795170       0.82927922303440815     
           8
  0.13654989818217558       0.17781247597405486     
  0.13352626811146207       0.18237271732939395     
  0.12257912259992218       0.18853559629986144     
  0.11463179955988842       0.17592403139497687     
  0.11237945930821618       0.17069908555405913     
  0.11933482235469488       0.16537641094576089     
  0.11904480530093492       0.15959049969502193     
  0.13622271596743973       0.17080112455010985     
           5
  0.79914057020082752       0.60227494976257190     
  0.78949479681178336       0.60189705357424617     
  0.77818390040322605       0.58016199548928349     
  0.80369634307381521       0.58084941182491701     
  0.80118686104917047       0.58802246720043416     
           8
  0.13375252098349913       0.33655199592995716     
  0.13454063473923009       0.34235124681312984     
  0.12541564197834412       0.33731532032753214     
  0.11528237457985188       0.33700656049737360     
  0.11657481699508555       0.32881500975429429     
  0.11779810896580492       0.31617229013504761     
  0.12488963628308351       0.31352797358247170     
  0.13593846799610740       0.32429379915075984     
           4
  0.72508183410198879       0.65066602567884724     
  0.71856801433640705       0.65546590388751613     
  0.70403851043318966       0.62678343899860645     
  0.72404086235722354       0.64020384403934905     
           3
  0.72888023143944314       0.70053691369204740     
  0.72950819672131151       0.68647540983606559     
  0.73803187279041327       0.67847708774247062     
           8
  0.11460315642502950       0.11228918469369177     
   9.9225859212735912E-002  0.11378891642874156     
   9.5173459256499865E-002  0.10516048432210642     
   8.9366011004051865E-002  0.10748123427549858     
   9.5323276653530062E-002   9.9817631940913212E-002
   9.3003514928576558E-002   8.9514173863951635E-002
  0.11402776514432539        8.9690863864073045E-002
  0.11504030981129144        9.7357754911427979E-002
           3
  0.83616115444641026       0.84755025646980475     
  0.84426229508196726       0.83299180327868849     
  0.85448170474276608       0.82647159804955006     
           8
  0.27090227417715979       0.27192419546337321     
  0.25640881060070758       0.28493440791613089     
  0.25484499582898357       0.27415368280798819     
  0.24877429028302966       0.27514736899421322     
  0.25335032230901550       0.26766962388577015     
  0.24930131463268562       0.25668291441479169     
  0.25308499960314318       0.26131533735047169     
  0.25942416481119523       0.26002643523928981     
           5
  0.75545430034519367       0.58002783226446930     
  0.74814180650098872       0.57965808998371604     
  0.73708980421250836       0.57497672846565306     
  0.74908547111495039       0.55773211938815315     
  0.75760974329720199       0.55975265783667705     
           5
  0.26299727344125151       0.37296651026371574     
  0.25734187556905302       0.37778799392904033     
  0.24807939686753738       0.37754656743227211     
  0.25751385084531142       0.35893250037830210     
  0.26756564752625955       0.35552640263654628     
           5
  0.88753036107701078       0.77094708792534994     
  0.87162297173261427       0.76903721752855647     
  0.87624650835361662       0.75844280327116742     
  0.87420416954813540       0.75005878158920247     
  0.89198027483062481       0.75151710309951303     
           6
  0.15418005565295348        8.6541397182067117E-002
  0.14714143120871498        8.7739414707285246E-002
  0.14508821304324263        7.4622966895597415E-002
  0.13908384813718627        6.2529598638165651E-002
  0.15768823481568553        6.2102955104478760E-002
  0.16685748209605106        6.8770518639347467E-002
           8
  0.90111430956914496       0.34812181065575148     
  0.89395537355168098       0.34590229239451542     
  0.88881749026573398       0.35054570518299533     
  0.88255577207031999       0.34729538225718254     
  0.88523129953058555       0.34034865322909075     
  0.88636600650113173       0.32316597938666558     
  0.89303570784306707       0.32588542206377213     
  0.90436328702072211       0.33114615163599453     
           4
  0.87652000036666244       0.84013703465919765     
  0.87003276538098029       0.84645486553475979     
  0.85632033474479996       0.83531555207212138     
  0.85330837635308487       0.82823856223825376     
           5
  0.89270334014416630       0.59132865505647503     
  0.89204678123047099       0.59979558160923496     
  0.87463076774009674       0.59442278393509118     
  0.89437202888950962       0.58355648236085766     
  0.89983663202900488       0.57815351651429958     
           6
   1.0129807484794116       0.84194350164480036     
   1.0094469011169980       0.85058279190587582     
  0.99015891591763083       0.85031412734894329     
  0.99253926680900439       0.83992400486712704     
  0.98558342754999373       0.83724297545111170     
  0.99601447197592996       0.82532870987125562     
           5
  0.20801950890062784       0.14289234056183583     
  0.19808032592909097       0.13908262845940861     
  0.18423415271261548       0.13628014637928962     
  0.18515204871156177       0.12655350632678150     
  0.19774590163934427       0.12909836065573771     
           7
   8.4304464935091597E-002   9.9874228530141468E-002
   7.3858862608144116E-002  0.10460315480394949     
   7.6538031658688097E-002   9.9488307837869161E-002
   6.7332160760669835E-002  0.10069702276175718     
   8.2432755088387641E-002   7.9693318264241711E-002
   9.1969075238354681E-002   8.1032723454694797E-002
   9.1173137740226229E-002   9.2170648465224103E-002
           5
  0.11387962294028245       0.41525219582239076     
  0.10603956124013350       0.42421219793719483     
   8.6942974094893918E-002  0.40497887586512671     
   9.4608473234215479E-002  0.40107603842459877     
  0.10063001847951306       0.40505773957168650     
           6
  0.30268195205372711       0.43706228707158523     
  0.30079776133028363       0.44460458443444384     
  0.27898196541871151       0.44032035216616056     
  0.27723822381443070       0.43349796539716723     
  0.28975374070611332       0.42564024060663658     
  0.30344807997996048       0.42957965607426507     
           5
  0.94060967926376282       0.86825084443858058     
  0.93185618103396861       0.87282929852831082     
  0.91762963070412173       0.85955368986908476     
  0.92868068786645019       0.84835031615122447     
  0.93664666588858403       0.84794837360079978     
           5
  0.82552754204363477       0.61795602914387482     
  0.81575989692511763       0.61762521399249470     
  0.81514427101449971       0.60158521429769152     
  0.81731443889924815       0.59130268144091225     
  0.83129147686499005       0.59677295178462908     
           7
  0.15839372311250066       0.12853417603181333     
  0.15854432060839013       0.13630244517809742     
  0.14311042033412716       0.13643172635377396     
  0.13754545231738535       0.11742732124521107     
  0.14478342203140898       0.11208884826646696     
  0.15109967039780597       0.11155670581747464     
  0.16233843558574987       0.10842885400280539     
           6
   7.0518409487218631E-002  0.50015616725487022     
   6.8372708896137557E-002  0.50605422454553317     
   5.5476090833491282E-002  0.49126958680277827     
   5.3249731335285863E-002  0.47741072137288615     
   6.3084628116792385E-002  0.47996604718596342     
   7.5936680225893338E-002  0.48788477553587389     
           7
  0.85417640398861672       0.64758636087411847     
  0.85311927057282932       0.66235660310282884     
  0.85012331330372137       0.65703501506474848     
  0.83334810605773835       0.64561564370631463     
  0.83275602806818294       0.63942543595076073     
  0.84039507499685739       0.63623273727104912     
  0.84954642513783030       0.63896470777016956     
           4
   2.3658912973818294E-002  0.42942552600908934     
   1.2785851801150310E-003  0.43662607035869172     
  -5.2307115409839511E-003  0.42838626856861473     
   2.3930245227764133E-002  0.41803763552132051     
           6
  0.16673683306524345       0.16747122431492761     
  0.16179154818649044       0.17332431357599937     
  0.14726727091245315       0.17311347957001957     
  0.14303845061494966       0.16800465915515986     
  0.14425615907010797       0.15057828212221774     
  0.15177517355364328       0.14865935340248701     
           3
  0.32581967213114754       0.22848360655737704     
  0.31105883721072924       0.23039424807375516     
  0.31738511388122237       0.22029083532623336     
           6
  0.88032064887850980       0.32628473739134500     
  0.87258961350020892       0.32710803263520477     
  0.86278075127399723       0.31682303455709954     
  0.86281893857294012       0.30554138466744191     
  0.88556339281203245       0.30286445598197137     
  0.88455183518466707       0.31178673950409708     
           7
  0.20171170817584652       0.28281189946399887     
  0.19866160138507144       0.28767034985113149     
  0.18036145906763379       0.29551195546468406     
  0.17996441070030422       0.27202052947341054     
  0.19101986818033503       0.27540096963208388     
  0.19735000952792597       0.27087885911970982     
  0.20023466105816881       0.27571315509872907     
           8
  0.28271949812250513       0.40231783940243632     
  0.26920726125462108       0.40129878496310339     
  0.26615076447381214       0.38781916147224677     
  0.26650545840261458       0.38224128523300177     
  0.26522802849448590       0.37557257702691743     
  0.27387415880369276       0.37731741692391102     
  0.28427073192010088       0.37976710957976295     
  0.28891593545791500       0.37709461169324626     
           3
  0.17368130916983476       0.25560483338606410     
  0.17940164761791633       0.24385158225942993     
  0.18750000000000000       0.24180327868852458     
           7
   9.8625754471664842E-002  0.23186332478042621     
   9.0020609059693307E-002  0.23616990662114160     
   8.9064671048857777E-002  0.22993387320002170     
   8.4088731127088132E-002  0.22523242333455853     
   8.1766990000809892E-002  0.21134733006644255     
   9.2984739437180983E-002  0.21124169605214804     
  0.10094190400934307       0.21114291419554335     
           5
  0.22157057991319268       0.46151030691621930     
  0.20155755355164934       0.44680160789636547     
  0.20036842321200179       0.43987560346514398     
  0.21095566192013751       0.44073630592291102     
  0.21881753934919457       0.44219930508192973     
           6
  0.29842083032067368       0.42549171386231427     
  0.27845370707886957       0.44012267645661335     
  0.27308178378119746       0.42982911151564035     
  0.27461788103165657       0.42005389983078151     
  0.27807415023602045       0.41374967367086335     
  0.28981999115614765       0.41311490789815553     
           6
   9.3165641977975028E-002  0.11442621586227006     
   6.7811044512226137E-002  0.12457466151399227     
   7.1706393739125879E-002  0.10603381855445926     
   7.8419798836811869E-002  0.10112821228888631     
   8.5435468133931422E-002  0.10004315449403467     
   9.5809072293347453E-002  0.10237370434258032     
           6
   3.3169364965140502E-002   8.2835873539387442E-002
   2.3995047816316860E-002   8.0017519449989583E-002
   1.6862742971079057E-002   8.0095669687908821E-002
   1.0024307622727317E-002   6.1649254175775277E-002
   2.1282421161756663E-002   5.7161347442924657E-002
   3.3253363456238715E-002   6.9662695487719459E-002
           7
  0.14562320724120165       0.40517298141957292     
  0.13412648487570428       0.40699432965871896     
  0.13598561184060981       0.39381172278139137     
  0.13373121664110968       0.38373543167085911     
  0.14294579457428150       0.38043504220429714     
  0.15688562376528403       0.38394685585192745     
  0.15918575560574255       0.39087863683281249     
           7
  0.18245647798216280        6.4007013963020651E-002
  0.17901478137339991        7.7743551398502420E-002
  0.16858095120990310        7.2524088671635734E-002
  0.15540924169101997        6.5318754259022643E-002
  0.16011943816888075        5.6594573408398081E-002
  0.17051929844980437        5.4919314329072072E-002
  0.17566250390050031        5.0667035853945858E-002
           6
   6.5929226739374763E-002  0.43194123265007145     
   5.4540134612935671E-002  0.43184807344391357     
   5.1474284069140890E-002  0.40959056981857078     
   5.7698535954343669E-002  0.40655403737277784     
   7.0416063227793452E-002  0.40966223133761343     
   7.6941122405373957E-002  0.41564617334898268     
           3
  0.19488923446149359       0.26756310591111704     
  0.16802459282433421       0.28006841971188079     
  0.18308242871598510       0.25289158920744681     
           6
  0.24322061832536204       0.32170158144842764     
  0.22983195828465955       0.31960686028738666     
  0.22265913535460455       0.32147930509857975     
  0.21501792955154941       0.31807396493688106     
  0.21483819161980974       0.29552099643562524     
  0.22380412519262396       0.29900380763554707     
           5
  0.84893564328476856       0.63413876541780667     
  0.84042136361706210       0.62194544168573351     
  0.84472163310162496       0.61076807118484733     
  0.85808175181167390       0.60814725403215808     
  0.85875518123409356       0.61604750174443290     
           3
   7.1721311475409838E-003  0.16803278688524589     
  -3.6289062319384289E-003  0.16588353604317968     
   6.2362567302168617E-004  0.15390706274936081     
           6
  0.20425437042227212       0.11654248821301229     
  0.18041815173887113       0.11598305737177562     
  0.17829442242093485       0.10523218504840426     
  0.18725789536189041        9.7045319474124092E-002
  0.19524350303351637       0.10001110432694263     
  0.20389486404989390       0.10060995102053011     
           6
  0.79135687845364844       0.56463016243183728     
  0.77590168522122016       0.56312265020873731     
  0.78108374178478057       0.55874544242357960     
  0.78712486442599627       0.53553048228195232     
  0.80300953760734450       0.54156991768567575     
  0.79693038093051261       0.54895626157513355     
           8
  0.18166773562797087       0.10727706208628739     
  0.17859650830200105       0.11339663193990124     
  0.16783633478716287       0.11526459485975694     
  0.16049157683545459       0.10698292949680335     
  0.15901423818983451        9.4984475004425348E-002
  0.16748521927434440        9.1926419919744373E-002
  0.17360690519034980        8.6861089850403694E-002
  0.18169194260760324        9.8517488535270203E-002
           8
  0.66423550277541121       0.32894004072135263     
  0.66916378436883195       0.33417436361818537     
  0.64980544374094562       0.33888852688879240     
  0.64387899946120419       0.33021595866264097     
  0.64235413006613329       0.32089459574035328     
  0.64866153219274969       0.32011451566750354     
  0.65475327476494583       0.31645617504975099     
  0.66809631337137931       0.32363168516823193     
           4
  0.18444004278889728       0.17760240683159492     
  0.17293827159460834       0.18362657819222580     
  0.16568872584774461       0.17252364446958071     
  0.19158367808900109       0.16015207141056045     
           8
  0.92237722771498198       0.84824612770286656     
  0.90222204376358528       0.84887400879072594     
  0.89619150840147055       0.84222622866632912     
  0.89451285491338905       0.83095178453070251     
  0.90992885786855127       0.82688388996593454     
  0.91573114100726993       0.82681156218617602     
  0.92163246866665682       0.82895537234524519     
  0.91525477973235225       0.83587159055294935     
           4
   5.6091506365335116E-002  0.32279656877218238     
   4.7517943870558507E-002  0.32356630818068249     
   5.1492627722074108E-002  0.30252517182160826     
   6.5596462731349309E-002  0.30166962592070212     
           3
  0.23339357434691754       0.39675328413851363     
  0.20721464848185556       0.38616622169633613     
  0.21571170105857823       0.37599929312606828     
           5
  0.22255340304813498       0.27574819956393809     
  0.21686977733907958       0.28112303515511516     
  0.20657001728072685       0.27307145118094522     
  0.21085789838290570       0.26148567806728124     
  0.22999762874681332       0.26367300444982983     
           7
  0.12109242694275028        4.8231253629675321E-002
  0.11186915336515107        5.3814761573888530E-002
   9.4582365437721042E-002   5.3246110520401048E-002
   9.6488990127265750E-002   3.6831364062472415E-002
   9.5907547509452587E-002   3.1272871936216536E-002
  0.11024296398597243        3.3719709556315716E-002
  0.11892613500141262        3.4598278768989854E-002
           5
  0.41448619433826128       0.12403751945263422     
  0.40157283905497554       0.12481204315966346     
  0.39455175075811083       0.12387846085898144     
  0.39248221427148389       0.10367545526608159     
  0.41567951609190479       0.11235013029274764     
           7
  0.23828343040299024        6.1374279734695183E-002
  0.23279056412091645        6.6737214242625020E-002
  0.22556620667027533        6.3367694901209651E-002
  0.21673645421934742        6.2846457966642927E-002
  0.21865209317570766        4.9503679508360023E-002
  0.22532817358695639        4.0691488640408072E-002
  0.24068846593801627        5.0252682887792582E-002
           5
  0.25810848234407652       0.37387973654469076     
  0.25441094817284182       0.36256181533429399     
  0.25281710641011906       0.35178222136396775     
  0.26455776667868175       0.35313473336815260     
  0.27663045233563421       0.35383932777594096     
           3
  0.92292399959692317       0.60144042249588647     
  0.91598360655737709       0.59118852459016391     
  0.91229838128839802       0.57894319664206217     
           4
   2.8660290231396712E-002  0.30595118159195367     
   2.5224373711163761E-002  0.29808901545498839     
   3.3037664509159029E-002  0.28448290394934095     
   4.8381590819662909E-002  0.28615552043548703     
           3
  0.10460045077988636       0.51947550307639978     
   9.5286885245901634E-002  0.52151639344262291     
   8.1560632467278293E-002  0.51555764809694116     
           3
  0.12224043641446362       0.16161383490591449     
  0.12900062634874349       0.14149457968257853     
  0.13975938247847505       0.14549078814977079     
           4
  0.90786824557759915       0.48174308988399323     
  0.89887291578907236       0.48886285005613062     
  0.88256530877366990       0.46956739252656299     
  0.89309577853547439       0.46626962595441296     
           7
   7.2900425858399856E-002  0.11772480042240679     
   6.5383143304368702E-002  0.11906610544498568     
   5.3439188861138312E-002  0.11485713028076046     
   4.9480571269489362E-002  0.10906226748131846     
   5.3537077181627583E-002   9.7641011814770390E-002
   5.9703343331057132E-002   9.9681593061613463E-002
   6.6051381555390518E-002   9.9090661222409268E-002
           6
  0.14807139541696634       0.24223780701211739     
  0.14168301582995596       0.24759320243521474     
  0.12475812390825590       0.24374733056928172     
  0.12236023576361280       0.22656430321345764     
  0.13473481478550775       0.22485683080106666     
  0.14584164656947848       0.23078647393954826     
           6
  0.16512552622114679       0.26891579439674862     
  0.15874053968816962       0.27192592320836512     
  0.14755801369484722       0.27030870706726984     
  0.13579740498851989       0.26023059316407415     
  0.14676703073407429       0.24597288991694580     
  0.16279158128648449       0.25772443373407983     
           8
  0.79435535735289553       0.57439317915872901     
  0.78827574403788647       0.57410480520339735     
  0.78949588462044051       0.56786903043746884     
  0.78379732667848756       0.55976713070894335     
  0.78299321995613058       0.55234955560478516     
  0.78777122918701126       0.55528012555759965     
  0.79436627138271843       0.55002213827505864     
  0.80646247215710076       0.56002519396954620     
           3
  0.23258196721311475       0.41290983606557374     
  0.22890024101209988       0.40010101764354122     
  0.24028401174791708       0.39981605328920794     
           7
   5.6233639753149087E-002  0.44209261335479427     
   3.5499158925807892E-002  0.44353932302888993     
   3.9011746534576071E-002  0.43382130773289190     
   3.3242299348227290E-002  0.42173039239369592     
   3.7143747659284909E-002  0.41663836825430856     
   4.4829090646280934E-002  0.41970328706711357     
   5.1511123444616828E-002  0.42187437735185634     
           5
   8.6150871548038591E-002  0.40365763187270037     
   6.9842550400458142E-002  0.40204591770117853     
   7.1337771656765553E-002  0.38804961840452273     
   8.2581505952241424E-002  0.37937906825839984     
   9.8752730835382024E-002  0.39233457014093098     
           6
   9.8880692122046032E-002   9.4862130371166115E-002
   7.8340107512027926E-002   8.9644648483288625E-002
   7.1563218358451169E-002   9.6275590847298920E-002
   7.3839091587769676E-002   8.1413011756507461E-002
   7.1240184137479554E-002   6.9921081997580986E-002
   8.5346109331185860E-002   7.4509102956407419E-002
           3
   5.8487016996757624E-002  0.49015311293543623     
   2.9421271326958327E-002  0.46797572795949843     
   5.4736315173393835E-002  0.47583134860366427     
           5
  0.25423490648540126       0.35183082210089656     
  0.24175242561645283       0.35088788638282109     
  0.24790140725126186       0.32960309626676981     
  0.26494939754817265       0.32433195913732882     
  0.26140865901759669       0.33589603759002146     
           3
  0.33877339885872082       0.23171445757146064     
  0.33089301076695860       0.21600437906338751     
  0.35583803923168628       0.20941951995570979     
           7
   9.8009481484371233E-002  0.21577701021487841     
   8.5944162143688357E-002  0.22013344185460040     
   7.4908376544543478E-002  0.22083051213479626     
   7.3932980049229893E-002  0.21410352170228919     
   7.1877975226237636E-002  0.20064488382734630     
   9.2931959951207760E-002  0.19590470145633748     
   9.9469351801674127E-002  0.20136073654412698     
           8
   2.1500931037237672E-002   6.1714149605092798E-002
  -3.6012076858834251E-004   6.8654337328965254E-002
  -3.7040220903415827E-003   6.3611142606226981E-002
   6.4605098060943264E-004   5.8270088065924416E-002
  -1.8784322710037708E-003   5.0806824772865272E-002
  -4.0354357524993913E-003   4.4854180108761882E-002
   1.3696628365447223E-002   4.8266720992665851E-002
   2.2540318337520241E-002   4.5546572823191842E-002
           7
  0.14179877351884515       0.13604011293141674     
  0.12512504416505862       0.13804839191735319     
  0.11600482595699549       0.12419988610409906     
  0.11736966216014005       0.11559805095604044     
  0.12812807890429087       0.11389020596737265     
  0.13425902713952761       0.11606586085063085     
  0.14044835216909710       0.11973692325068748     
           5
  0.13669869926101516       0.47093518237477183     
  0.12644872548178215       0.46842903110075867     
  0.11631162341743795       0.46304336804374824     
  0.11616978541763152       0.45406513519609970     
  0.12771417744690916       0.45190142852107124     
           5
   7.3770491803278687E-002  0.19364754098360656     
   6.4436042408045582E-002  0.20092735616759233     
   6.8181332876168566E-002  0.18367279871461131     
   7.6730246198898747E-002  0.18423070495414878     
   8.7652831521528668E-002  0.18089101120629308     
           8
  0.80365174201946399       0.50957878299273418     
  0.79715553628396396       0.51355603604742328     
  0.78283965376930686       0.51286870384280869     
  0.77801956723737298       0.51521284405800105     
  0.77615358517033006       0.50224023793567973     
  0.77842102163159166       0.49401171248069564     
  0.78672247850570354       0.49163188911541666     
  0.79565827109731502       0.49319999809414622     
           6
   8.6851717834450184E-002  0.20407388064324158     
   6.3560253829548247E-002  0.21586816622506419     
   6.1037201607030411E-002  0.20277004606415930     
   6.9643882264947679E-002  0.19458017995971730     
   7.5513131842319281E-002  0.19193859741642844     
   8.6227780979063834E-002  0.19678264659415329     
           6
  0.17096794797037562       0.20553383722448060     
  0.17286803143864318       0.19792543625665387     
  0.17769656344756302       0.18909361337535763     
  0.17263215693940723       0.18184238980493911     
  0.18909925648812950       0.18028803333099636     
  0.19627589005845142       0.18308869373817138     
           6
  0.75414320214364583       0.56512243202925705     
  0.74998746791096660       0.57123842529161495     
  0.73614031057169038       0.55189579130012234     
  0.74767963060366061       0.55354551450019274     
  0.75848551268352893       0.54806116932455029     
  0.75535607209755973       0.55543385320357674     
           8
   3.5732323973964072E-002  0.34150748761657518     
   3.7124651362985400E-002  0.34965757039333362     
   2.6858897170288686E-002  0.34910547589859181     
   1.9205641568655840E-002  0.35098231115736772     
   1.6567880655472853E-002  0.33957581378014007     
   1.6289787577002109E-002  0.32639301509901902     
   3.5770416566759972E-002  0.32863411151510957     
   3.8448420818785752E-002  0.33362865872722525     
           3
  0.23072545170354269       0.44087881364667925     
  0.21333900663067237       0.42779764010777332     
  0.22773926507864584       0.42165546562069722     
           3
   2.2127508088610980E-002  0.22605430264317433     
   1.7418032786885244E-002  0.21721311475409835     
   2.4865686326146368E-002  0.20337732373448608     
           4
   7.1209745369456345E-002  0.37467401303294490     
   4.7087000917518225E-002  0.36763437593379544     
   6.1782138655783449E-002  0.35993923346635687     
   7.3893264972394151E-002  0.35362041152849816     
           4
  0.83205045266988520       0.54435509307959273     
  0.81762295081967218       0.53790983606557374     
  0.81824927233800770       0.52590778772227087     
  0.83176898806087718       0.53387930640650560     
           7
  0.74164461470899878       0.62660096031568346     
  0.74234661995219542       0.63979642184868912     
  0.73556923712675759       0.63813022124436103     
  0.72184259838439058       0.62568457009056133     
  0.71715627603919008       0.62005501832902254     
  0.73241342612495564       0.61790160645131764     
  0.74398783170859861       0.61551093914235866     
           8
  0.10676769694824778       0.43187173085434560     
  0.10087549760117530       0.43471665139342108     
   9.7532450625356953E-002  0.44403244879860099     
   8.8195686086545946E-002  0.44208779557527145     
   8.5644647969513057E-002  0.43360935227950714     
   8.2309420188095977E-002  0.42591153561791767     
   9.4166153532376812E-002  0.41881748155003851     
  0.10799612738060893       0.41653264742719798     
           4
  0.23458609942302136       0.37639685716201710     
  0.22902726757941599       0.37146462533663888     
  0.24161075909960830       0.34829612983331593     
  0.24766254416554093       0.35585372754029493     
           5
  0.90729076578025192       0.58124957501836194     
  0.89883809203951437       0.59513752814670096     
  0.88675045037290579       0.58055658243843200     
  0.88775504728509014       0.57339021036414795     
  0.90311981475387593       0.56910621960967189     
           8
  0.25471914060286216       0.29211437900337411     
  0.25499526920960075       0.30196646415568973     
  0.24062838127635350       0.30492978504513868     
  0.23673327455856716       0.29786031579999728     
  0.23260496490919336       0.28992267469751198     
  0.23489168060305624       0.27917241996162001     
  0.25840277254484978       0.27758067337368292     
  0.26042908364475470       0.28376251329995600     
           5
  0.24110278684213732       0.38928939213803221     
  0.23398073413429465       0.38355823833367569     
  0.23275416930658599       0.37088021340744776     
  0.23793447027447320       0.36668287201764427     
  0.24603100573126929       0.36378368117926246     
           8
   6.0021875763515170E-002   9.5279769299987438E-002
   5.2707936596512392E-002  0.10030464962886802     
   3.1754285534881480E-002   9.9241427939053620E-002
   3.2250204866365477E-002   9.2345864670611455E-002
   4.1538347966046087E-002   7.8636388020205783E-002
   4.7842020307198307E-002   7.4542129398505505E-002
   5.6860957901042279E-002   7.8278635833483601E-002
   5.8973869402085627E-002   8.5331436879703806E-002
           8
  0.47087358814996927       0.32290787591781062     
  0.45970403247519620       0.33147966351903335     
  0.45365062009749696       0.32625799982462916     
  0.44524508872944796       0.33094141313871717     
  0.44268489253768145       0.31697402216421822     
  0.45435085105538242       0.30963304813157089     
  0.46908890183393986       0.31070946488559759     
  0.46537476565164432       0.31722317251335075     
           3
  0.12450878143575941       0.38765453487728868     
  0.13114754098360656       0.37500000000000000     
  0.14424440929047902       0.37116793801332398     
           4
  0.17084154472493621       0.18023762161985918     
  0.15462846876554093       0.17635899009453898     
  0.15944107898604962       0.16710513525099313     
  0.16700819672131148       0.17213114754098360     
           8
  0.34058180986837133       0.28942467754404977     
  0.32776206917146428       0.29021292221018963     
  0.31766080318876466       0.29340102587925276     
  0.31719047344159845       0.28508828967030569     
  0.31601301608037685       0.26654689352789684     
  0.32131570015775363       0.27089723504121654     
  0.33193821164571202       0.27086429050370797     
  0.33994279534097310       0.26621231298120962     
           5
  0.98675255632985215       0.89361907339809687     
  0.96971140787815346       0.89513645151067900     
  0.97345025611649227       0.88835198957009687     
  0.96760148087178355       0.87887172669490110     
  0.98816091027708286       0.87426589126238896     
           3
  0.78280023251189346       0.84397878792786474     
  0.76269080225989705       0.84174886011879779     
  0.78250389653572494       0.82104923637889193     
           3
  0.13608451605156924       0.20262615353123864     
  0.13034622247368677       0.17978300395806007     
  0.13934426229508196       0.18852459016393441     
           3
  0.10223848739346056       0.13051525880435549     
  0.10573484692216704       0.11522736777512127     
  0.12373183341172590       0.11826577728541136     
           8
  0.13067147294876769       0.31017876167372554     
  0.12442655643389144       0.32213881768254432     
  0.11180596801413817       0.31554297973955303     
  0.11050201489685559       0.30839113838889232     
  0.11188064800650113       0.29418460781326200     
  0.12251726052229067       0.29365833504417871     
  0.12861477645087641       0.29797430664478647     
  0.13673091377153399       0.29797585011583183     
           6
  0.71045223757354314       0.39240395704791259     
  0.69057269223412732       0.39464858139584624     
  0.69406604119666804       0.38813443056654917     
  0.68805180915699682       0.38832112488665277     
  0.69306175764004341       0.37088120665795349     
  0.71378609387835068       0.37705136633453612     
           4
   4.1163477180780644E-002   8.3268446565679888E-002
   1.9338368106420235E-002   7.0888701683576055E-002
   4.3850542879899201E-002   6.2441757823701538E-002
   4.7053249722580626E-002   6.9322372685520842E-002
           3
  0.24274701423963133        7.8736616386009428E-002
  0.22229890785281808        8.4120162468264301E-002
  0.21973480151781496        6.3807319862816028E-002
           4
  0.12895234710791187        8.8145963184199705E-002
  0.11577868852459017        7.7868852459016397E-002
  0.11757621426871204        6.8370241618331745E-002
  0.12560248318335951        7.1947791837955744E-002
           4
  0.24563343939571308        7.7518175544074391E-002
  0.23124024737273027        8.3681103353662772E-002
  0.22457716554949086        7.3471259904551001E-002
  0.22988259483334911        6.4587961004553607E-002
           3
  0.23015431025415181        4.7429961229032903E-002
  0.20855234509102841        4.4973410416006714E-002
  0.22131147540983606        3.4836065573770489E-002
           8
  0.22698381408550627       0.37695476964661179     
  0.22544399682293664       0.38358006353750962     
  0.21770395884502039       0.38152748141415188     
  0.21133519907885370       0.36039925127237588     
  0.21870042156222391       0.35639434579221024     
  0.22846632915263959       0.35720868901736130     
  0.23427377546977005       0.35485541218181277     
  0.23783529447259882       0.36600093927176103     
           4
  0.17292649072223143       0.17541656498479283     
  0.15088172943656780       0.18211246394635083     
  0.14868878084593073       0.16575362741640903     
  0.16715882610158830       0.16359906858657849     
           6
   6.3289789615944364E-002  0.25916735889144460     
   5.3872085438373886E-002  0.26243368922964672     
   4.6995504110109103E-002  0.25596337254120871     
   4.6479331196576747E-002  0.24900477393407475     
   5.0596287540513693E-002  0.24424438780162092     
   6.8666653447567089E-002  0.23375182644567588     
           8
  0.10039637561284204       0.28341439603476670     
   8.6481096408861216E-002  0.27690793402858616     
   7.5012757327691540E-002  0.28078853598365183     
   7.4457798659733371E-002  0.27505334596394365     
   7.4867213637124508E-002  0.26890108426999926     
   7.2739890254779491E-002  0.25711709717642728     
   8.7854391124737821E-002  0.26203750799923392     
   9.4426872563396505E-002  0.26352099436077731     
           3
  0.35025688495481949       0.26933103507842954     
  0.32499796157127347       0.25473482225820743     
  0.34668401380774438       0.24550699688283603     
           4
  0.93417624094582130       0.84721609157972433     
  0.91188197207905175       0.84618704009167378     
  0.92463570935132156       0.83446726387632419     
  0.93649999664090899       0.83558771708101309     
           8
  0.93634120103658347       0.88228715515635425     
  0.92553561479765090       0.89274369893933914     
  0.91453143370831536       0.89026683385823546     
  0.91333356216133565       0.88485817216475593     
  0.90830796617967047       0.87679988409851273     
  0.91746059687879866       0.87136803264213170     
  0.91712989137698187       0.86451312099541811     
  0.93082592074982662       0.86717186744157260     
           8
  0.28596923323220219       0.39550048377684704     
  0.28422993905678257       0.40405370813002178     
  0.27568795244293920       0.40116834665618112     
  0.26718166096432761       0.40448786554794186     
  0.26598309607600995       0.38742621598707938     
  0.27991334931574757       0.37842583109380268     
  0.28511544860850857       0.38435898137328733     
  0.29074827890857602       0.38616443025988223     
           8
   2.8349769241936905E-002   4.4567260685252699E-002
   8.8376595197510472E-003   4.7580426079232394E-002
   3.1167695476372170E-003   5.0064212795926072E-002
   5.4756548919906532E-003   3.5136596031605037E-002
   1.7233491477098795E-002   2.8309831477535151E-002
   2.5573706057355629E-002   2.4235192068435902E-002
   2.9154292776400605E-002   2.9304033992660308E-002
   2.3491838473744281E-002   3.4272742448322922E-002
           6
   9.1307928336448865E-002  0.54714454208645813     
   7.3192477285444771E-002  0.54204516090650168     
   6.6160737221933413E-002  0.54020431381768286     
   8.1452254483318901E-002  0.52193676510938614     
   9.2664787132981999E-002  0.52321108551515083     
   9.1427188880181004E-002  0.53289742517841943     
           5
  0.22618722477161377       0.34112577241814113     
  0.21793906033614222       0.34860672579926194     
  0.19941010253495772       0.34026150679192774     
  0.20567979640902107       0.32912824640818411     
  0.22166649516361037       0.32811404459791371     
           7
  0.14669350341685022       0.28918404489583988     
  0.12693595283780909       0.29344936857248111     
  0.11892917861190164       0.29097126039544047     
  0.12860175656380127       0.26687483851552057     
  0.14214042457501838       0.26682967584827810     
  0.14003354218257957       0.27204961449737908     
  0.14341273717176140       0.27655022021725773     
           4
  0.89139344262295084       0.88114754098360659     
  0.88295250722520613       0.88451869784480519     
  0.88399374956883681       0.86984267174064100     
  0.89353016858588352       0.87284373593953812     
           7
  0.82027684367848752       0.31436142140058559     
  0.82146625350563751       0.32598477228492828     
  0.80782331858844714       0.32509965581002154     
  0.79901410094885583       0.31347303852435593     
  0.79562929496260359       0.30372689366416172     
  0.81342797446642223       0.29867003569624706     
  0.82485124752181394       0.30920497320774698     
           5
   2.6510685799062024E-002  0.55325812644360262     
   1.0900454719615964E-002  0.55841185228053059     
  -5.2219505293325634E-004  0.55835242950235386     
   2.8954982869139508E-004  0.54571373304888915     
   1.3901848212795226E-002  0.53635540679159910     
           7
  0.82869305524039460       0.85067515050043374     
  0.81208969140642584       0.84787020611578889     
  0.80542738878350539       0.85075638242743890     
  0.81193020603378097       0.83915420670954088     
  0.82962082506362500       0.82878089794870224     
  0.83434768480534716       0.83294072695391297     
  0.82932830846429983       0.84035745013128316     
           6
  0.23385558874768636       0.25897096818315013     
  0.21932098818568638       0.26337361063045528     
  0.22074237500369454       0.25526074753533301     
  0.21615679601473600       0.25071350033059653     
  0.22613907427818403       0.23667171174038965     
  0.24149899824154722       0.24004141396931403     
           5
  0.60717048082024538       0.51779287776212102     
  0.58133014455365817       0.52782408800022484     
  0.58027304526857815       0.51348180215551265     
  0.58132686128742517       0.50232839529572371     
  0.60732161688736319       0.50492675066903370     
           6
   9.9077322930876940E-002  0.40950832367051460     
   9.2612541900361625E-002  0.40728966167670727     
   8.0219777252344915E-002  0.40021294459820178     
   7.8088660896417542E-002  0.38405277625337458     
   9.9182514476283457E-002  0.39629285489373806     
  0.10487014969330830       0.39893349399736600     
           4
   6.2468234788390555E-003  0.18938255324275302     
  -3.9836005656931715E-003  0.18890100147379868     
  -9.8198007942869089E-003  0.18296589432561508     
   4.3288353096166176E-003  0.16324211112581230     
           4
   6.8714482627050169E-002  0.51984660951777595     
   5.5167070035518906E-002  0.52135242521385927     
   5.0863566082372795E-002  0.50785424511032917     
   6.6092331211143329E-002  0.50361346699712661     
           8
  0.82104532131523622       0.71320060560278675     
  0.81379164296038287       0.72169941801905746     
  0.80818174892426442       0.71946363996619922     
  0.79770929267004020       0.71815105360465670     
  0.79561012160569633       0.70454446917651714     
  0.79826104209766180       0.69963470416234386     
  0.81548955012105018       0.70033638282070299     
  0.81895724672586589       0.70797549881256683     
           5
  0.20098605236575912       0.38146345921149949     
  0.18540619218324142       0.39239608086979338     
  0.17708270458026470       0.38073939868855239     
  0.18270772053804848       0.36995384830844319     
  0.19000280545436143       0.37459336824713119     
           7
  0.31632233952867966        3.9405449574595602E-002
  0.30925532582827647        3.8443844718954533E-002
  0.29572379481202227        3.9695830233053155E-002
  0.29625815452669058        2.5772203921513019E-002
  0.29303391641913434        1.3249574793108527E-002
  0.31298975223924064        1.6714055840158264E-002
  0.31541894599772036        2.5699603220508051E-002
           6
   6.5498316518411703E-002  0.21542933825649729     
   6.1653509547139940E-002  0.22253514821733594     
   4.4282946270725848E-002  0.20920386185440604     
   4.5184793939140287E-002  0.19692839641636847     
   6.2411389288188485E-002  0.19516992031334951     
   6.6039703550832343E-002  0.20086918991303876     
           4
  0.17709453458287983       0.32559044350876998     
  0.16906656815973328       0.32316903081893567     
  0.15265376686183235       0.31704303976138054     
  0.16877580299514852       0.30480962093578928     
           8
  0.15050417661342474       0.28645468802518936     
  0.14182271791166293       0.28466881193122157     
  0.14027929851164561       0.29012530748635229     
  0.13464464969043707       0.28744213665528540     
  0.12599091670739238       0.27666380906000160     
  0.12848430785216644       0.26622680156126055     
  0.14054472143931990       0.26847785897386744     
  0.14799508223288635       0.27045671502288532     
