   1000.0000000000000     
   192.00000000000000     
         279
           8
   92.000000000000000     
   88.000000000000000     
   93.000000000000000     
   90.000000000000000     
   73.000000000000000     
   100.00000000000000     
   53.000000000000000     
   66.000000000000000     
   82.000000000000000     
   59.000000000000000     
   100.00000000000000     
   76.000000000000000     
   84.000000000000000     
   56.000000000000000     
   91.000000000000000     
   58.000000000000000     
   65.000000000000000     
   56.000000000000000     
   68.000000000000000     
   88.000000000000000     
   54.000000000000000     
   76.000000000000000     
   80.000000000000000     
   53.000000000000000     
   1.0000000000000000     
   2.0000000000000000     
   2.0000000000000000     
   7.0000000000000000     
   10.000000000000000     
   9.0000000000000000     
   8.0000000000000000     
   3.0000000000000000     
   3.0000000000000000     
   2.0000000000000000     
   9.0000000000000000     
   6.0000000000000000     
   10.000000000000000     
   3.0000000000000000     
   1.0000000000000000     
   4.0000000000000000     
   6.0000000000000000     
   1.0000000000000000     
   4.0000000000000000     
   3.0000000000000000     
   7.0000000000000000     
   7.0000000000000000     
   2.0000000000000000     
   1.0000000000000000     
   1.0000000000000000     
   4.0000000000000000     
   4.0000000000000000     
   5.0000000000000000     
   4.0000000000000000     
   7.0000000000000000     
   3.0000000000000000     
   3.0000000000000000     
   8.0000000000000000     
   6.0000000000000000     
   4.0000000000000000     
   4.0000000000000000     
   2.0000000000000000     
   1.0000000000000000     
   7.0000000000000000     
   5.0000000000000000     
   1.0000000000000000     
   6.0000000000000000     
   8.0000000000000000     
   4.0000000000000000     
   8.0000000000000000     
   7.0000000000000000     
   2.0000000000000000     
   1.0000000000000000     
   9.0000000000000000     
   4.0000000000000000     
   3.0000000000000000     
   3.0000000000000000     
   9.0000000000000000     
   8.0000000000000000     
   5.0000000000000000     
   9.0000000000000000     
   9.0000000000000000     
   4.0000000000000000     
   9.0000000000000000     
   8.0000000000000000     
   6.0000000000000000     
   8.0000000000000000     
   7.0000000000000000     
   9.0000000000000000     
   3.0000000000000000     
   1.0000000000000000     
   8.0000000000000000     
   1.0000000000000000     
   2.0000000000000000     
   4.0000000000000000     
   3.0000000000000000     
   3.0000000000000000     
   7.0000000000000000     
   4.0000000000000000     
   6.0000000000000000     
   6.0000000000000000     
   2.0000000000000000     
   6.0000000000000000     
   7.0000000000000000     
   8.0000000000000000     
   6.0000000000000000     
   3.0000000000000000     
   10.000000000000000     
   9.0000000000000000     
   5.0000000000000000     
   7.0000000000000000     
   10.000000000000000     
   10.000000000000000     
   10.000000000000000     
   3.0000000000000000     
   10.000000000000000     
   10.000000000000000     
   1.0000000000000000     
   9.0000000000000000     
   2.0000000000000000     
   10.000000000000000     
   1.0000000000000000     
   8.0000000000000000     
   7.0000000000000000     
   10.000000000000000     
   2.0000000000000000     
   2.0000000000000000     
   7.0000000000000000     
   10.000000000000000     
   2.0000000000000000     
   8.0000000000000000     
   8.0000000000000000     
   2.0000000000000000     
   5.0000000000000000     
   3.0000000000000000     
   10.000000000000000     
   7.0000000000000000     
   1.0000000000000000     
   2.0000000000000000     
   9.0000000000000000     
   4.0000000000000000     
   8.0000000000000000     
   6.0000000000000000     
   1.0000000000000000     
   6.0000000000000000     
   7.0000000000000000     
   4.0000000000000000     
   10.000000000000000     
   4.0000000000000000     
   10.000000000000000     
   5.0000000000000000     
   10.000000000000000     
   9.0000000000000000     
   2.0000000000000000     
   1.0000000000000000     
   3.0000000000000000     
   3.0000000000000000     
   6.0000000000000000     
   6.0000000000000000     
   2.0000000000000000     
   9.0000000000000000     
   9.0000000000000000     
   10.000000000000000     
   4.0000000000000000     
   7.0000000000000000     
   9.0000000000000000     
   10.000000000000000     
   2.0000000000000000     
   10.000000000000000     
   6.0000000000000000     
   2.0000000000000000     
   10.000000000000000     
   10.000000000000000     
   10.000000000000000     
   9.0000000000000000     
   9.0000000000000000     
   10.000000000000000     
   3.0000000000000000     
   10.000000000000000     
   1.0000000000000000     
   2.0000000000000000     
   7.0000000000000000     
   6.0000000000000000     
   4.0000000000000000     
   9.0000000000000000     
   9.0000000000000000     
   1.0000000000000000     
   9.0000000000000000     
   4.0000000000000000     
   4.0000000000000000     
   10.000000000000000     
   1.0000000000000000     
   1.0000000000000000     
   1.0000000000000000     
   3.0000000000000000     
   9.0000000000000000     
   1.0000000000000000     
   7.0000000000000000     
   9.0000000000000000     
   6.0000000000000000     
   10.000000000000000     
   4.0000000000000000     
   6.0000000000000000     
   8.0000000000000000     
   9.0000000000000000     
   3.0000000000000000     
   7.0000000000000000     
   7.0000000000000000     
   4.0000000000000000     
   9.0000000000000000     
   3.0000000000000000     
   7.0000000000000000     
   7.0000000000000000     
   4.0000000000000000     
   6.0000000000000000     
   6.0000000000000000     
   3.0000000000000000     
   6.0000000000000000     
   2.0000000000000000     
   7.0000000000000000     
   5.0000000000000000     
   1.0000000000000000     
   5.0000000000000000     
   6.0000000000000000     
   10.000000000000000     
   10.000000000000000     
   9.0000000000000000     
   4.0000000000000000     
   9.0000000000000000     
   1.0000000000000000     
   3.0000000000000000     
   4.0000000000000000     
   9.0000000000000000     
   7.0000000000000000     
   6.0000000000000000     
   5.0000000000000000     
   4.0000000000000000     
   1.0000000000000000     
   3.0000000000000000     
   7.0000000000000000     
   10.000000000000000     
   8.0000000000000000     
   6.0000000000000000     
   9.0000000000000000     
   10.000000000000000     
   3.0000000000000000     
   8.0000000000000000     
   8.0000000000000000     
   2.0000000000000000     
   4.0000000000000000     
   5.0000000000000000     
   10.000000000000000     
   8.0000000000000000     
   8.0000000000000000     
   5.0000000000000000     
   10.000000000000000     
   7.0000000000000000     
   8.0000000000000000     
   1.0000000000000000     
   2.0000000000000000     
   2.0000000000000000     
   3.0000000000000000     
   5.0000000000000000     
   9.0000000000000000     
   1.0000000000000000     
   8.0000000000000000     
   5.0000000000000000     
   2.0000000000000000     
   8.0000000000000000     
   6.0000000000000000     
   9.0000000000000000     
   3.0000000000000000     
   2.0000000000000000     
   3.0000000000000000     
   1.0000000000000000     
   10.000000000000000     
   6.0000000000000000     
   7.0000000000000000     
   3.0000000000000000     
   4.0000000000000000     
           1
   0.0000000000000000        0.0000000000000000     
           8
  0.92354189478148652       0.92138714651237230     
  0.92392492481476818       0.92730874588023027     
  0.91695796047422840       0.92766028703344783     
  0.91211097126621066       0.93205882118479988     
  0.89557120194715090       0.92846463491557596     
  0.89612509674064156       0.90555582950822266     
  0.91745758279000711       0.90689914935849747     
  0.92383174851050764       0.90615511159284989     
           7
  0.88980570135101111       0.73519408221316296     
  0.87763663982246365       0.73039202473678744     
  0.86655807030304055       0.73585738633593500     
  0.86733793545190729       0.72750047902956960     
  0.86854510310372235       0.71248619583740969     
  0.89374553266202905       0.71210352862210369     
  0.88970750819598210       0.72430553367930828     
           8
  0.98457380112023596        9.0365935312883588E-002
  0.98268915130061929       0.10046078391537952     
  0.97776854808266778        9.7211509138799126E-002
  0.96208044955822103        9.4042813132483596E-002
  0.95334814593051209        9.1964327225739981E-002
  0.95620266712989777        8.2642974630493568E-002
  0.96536932099936701        7.0404368707892351E-002
  0.97698741514828424        8.4260745263203096E-002
           3
  0.60408094785479227       0.20338150460400642     
  0.57852499284018932       0.18719551475772880     
  0.59099999999999997       0.19500000000000001     
           7
  0.96888182573305703       0.15438011935960871     
  0.95973549209263787       0.16133539399653957     
  0.95208169561839540       0.15726145135836225     
  0.94134597575547629       0.15541989614561216     
  0.95134519744312884       0.13782071102195789     
  0.95963452692488449       0.13538539314423756     
  0.96933533934995042       0.14686421799895680     
           3
  0.58699999999999997       0.90300000000000002     
  0.57614532583723188       0.88814277017931254     
  0.59433402456093665       0.89238755135696868     
           5
   1.0085083979601879       0.79890585065180741     
  0.99631929250390139       0.80403092059844983     
  0.98316743913259663       0.80199550444319978     
  0.97954397374782276       0.78252803875236010     
   1.0022267848546651       0.77879341138949876     
           3
  0.61787787788655724       0.13841940571224584     
  0.62471236423414467       0.11845382475163681     
  0.63967246009989998       0.11885486534348090     
           5
  0.55791495380515099       0.69866384733591436     
  0.53994502025617919       0.71398455534748761     
  0.53465409743783032       0.69774356791607184     
  0.53459926169890137       0.69042450437294467     
  0.54298072480715875       0.69161853568852594     
           4
  0.47513868629608147       0.17113172323881193     
  0.46025965482730574       0.17748608449760364     
  0.45102335875722926       0.15424778422712737     
  0.46619567939920370       0.15887313280353058     
           3
   3.9720743451640818E-002  0.65627517386444056     
   2.8149465080448025E-002  0.64105743504195867     
   4.8374895194751674E-002  0.63749332243807033     
           8
  0.62447568966937583        3.3172548660208294E-002
  0.61265379460158520        3.0560572371368389E-002
  0.59924704184867772        3.2207362951347074E-002
  0.60017714787620480        2.6727660154328675E-002
  0.60241793213077821        1.1908807419438918E-002
  0.60841328298388764        1.3031932331123493E-002
  0.61612274627381913        6.8650800796511043E-003
  0.62798810670901384        1.4860878925526590E-002
           8
  0.78666252987482277       0.79742319810189533     
  0.78109327651621219       0.80091788583186674     
  0.77115310198965792       0.80203421028119970     
  0.75825609618978973       0.79544581392798452     
  0.77507773505489619       0.77572886418506659     
  0.77951254043331653       0.77986512461669633     
  0.78606859033003329       0.77785517921413616     
  0.78472420911275576       0.78824795203975440     
           8
  0.39362513520546277       0.36468243053700117     
  0.39222796754759970       0.37067093154000069     
  0.39963619709139742       0.37763875982864148     
  0.37670181182023066       0.37788698964600581     
  0.37362125415575564       0.37154533818880431     
  0.37277385287705733       0.34829430528737870     
  0.37829276990650235       0.35004660282967143     
  0.38880318883545278       0.34858722553519755     
           3
   4.0784554088497856E-002  0.30021170587650109     
   3.5338340874916968E-002  0.29080958553381248     
   5.0999999999999997E-002  0.29099999999999998     
           6
  0.10614564319318993       0.74408431259696206     
   9.4991647673374466E-002  0.74297550716956495     
   9.4771569113131407E-002  0.73286371325136201     
  0.10793962130212138       0.72340276838888140     
  0.11895623496519218       0.71706159187043739     
  0.12391073838673915       0.72257180877058813     
           8
  0.57818840037768515       0.12774858311076229     
  0.57235300767957842       0.13518209849678148     
  0.55984365325061869       0.11760282638807167     
  0.55789789901431719       0.10960424102438709     
  0.56455165871494351       0.11035916189054375     
  0.57051907019087444       0.11482165765197480     
  0.57834490944961969       0.10986424982210180     
  0.58270843675336803       0.11408499972991937     
           8
  0.70481801844064063       0.98821401644550322     
  0.69905962668976263       0.99716406479761366     
  0.68482939505177198       0.99929030549546449     
  0.67655251276791073       0.99023131961104049     
  0.67652581419209346       0.98289707339895049     
  0.68385062790023943       0.97511663561343886     
  0.69064659859378963       0.96990153357456099     
  0.70343837916472118       0.97352437738415354     
           8
   7.2073384768533644E-002  0.14927687319976551     
   6.8301640361858915E-002  0.15990512955822705     
   5.3090148077792818E-002  0.15900506867034744     
   4.6597615037067858E-002  0.15659878439346794     
   4.7482586599434939E-002  0.14921049859249166     
   5.0138406577065038E-002  0.14226085910758959     
   7.0643094294467745E-002  0.13454221644799702     
   7.3055988720526835E-002  0.14335235180606962     
           7
  0.36887458550238472        7.7017217947095472E-003
  0.36299816900380066        1.9259064420385982E-002
  0.35706255403905374        1.3228517962714362E-002
  0.35142787586259683        2.0600086022193247E-002
  0.34239399283317101       -5.6809182660920539E-003
  0.36382020024325201       -5.5509658315540918E-003
  0.36754986391618710        1.7084932498491121E-003
           7
  0.19665583113893864       0.45944376823535132     
  0.19212026441269603       0.46431087407270699     
  0.18625067632958239       0.46452233335335397     
  0.17953109889655131       0.46104057783137892     
  0.17701845407422628       0.44669710600955648     
  0.17689587928109138       0.43588731783979745     
  0.19864102117724108       0.43662903596638170     
           5
  0.68498732057746992       0.66377419639792490     
  0.68501781850185384       0.67190856289122536     
  0.66807679712208246       0.67141281763192195     
  0.67400000000000004       0.65800000000000003     
  0.67845654423476009       0.64916804644639514     
           3
  0.69131741850562756       0.91964721045872566     
  0.68230923378841990       0.91541678761197065     
  0.66658035097356982       0.88886959911825902     
           7
  0.82611830795274277       0.98433542486540271     
  0.82714326013103079       0.99654670094737374     
  0.81440598477982429       0.99468788441947864     
  0.80557535874327424       0.97954848115883730     
  0.80466699965495236       0.97219580470968958     
  0.80986481204385374       0.96839031583822432     
  0.81949206726078039       0.97317599952565925     
           8
  0.72407268861547402        1.4380499143276751E-002
  0.71789173474961099        1.5076327263023076E-002
  0.72265859657738063        1.9670831466671392E-002
  0.69971713532065782        2.7104034200579885E-002
  0.69495911149389422        1.3410985208142472E-002
  0.69749296890160828        5.9411931923513215E-003
  0.70474485133713050        1.9877124497475040E-003
  0.71135947860931026        7.1269847389046886E-003
           4
   8.8232966014473155E-002  0.67030267328830373     
   6.3940524196700474E-002  0.67179677468399712     
   7.0943645911138165E-002  0.64858690584780587     
   8.4866554442147579E-002  0.65183475454552531     
           5
  0.59012983102991379        1.0129400924560006     
  0.57001471894147260        1.0104810989179189     
  0.56345869083174560        1.0128572182560700     
  0.56755586701882388       0.98592969131785935     
  0.58389851092915879       0.98685251476514124     
           5
  0.64634734396366211       0.69565529699949702     
  0.65175414163538070       0.70468348158598260     
  0.63994931621888718       0.70521124479391306     
  0.63021397314756344       0.68087562798937584     
  0.64501694388635644       0.68880696501996641     
           3
  0.55574753231424900        9.7804910254279273E-002
  0.53169231381734205        8.2285141961377262E-002
  0.55788123057828165        8.0274450236970399E-002
           6
  0.60094334764072943       0.39696255881515802     
  0.60009785897784496       0.40585685989827525     
  0.58482651520517603       0.40792132731592173     
  0.57201468402653222       0.38258557507970181     
  0.58817166671291810       0.38434899599600314     
  0.59681040374975347       0.39024206604961637     
           5
   3.4051315772409600E-002  0.15129450660556290     
   3.6222320600639596E-002  0.16174792580723849     
   1.6967371476059426E-002  0.14480348338560542     
   2.8614311628678491E-002  0.13903039553207991     
   3.5840145339671420E-002  0.13866471917374917     
           3
  0.18255805345772047       0.57645811274822945     
  0.16888941686062842       0.55898254406778081     
  0.18200000000000000       0.56100000000000005     
           8
  0.94798501105673449       0.45778487933417206     
  0.95056709255670935       0.47262326746732053     
  0.92606964504651379       0.46511314008469096     
  0.92941382396483174       0.45672226385175252     
  0.93484775263419650       0.44882464278962692     
  0.94152008872382276       0.44651527818593073     
  0.94329318064113510       0.45313269790714861     
  0.94985868479942315       0.45238169903680370     
           5
  0.36514460786778469       0.93888940413482735     
  0.34993529224199171       0.94304467330387975     
  0.35202799539272889       0.93012018599128532     
  0.35777651669768018       0.91291638064460401     
  0.36959091021423424       0.91556084745714572     
           5
  0.37142404006922808       0.85007128366000617     
  0.36084202523101017       0.84627330438510795     
  0.35113924990681522       0.83333179940755775     
  0.35822207875043660       0.82559349811521088     
  0.37499614573825302       0.82605791077646173     
           4
  0.51771718932709798       0.90489556614735034     
  0.50929635056596145       0.90399801321505469     
  0.50377530147991079       0.89794000584246447     
  0.51600000000000001       0.89200000000000002     
           3
  0.45607212032154237       0.92715114294874279     
  0.43410066398532848       0.93760226090697374     
  0.44358179938260939       0.91419008232747645     
           5
  0.51213724799655025       0.44838308574635216     
  0.51596088573872745       0.45867644961776582     
  0.49215019343243260       0.45429884684695071     
  0.50914237931124018       0.43193889231007637     
  0.51597981999811848       0.43009912627310704     
           7
  0.52135116184585828       0.79536497678520202     
  0.52630552729292479       0.79855625659189944     
  0.52301562515392797       0.80487176223739987     
  0.51611479520588766       0.81327224425719302     
  0.49924531912908093       0.78565554989599340     
  0.51795897881927777       0.78514494392775647     
  0.52708498682794314       0.78338219733640335     
           8
  0.91990213933791920       0.39168642294999734     
  0.91371764286936263       0.39589725867641490     
  0.90724996254432977       0.40132961502688885     
  0.89972217121300258       0.40266381824052622     
  0.89133485233742393       0.39763520217473441     
  0.90435771507288898       0.37561305843638709     
  0.91065125005146463       0.37540205932515019     
  0.91723915538994261       0.37281450943757760     
           7
  0.48930515800931507       0.78975164217149785     
  0.46988338229314730       0.80645157346549134     
  0.45908938525716747       0.80250630233660747     
  0.46178609470174692       0.78917509200648339     
  0.45996413047050549       0.78088259609995625     
  0.46808475407131961       0.78050643576584788     
  0.47928723659539818       0.77681441782357608     
           3
  0.54740239372020683       0.79450463079882250     
  0.56124476545467350       0.76833669264803295     
  0.56903753704002802       0.77511067784658583     
           8
  0.47565514120193164       0.55524993216586327     
  0.46768881938967083       0.56369947850110225     
  0.45634378705855239       0.56766707050368437     
  0.45455885649624939       0.55124413766051750     
  0.45946151398808216       0.53662948341301908     
  0.47109752579254910       0.53635024140141807     
  0.47123856483922083       0.54221108337353141     
  0.47645757524970139       0.54787532225210323     
           8
  0.32774312211074269       0.65054202141912998     
  0.31609990032486074       0.65575416794421615     
  0.30059567285025673       0.65318518380173007     
  0.30707033222048652       0.63893857791967967     
  0.31162081616383192       0.63256301561496930     
  0.32241479320393579       0.63617221605633623     
  0.32673460249047859       0.63076285819311106     
  0.33063309059552892       0.63795564930630522     
           4
  0.75279574515770720       0.40860207186226966     
  0.74073576221901827       0.40847347286371877     
  0.73799999999999999       0.39600000000000002     
  0.74281294381327045       0.38690031002072273     
           5
   3.2102061741099398E-002  0.92426754421334956     
   2.9407773823526856E-002  0.91524182786963981     
   3.1517622601081048E-002  0.90673400061761888     
   5.2014889103101314E-002  0.90039805318223631     
   5.7629896916477304E-002  0.90923211375272595     
           8
  0.81188967911774723       0.88596186129376608     
  0.80240312125584967       0.88129420813845361     
  0.79592201757595193       0.88181459805063400     
  0.78423364542510543       0.88485093355811995     
  0.78737891781892944       0.87538124731200473     
  0.78303785497160128       0.87038742998695773     
  0.78376328726467293       0.86148271597067938     
  0.81111513610176711       0.85765679386850657     
           4
  0.93548426361616344       0.65143991503886323     
  0.92200000000000004       0.64300000000000002     
  0.91525563903588203       0.63284240349368903     
  0.92823491127556501       0.63486117008721266     
           8
  0.80657205530409537       0.58814983376795249     
  0.79053577597596447       0.59727076053384365     
  0.78514289044229635       0.60136952138675226     
  0.78363622287177837       0.59560339167230969     
  0.77993613474371182       0.58097586656980005     
  0.78374556660519057       0.57320535231765102     
  0.80185694675260877       0.57059520895474636     
  0.80156289842614226       0.57838417568606182     
           6
  0.93026532105952631       0.46461706331077995     
  0.91473915506995662       0.47166064461019602     
  0.90547200175166032       0.46577658767565677     
  0.90975942227031381       0.45198122206144903     
  0.90949443474906266       0.44375089342141671     
  0.93599881606561386       0.44708837727414780     
           6
  0.17235821813208566       0.29465278766681452     
  0.16341843996724625       0.30513173106096592     
  0.14582805512844130       0.29939120638869737     
  0.15162015392157835       0.28945563757890952     
  0.14643110236898096       0.28286567451504480     
  0.15703895488861727       0.27952884783955034     
           8
  0.60700023966629935       0.25380902837413766     
  0.60960065803051910       0.26155743847734686     
  0.60250671622190244       0.27168673032856050     
  0.58281494083171825       0.25897261253605369     
  0.58448956019494469       0.25000562377177699     
  0.59606908030245409       0.24610339717198226     
  0.60347290363312622       0.24207153253683023     
  0.61055644193395064       0.24625707845708619     
           3
  0.51070690580045897       0.23132015393266986     
  0.50106116366213016       0.23110243763118749     
  0.51600000000000001       0.22100000000000000     
           4
   8.9857835095154936E-002  0.18296369633674253     
   8.7216026618342241E-002  0.17318250574614696     
   8.7456937049542743E-002  0.15508236837542402     
   9.9000000000000005E-002  0.16900000000000001     
           7
  0.80163228935696862       0.63961506315355310     
  0.78497488921776815       0.64524891175073840     
  0.77999839140438032       0.64841213765174888     
  0.77674325117084719       0.63994344318052465     
  0.77644987003423649       0.62741810428027422     
  0.80045518265651794       0.62389174176144457     
  0.79700792962214428       0.63394305410073248     
           8
  0.44045184338045446       0.75592696285262084     
  0.43629699951281997       0.75946674885844656     
  0.41633204149274949       0.75842593928985347     
  0.40931443392598721       0.75886644688137572     
  0.40967145428689089       0.73750443460149362     
  0.41577765032586184       0.74146443147448871     
  0.43317257315736918       0.74096261557294418     
  0.44055237203030734       0.74301264181334004     
           6
  0.61489938275819200       0.68872440242972421     
  0.60707701155070259       0.68891381663882112     
  0.60581026079839673       0.67987566159766644     
  0.61057442034942644       0.67058076617428086     
  0.62151435768260599       0.66817890028129145     
  0.63027337111729609       0.67778039457042649     
           8
  0.96104501074677640       0.44471310782233725     
  0.94238442871463635       0.45452247765253539     
  0.93584692264388514       0.45292085066533638     
  0.93597194327619326       0.44178232674167850     
  0.93568424183455390       0.43013232460677098     
  0.94798079489549336       0.43379651033038025     
  0.95769415398398949       0.43545274868281331     
  0.96419796673945968       0.43827060544694690     
           3
   1.0003868501241222       0.46965516234294585     
  0.97336472961154585       0.46633829971445528     
  0.99606012876829020       0.45347666827816968     
           3
  0.19739431740341870       0.29444859852839278     
  0.16648837279520531       0.27817482668381477     
  0.18621060876064818       0.26686781868368981     
           8
  0.14038814013706666       0.35480864435934467     
  0.13958749840686729       0.36077897013877080     
  0.12153420119944135       0.36222835423730398     
  0.11443047952827144       0.36562632385310917     
  0.11345050629655735       0.35270982989927652     
  0.11354934927351179       0.34299216999441956     
  0.13421382209790680       0.34092174972228018     
  0.14017002540087203       0.34617507568387978     
           6
  0.80471869049468836       0.82948177000712786     
  0.80437955343518630       0.83613077355211773     
  0.78946817611184394       0.83482037127403241     
  0.78087576709723550       0.81936823230759981     
  0.77573893762291202       0.80769730369569614     
  0.78135557073984574       0.81232007562290043     
           8
  0.65603959352630936       0.61054821244477997     
  0.66062083334377497       0.61664237785192466     
  0.63628492667244241       0.61276129286830872     
  0.63545161935919825       0.60569317858167848     
  0.63477966900203708       0.59916358880775589     
  0.64786765006936675       0.59964122038732737     
  0.65735544263990275       0.59353285608776407     
  0.65731860257273855       0.60491715804370272     
           4
  0.86653735545339505       0.39317311787909481     
  0.85699999999999998       0.38600000000000001     
  0.86273738114208987       0.37073008466170215     
  0.86718737393152012       0.37789903762235044     
           5
  0.93022504986739707       0.15666608393187428     
  0.93261183332038489       0.16801781242967406     
  0.91700000000000004       0.15400000000000000     
  0.90738164503912988       0.14116210614145730     
  0.92376551115248828       0.14129565394313695     
           8
  0.41064751128656024       0.48652694188307799     
  0.40550607706443359       0.49204731356111581     
  0.40000967054652098       0.49029599687379655     
  0.39108063101859342       0.49209261760950890     
  0.38309877235197476       0.49163637706604035     
  0.38628713152755390       0.48118762437622831     
  0.39543317144000639       0.46929566380306398     
  0.40132731893660195       0.47199331490365298     
           7
  0.74257646095933305       0.70114015027021404     
  0.72062891806116580       0.70364346946816703     
  0.71793842240111139       0.69529869415304613     
  0.71600144606073779       0.67719137795454154     
  0.73612783594067910       0.68002962000038780     
  0.74338560526779363       0.68043382963026755     
  0.73875453403905267       0.68807280447709041     
           4
  0.14301406806244343       0.51852852359209556     
  0.13365747145852094       0.52270391102010572     
  0.12575432232947623       0.52095271583489333     
  0.13400000000000001       0.51000000000000001     
           8
  0.18306189468307563        3.0567746162846795E-005
  0.16435262712667617        1.1304235368494576E-002
  0.15884869330659715        9.1526133268267154E-003
  0.16547708172006934       -6.6467369956554941E-003
  0.15958459175239703       -1.3014065022129300E-002
  0.17470051791671698       -1.0377736208121879E-002
  0.17884456285150527       -6.2485933246948979E-003
  0.18478912623501381       -7.4608004364185698E-003
           6
  0.50859493294697178       0.73451732070735865     
  0.50532419521079619       0.74765128917700441     
  0.48800037552674930       0.74512861395642616     
  0.50020530514964967       0.72221042243790989     
  0.50680669826436087       0.72561756892756191     
  0.51301789655329322       0.72879551070687698     
           3
  0.77419468658197865       0.57353174113701388     
  0.78000000000000003       0.56499999999999995     
  0.78800029494418278       0.56003711615478269     
           3
  0.92326398062817805       0.47729423926276004     
  0.90800000000000003       0.47699999999999998     
  0.91382221970927546       0.46886243408496442     
           3
  0.91700000000000004       0.34100000000000003     
  0.90778919383348489       0.33630957085844104     
  0.91816964871502071       0.32596027087298807     
           4
  0.28618163655680079       0.55385814774723030     
  0.26613484860013481       0.56472327754277174     
  0.25659105531801601       0.54393288290629249     
  0.26551462763284672       0.54483210826899031     
           8
  0.43397242677109704       0.88907805221117842     
  0.42535837012132516       0.88812729552348468     
  0.41745166623350360       0.88968680065473515     
  0.41224218792463430       0.88658976585993121     
  0.40676949300680731       0.87349835980148083     
  0.40668839541549906       0.86618506086973224     
  0.41458735269249386       0.86053932973058911     
  0.43266578615478424       0.87169402912872895     
           7
  0.78107729601472342        6.6586244365677326E-003
  0.78168937352204859        1.5793724270541418E-002
  0.77697126597087851        1.0890442854525662E-002
  0.76869693468805522        1.3178365874541039E-002
  0.75504132513989841       -6.0459501259328453E-003
  0.78067872390055537       -8.2566040748700414E-003
  0.78525808006833286       -2.2931734372405319E-003
           8
  0.50691220809832227       0.62476841332928057     
  0.51215753794108332       0.63139463299767873     
  0.49428449802073976       0.63576274932560084     
  0.48517329538733922       0.63413731368050708     
  0.48460558667342685       0.61404215179464172     
  0.48803993573186699       0.60780807471477249     
  0.49737840070087674       0.61417195470054764     
  0.50437131760369369       0.60861641018858170     
           6
  0.86773299423772543        2.5363622521184778E-002
  0.85570373077831341        3.7093063103538708E-002
  0.84261527772315936        2.8682732160545898E-002
  0.84203863355403774        1.6048202270711204E-002
  0.85165429982484209        1.5225061715262278E-002
  0.86639120521710100        1.6267913417744168E-002
           4
  0.86104017683626555       0.52424900006735375     
  0.85285423209666245       0.53024457464818275     
  0.83916460352947386       0.50676238548590502     
  0.86398828214126788       0.51140743361173391     
           6
  0.52803137061724748       0.21158267233025185     
  0.52036646700646982       0.20999767918114995     
  0.50812066989446614       0.20813905766443005     
  0.50384678113710069       0.19714061093002078     
  0.51582553435314238       0.18773517958151337     
  0.52767124823825950       0.18080906666877844     
           5
  0.10155562282535724       0.82631711826215659     
   8.9128329048992275E-002  0.83223731612758256     
   7.7150781722275741E-002  0.83038236382474162     
   7.4804621711807961E-002  0.80817799189889628     
   8.1376170203519255E-002  0.81443080825634395     
           8
  0.84270319168827656       0.90561739016554854     
  0.83762378758031475       0.91326162781828679     
  0.82890859079153412       0.91494789392775577     
  0.81824804577669441       0.91545938881691669     
  0.81177450974306531       0.88553038186971544     
  0.82993108371197744       0.88582642341211271     
  0.83752109498615979       0.88980653697317080     
  0.84031647378711416       0.89536739119767750     
           7
  0.35587614559180381       0.18341730664147377     
  0.34196777050976351       0.17221101045460016     
  0.33600433037335886       0.17143928703330769     
  0.33983998951284972       0.16308191678277406     
  0.33625472481036317       0.15509800751117975     
  0.34461908893416626       0.15265929695579181     
  0.36370294942400538       0.16314371935209179     
           7
  0.65403099972755396        6.7166251148458131E-002
  0.64692545573031857        7.1464152119386851E-002
  0.64061952570168357        5.2518138118805541E-002
  0.64710557931516699        4.0607985365212713E-002
  0.65566161737290862        4.3800997516533734E-002
  0.66939494012961798        4.4985057012088617E-002
  0.66984181552676281        5.2011658494836917E-002
           3
  0.20747588176192006       0.93570008044743913     
  0.19900000000000001       0.92400000000000004     
  0.20357842607242799       0.91433133208253003     
           5
  0.74552707337722557        5.7804961809002152E-002
  0.71882669032621926        7.0681708585992764E-002
  0.72235631101301334        5.7761846751140496E-002
  0.71736608870275775        5.0951812570431507E-002
  0.74148748669299458        4.3750765847130120E-002
           7
  0.78349008243663310       0.75425159884707327     
  0.78578090808854206       0.76075660711221782     
  0.77385021666343312       0.75821465464865478     
  0.76019174614879825       0.75396160613056473     
  0.76057929457471252       0.74124053385460875     
  0.78665175715976698       0.73670597145867422     
  0.78101733295442488       0.74834603204631345     
           6
  0.89966599455819052       0.98300053559351530     
  0.87200449915792433       0.98467798443191723     
  0.87571217858376915       0.96925362359838563     
  0.86980266585674393       0.96053466897964135     
  0.88118356283211918       0.96031660775663907     
  0.89374498712405015       0.97025663172687304     
           5
  0.16730658268173268       0.43649030587074511     
  0.16484783806441247       0.44527014446705682     
  0.15450201794862958       0.43869840721838710     
  0.14617767407310256       0.42014658868690563     
  0.15788132812354760       0.42173101541831959     
           7
  0.57125836089736937        2.6047712492051123E-002
  0.56020198351167660        2.6163079227015974E-002
  0.54876677717926459        2.7908977369614889E-002
  0.54896118965265484        1.6511801563688009E-002
  0.56569678598449569        9.5521002834565716E-004
  0.57363941830664833        4.2173554543996194E-003
  0.57546337355163146        1.4445053779348500E-002
           6
   6.3031934997162364E-002  0.96334431043661273     
   5.6491410136389274E-002  0.97406141063017770     
   4.7794790940471926E-002  0.97270362460046655     
   3.6467967379605705E-002  0.96742836283993427     
   4.7405162870050033E-002  0.95047211163499323     
   5.5989092165118957E-002  0.94951666645759003     
           6
  0.62162723982865542       0.23562996980893269     
  0.60445721725017176       0.23269847357474202     
  0.59589043411044518       0.23807946173837999     
  0.59460277988667742       0.22452208276778365     
  0.59658279516258006       0.20931841546310959     
  0.61458378882542086       0.21158079262110949     
           3
  0.64296472559289009       0.87515734745173623     
  0.63319307854060725       0.87121603345091914     
  0.62800000000000000       0.85999999999999999     
           8
  0.27304167675892405       0.43563140225363406     
  0.27296734822675250       0.44750238361471661     
  0.26565912256585406       0.45032824163612978     
  0.24841973649580107       0.44813186754675960     
  0.25264305233549783       0.42887319104114879     
  0.26687291429936438       0.42053383733913158     
  0.27601405914209931       0.42095373664060337     
  0.27423813033557509       0.42971225101522587     
           7
  0.70820343417573295       0.77090047019027519     
  0.70148798910628674       0.77381581835989610     
  0.68866212209997790       0.76480203487082177     
  0.68633181777678909       0.75686207472882616     
  0.68455308320532404       0.74999186328235723     
  0.69755294297575599       0.75121983824338201     
  0.71359924734348035       0.75295092422797394     
           3
  0.44902211934171526       0.49403434455306283     
  0.42818812058524480       0.48438132296159708     
  0.44177965663744101       0.46713865514547626     
           5
  0.10890965874450761       0.24725305972053793     
  0.10977130670312558       0.25772591771778214     
   9.4627356876514107E-002  0.25701237985848868     
   8.0556814932007711E-002  0.23165546257479924     
   9.9182586933514172E-002  0.23582145313028302     
           5
  0.24998707684505497       0.63678068851269698     
  0.23837188924792782       0.64024696235248890     
  0.22173254034906101       0.63399035184364061     
  0.22444250146585201       0.62268563759951767     
  0.25038905097417191       0.61429028565236921     
           5
  0.31832302455647710       0.89748094005496304     
  0.30851075262291072       0.90436808818455816     
  0.29982749164110800       0.90682744800539294     
  0.29661505859067416       0.89099977248222229     
  0.29731984155957397       0.88184728803988310     
           4
  0.69158268455687233       0.31076817376926552     
  0.68261072332327588       0.31631829473020151     
  0.68070120318513649       0.28675088639203300     
  0.70677643798845291       0.29728123078563629     
           5
  0.38686061743461370       0.65376059587252000     
  0.36734781542597172       0.65391437543397768     
  0.36778225280100951       0.64106173259906207     
  0.37350105716587817       0.62884956391117075     
  0.37800000000000000       0.63900000000000001     
           8
  0.84569425846461888        4.2115527847704455E-002
  0.82940800932556369        4.3186659121519054E-002
  0.82533332046830843        3.8197786386079229E-002
  0.81771184979403166        4.1451549605521887E-002
  0.81783893262951080        3.3444708837267703E-002
  0.81798812874567339        1.8762590045760995E-002
  0.82938389193545459        1.6178870029094350E-002
  0.84024391196253378        2.6300758693512678E-002
           3
   3.3027006568771083E-002  0.35332781966735793     
   4.4235713756188219E-002  0.32814265629970168     
   4.3999999999999997E-002  0.33900000000000002     
           8
  0.89698344310697953       0.65036204854915580     
  0.88144981461832461       0.65809446987946507     
  0.87188479320336254       0.65885603301739804     
  0.87585336482769238       0.64588744217239458     
  0.87218751696524432       0.63923628161265733     
  0.87018178195716522       0.63202936223858586     
  0.87723870756754285       0.63032413736670312     
  0.89921507725164285       0.63939612625215858     
           3
  0.13603518637944492       0.60163572898535833     
  0.11338261790455814       0.60921402299920691     
  0.13156993400593120       0.59022107064706242     
           4
  0.84270363351500199       0.74497644812967578     
  0.83633621406832281       0.73299404785377631     
  0.83626597881822229       0.71907752436418859     
  0.84999999999999998       0.73199999999999998     
           7
  0.16788339072893904       0.86345427200444258     
  0.15145714739379740       0.87622536509460769     
  0.14380351614245376       0.87492832371730767     
  0.14387373176370985       0.85698717967854965     
  0.14575483589756835       0.85035552161636785     
  0.15482839695510206       0.84989430245213171     
  0.16663721417679822       0.85340127820577771     
           7
  0.24293066810015571       0.35085091156268827     
  0.24082819021062504       0.35713019166920124     
  0.23219929593086028       0.35902551200468386     
  0.22298498224335406       0.35843969466139297     
  0.21778661377237174       0.35289911199755991     
  0.22097637246841273       0.33444433417156832     
  0.24333489754973628       0.33473791419520682     
           4
  0.31464179320889590       0.72940844240507408     
  0.29154526792728735       0.71595735309880049     
  0.30026925011411976       0.70428844434931415     
  0.31514931689066189       0.71533450072121407     
           3
   5.8891150109557498E-002  0.96397417700631460     
   4.5765343084417945E-002  0.95831098330131592     
   5.7863587162822513E-002  0.93941148117637918     
           6
  0.47684294810963523       0.49824310841609359     
  0.48185216657547364       0.50904387408545360     
  0.45359115489512231       0.49200841053914979     
  0.45671214378038155       0.48426674785490015     
  0.46865935676131193       0.48073659915659395     
  0.47780659422413391       0.48897186764418649     
           5
  0.16535857225875555       0.64660459460777953     
  0.16657836259356457       0.65457315126014637     
  0.14406964768032127       0.65226030929727552     
  0.14384184144807674       0.63838059420737436     
  0.16792748864722720       0.62934354694068495     
           4
  0.72801059856946648        7.9950326292525326E-002
  0.71356164280554557        9.4728750566707667E-002
  0.69769383959663889        6.6401149066493664E-002
  0.72766865603864883        7.0975538975124375E-002
           8
  0.67162169807880212       0.57807307664117302     
  0.66392321258350606       0.57957713009591683     
  0.65765937180374145       0.57441427999699546     
  0.64790492073499695       0.57573597147391986     
  0.64360950842847664       0.54979665502595565     
  0.65726049850352664       0.55443701759832675     
  0.66567914598385525       0.55003347953039627     
  0.66777136289126471       0.56046446614866696     
           6
  0.89419300361330090        1.8036705505244523E-002
  0.87871225154667332        3.1685716751998466E-002
  0.87083370274778182        3.3531318442963004E-002
  0.87026409078469935        1.2976013294311511E-002
  0.86735412984467142        4.8268455511801187E-003
  0.88587072111879428        2.6027522448048377E-003
           3
  0.78100000000000003       0.65400000000000003     
  0.76866538067021606       0.64111135857552082     
  0.79125101314113189       0.64353920523348762     
           7
  0.48692048109989605       0.81711687531135857     
  0.48057593330906145       0.81120520834434406     
  0.47474164058967100       0.80559830047567671     
  0.47650223715455647       0.79137292519292124     
  0.48557793407114203       0.79528132357415637     
  0.50177422876714539       0.79567861380879812     
  0.49988933682419051       0.80170409546670651     
           4
  0.82437368205291950       0.57814990270525168     
  0.81071346721375293       0.57610775732112307     
  0.81502327705013833       0.56027646835817979     
  0.82889128227906073       0.55506971951574358     
           4
  0.88745296666128770       0.50360013819354676     
  0.86347968407031017       0.50948322267079316     
  0.86894474620111839       0.48887367392246794     
  0.87981891234148701       0.48452716432771914     
           3
  0.44100000000000000       0.89800000000000002     
  0.44012823140393276       0.90659619561166882     
  0.42551019312602889       0.88557594036488563     
           8
  0.60344071089232321       0.52028886046313239     
  0.59864255230345642       0.52566170666429590     
  0.58982985052902304       0.52802548694671303     
  0.57685425554854952       0.52475488480665378     
  0.57529612587517598       0.50531486195810171     
  0.58603745510983152       0.50684983132737993     
  0.59477127959861542       0.50296166378100338     
  0.60318144432038368       0.51362723028588964     
           3
  0.17667594265037875       0.62275542288951014     
  0.15152897506146903       0.60736820912296841     
  0.17731074651311934       0.60399142618012847     
           4
   3.2215715531158207E-002  0.75782465767047402     
   2.2497193307820115E-002  0.76397490864688378     
   8.7244243988216404E-003  0.76190244395057904     
   2.0404112716572321E-002  0.73902798775847378     
           5
  0.17305194170498539       0.79251552301051442     
  0.16292978823468235       0.79330499717611302     
  0.15058164781037789       0.77386166493668074     
  0.16004851854319579       0.76292539504094758     
  0.16733645805024833       0.76595557026241967     
           6
  0.30748281858967541       0.86827918518691705     
  0.30011051718658355       0.86612807249687995     
  0.29470638767235680       0.87041584533640837     
  0.28683247900310482       0.85566480926086419     
  0.28979562110407175       0.84332454826874481     
  0.31155959124623489       0.84523494175099145     
           4
  0.26531856332974857       0.50128052863082806     
  0.25611906347391300       0.49744865586167009     
  0.24726469474236884       0.49312672984575706     
  0.25620406009954255       0.47570972801430811     
           5
  0.44664455438686818       0.87778295702573361     
  0.42347747964683480       0.87666221046347059     
  0.43700000000000000       0.86599999999999999     
  0.44565681757279091       0.86049499645110861     
  0.45252238361904806       0.85844166240540865     
           5
  0.20255350844791067        9.9112412472613529E-002
  0.19325290597836661        9.8548250222566108E-002
  0.17580563607233862       0.10203021975326665     
  0.18700000000000000        8.7999999999999995E-002
  0.19674493942463678        8.4454947685946247E-002
           3
  0.73341660825983790       0.98085106266813016     
  0.72499999999999998       0.98799999999999999     
  0.72512474715630737       0.97226517891565656     
           4
  0.13229584562159527       0.62879719416871394     
  0.11684055504378255       0.62898873037775349     
  0.12612658063719068       0.60525369418591868     
  0.13489687691373431       0.61531931827247000     
           4
  0.36035712828051658       0.70305954746970190     
  0.34932777521843567       0.71598400359930037     
  0.33914986436375127       0.69396431910411649     
  0.36395973442846463       0.68722347522015392     
           5
  0.45843429372244310       0.53144364563213231     
  0.44700000000000001       0.51700000000000002     
  0.44460392498967161       0.50712390895917170     
  0.45322345469568182       0.50547702522659899     
  0.45905595992763643       0.51256939730022666     
           8
  0.32915989373128801        9.1058698220446543E-002
  0.31896459740204369        9.2118998189236884E-002
  0.31081759121016900        9.0471668117000872E-002
  0.30059977661768705        9.1400704321119547E-002
  0.30187859175403564        8.2510603194107718E-002
  0.31153112030475033        7.0676490308427209E-002
  0.32093844089650592        6.7769496832736559E-002
  0.33063719722580492        7.6219285673026438E-002
           4
  0.75438146494110403       0.58432775276487425     
  0.74421052488074857       0.58488291193782949     
  0.72840613341001281       0.58190013108253413     
  0.75504257205737679       0.56625382062091112     
           8
  0.56671182833288103       0.38585854345999437     
  0.56062253786744665       0.38228063116182509     
  0.55826113110431652       0.38757397709275687     
  0.54523648450768680       0.37961476623681317     
  0.54174485178640552       0.36891528812099256     
  0.55543993401588809       0.35794611730161868     
  0.56247486486739340       0.36490816653252117     
  0.57072080789351698       0.35841529624857521     
           5
   9.8458011700057343E-002  0.15131364619701951     
   7.5266865478214623E-002  0.15548445687438908     
   7.3720419078058277E-002  0.14323861375131691     
   8.3400874614968076E-002  0.12785687475872090     
   9.8093621684355981E-002  0.14339716690974777     
           3
  0.35369845948659440       0.83856367029924295     
  0.33997842172855669       0.83996622470221738     
  0.33559882414155351       0.81787434844415208     
           7
  0.55359725915442015       0.58018902656276439     
  0.52688100224073509       0.57849588761233262     
  0.52828709092212889       0.56480420139316356     
  0.52611607299821506       0.55413068303343738     
  0.53329878106615791       0.55409093133476728     
  0.55023589021315533       0.55188931144038067     
  0.55256041238085996       0.55723188097842813     
           3
  0.92779639062225605       0.77524458890956571     
  0.90619123346746133       0.76264400329646864     
  0.91557767707274784       0.75566291916613848     
           4
  0.96033725181601193       0.92618023715970399     
  0.95629350284778847       0.93675383075384056     
  0.93068529579046022       0.92514519392019678     
  0.94144832403000744       0.91304215203542149     
           3
  0.40935727889848395       0.94739485406219293     
  0.39287171590337905       0.94054115386530102     
  0.38768179022856764       0.91925981874948748     
           4
  0.91620077990083348       0.94321977270032276     
  0.89424264517835328       0.95687289390705887     
  0.89289464735015101       0.93800905245963528     
  0.91601268983861006       0.93476665083232424     
           7
  0.89618784044619204        5.2061709628716764E-002
  0.88718535948654076        4.9111043412826128E-002
  0.88203944113784227        4.2322230875843483E-002
  0.87659087209589248        2.4853468677063006E-002
  0.89446414214498493        2.4353126230805253E-002
  0.90076316765049813        2.1838116741992902E-002
  0.90416450501519163        2.8276282566835832E-002
           7
   8.9677428440845863E-002  0.24000320814656573     
   7.4203153026701663E-002  0.23639425552486576     
   6.4574309781936096E-002  0.23644635348776855     
   5.9915737866743542E-002  0.22327000869189639     
   6.1233990625569293E-002  0.21512495221537936     
   6.8448615546983588E-002  0.21553974264394576     
   8.2238815016691086E-002  0.22681775132397169     
           3
  0.91100000000000003       0.61699999999999999     
  0.89847710701883765       0.62410041931912175     
  0.92309872149012240       0.60612437059964763     
           5
  0.68112789094840254       0.70615994042945363     
  0.67349501418309543       0.70687812493686597     
  0.66220791107917820       0.70710150679526640     
  0.65514857467379473       0.69981626554228848     
  0.67664696261559343       0.68350155852799910     
           6
   1.3437141414122361E-002   9.7950236211236691E-002
   8.5847893327218351E-003  0.10679825403528842     
  -1.4128206180199478E-002  0.10766781705750914     
  -8.6946570507654662E-003   9.3391268378873973E-002
  -1.1885865271639567E-002   8.7483882335113144E-002
  -1.0256144533814310E-002   8.0572069395271298E-002
           5
  0.23305174258011765       0.31286979896240219     
  0.21468306971210882       0.31046506623043080     
  0.20930064785003591       0.30126016234964087     
  0.21181717015459275       0.28618918142372218     
  0.21859114965681684       0.28970131323584297     
           4
  0.65128299927839084       0.11996207039312429     
  0.64660880568052070       0.12798199468912050     
  0.62228384121644964       0.11883999391425251     
  0.65107576362004016       0.10500656980575949     
           5
  0.62562698475354162       0.97356197947614431     
  0.61259512472540090       0.97047768736895268     
  0.61179525718207950       0.95793200646734367     
  0.61784615629970430       0.94682184691397564     
  0.63317421513001881       0.95213438716813625     
           6
  0.36478289813333831       0.12817068644519503     
  0.35954616043920506       0.13984164660712625     
  0.34549914536049103       0.13156757622497248     
  0.34272808775489561       0.12491210038783347     
  0.35507427743615416       0.11156929425543861     
  0.35952789063895546       0.11653100366509797     
           4
  0.36186073933015706       0.77848733435439788     
  0.35701239511525745       0.79164003338095379     
  0.33368659832357944       0.77121007011993936     
  0.34311043575847200       0.76215176939523344     
           8
  0.16609138967775078       0.20543452495520850     
  0.15191164645209695       0.20486984223981658     
  0.14481824372466229       0.19253170597835398     
  0.14169802043774396       0.18161301443957328     
  0.14286440334403649       0.17474035511323596     
  0.15757342567642987       0.18006910274425633     
  0.16652106357120347       0.17557757819743766     
  0.17088281855325740       0.18153868292710598     
           8
   2.1910119897562138E-002  0.50600365910790379     
   1.4342876776342049E-002  0.50635470591373810     
  -2.1460953394415172E-003  0.50525944554885038     
  -7.3870321528483260E-003  0.50941133915858416     
  -4.7975041563614092E-003  0.49176416647244708     
  -7.7594765953732311E-004  0.48653489253998744     
   7.7496843931886099E-003  0.48313842701925841     
   1.7680444928867438E-002  0.48143998562350954     
           5
  0.13578347933803026        9.0756115598317824E-002
  0.12497473274493565        9.1137162354881743E-002
  0.13266808869611241        6.6476391965134732E-002
  0.14150347908044197        6.7106891737593516E-002
  0.15047225826840652        7.1131660919838899E-002
           6
  0.11001337036198972       0.19150323967021479     
  0.11090703619582840       0.20412851233566726     
   8.6088353631457504E-002  0.18886873663236903     
   8.5374863045820870E-002  0.17778336873533321     
   9.4455904249314229E-002  0.17692990055811514     
  0.10580701917321925       0.18060914890202515     
           4
  0.39275865041768521       0.60150028147267454     
  0.37237924380750370       0.60245820207198975     
  0.37095117083497592       0.59346532813241892     
  0.38343844065575272       0.58667401144229880     
           5
   2.7791644226735294E-002  0.23925134559532238     
   1.8168571407127188E-002  0.24170368256208072     
   1.6077207290061131E-002  0.21407777770694908     
   3.4785672500926124E-002  0.22084685422625655     
   3.1285766654794475E-002  0.22873979444760895     
           4
  0.10556815042082382       0.17701410591071373     
   9.5312317399214863E-002  0.16952271456110421     
  0.11117901114531131       0.14767580907156314     
  0.11000000000000000       0.16300000000000001     
           7
  0.35355575296886432       0.46240153737402329     
  0.34541908492381274       0.47686861326274921     
  0.33470404037089557       0.47571157232107097     
  0.33607779968477741       0.45463222049606861     
  0.34570102499863203       0.45474285433051270     
  0.35999304305655455       0.45064471063372619     
  0.35939124018492224       0.45655658519375564     
           6
   6.5234636733047399E-002  0.63145273961856097     
   3.9312549404225162E-002  0.64112299037321241     
   3.8482790815760060E-002  0.63064276236882033     
   3.8309330482208206E-002  0.61584936596962314     
   4.7285502007516973E-002  0.61800608673944579     
   5.8696430880043352E-002  0.61808987230794676     
           4
  0.31600000000000000       0.70499999999999996     
  0.31544417045786405       0.69539149890991414     
  0.30945982789236692       0.69011807066256747     
  0.32908149109077089       0.69098390615694494     
           4
  0.12147135599635533       0.36239203728342045     
  0.12265362806319940       0.37034637503281143     
  0.11200000000000000       0.36099999999999999     
  0.11436860634204048       0.35059892864277914     
           7
  0.65425514245981631       0.40628706849205037     
  0.65598164091772293       0.41800235446066547     
  0.64571299997966392       0.41594267010940478     
  0.63064601342816828       0.41611251001490429     
  0.63089642391178968       0.40004092598576896     
  0.62756248847553120       0.39142741195536279     
  0.64965652669592844       0.39190526141951243     
           8
  0.24820454400849673       0.58282953432696949     
  0.24248736945433269       0.59090616598763113     
  0.22098718390971006       0.57700856234043718     
  0.22116686644014882       0.57026735966116404     
  0.22818060929737538       0.56792820998165805     
  0.22372141915374075       0.56381815260396162     
  0.23790485837189157       0.56344585013792181     
  0.24884122325537616       0.56405735329967865     
           5
  0.50291012701797322       0.63012333185639546     
  0.48955198262462307       0.62900891749769972     
  0.47385272713544513       0.62749170848895286     
  0.47785486608048366       0.61118929708854952     
  0.50284531095856833       0.61270384977290004     
           6
  0.57678228423643807       0.92035775926346353     
  0.57658945833744202       0.92689272537348433     
  0.55229223853299936       0.91113873588650840     
  0.55803762825180903       0.90435789333572181     
  0.56443831054454785       0.90788916763154281     
  0.56852169261622398       0.90134606744288415     
           7
  0.75798386000489026       0.22478403842385450     
  0.75050875121487237       0.22877627832387201     
  0.74373112468215308       0.22702403605652277     
  0.74938985750101428       0.21407789087592680     
  0.74450858860819535       0.20983754227893908     
  0.77428217153133694       0.20575109326270868     
  0.77277261097451311       0.21441807378433991     
           5
  0.82199999999999995       0.26200000000000001     
  0.81256064800341055       0.26252720058451612     
  0.81127667426872929       0.24777227061309165     
  0.83465382308317615       0.24849824545212273     
  0.82751642153007809       0.25333821920541894     
           3
  0.58830570939054161       0.31625101503209230     
  0.59031364206577674       0.29733859521892525     
  0.60918724809256197       0.30518599746068942     
           7
  0.97285959509332176       0.84538197619543665     
  0.95808187873481021       0.85204005654680592     
  0.94828744401817067       0.84343965417343569     
  0.94448659260435563       0.83778292461248705     
  0.94762430585236046       0.82737773674093351     
  0.96366102943541576       0.82572340248918352     
  0.97153574620525607       0.82252841961362200     
           3
  0.17716372796252816        1.0004450915952987     
  0.16400000000000001       0.98799999999999999     
  0.17345786908631644       0.98341189903436288     
           8
   4.8268488961225348E-002  0.51520639129567936     
   3.8962974450427290E-002  0.52666884830736826     
   2.3674538710946186E-002  0.52521851936699215     
   2.1790292640657800E-002  0.51057141739166467     
   2.2534333239788457E-002  0.49913884791629831     
   3.4729313681165289E-002  0.49817135576682653     
   4.1794158142910681E-002  0.50344720367666007     
   5.0111841072098873E-002  0.50463179370890376     
           4
  0.65656155327038568       0.24830390842567385     
  0.64443644910762377       0.25715469030520705     
  0.63249709187800618       0.23507762362124690     
  0.65217510784460531       0.23723146799458741     
           3
  0.38863792574222317       0.40776249351054450     
  0.37500000000000000       0.40200000000000002     
  0.37185169748873004       0.39207028185496345     
           4
  0.53051879528722279       0.22002814991290073     
  0.53100000000000003       0.20499999999999999     
  0.53292412033462466       0.19620303479561135     
  0.54221357902320888       0.19864026368888832     
           5
  0.94048382494895488       0.68698725997322907     
  0.92127985301989723       0.67556687313945396     
  0.91939025173984368       0.66549805725891409     
  0.93796498318151000       0.66307502813893138     
  0.94650604406388350       0.66676877819092673     
           6
  0.11260893980851110       0.56123628382359492     
  0.10101972650192563       0.55986374124848926     
   8.7374298157923719E-002  0.55411609578345955     
   9.0316968122844399E-002  0.54450606519320943     
  0.10783520988182560       0.53579293775737336     
  0.11396394818789411       0.54028763126882129     
           3
  0.96760037047751868       0.66064455990702187     
  0.95567080259454817       0.64545821462450248     
  0.97587573424930651       0.64418191337496677     
           4
  0.24296695080210740       0.24852383520809460     
  0.22372447107348664       0.25198593744129399     
  0.22823077868005517       0.22827729032963662     
  0.24705559222960277       0.23579143165680871     
           8
  0.89960672869626079       0.11590091816837773     
  0.89090681972362651       0.12230738593456547     
  0.88696592343401592       0.12749884431822855     
  0.87927551674241411       0.10714452376768389     
  0.87597934836275071       0.10272661914734674     
  0.88216377829583748        9.7397521779353180E-002
  0.88522929500955139       0.10316803810743946     
  0.89767758554210364       0.10333490055066373     
           8
  0.39310326738661644       0.48257462470957119     
  0.38816014954637978       0.47925527965620768     
  0.38637852555615509       0.48687813819402598     
  0.37207855783090021       0.48347728519345895     
  0.36808809022321454       0.47524550470895449     
  0.36432448220013547       0.46498313246333245     
  0.38474672681812322       0.45886500166116240     
  0.38961299274060029       0.46317255203696889     
           8
  0.46965707893150166       0.90269152271756403     
  0.46346673641461783       0.90323112082676382     
  0.45547770348608940       0.90830812252271920     
  0.45729508462438601       0.90262810638415880     
  0.44252068787491156       0.90202332474361901     
  0.44977328057510624       0.87847949681084025     
  0.46722651742963661       0.88070073414236583     
  0.47134295203832444       0.89369960934346560     
           8
  0.86233322719821126       0.87661694438079785     
  0.85493478703042314       0.87654033098946782     
  0.84819464511622100       0.87423676135799566     
  0.83789956544596367       0.86921002249681889     
  0.84336650139001590       0.84856588740153582     
  0.85733610817526418       0.84847715661213352     
  0.86386037211662270       0.84821267367110376     
  0.86018408498283327       0.85527527291309224     
           7
  0.11600749278421357       0.70892307891649653     
  0.11072526969876503       0.71278744018334228     
  0.10290572594043730       0.69744226137437182     
   9.9532440440735601E-002  0.68955530737801607     
  0.10526121802035024       0.68732413122993641     
  0.11639855235088142       0.69215821820909051     
  0.12625816092391065       0.69266383105147500     
           4
  0.35490387759909064       0.91437361291886676     
  0.33173753322237448       0.92552808262869557     
  0.32553871812104346       0.90978001609048620     
  0.35375683390538087       0.89947499719259938     
           7
  0.67013209185880751       0.20120427250799297     
  0.67053032493864084       0.21042135095568112     
  0.65570696651040838       0.20663953844927771     
  0.64672175877240379       0.21025001859734455     
  0.65078212550274483       0.19522126305961923     
  0.65238902056643144       0.18301153134342019     
  0.67175360854711019       0.18251806140045634     
           6
  0.67914661340419691       0.72384963197049867     
  0.68151078649840380       0.73352224690715584     
  0.66829321254059082       0.73039272718221016     
  0.65301137748087679       0.71376896092855080     
  0.65582270328654657       0.70360123355361659     
  0.68256539658342841       0.70822194734435884     
           8
  0.15428891851279852       0.33886334646648864     
  0.15046430194166180       0.34364656980966557     
  0.14133424551685564       0.34042311740194947     
  0.12800257211043192       0.34281786276644033     
  0.12514701482517307       0.33472572009043838     
  0.13207071826421546       0.33242681487140952     
  0.12813234092645237       0.31689876587812710     
  0.14241931460624424       0.32260305555667673     
           5
  0.82118096257540119       0.92365637269535639     
  0.81492471463494720       0.91999531073277718     
  0.79412687655565806       0.91906724528292516     
  0.79645397983566468       0.90473503820096290     
  0.81895869401749943       0.90286311845775624     
           8
  0.97722751088407089       0.90969675521551485     
  0.98237131588008886       0.91249421479143400     
  0.98105493705195723       0.92060665890447335     
  0.97109217459958719       0.92042090063739646     
  0.95668702593875676       0.91479893361320563     
  0.95501109797611106       0.90177229193612518     
  0.95273710816175405       0.89447731555439303     
  0.97590430879359102       0.89771392565957608     
           8
  0.17655196351544913       0.86827256292275834     
  0.17340451838324841       0.87275280081059581     
  0.16740518807187596       0.86780245195069861     
  0.15182057805672686       0.86993802705231493     
  0.15256115221954020       0.86330059347057841     
  0.15062860515655160       0.85658061120180573     
  0.15140820909644229       0.84383356463530812     
  0.16801552444050280       0.84767423368133143     
           6
  0.34226012307137338       0.43183777304185106     
  0.33314722404775465       0.43322887253860598     
  0.32115233661157133       0.42368859027979078     
  0.32412514566152162       0.41618191315473008     
  0.31742396601996387       0.40663418353320857     
  0.33904720774155206       0.40790442785280001     
           6
   7.2332120369208469E-002  0.14111737214283213     
   5.8929227613152245E-002  0.14458359872364845     
   5.3104800832541738E-002  0.14715469623349622     
   4.8131612395352866E-002  0.14288307683187876     
   4.3278095502792373E-002  0.13215411349030040     
   6.3345657295395430E-002  0.12362942335784674     
           8
  0.84860609904344664       0.11901931092538141     
  0.83803253578079306       0.13115590000285807     
  0.82770007813669022       0.12847286550589426     
  0.82781980978639658       0.12302570761196424     
  0.82705216166263174       0.11601979703071588     
  0.82739122440559620       0.10812175543858189     
  0.83545940548901909       0.10912164040797083     
  0.84497782165552371       0.11325980492560253     
           4
  0.54074497146794753       0.21739543481764528     
  0.52600851749506794       0.22393958862160143     
  0.51533541738975475       0.20260427115913407     
  0.54031452388677970       0.20272124660783303     
           5
  0.39912381470833441       0.38640707228825366     
  0.39496158375924678       0.39190324246724451     
  0.38392219913909303       0.39386612976320451     
  0.36981688073999441       0.38304888539262072     
  0.37501607563377742       0.37095139052827109     
           7
  0.32803245008624365       0.41919754221032218     
  0.32786800799552546       0.42986269095995810     
  0.31452843834687422       0.42565635536268565     
  0.30914442358278410       0.42120731281780205     
  0.30559673003016063       0.41412640851117760     
  0.31427190491168278       0.40187502343271447     
  0.32814977889818703       0.40489365557232010     
           8
  0.32981992738907939       0.21706897971232320     
  0.32211061682829450       0.22580275073195855     
  0.31351568165333993       0.23094896590636957     
  0.30674868993166243       0.21876939958401787     
  0.30436957764250672       0.21023585945596890     
  0.30872885812756812       0.20613585877066223     
  0.31923534079052207       0.20157518995284696     
  0.32667907251295109       0.20620058925300311     
           8
  0.16967328370683854       0.11999625955621679     
  0.16412493246901394       0.12798747040560665     
  0.14713538090739414       0.13156686283903588     
  0.14519671801324655       0.11664140289885311     
  0.14060044062170954       0.11003285438765112     
  0.14790298463502910       0.10629884212553548     
  0.15713608549038355       0.10736293410226252     
  0.17009087593640559       0.10777714664707699     
           3
  0.83119163278882247       0.17392695924393525     
  0.81599999999999995       0.16000000000000000     
  0.82167215409549554       0.15193090642405821     
           6
  0.27709448209135124       0.21705415686340152     
  0.26218169294465110       0.22354300495193691     
  0.25381704812984013       0.22126414173740197     
  0.25169850600573368       0.20977395564290136     
  0.27054471627303189       0.19856954573366142     
  0.27905040260096631       0.20675070457339548     
           8
  0.53470679530338194       0.32934687526737977     
  0.53961611384432240       0.33210117675466444     
  0.52686223621972750       0.33495784124181943     
  0.51461448814445920       0.33183714567345163     
  0.51807695097876405       0.32519481646410969     
  0.51428349541111429       0.31772901124721148     
  0.53871684843114764       0.31994707080535184     
  0.54209001187085459       0.32578256246983150     
           4
  0.14887148667013395       0.80067517923366593     
  0.13800000000000001       0.78700000000000003     
  0.13162705564938113       0.77674384981096090     
  0.15149987318680153       0.77404007890059146     
           4
  0.48220758976507094       0.72668792911509561     
  0.46480492789826700       0.72323084094322521     
  0.46206687993104190       0.70386857749046927     
  0.47985733526866892       0.69872306317004307     
           7
  0.55115954108448562       0.12183273101567947     
  0.54666903932231870       0.12744031513254009     
  0.53698583499843777       0.12815095703991325     
  0.52176130278997146       0.12878324553303372     
  0.52667175604548910       0.11908092937992321     
  0.52346325664778737       0.10631062424765779     
  0.53193635818365026       0.10281119690782986     
           8
  0.17577621118942804       0.85019331469745651     
  0.16827250976489147       0.84654562932992938     
  0.16465990277206630       0.85193632942593112     
  0.15389236549184906       0.85131145584993251     
  0.15434359521854707       0.83693797751485732     
  0.15332797210004587       0.82388138157512814     
  0.17699784322956572       0.82605988172974054     
  0.17611848485606263       0.83320573615035387     
           6
  0.78380608089682158       0.84017117344015357     
  0.76637520546562932       0.83544519168332698     
  0.75934434155801478       0.83378073734550717     
  0.76391932338568191       0.82928016482630351     
  0.78007531718644507       0.81442338508249212     
  0.78949452368216688       0.82211618633162631     
           5
   4.2861596844944137E-002  0.51509571496484974     
   3.6131528168911721E-002  0.52445423155457860     
   1.8051930350580451E-002  0.52525796571599948     
   2.0491584059466491E-002  0.51089488445832476     
   4.2836272214834020E-002  0.49932560871375026     
           6
  0.22729347596640168       0.38430203528479256     
  0.21860074706945604       0.38527297299383007     
  0.20691385806352777       0.38170875960309258     
  0.20610068209024401       0.36618265509863929     
  0.20340823223704765       0.35652152118616293     
  0.21722063938793976       0.36271084106520757     
           3
   1.2772535959207749E-002  0.95029637336000761     
   2.6254039962848169E-004  0.92194161892834514     
   2.4746868956201894E-002  0.92965585155768460     
           4
   7.0106017054480926E-002  0.74475568894916389     
   5.0509016097103170E-002  0.74852718637300342     
   4.8877889511193012E-002  0.73181091054982017     
   5.6304064795790670E-002  0.72511514907127006     
           4
  0.51336213837788769        4.2185795387792824E-002
  0.49585125163648808        4.8403641160348697E-002
  0.48773137280130713        2.9769311951612993E-002
  0.50465499478868425        2.1583359093273215E-002
           3
  0.33221248009281246       0.37333254984892350     
  0.32972605400400634       0.35825861473052650     
  0.35672907305232271       0.35581482293236427     
           6
  0.44193645739073212        4.8568221663063071E-002
  0.43858093004937271        5.5392745072786402E-002
  0.43224618072224757        5.6525029974868933E-002
  0.41356755439400988        4.6813805145167336E-002
  0.43764893147531392        2.9064418312454054E-002
  0.43707768281601594        4.4056690948705915E-002
           7
  0.21390295039239829       0.39911200995654644     
  0.21404241506480282       0.41004010915857952     
  0.18926760098587006       0.40693936081249171     
  0.20408593300583391       0.38929786062750865     
  0.20575136204717939       0.38350795970706525     
  0.21026133057271501       0.38980061213638362     
  0.21903439522103052       0.38333872951428910     
           8
  0.71832285644430982       0.29695451125612454     
  0.71653049594595597       0.31329547090296189     
  0.70865726999933287       0.31001895405032298     
  0.69382382925991215       0.29442256509886722     
  0.69743610100616771       0.28339737590635483     
  0.70550051390933866       0.28412098646061135     
  0.70784944740065681       0.28988371995920281     
  0.71859799276817526       0.28658917219977526     
           4
  0.41722282485495105       0.11841905760489249     
  0.39781533528192953       0.12300407244407713     
  0.39653321137131364       0.10781136999984858     
  0.40573745414028928        9.6774087295673827E-002
           8
  0.85223100944884667       0.36454450513595371     
  0.84548761262591987       0.37059121564608710     
  0.82944889908617359       0.37032811333073767     
  0.82554680878719577       0.36564877995591016     
  0.82565681294240301       0.35435044971083945     
  0.83042290006945041       0.34592455887859203     
  0.85004443819820141       0.34468834871441134     
  0.85233907575115420       0.35220444674522078     
           3
  0.10470530408088409       0.61252588337010150     
  0.11742811828832644       0.59203061542799063     
  0.12381973076296562       0.60076428461840736     
           6
  0.81421282975928366       0.31899033712713853     
  0.80401588039358163       0.32379581888993425     
  0.80660589372315805       0.31430563944016476     
  0.80964372045025534       0.29607926825122233     
  0.81780957871582827       0.29929574557768163     
  0.82714032179725294       0.30198892307816211     
           4
  0.87611661508602690       0.77841117951165972     
  0.85248480588620723       0.78538422104228245     
  0.85209130015737833       0.76103643431012513     
  0.86236952356845131       0.76650991491025666     
           8
  0.27378942929438221       0.34903465357601565     
  0.26803419003575996       0.34791310819172055     
  0.25761822622221325       0.36049133311554232     
  0.24369092545463761       0.34647869552818289     
  0.24893938747079070       0.34269182231808781     
  0.24343326468954277       0.33527809544992920     
  0.26629266476514546       0.33586430535542838     
  0.27388986571656049       0.33457026200884871     
           6
  0.89955868720070886       0.52678747123714686     
  0.88537146021750546       0.52655433754271841     
  0.87724722695000246       0.52931836091626094     
  0.88184948074477321       0.51026125642064657     
  0.90519255850980329       0.50585488341611184     
  0.90454217088607947       0.51492473359435098     
           4
  0.82617074013158720       0.60848658721040050     
  0.82908095213584054       0.62085539139055534     
  0.80192473220260652       0.60220091905280759     
  0.80852928658896683       0.59568402707120460     
           4
  0.62058143307042291       0.16952505994815747     
  0.61214195217760459       0.17058685523263051     
  0.59016527032587551       0.15626826500453839     
  0.61319738384061417       0.15909481686229413     
           3
  0.78100000000000003       0.23899999999999999     
  0.77286024449250135       0.23310387406332966     
  0.76713638040758547       0.22333285899524144     
           6
  0.36568839752658983       0.21441309611486126     
  0.35043518986661781       0.20601355423890799     
  0.34842542621805517       0.19415280533425863     
  0.34325698081204437       0.18708492701951870     
  0.36168185693429755       0.18826478766006272     
  0.37210039255222743       0.18738311346462400     
           7
   2.3461207551970835E-002  0.75359179054072389     
   1.8230901938015930E-002  0.74725566010343680     
   6.5950969925009303E-003  0.75101158051967265     
   5.7355024576605206E-003  0.74352285041268162     
   1.5183234406455722E-002  0.72619869283943816     
   2.2351060595088408E-002  0.72826131988775078     
   2.9683649278255193E-002  0.72504382512061827     
           8
  0.49572957538631124       0.21525755027750165     
  0.49633062701787478       0.22824734942096619     
  0.47021857805981793       0.22953681708863730     
  0.46755365568637242       0.20961355226108905     
  0.47088869676831357       0.20528188773973194     
  0.47371334155977163       0.19827199573293172     
  0.48382246190309780       0.19912911524225418     
  0.49404461668707961       0.20809014649807861     
           8
   8.3914035888738650E-002  0.53776419173296264     
   7.8123064190604899E-002  0.53511508072407254     
   6.0621567450901984E-002  0.54151185731719809     
   6.3429341522134544E-002  0.53470566033334377     
   5.6077603205493994E-002  0.53135292069897555     
   6.1149254213512180E-002  0.51951339445105937     
   7.3748988475029212E-002  0.51124600092973016     
   8.1537858882598555E-002  0.51550842216967396     
           5
  0.54159119351554896       0.11152809827599647     
  0.51334085634436610       0.11626028263022797     
  0.52379558358757317        9.3095943684250781E-002
  0.53091987226509074        8.8562228822768652E-002
  0.53712756218802760        9.5830594393255225E-002
           7
  0.58705433992987521       0.77797276328027276     
  0.57722892390836977       0.78464158419179886     
  0.55956544326406155       0.77996271245450743     
  0.55910348900914242       0.77172787267438503     
  0.55989472147583208       0.76525488278362408     
  0.56261974308414120       0.75484972517014715     
  0.57642619394512562       0.75551497718780058     
           8
  0.81506591710750687       0.52498185928974017     
  0.80608062625888999       0.52719549937757715     
  0.79015997499215007       0.52495579051060981     
  0.79285155054695733       0.51992259139591701     
  0.78894002715678491       0.51434012201119372     
  0.79525348413523611       0.50215275387647818     
  0.80173489507922213       0.50679655149663294     
  0.80705651444471993       0.50298239269522504     
           6
  0.88680028123833576       0.48398057749240397     
  0.88030405596351635       0.48257444586832504     
  0.87383033272914246       0.48102692154070481     
  0.86458225682720247       0.48049934591523197     
  0.86755481970178683       0.46885519941551435     
  0.87104502919237159       0.45563443921322921     
           8
  0.12704033242531809       0.57956495287760790     
  0.11220790495709276       0.58099861290635701     
  0.10600426770786206       0.57878800323609969     
  0.10903534494594201       0.57323403229093173     
  0.10615168542428870       0.56574408562133949     
  0.10275225637380000       0.55985119109686954     
  0.11701809182878423       0.55709075736477731     
  0.12169680716661402       0.56201218549335974     
           5
  0.96367061263365550       0.79475712844081692     
  0.94486475006545412       0.79047447520619496     
  0.94342525426525969       0.77866472990865454     
  0.95567792564230836       0.76994806188145748     
  0.96653730684372585       0.76933320764872348     
           3
  0.81325750268383223       0.80806183178267876     
  0.80859490409544488       0.79026472167952333     
  0.83490223888568060       0.79225661936525227     
           6
  0.53012069073004298       0.59575209459800427     
  0.52984372929067247       0.60697048290182054     
  0.51022207611956905       0.60627317624707155     
  0.51324476704028488       0.58588143152075667     
  0.52268786941526646       0.58533132347931160     
  0.53123423921739266       0.58366879119735582     
           8
   6.7164618169523488E-002  0.33728097023435949     
   6.1732757443702296E-002  0.34840675289448719     
   5.2919991981963524E-002  0.34970014063472504     
   4.2606242535211954E-002  0.34616812362864730     
   3.8761933153347895E-002  0.33525193246992041     
   3.6268566102532970E-002  0.32963231102657903     
   4.7802879586489981E-002  0.32260873532213230     
   6.4242990839727260E-002  0.32222138289103769     
           7
  0.47010073557692506       0.36384929716146241     
  0.47006361177973222       0.37046494852492606     
  0.44695722933873711       0.38051117464449258     
  0.44051071573483735       0.36335942660830545     
  0.45005643584422966       0.35347847615203137     
  0.47146014726254420       0.35385148143934486     
  0.46427593137048523       0.36007699875744559     
           3
  0.24593815427138235       0.42119417300503165     
  0.24587369267631642       0.40973217306500703     
  0.26958612448464303       0.40208939452396453     
           5
  0.42501843131524508       0.19748422243526484     
  0.40342971648151221       0.20900760259412257     
  0.39661307962438491       0.18216414878625031     
  0.42504921687487285       0.17892510893255478     
  0.42226587717683167       0.18653886413495704     
           8
  0.96017271954128947        3.4146785245404147E-002
  0.94638305598161188        3.1875816437939276E-002
  0.94051523022225458        3.0178885552977090E-002
  0.94060097177501123        2.0959947929261039E-002
  0.94786229012052980        1.7956978800079508E-002
  0.95795217061404025        1.0727597847114825E-002
  0.96617772364576671        8.3455126615556898E-003
  0.96743873474483588        1.5500612370686950E-002
           3
  0.71699999999999997       0.14199999999999999     
  0.70571606859793501       0.13247465779415521     
  0.72256696843255430       0.13163033956535330     
           5
  0.78072393052702982       0.88366866455675486     
  0.77514377156153869       0.89303941068001902     
  0.75178888291378054       0.88810687090775464     
  0.75063849935089499       0.88013060502304874     
  0.77861459632763497       0.86929724139252718     
           4
  0.52783490846381853       0.83555380324762707     
  0.51259662630117986       0.82578497073967838     
  0.53320631496191195       0.81726231242018776     
  0.53839724037179704       0.82381842938089966     
           6
  0.65767581585131230       0.64844143287559852     
  0.64189964789885900       0.64689484070521275     
  0.64252162437779892       0.63323536323232432     
  0.65520987355547278       0.63083318521574949     
  0.66653412517982447       0.62440967551648341     
  0.66703364748686078       0.63349545644728344     
           5
  0.20365822758739613       0.23487115200497050     
  0.20376953838941517       0.24553363472589732     
  0.17597048677776175       0.23683072314198950     
  0.17741067544533562       0.22875772494633906     
  0.20309843126509716       0.22164849380940632     
           4
  0.45995578644103180       0.35438622324312652     
  0.45997023470933102       0.34499614423490266     
  0.47099999999999997       0.33900000000000002     
  0.48545750669407950       0.34182601072770585     
           8
  0.93449144608195767       0.81474552308988313     
  0.92238866616958393       0.82046679477260820     
  0.90849979480364351       0.82178179968439524     
  0.91180481278250824       0.81729609038462048     
  0.90766009982103224       0.80193942296125775     
  0.90508412839716246       0.79520978730898595     
  0.92603042880856345       0.80065079096558112     
  0.93462899304415115       0.79344266677391639     
           6
  0.68568210463653212       0.10945084663743566     
  0.68015035276520641       0.11267772038063864     
  0.67868167465768969        8.3317419004896601E-002
  0.68391749891319487        8.7822061360199155E-002
  0.69704111057613616        8.8115568139032041E-002
  0.70320887263996545        8.6399482012354811E-002
           7
  0.67034394689629784       0.78761631688616440     
  0.66793190323456830       0.79310497761540089     
  0.66229507444439328       0.79585894645469890     
  0.64898739231605618       0.79161415061046414     
  0.65101788195432997       0.77348342211871945     
  0.65968777153824654       0.76698533680167780     
  0.67463880237199292       0.77266921211493889     
           6
  0.44941593546174075        9.4071110588512946E-002
  0.44168539794261341        9.2848813678158476E-002
  0.43179334391735030        8.3004499307623561E-002
  0.43447694032485529        6.9976833642028100E-002
  0.45464435717642609        6.8744546002184589E-002
  0.45619456920229512        8.1223729399693162E-002
           3
  0.23599999999999999       0.73499999999999999     
  0.23274969795281086       0.74479118631822150     
  0.23634622372484257       0.72134553266037149     
           8
  0.79435885948880369       0.69703013481927378     
  0.79787831525296016       0.70243501144813525     
  0.78611845875574005       0.70208902794457562     
  0.77627772819819529       0.70358856595762020     
  0.77449256250083376       0.68321371818694210     
  0.77812400643097823       0.67913776822414329     
  0.78321119664235583       0.67624350852454029     
  0.79276900437622533       0.68035266942046380     
           7
  0.75401515192993807       0.44661925424219517     
  0.74664343462077110       0.45428500814750206     
  0.73057691690356863       0.45963357841563102     
  0.73213831654863959       0.43944871896471810     
  0.73875250655417468       0.43723885075681040     
  0.74894577130535611       0.43356158382509818     
  0.75637233739041088       0.43343400562922896     
           7
  0.21219560205536908        3.8779020598261098E-002
  0.20613886468516604        4.6348965687914551E-002
  0.19465455027247236        4.2457262556486665E-002
  0.18868641628769825        2.5851560668207190E-002
  0.19510735717755823        2.3063655847083350E-002
  0.20971459114927476        2.0134764699692012E-002
  0.21543774701021340        1.8002659381720298E-002
           3
  0.18800000000000000       0.95699999999999996     
  0.18831024418504583       0.96919271808041696     
  0.18472204400868728       0.94340006498170226     
           4
  0.36625092154483996       0.62005885287576035     
  0.37023854815256108       0.61206971249509079     
  0.37699417111765210       0.59081341456499992     
  0.39154938094384062       0.59629214462578162     
           5
  0.39468140327745183       0.91805178830048306     
  0.36798778982878882       0.91859417950469635     
  0.36425428496569634       0.90983136852723467     
  0.37924906285618026       0.89410565348783178     
  0.38923711893183954       0.90954038636721557     
           5
  0.23996840306351669       0.27150712998677212     
  0.22251365820869506       0.27546869729945678     
  0.21287925731427165       0.27669667408095766     
  0.22178456471771232       0.25436742356399361     
  0.23442221411101177       0.25278433912549053     
           3
   6.2875854306841270E-002  0.10363783456867715     
   5.8498888717386843E-002   9.4254175572635962E-002
   6.9000000000000006E-002   9.4000000000000000E-002
           6
  0.13814811917879849       0.42373232297237656     
  0.13821977994987222       0.43007981191873074     
  0.11499079482134847       0.42884742879197285     
  0.10795888923430072       0.40967546821965650     
  0.13580567757911158       0.40096774996189699     
  0.13754345699967052       0.41311558199224407     
           5
  0.35648968293311095       0.35134101356588976     
  0.34721362466726358       0.35343033083638270     
  0.32984359825755905       0.33097759042867336     
  0.34806571176368217       0.32932484000592205     
  0.35459591829733295       0.33435420910289626     
           6
  0.45217673789608959       0.49422580808400396     
  0.44350089548704252       0.49525805805232259     
  0.43540150468771227       0.47416072645535978     
  0.44650081979632839       0.47056106149229382     
  0.45348084727234028       0.46906727944336568     
  0.46306835707417610       0.46793484802230945     
           5
  0.26239472981176831       0.54457607524447149     
  0.25225550538353608       0.54220384934708155     
  0.24560396283209773       0.54718478934268178     
  0.24179148896952526       0.53535615675110071     
  0.26027771907520014       0.52729615396627039     
           6
  0.36290449134623837       0.59188499081600732     
  0.36115865386660534       0.60194418762315238     
  0.34143176126978686       0.59804272317160256     
  0.33647167137926892       0.59322401889357734     
  0.33915562884299844       0.58626462519428324     
  0.36469879504147051       0.57667557556318472     
           5
  0.73724622153611463       0.97869289913852453     
  0.71232471625758231       0.96931887118110494     
  0.72710364881166345       0.95157362422878156     
  0.73469554119567604       0.95564178516659382     
  0.73729031226646502       0.96305943119708115     
           6
  0.76475650135136131       0.54601159211788575     
  0.76361634225830355       0.55223916293317032     
  0.74604115374203328       0.54968110678648618     
  0.74164742291720565       0.54227402672661318     
  0.74557444421235330       0.52457989517919290     
  0.76852806658794037       0.53237202396026428     
           5
  0.69193895873976685       0.92857579132948376     
  0.67309235877310603       0.93323052405117024     
  0.67156659449505618       0.92178368624102602     
  0.67486945873309445       0.91262782041090795     
  0.69310473849585919       0.91156598658812771     
           3
  0.61005787665133415       0.99699315355361384     
  0.61393980568994400       0.97809983931545963     
  0.63224319068689883       0.98668311711493950     
           6
  0.46806967470257033       0.50808022844371270     
  0.44122219372234039       0.50784779081717835     
  0.44064926226767087       0.49455732164391608     
  0.44132031570262142       0.48601233982278147     
  0.45068459183869414       0.48479578708749177     
  0.46694304132212139       0.48941232676114615     
           5
  0.48488178986967895       0.92907639595956026     
  0.46254403351521400       0.93103738731761754     
  0.45777478812617567       0.91791013440859737     
  0.47145142201660711       0.91215738454844653     
  0.47966407060259975       0.91358463868838491     
           8
  0.40378689655978917       0.68831670872547213     
  0.40252480324632822       0.69450059727241908     
  0.39069007953214857       0.69697191989765950     
  0.38125548060162251       0.68280059120675118     
  0.38547957300656138       0.67659364672478550     
  0.39947708148219396       0.67253214313640342     
  0.40323602488729204       0.66745181205369197     
  0.40929920788847635       0.67363029024806165     
           4
  0.17859330992781100       0.36416893841802822     
  0.16870021865685514       0.36841940122858197     
  0.15183986008288025       0.36792951480498304     
  0.15622811494458008       0.34635761365478102     
           4
  0.80170420835966238       0.69160168333446803     
  0.77570462620602854       0.69145480058847075     
  0.77528564520268184       0.68033279258303048     
  0.78900000000000003       0.67800000000000005     
           8
  0.90139958081424099       0.28314456949681555     
  0.88810719171389740       0.28370757082623688     
  0.88132615620731192       0.28771623587024209     
  0.88253359000100640       0.27717499924438604     
  0.88267702783341340       0.26029670199129723     
  0.88841202448280665       0.26800613499378961     
  0.89472368757279264       0.25719664896435923     
  0.90015659768570844       0.26370791520462106     
           3
  0.98510123714755893       0.50631537380545810     
  0.99099999999999999       0.49199999999999999     
   1.0011087326471235       0.48634112341406921     
