   1000.0000000000000     
   1225.0000000000000     
         255
           8
   83.000000000000000     
   68.000000000000000     
   78.000000000000000     
   76.000000000000000     
   79.000000000000000     
   76.000000000000000     
   78.000000000000000     
   61.000000000000000     
   78.000000000000000     
   79.000000000000000     
   86.000000000000000     
   53.000000000000000     
   66.000000000000000     
   81.000000000000000     
   87.000000000000000     
   88.000000000000000     
   66.000000000000000     
   84.000000000000000     
   86.000000000000000     
   89.000000000000000     
   84.000000000000000     
   84.000000000000000     
   88.000000000000000     
   83.000000000000000     
   66.000000000000000     
   53.000000000000000     
   88.000000000000000     
   74.000000000000000     
   81.000000000000000     
   61.000000000000000     
   76.000000000000000     
   83.000000000000000     
   92.000000000000000     
   76.000000000000000     
   54.000000000000000     
   99.000000000000000     
   64.000000000000000     
   67.000000000000000     
   62.000000000000000     
   87.000000000000000     
   72.000000000000000     
   80.000000000000000     
   72.000000000000000     
   74.000000000000000     
   72.000000000000000     
   62.000000000000000     
   92.000000000000000     
   77.000000000000000     
   87.000000000000000     
   62.000000000000000     
   81.000000000000000     
   60.000000000000000     
   51.000000000000000     
   84.000000000000000     
   77.000000000000000     
   96.000000000000000     
   79.000000000000000     
   58.000000000000000     
   94.000000000000000     
   91.000000000000000     
   79.000000000000000     
   74.000000000000000     
   66.000000000000000     
   73.000000000000000     
   91.000000000000000     
   73.000000000000000     
   76.000000000000000     
   95.000000000000000     
   89.000000000000000     
   54.000000000000000     
   72.000000000000000     
   95.000000000000000     
   83.000000000000000     
   100.00000000000000     
   68.000000000000000     
   75.000000000000000     
   99.000000000000000     
   99.000000000000000     
   95.000000000000000     
   86.000000000000000     
   58.000000000000000     
   100.00000000000000     
   63.000000000000000     
   82.000000000000000     
   81.000000000000000     
   61.000000000000000     
   98.000000000000000     
   80.000000000000000     
   92.000000000000000     
   76.000000000000000     
   76.000000000000000     
   89.000000000000000     
   94.000000000000000     
   100.00000000000000     
   83.000000000000000     
   96.000000000000000     
   52.000000000000000     
   98.000000000000000     
   77.000000000000000     
   67.000000000000000     
   98.000000000000000     
   50.000000000000000     
   67.000000000000000     
   61.000000000000000     
   78.000000000000000     
   75.000000000000000     
   58.000000000000000     
   58.000000000000000     
   88.000000000000000     
   53.000000000000000     
   52.000000000000000     
   93.000000000000000     
   51.000000000000000     
   84.000000000000000     
   65.000000000000000     
   55.000000000000000     
   68.000000000000000     
   80.000000000000000     
   56.000000000000000     
   61.000000000000000     
   75.000000000000000     
   94.000000000000000     
   68.000000000000000     
   71.000000000000000     
   70.000000000000000     
   50.000000000000000     
   84.000000000000000     
   79.000000000000000     
   96.000000000000000     
   89.000000000000000     
   89.000000000000000     
   67.000000000000000     
   86.000000000000000     
   70.000000000000000     
   54.000000000000000     
   64.000000000000000     
   79.000000000000000     
   96.000000000000000     
   74.000000000000000     
   77.000000000000000     
   88.000000000000000     
   93.000000000000000     
   73.000000000000000     
   72.000000000000000     
   87.000000000000000     
   55.000000000000000     
   71.000000000000000     
   82.000000000000000     
   56.000000000000000     
   53.000000000000000     
   61.000000000000000     
   67.000000000000000     
   99.000000000000000     
   52.000000000000000     
   53.000000000000000     
   88.000000000000000     
   54.000000000000000     
   93.000000000000000     
   77.000000000000000     
   100.00000000000000     
   91.000000000000000     
   87.000000000000000     
   96.000000000000000     
   96.000000000000000     
   100.00000000000000     
   77.000000000000000     
   91.000000000000000     
   79.000000000000000     
   56.000000000000000     
   50.000000000000000     
   99.000000000000000     
   81.000000000000000     
   93.000000000000000     
   78.000000000000000     
   64.000000000000000     
   51.000000000000000     
   84.000000000000000     
   51.000000000000000     
   62.000000000000000     
   64.000000000000000     
   94.000000000000000     
   97.000000000000000     
   70.000000000000000     
   73.000000000000000     
   84.000000000000000     
   90.000000000000000     
   63.000000000000000     
   92.000000000000000     
   92.000000000000000     
   88.000000000000000     
   69.000000000000000     
   83.000000000000000     
   58.000000000000000     
   80.000000000000000     
   80.000000000000000     
   55.000000000000000     
   83.000000000000000     
   85.000000000000000     
   86.000000000000000     
   83.000000000000000     
   79.000000000000000     
   80.000000000000000     
   65.000000000000000     
   72.000000000000000     
   99.000000000000000     
   75.000000000000000     
   85.000000000000000     
   58.000000000000000     
   64.000000000000000     
   63.000000000000000     
   72.000000000000000     
   52.000000000000000     
   73.000000000000000     
   74.000000000000000     
   91.000000000000000     
   55.000000000000000     
   50.000000000000000     
   95.000000000000000     
   82.000000000000000     
   83.000000000000000     
   76.000000000000000     
   52.000000000000000     
   69.000000000000000     
   56.000000000000000     
   68.000000000000000     
   56.000000000000000     
   74.000000000000000     
   98.000000000000000     
   83.000000000000000     
   59.000000000000000     
   98.000000000000000     
   51.000000000000000     
   69.000000000000000     
   71.000000000000000     
   55.000000000000000     
   51.000000000000000     
   100.00000000000000     
   98.000000000000000     
   92.000000000000000     
   67.000000000000000     
   98.000000000000000     
   78.000000000000000     
   84.000000000000000     
   99.000000000000000     
   92.000000000000000     
   99.000000000000000     
   81.000000000000000     
   92.000000000000000     
   69.000000000000000     
   57.000000000000000     
   91.000000000000000     
   65.000000000000000     
   54.000000000000000     
   99.000000000000000     
   84.000000000000000     
           1
  0.50000000000000000       0.50000000000000000     
           8
  0.89108596139376728       0.61857013483698831     
  0.87676590994518255       0.61621537965334827     
  0.86459825398040879       0.62126864275176030     
  0.86640548551569352       0.59700011925901231     
  0.87531410671491683       0.59652320745413134     
  0.88438860865325131       0.59231326122682737     
  0.89173408367719675       0.59294916281048082     
  0.88623833665152074       0.59986952926765524     
           6
   4.8563699019592760E-002  0.60104119301490355     
   3.1366703703028201E-002  0.60417608626466868     
   2.0156751809467723E-002  0.60661245147380982     
   2.1722147098475246E-002  0.58126292328035767     
   2.7590901511325431E-002  0.57768321787845711     
   3.4486384011658384E-002  0.58387822473365236     
           5
  0.33233624193001154       0.13066166711732002     
  0.31738938078583312       0.13990313215998459     
  0.30935345989866814       0.13596905892080516     
  0.31000801089763774       0.12533915509032265     
  0.30880409898540317       0.11543922467214469     
           4
  0.18900000000000000       0.24399999999999999     
  0.17749943452491079       0.23204310106344825     
  0.18603891410861176       0.23115998309810201     
  0.20031282424732058       0.23348735893675637     
           3
  0.28414742302361318       0.79046087800297915     
  0.25913956224532636       0.78787650861615277     
  0.27400000000000002       0.78400000000000003     
           7
  0.91008445516241621       0.31279871227163392     
  0.91210966315648345       0.32286272987230552     
  0.88811847195415350       0.31609359267543991     
  0.88453749969066486       0.30713494167388788     
  0.89026212390181425       0.30062413739690313     
  0.91135130074631476       0.29476740030882853     
  0.91399089381231791       0.30154604027480947     
           4
  0.74995817120868236       0.63998419518335148     
  0.73581805966276681       0.65305727508996336     
  0.72705751288360276       0.62969940983090522     
  0.73772119624722299       0.62768811228242705     
           8
  0.79900761248106356       0.45704911372478296     
  0.79029074156655565       0.45431945926091621     
  0.78464165483161419       0.45861845635210630     
  0.78750145776923286       0.44421025300624767     
  0.78643223869313506       0.43372154157647458     
  0.80149588359802371       0.43308131112416010     
  0.81428596889598881       0.43586743079358226     
  0.81434535939381747       0.44144241965265585     
           3
   7.6653533917517572E-002  0.61251968333957718     
   6.6000000000000003E-002  0.59899999999999998     
   7.7121151600433854E-002  0.59299878419138763     
           3
  0.83723376594282906       0.59810598217510136     
  0.82079864791398816       0.59535439816626878     
  0.81751588928130914       0.57342913018531605     
           5
  0.67003293146382203       0.70336587962893349     
  0.65940999423820079       0.70778425667537914     
  0.65300267392133138       0.68615314044404008     
  0.66519634455306076       0.68406540005394012     
  0.67273201895401236       0.68644741413198851     
           8
  0.29834783066067155       0.67702704791810620     
  0.29876731647200688       0.68606096810841888     
  0.28575218817065168       0.68526881527415007     
  0.27909810871917845       0.67287406412512274     
  0.28025469214886067       0.66279380402626520     
  0.28960631154832478       0.66327933256125038     
  0.29575948913475703       0.66310707259258972     
  0.30385104006110503       0.67145167549204854     
           6
  0.68193238316664817       0.62493999590190730     
  0.67821207050049170       0.63151482911448742     
  0.66735436753092459       0.62961099562399292     
  0.66167195432110282       0.63213005273274958     
  0.66900000000000004       0.61899999999999999     
  0.67816243800162612       0.60382982105083050     
           7
  0.26364837020497184       0.75660825122144015     
  0.24942070683358772       0.75608067806841062     
  0.23856753505325201       0.73727618810109752     
  0.24266986711795552       0.73041296793906607     
  0.25113572009824170       0.73283891156608416     
  0.25883360634174191       0.73186231595063911     
  0.26698208071738733       0.73533700767442589     
           4
  0.42224535300828914       0.17369347608841673     
  0.41187068003671717       0.16315324594331479     
  0.42499999999999999       0.16000000000000000     
  0.43314854449442475       0.16465319180612564     
           7
  0.29441484190530098       0.12249635136463616     
  0.28096228146547031       0.12123420439323818     
  0.27625389143733486       0.11624259166734867     
  0.28263750282242728       0.11162310707841856     
  0.29527722967485809        9.9856387651629741E-002
  0.29475528368275966       0.10582614863398303     
  0.30267494080211321       0.10989850793245096     
           3
  0.28885691262157265       0.10459564564025361     
  0.27790946407760675        8.3239605450144832E-002
  0.28899999999999998        8.9999999999999997E-002
           5
  0.81781213666328934       0.67460938425737949     
  0.82429586792888276       0.67769036124900195     
  0.80015742273973389       0.67752623795589029     
  0.80437587399977872       0.66809490222950840     
  0.81299999999999994       0.66300000000000003     
           7
  0.85995632658633392       0.53311285037662359     
  0.85422629693344776       0.54183074927375963     
  0.83494668968563579       0.53169597625379661     
  0.83464729819868921       0.52486636513945339     
  0.84085181309514989       0.51899430518952272     
  0.84989521363710629       0.51938252873889901     
  0.85664286963843883       0.52256033726259610     
           5
  0.59688637459027649       0.74103103019234151     
  0.59925491706785405       0.75202377104222218     
  0.57511255269222716       0.74802744987201408     
  0.57477551994488008       0.72893686779946598     
  0.59181012737241145       0.72620177097436678     
           7
  0.76582815696030393       0.69380589288687455     
  0.75041231446627632       0.69964910693851401     
  0.74069508216643376       0.69602691840566888     
  0.74679047798306786       0.68629877695813923     
  0.75042924196844096       0.67396178952360108     
  0.75768250845717833       0.67578807134539409     
  0.77050994514839133       0.68596336473977271     
           6
  0.78810553856809606       0.55775961135665975     
  0.77155443007104485       0.55973965980188822     
  0.76290796984942499       0.56168870478273447     
  0.76724278058486306       0.55372764032552257     
  0.76756716680158288       0.54638068992283662     
  0.77700000000000002       0.54700000000000004     
           6
  0.81781470537013101       0.56221904776049314     
  0.79954880509651216       0.56014462834625434     
  0.80174818063874498       0.55065808815154438     
  0.79463299723873471       0.54318543134333275     
  0.80922210092859082       0.53875864965166431     
  0.81962253069397339       0.54793032855624502     
           7
  0.83334269981350251       0.50148671493407571     
  0.83681108218900779       0.51029298100554576     
  0.83055116385471395       0.51556300018273959     
  0.81171603548692206       0.50025766792287385     
  0.81411457277265642       0.48805381076025578     
  0.82154133104989879       0.48999082680315176     
  0.83203745032739618       0.49443933508366883     
           4
   1.0288523896445214E-002  0.19440317746672303     
  -3.7847428945509973E-003  0.18324102200599107     
  -3.9129397049556041E-003  0.16893336897919961     
   1.5400020681817117E-002  0.18129622517935257     
           5
  0.37097849458164667       0.77428366279148086     
  0.35790333697118659       0.78819880460967218     
  0.34762771721579350       0.76743160878362671     
  0.36041344553659255       0.75902758248234425     
  0.36481210250234342       0.76949143348495452     
           8
   5.2997457639346289E-002  0.42780792725296551     
   5.2193101828392818E-002  0.43318991107001475     
   4.0574995187644389E-002  0.43092084343619153     
   3.4451254875871695E-002  0.42954482453431825     
   2.5400350388614344E-002  0.42711293083077906     
   2.4530588426428780E-002  0.41887119292655517     
   4.5407031510550352E-002  0.40475837755565003     
   5.4297301524829138E-002  0.40604094668482160     
           8
  0.29121298010719709        6.0896242756115694E-002
  0.28425569406754447        7.0607827961966144E-002
  0.26595317787285605        7.3505315723834785E-002
  0.26209935351998820        6.9501723709586877E-002
  0.26439073264800572        5.5380218318467241E-002
  0.26716595091185741        4.6221495932502778E-002
  0.27589586789931408        5.1085006038923603E-002
  0.28529158190216031        4.8217702507069353E-002
           7
   9.1094014157668740E-002  0.14047526070734145     
   8.5141899062114001E-002  0.13885728022645816     
   6.5617534565693011E-002  0.14058578557352558     
   6.3659002126633502E-002  0.13446157432151756     
   7.9919110189924328E-002  0.11158642251477752     
   8.6560141228480741E-002  0.12180799017832740     
   9.1320177442426528E-002  0.12629107818883220     
           8
  0.24356057613473225        7.7411167172358269E-002
  0.23433083054757770        7.8019016569103525E-002
  0.22405462593017172        7.8440829521991814E-002
  0.21921333239035265        7.3092389262414001E-002
  0.21725835960601442        6.4757725651664849E-002
  0.21511331143408774        5.6760839692534509E-002
  0.22041574628971139        5.7815217275758134E-002
  0.22915429676259910        5.2687793873441989E-002
           6
  0.87956150984006032       0.26862897574565575     
  0.87178222333041666       0.26633782199122713     
  0.85465540628435877       0.27024509171977928     
  0.85594246214336878       0.25068124263146441     
  0.85307766633504589       0.24321183730996032     
  0.86165215054070987       0.24129449271397885     
           8
  0.39637938199534961       0.92099099114798810     
  0.38943854337441786       0.92796528112876153     
  0.37545457453060010       0.92873206167507993     
  0.37672020725995076       0.92133508795553221     
  0.37646847765767005       0.90907037205180319     
  0.37394326724183424       0.90155628641269336     
  0.39129756601464488       0.90562388877279065     
  0.39782167324107037       0.90489037761768776     
           5
  0.31573107600466743       0.35561804912133371     
  0.30529292829437615       0.36391534735680370     
  0.29399372003862484       0.35512169544640310     
  0.31414648464336464       0.33750825191479833     
  0.31661639853768503       0.34621723933252196     
           5
  0.72678498342764508       0.64491408359661717     
  0.71405825896106589       0.65239477962504200     
  0.69773957922987528       0.65243823255718714     
  0.70097955343905760       0.63769895668036414     
  0.71920953923313879       0.62551562646853298     
           5
  0.70031483927788163       0.67587900070097739     
  0.68722980555784918       0.67890029208435687     
  0.67778964543642117       0.67921251172389485     
  0.68531075448961642       0.65392621846577026     
  0.70222002649766679       0.65395608123906346     
           7
  0.34412749508518575       0.77537610927620149     
  0.32738295757856672       0.78336718002474659     
  0.32080122936125854       0.77724702093295628     
  0.32425175840168718       0.76516134603750541     
  0.31688187384219918       0.75751858077458456     
  0.33885949339377358       0.76368301463285226     
  0.34068142512830651       0.76934924749808375     
           8
  0.41838834522789697       0.83547328654577668     
  0.41362705263888655       0.84089308745304747     
  0.41773751669920295       0.84662917903870494     
  0.40267722473741407       0.84158475490958440     
  0.38858968217692896       0.83864001868629290     
  0.39577897626485431       0.81992083746841404     
  0.40238824618048652       0.82365255084887778     
  0.41264201547316709       0.81838565079131009     
           4
  0.79114885466045892       0.72368488309111467     
  0.77082845900606645       0.71561389177399648     
  0.78325778062631901       0.70370788290384401     
  0.79593377647789043       0.71215732407047860     
           8
  0.24225111510587058       0.68179922674211602     
  0.23684027592954823       0.68890172432314667     
  0.23287070127296802       0.69366620948078039     
  0.21975381678901337       0.68869105032686107     
  0.21569563268474115       0.69309821034649077     
  0.21484701808264772       0.66805473795564141     
  0.21955495708916475       0.66546603034028184     
  0.23302603645498249       0.66778792008052323     
           6
  0.72623205051925610       0.56604354268476798     
  0.72497755128563979       0.57444847143372624     
  0.71593028258873059       0.57108573685323050     
  0.70142176404726053       0.56508058376753922     
  0.72413977004226837       0.54536855130620865     
  0.72480679166982309       0.55821979432675739     
           3
  0.38300000000000001       0.85099999999999998     
  0.36764432863509966       0.84451950227331829     
  0.37591774761222985       0.83866075633712178     
           5
  0.37524494302157146        4.8665167569786359E-002
  0.36851272464163892        5.6797184877953821E-002
  0.35367109727701290        3.5613274340507560E-002
  0.38031545776549930        2.9186306583062503E-002
  0.37864006161870711        3.5859711137291111E-002
           5
   9.5191539273604853E-002  0.33058429887581225     
   7.7200772399321826E-002  0.33087801228585650     
   6.8292290341531711E-002  0.33369347415790329     
   6.7147219713514963E-002  0.32013789944154314     
   9.2398433701807156E-002  0.31828009827907955     
           7
   3.0399224693258731E-002  0.33728058398103417     
   1.2169458581733010E-002  0.35315611890287507     
   6.7037369571293845E-003  0.33739406247910453     
   1.2086438219936452E-002  0.32265942189120245     
   2.1041580554959752E-002  0.32859362373694317     
   3.5508852335267509E-002  0.32377772381922759     
   2.8100988548883349E-002  0.32921256933437654     
           6
  0.45843544576608580       0.11014743926927970     
  0.45198945489176134       0.12099352574193073     
  0.43525928178453188       0.12225677999487389     
  0.43403489146862517       0.10938294998500422     
  0.43540885457857315        9.2586389817716164E-002
  0.45824808917581283        9.4142474142766802E-002
           8
  0.35842566017480032        3.8568837565244207E-002
  0.35303275184138505        3.6847165589302018E-002
  0.34410119401539346        2.4053606854327086E-002
  0.34517307772287986        1.7289208771631093E-002
  0.34515045135854111        9.2333188860595633E-003
  0.35746066575981361        1.1713281542038937E-002
  0.36743957014282508        8.5907544889516872E-003
  0.36943333386297444        1.7490199055716922E-002
           4
  0.13238584188598820       0.25678094221737224     
  0.12000000000000000       0.25500000000000000     
  0.12236530132491022       0.24253748635832328     
  0.13080153013642248       0.24337057947571758     
           3
  0.15087198081249362       0.26140274578655431     
  0.14624076048938689       0.25061341103554591     
  0.15500000000000000       0.25200000000000000     
           3
  0.79300000000000004       0.60499999999999998     
  0.77886746201261614       0.59026796875731158     
  0.80352081982769163       0.59032768433736749     
           8
  0.25941881009549134       0.23872078525472507     
  0.25582028713279309       0.24497537893395671     
  0.23774475416499835       0.24746945165502121     
  0.23686956138253379       0.24100827121035373     
  0.23364499852066581       0.23559699973215731     
  0.23703276139936516       0.22323912205957117     
  0.24657639864877953       0.22501505322897272     
  0.25820372113811713       0.22708096495272925     
           6
  0.28652350832067514       0.17796937815752520     
  0.27715515456751977       0.17539862880025392     
  0.26488215263472575       0.17797293126900249     
  0.26352868033605825       0.16693314107164639     
  0.26765615181855895       0.14832513101334785     
  0.28093976087454564       0.16374955564350763     
           5
  0.75237499243166051       0.60672814036088452     
  0.73863485237468673       0.61104577028539508     
  0.72889929159625633       0.60956468842163658     
  0.72619950772002051       0.58376020902340087     
  0.74099999999999999       0.59599999999999997     
           6
  0.33483388239016282       0.75779556938620540     
  0.33729835273882242       0.76807123877203176     
  0.32691476986226098       0.76287615861699642     
  0.31331413825232679       0.75448462608398292     
  0.31760087224987543       0.74498622828898287     
  0.33114525892902386       0.73863274799351941     
           5
  0.20127569054863909       0.64366332404520077     
  0.19435484728686497       0.64549298446307657     
  0.18176838228151368       0.62186802886706571     
  0.19325545757278934       0.62422691461429713     
  0.20387479618755461       0.62136425417125729     
           6
  0.86229858658145442       0.39382016263722386     
  0.85302615194616727       0.39038522655162938     
  0.83352397455008376       0.39278691171548619     
  0.83662785686779095       0.38614127840755796     
  0.83395096222674847       0.37281075934774849     
  0.85665753568677239       0.37808360381969236     
           6
  0.73689942121682095       0.45999292086641236     
  0.72599077396519140       0.47039450838153973     
  0.71744746807152182       0.46900640396359994     
  0.71692640320739032       0.45876649805715108     
  0.71708099287847471       0.45137719108401436     
  0.72686976890684329       0.44770222439859525     
           6
  0.30686543869366184        7.3843023591183887E-002
  0.30419709041035137        8.0076000414512766E-002
  0.29956991542977762        7.5239168355988165E-002
  0.28243953276352429        8.1256628720273102E-002
  0.28186638236291578        6.4141080873651793E-002
  0.31130159777838001        6.3210510855218505E-002
           3
  0.88379204399384115       0.21818735064413977     
  0.87519428916708109       0.20122078203411004     
  0.89448605935212455       0.19864654869552850     
           6
  0.34038533833565843       0.78368031032662555     
  0.34329454137864962       0.79305127760742289     
  0.31815391438124874       0.79241755690287541     
  0.31797786107883580       0.78027424306234261     
  0.31610000795020987       0.76530067856394690     
  0.33749589233619048       0.76515934261630891     
           8
  0.21777041146442336       0.18515337476623842     
  0.20880109731515820       0.18918376799447834     
  0.19016591702124053       0.18437697334019545     
  0.19477158616439538       0.16897182682565495     
  0.19057257223890664       0.16387981350976460     
  0.19677921628962408       0.16277366452355180     
  0.20806863417685431       0.16211451584848097     
  0.20670877785314734       0.16785355533165858     
           6
  0.67044495546843974       0.56088308358410877     
  0.66875665878893353       0.56786872721983217     
  0.65021720798880700       0.55901073397365786     
  0.64705081462366443       0.53865308581133375     
  0.65322437037069325       0.53976994006468448     
  0.67314826697650088       0.55292011718064837     
           3
  0.41074846362632422       0.10866436052636322     
  0.43379908602565714        9.5855002226042305E-002
  0.42599999999999999       0.10199999999999999     
           8
  0.32034140008152207       0.75947963491739845     
  0.31563377439961504       0.76733438925309028     
  0.31064158292162919       0.76938464185291622     
  0.29510335277564270       0.76549837498420725     
  0.29480548986559901       0.75334077124771193     
  0.29876714400478938       0.73953128883770491     
  0.30640798831283245       0.74143320751212660     
  0.31459164774797677       0.74690628627070277     
           3
  0.22402536255802719       0.24941168770501121     
  0.21500000000000000       0.24199999999999999     
  0.22353382167737113       0.23908081799635564     
           6
  0.95229657097342479       0.52496262311313957     
  0.93402332720120274       0.52354116119407634     
  0.92917966749147485       0.50944328790578297     
  0.93150105592967336       0.50338770465211924     
  0.93871909677057719       0.50253343129952621     
  0.95069728842608392       0.50808833920283336     
           5
   2.4000000000000000E-002  0.54700000000000004     
   1.1504031965189733E-002  0.55545597982374373     
   1.5581738523966684E-002  0.53795608173929510     
   2.2218379536919464E-002  0.53643205834196328     
   3.3965550913997528E-002  0.53657722539505992     
           8
  0.38219093265915843       0.10845776075227906     
  0.38464623293304817       0.11970590662980289     
  0.37290638993144648       0.11865360768930361     
  0.36090249007257663       0.11528391067833405     
  0.36269203234498842       0.10389979237770357     
  0.36947807114548353       0.10078282920530042     
  0.37509033202666670        9.7927400592388678E-002
  0.38428892767032841       0.10110178961389497     
           3
  0.99880312980911556       0.49039394018287102     
   1.0000000000000000       0.47499999999999998     
   1.0083586109801179       0.47409916907517474     
           4
  0.87074335909917833       0.60965360316293715     
  0.85255684380144670       0.60799473441266261     
  0.85265330790076144       0.58527126622447079     
  0.87371370110167612       0.59194838546352579     
           4
  0.98767599840487663       0.55431109907538756     
  0.97399999999999998       0.55100000000000005     
  0.96110277186162352       0.54655368381372815     
  0.97618645139957794       0.54142890037202640     
           7
   8.7254607109356411E-002  0.16388312944930783     
   8.1280672317335656E-002  0.16776692601952986     
   7.4717309931438644E-002  0.16013344915865180     
   6.8773556321696142E-002  0.14395303757588310     
   7.4690722304529833E-002  0.14753818851675055     
   7.8863260358250253E-002  0.14191320983702446     
   9.5147344499669814E-002  0.14977858758430534     
           8
  0.81717092629910271       0.44684886760299519     
  0.80984181233172425       0.44202418207303723     
  0.80063251937970481       0.44517283926039214     
  0.80500604622975358       0.43651903584349833     
  0.80124263822767983       0.43222260477282121     
  0.80357127647909410       0.42393949372027206     
  0.82462723965828477       0.41819880710181062     
  0.82894688624525492       0.43454296101067136     
           7
  0.93226702670049644       0.35053131282748989     
  0.91847717042580046       0.35677565649336646     
  0.90928811546740296       0.35885764155873012     
  0.90232790755876358       0.35048015933495114     
  0.91195538716319346       0.33453045828817451     
  0.92497766691244132       0.33144185733400122     
  0.93061276082625199       0.34011579253596735     
           3
   6.2000000000000000E-002  0.66100000000000003     
   5.3516165729454779E-002  0.66655037104389003     
   5.2020346963615981E-002  0.65153992357918278     
           4
  0.99575081173791047       0.73476613293867810     
  0.97378814320993679       0.73173327569991320     
  0.97833631696938250       0.71158553870429209     
  0.98874713730508945       0.70927882527457475     
           4
  0.88619405007406216       0.60628956065646133     
  0.87911652083316505       0.61129466347145811     
  0.86219563801923194       0.60223469400577356     
  0.87572875206121281       0.59253470861373359     
           7
  0.26047647918070149       0.23102023836113159     
  0.25502136063018699       0.23837012500483015     
  0.24593951837098366       0.24328643690905757     
  0.23900674993873106       0.23080246487291053     
  0.23697026290869483       0.21728439751877943     
  0.25205432285034318       0.21855305896121319     
  0.26030416170949278       0.21962747031084776     
           5
  0.25874537712882578       0.95218930431614146     
  0.24359173279189397       0.96012952727019540     
  0.23463400742103455       0.94180102675591471     
  0.25614586003108486       0.93655420108198117     
  0.26081564294089893       0.94407045340150186     
           3
  0.90065546261632001       0.60512303211583240     
  0.89295329375463828       0.59615923321347108     
  0.91654832354266125       0.58266339089027053     
           4
  0.82743530873792570       0.71213811460655807     
  0.81114071135119037       0.71368933061364792     
  0.79714576590505115       0.71608506372212166     
  0.80178759809879352       0.68809661583902593     
           5
  0.95634689717822829       0.41531318562763964     
  0.95116227298262446       0.40910035470141259     
  0.96007690677307067       0.38560192506306856     
  0.96021574102042850       0.39258027318397798     
  0.97227660627468959       0.39178504701834643     
           8
  0.28477457246675791       0.35786850249182139     
  0.27885025620601567       0.35818376926085777     
  0.27058009782991299       0.35680586740692105     
  0.26177512552966370       0.36225788500867223     
  0.26064153666262524       0.35556355927681821     
  0.25601794852084597       0.34897315757795855     
  0.26860228265307512       0.33678452860960051     
  0.27843942788645021       0.33956239009846634     
           6
  0.72511073102940793       0.57197295473709386     
  0.72644364286663510       0.57865970043135284     
  0.71903002697658169       0.58047529346689397     
  0.70190387360034923       0.56451807732385761     
  0.71878110679482332       0.55339093902269521     
  0.72309313922688656       0.56583912992859464     
           6
  0.80679928515374755       0.53267672491690743     
  0.78568407139815077       0.53519408202443564     
  0.79015180452390354       0.52790713825338642     
  0.78528274282885291       0.52114108246221769     
  0.80066858375481598       0.50736206802501671     
  0.80691445381651417       0.51413300836948017     
           7
  0.36926152278881774       0.95840235414022035     
  0.36095637748495490       0.95835606538346907     
  0.35401119025007616       0.95428077001731948     
  0.35917306789076048       0.95041766796559601     
  0.37231460668247057       0.93549479275052283     
  0.37784419824039661       0.93906135648744682     
  0.37591420182719332       0.94726036235745847     
           6
   7.6880737185468145E-002  0.24172728335039750     
   7.2979493004628720E-002  0.24722704298794229     
   7.5473955922586766E-002  0.23426848586958407     
   7.5925524674673617E-002  0.22418226793764454     
   8.9746855122879152E-002  0.21960501974302860     
  0.10326821508648952       0.22948573158477414     
           6
   4.1437003231483097E-002  0.22830497557210744     
   3.9687778420702237E-002  0.23489140965292823     
   3.8887299127920605E-002  0.24338846512487858     
   2.1533743208298643E-002  0.22078721167656276     
   3.2972384382120912E-002  0.21560228575507939     
   4.0142782043658905E-002  0.22049749717079678     
           3
  0.18017115743213608       0.20650864374649661     
  0.18661096775753128       0.18484242530786060     
  0.20235958785368249       0.18861113681861877     
           5
  0.78659443199628776       0.66643226287601232     
  0.78548769135926588       0.67671315421830336     
  0.76123795136778083       0.66714436583680725     
  0.76534762411445934       0.65958084910941484     
  0.76030139898993387       0.65303235857819963     
           5
  0.74410955437685777       0.59003447070529358     
  0.73664440974716805       0.59433250630072543     
  0.72703585716204100       0.58718198984545955     
  0.71848995666269322       0.57320513242452531     
  0.72930284258541089       0.56631969062596155     
           7
  0.15451358202266077       0.72811957220516044     
  0.15558461871949203       0.73813825067166794     
  0.15340909838592753       0.74531508276866809     
  0.13273883588056662       0.71958222222348789     
  0.14398932624718427       0.71606271183509596     
  0.14842450443752014       0.71996309184551455     
  0.15862339253856889       0.72287154292099720     
           3
  0.17398887336346341       0.75760754152311582     
  0.18800000000000000       0.74800000000000000     
  0.19645297556477107       0.75112672722990925     
           8
  0.97203588495567872       0.53626135563025934     
  0.97024990048912452       0.54540394772095002     
  0.95389786412346522       0.54316056847298266     
  0.94851901547360096       0.52958972090075018     
  0.95051740185839917       0.52312593633164572     
  0.95705989432930394       0.52120538284504170     
  0.96927760690492926       0.51994639332830206     
  0.96826495314746408       0.52958745326949563     
           5
  0.96657035950280901       0.29709006516448561     
  0.94326267591289459       0.30108305687793990     
  0.94262351716594450       0.29124147873399125     
  0.95993456411386369       0.28180770662421495     
  0.96451382417544917       0.28782689561822633     
           7
  0.29352560466231659       0.17400253824440798     
  0.27427777428165823       0.17062223277164509     
  0.26778672961927280       0.16870013441502729     
  0.26562820206142596       0.15128670170310657     
  0.27119042635148422       0.14497347105353356     
  0.28307246482009712       0.14745856757051398     
  0.29376066336448392       0.15422971297995469     
           6
  0.97046210464616456       0.60939644418600769     
  0.96826451384955858       0.61786041950082493     
  0.94670428809122231       0.61658814230221382     
  0.94763032527377999       0.60906518548314126     
  0.94095418484913584       0.59811707380378698     
  0.96650280546814726       0.60074818977222344     
           6
  0.89477179903187098       0.39463670547931717     
  0.88764278467296398       0.40285739953092431     
  0.87389325439644905       0.40444753277432272     
  0.86856934293856281       0.38364253189011366     
  0.88656527067014490       0.37703099321657563     
  0.88977721457545345       0.38748695420804607     
           8
  0.85701675117761134       0.20766170183095758     
  0.84796227084363163       0.20716812152370831     
  0.83834134287528550       0.20915603171268471     
  0.84330546685546115       0.20065711286062587     
  0.84322534827070350       0.18791179791125912     
  0.85065523793073794       0.18044039528258660     
  0.85691547122184175       0.18046385520998628     
  0.86469865314273253       0.18618761653625293     
           8
  0.73825568618569970       0.64629408854738868     
  0.73193473525933572       0.64940922557695258     
  0.72060626945869255       0.64518457074384850     
  0.72143263573128469       0.63750700013179884     
  0.71501865424760502       0.62799679183919876     
  0.72541671811751940       0.62842365023985103     
  0.73531448103196428       0.62638298469132281     
  0.74069064273407814       0.62581308605186248     
           7
   6.8956896426329725E-002  0.57669015118631506     
   6.0946841155933615E-002  0.57321651416701380     
   5.0347555850645702E-002  0.57190851607066584     
   4.3845350421787249E-002  0.56852012337945634     
   4.7557429794825218E-002  0.54764347124374513     
   5.5543484200764437E-002  0.55097877952100760     
   7.0799424588478557E-002  0.55629512743662901     
           8
  0.14015517577167466       0.51175500703118915     
  0.13501316297193044       0.50827985983695578     
  0.12611187842473714       0.50798874379144088     
  0.12777751277372920       0.49234272675854601     
  0.13196480366153462       0.48651835350849792     
  0.13862570225654958       0.48944731164503913     
  0.14899616636226612       0.49128670261780844     
  0.14791873760939397       0.49791187679069027     
           6
  0.82967494426401822       0.42813796142150645     
  0.83338156459271817       0.43958628961526114     
  0.80612750854492066       0.43505891980393063     
  0.80576874278103494       0.42292694432189010     
  0.80928402624826257       0.41351145860016542     
  0.83133183077247419       0.42056091164781545     
           6
  0.88658902439262832       0.66242175280873217     
  0.86574179075405544       0.67115716544224924     
  0.85786684684185832       0.67412884771199943     
  0.86297279206748900       0.66077318474223179     
  0.86544546325304350       0.65378639667435945     
  0.87227219275451695       0.65214478299288725     
           4
  0.31516347410693679       0.11360618151027621     
  0.29747827990407660       0.10054153500738340     
  0.31323720689502832        9.1425519652639217E-002
  0.32179363670169475        9.6255737401491459E-002
           8
  0.26529099711708293       0.67422673509025766     
  0.25784070683564736       0.68003152475774697     
  0.24618970623855632       0.68325185620628970     
  0.24739246217768845       0.67372334669139611     
  0.24724785356807655       0.66275164605418191     
  0.24541485388580303       0.65717912329031924     
  0.26356088600305561       0.66085043958225620     
  0.26952000226855516       0.65606194480695190     
           7
  0.28242840917413264       0.33413984608149988     
  0.26509094871026029       0.33390464038022893     
  0.25864611333237808       0.33315237092907457     
  0.25897753175972987       0.31992064610009191     
  0.26358706803229592       0.30747277433983405     
  0.28111712512710341       0.31872595468749404     
  0.28548405804831262       0.32332312778222988     
           4
  0.27805906389593044       0.13244834301524150     
  0.26867206477184813       0.12669269078448969     
  0.26618117365622324       0.10662617582744606     
  0.28796128267285764       0.11224100431800937     
           5
  0.81146485445558025       0.66411872952747819     
  0.80510369653718772       0.67388821338597504     
  0.78565267443917375       0.66753102357672567     
  0.79288805515105520       0.64792011544884553     
  0.80179700208249682       0.65291778503757569     
           7
  0.20088278327376544        6.9709342849304717E-002
  0.20241888261062788        7.9302085657003002E-002
  0.18671637558584939        7.5086148967062671E-002
  0.17929489314211366        6.8763712782092992E-002
  0.18359850683136877        6.3793231830952910E-002
  0.18298690724583760        5.1856710210827994E-002
  0.20359155612279980        6.0478780295529201E-002
           6
  0.96602008867389111       0.68776104004186345     
  0.94002308362375087       0.68669745508882374     
  0.93608555282178929       0.67168488148870731     
  0.94013435447752525       0.66468083206878514     
  0.94659736307278242       0.66068251964354818     
  0.95691618577373438       0.66311079036878640     
           7
  0.34519569583242826       0.99311230613654811     
  0.33470403137742732        1.0014984302956427     
  0.32562921888777824        1.0004889405794126     
  0.32931455743822169       0.99546105254224637     
  0.33421357189422551       0.97832382297060827     
  0.34150909082483560       0.97685484886705698     
  0.34880134913997390       0.98262227978917649     
           4
  0.59270584321955766       0.84131863772108728     
  0.56954268212265347       0.85483596834639053     
  0.56952124928645986       0.83582092136674968     
  0.58729763392176515       0.83058393449289802     
           3
  0.95127521636757528       0.37180620128098052     
  0.93551030870718688       0.37346145930167585     
  0.93999999999999995       0.36299999999999999     
           4
  0.53635738012272105       0.81154337180857028     
  0.50962375807211480       0.80665292723997717     
  0.51437540966056439       0.79429075305384367     
  0.53150452316859431       0.79796133505803069     
           5
  0.76756560270386520       0.41883636070109526     
  0.75243781608269911       0.42710422771404527     
  0.74266107209779386       0.41587025648183573     
  0.76011406615833799       0.40369518978048824     
  0.76715163874045467       0.40955178469383779     
           4
  0.77446023588577850       0.58764483501880527     
  0.77200331895396646       0.58024430407116989     
  0.77681388979668020       0.56553692815537493     
  0.80111538498470913       0.57642933521989803     
           3
   7.1791508058002315E-002  0.62386094599453901     
   4.6078693311291004E-002  0.62229095781047616     
   5.9999999999999998E-002  0.62300000000000000     
           5
  0.52052896998473885       0.17459477381498456     
  0.50159475045573076       0.16887866499310120     
  0.51186637816786296       0.15357037436363608     
  0.51879642384507640       0.15131178708557783     
  0.52234404850175098       0.15813533369607360     
           5
  0.95156557553985455       0.51281118455538766     
  0.93819040483427019       0.50944934661598040     
  0.93033928191231974       0.50953621177638198     
  0.93674976453711456       0.49125988342072868     
  0.95878499931631700       0.50418112450535613     
           4
  0.92993688444776335       0.32651185085014406     
  0.91983759451545133       0.32253545173453912     
  0.92823561185101688       0.30152396120801234     
  0.94211465031669439       0.30526303914679165     
           4
  0.83723219874140642       0.81671598161689785     
  0.82028766975595035       0.81347900755007774     
  0.81071441241103970       0.81017868544947469     
  0.81383951171011049       0.78790144236412252     
           5
  0.26205393930662918       0.28969425501009605     
  0.23799321614163310       0.29301523720855660     
  0.23359433299341553       0.27874993748781607     
  0.24013299639550056       0.27451179360559042     
  0.24934793511264139       0.27319515692499219     
           7
  0.27669337274012945       0.77667751312623778     
  0.28087235834468849       0.78636016750162352     
  0.26077789995147371       0.79132499998656802     
  0.25668351232383341       0.77661645072124130     
  0.25328722368489853       0.76975701463419977     
  0.26544547586698292       0.76174829902439756     
  0.28089708751697712       0.76772038134171650     
           4
  0.18054366950450479       0.21143049460595448     
  0.16801039766383766       0.21329708822723362     
  0.15159810304775567       0.19089440227164581     
  0.17719848108772504       0.19488652265033268     
           6
  0.80593054084625204       0.69699490163431499     
  0.77975800679098328       0.69259986730020318     
  0.77822762786711175       0.68609375174140963     
  0.78517229587463677       0.68144239297443265     
  0.79791057796338039       0.68209794488751119     
  0.80458433182283873       0.68395384011711402     
           3
  0.90265473363402160       0.61216473425134721     
  0.89305819781034457       0.58984843507713836     
  0.91448399945331882       0.59622588334750781     
           8
  0.21113173609129929        3.1823622400547223E-002
  0.20416840116203047        3.2927873716008707E-002
  0.20604068414116905        1.6321505039167971E-002
  0.20153700185524120        8.7678217097089031E-003
  0.20979786129944489        8.9524982854700917E-003
  0.22008349052814463        1.1836204198882467E-002
  0.22790293593047362        6.6646054642866305E-003
  0.23192485220558925        1.3079733402309848E-002
           6
  0.13120051749105766       0.28581864583709671     
  0.12342661529121708       0.28096523305389393     
  0.11260403610865227       0.28002997974830635     
  0.10859649627942841       0.26708950087639777     
  0.13519656799051771       0.26075188251653969     
  0.13925373526312063       0.27027361726061888     
           4
  0.89033888175119902       0.57035411105887146     
  0.88829643717696583       0.58078273690475268     
  0.87193266149495674       0.56734937554162068     
  0.88429200840747835       0.55809226976255222     
           4
  0.69969714885343293       0.43549284204340200     
  0.69611068256163955       0.42725241121355040     
  0.70760078957040173       0.41852780349803265     
  0.71946255881693033       0.42155471536910100     
           3
   5.2999999999999999E-002  0.56100000000000005     
   4.0751911077832000E-002  0.54802430100436395     
   6.7068213694184642E-002  0.54927234036619876     
           4
  0.39855355464674735       0.71081991100078612     
  0.38600000000000001       0.71299999999999997     
  0.38418133836276847       0.70025673697790369     
  0.39468626887660280       0.69770177122508525     
           4
  0.76242843544942374       0.43771911665408447     
  0.75108085652979695       0.42244811735868742     
  0.75535818954684020       0.41004136335802022     
  0.77765660427306404       0.41054177199535247     
           7
  0.10988944326056034       0.57986231001756228     
   8.9619838129218921E-002  0.58792045462123133     
   9.0198927310947294E-002  0.58077395823106592     
   8.8998766381932215E-002  0.57187923352428882     
   9.3501435721693268E-002  0.56240833062825191     
  0.11040520366268722       0.56298769227181500     
  0.10854543455820975       0.57278325997076729     
           7
   8.6568198195959456E-002  0.61932757332590127     
   7.7445536508646898E-002  0.62060501884948727     
   6.7311418549738031E-002  0.62063088468291983     
   6.6224845606187022E-002  0.59764478463466642     
   8.4033059454597700E-002  0.60004204372007852     
   9.1359762691564747E-002  0.59536836785453928     
   8.7283430604017470E-002  0.60495021926653036     
           3
  0.88367112596117825       0.61636385335101818     
  0.86239549055414100       0.62130877747450575     
  0.87500000000000000       0.60699999999999998     
           3
  0.27867936877746852       0.85010065121823586     
  0.26600000000000001       0.84699999999999998     
  0.27734988353455758       0.83896710693677823     
           5
  0.87416174232776167       0.68745012266646199     
  0.85784489196047742       0.68722091014334585     
  0.84712801910101176       0.66380232064800648     
  0.87263042350228137       0.66514708076898432     
  0.87210122178926985       0.67324507888506469     
           6
   9.1472513392367727E-002  0.52558607234610044     
   9.1162860437777993E-002  0.53240468233179050     
   8.3391150686885351E-002  0.53338097438693666     
   6.3576313376165261E-002  0.52308207665832562     
   6.5144422450334472E-002  0.51232435104787255     
   7.6133077860451981E-002  0.51281214416637622     
           6
  0.64902529989828017       0.28528973445907213     
  0.64379703045982417       0.28998213802774725     
  0.62278501034941847       0.28982315060338704     
  0.62610605816809406       0.27286150577722729     
  0.63280528971517458       0.26865791205761536     
  0.64519810120402399       0.26350181728684674     
           3
  0.66482209462810926       0.67333516808248572     
  0.64215380518304133       0.66010728575547273     
  0.64818652060788606       0.65154847690907314     
           7
  0.79943367731798276       0.43873762425578172     
  0.78278647605432361       0.43866334506127902     
  0.77361918298651489       0.43427200969665258     
  0.77511173696249447       0.42542991862775631     
  0.77441541220400389       0.41638150804088575     
  0.78203007931842194       0.41258631827505848     
  0.79847038593751651       0.40948618478837800     
           7
  0.12614039997063389       0.84649956509849444     
  0.11399834496068782       0.84756509117058099     
  0.10577622893072203       0.84714650046924389     
  0.10165986342766474       0.83528121462629490     
  0.10677147295038594       0.82406903896865857     
  0.11642029004453375       0.82553189668462656     
  0.12574617116771217       0.82769720050104523     
           4
  0.89344811280754410       0.57291091265163463     
  0.88200000000000001       0.57399999999999995     
  0.87879188125552377       0.56579596161622892     
  0.89422249998331671       0.56014663142350118     
           5
  0.36415263406935416       0.11909900825703812     
  0.33731457768494466       0.12705143934437294     
  0.34023275976309242       0.10122034272296583     
  0.36120244947602326       0.10336438626861208     
  0.36219582413566032       0.11090616005626812     
           3
  0.53266715950780641       0.68384967916305484     
  0.51900000000000002       0.67400000000000004     
  0.53434391930708713       0.66907639735396363     
           8
  0.57972385355858558       0.70448680559469556     
  0.57521896512024062       0.70768010321908958     
  0.57029087635906484       0.70144725520955709     
  0.55804781664292358       0.67994105425788109     
  0.56683829655330886       0.67906571724960829     
  0.57177005116331125       0.68487291722862587     
  0.57308187304188452       0.67830735875383064     
  0.58284738409685777       0.68686218439684854     
           7
  0.42264762760706537       0.72230867745842664     
  0.41455492426089974       0.72561413931328367     
  0.40478063168140604       0.72456215420294301     
  0.39881542949124055       0.72012086700603417     
  0.40128443699460559       0.71359614163805030     
  0.41480253658829641       0.69969860087171420     
  0.41312347374046704       0.70678333035317087     
           5
  0.69397442020146261       0.73802439354745009     
  0.69291943481876150       0.74962987463061814     
  0.66910346397688614       0.74100479578033918     
  0.68074648379518810       0.72772665374191503     
  0.69150457231735185       0.73042483972330563     
           4
  0.70695936701049400       0.61803842873676529     
  0.70999999999999996       0.60299999999999998     
  0.71374777310754922       0.59267104959153727     
  0.71981463047169358       0.59959769122190432     
           8
  0.14453596026813426       0.32929903594700011     
  0.13903051494156882       0.32831398250261412     
  0.13066638048772963       0.32943815824153533     
  0.11771764804297956       0.32788492070427450     
  0.12396958607514443       0.31256510216446132     
  0.11696684270405293       0.30272614898799838     
  0.13281155682346160       0.30857030864672430     
  0.14095415565490135       0.30635108279446410     
           6
  0.25643593913322132       0.88807692221397094     
  0.24586519859255923       0.90123901373944926     
  0.22786144027347033       0.90031700670407644     
  0.23038180187107907       0.88837457366023587     
  0.23150114716485562       0.87280865598680568     
  0.24359727050872940       0.87523923397831271     
           3
  0.33649024144807560       0.13907873533692514     
  0.31348873938349148       0.13994637476031915     
  0.33290322838374919       0.12164869854397853     
           5
  0.69668024153720076       0.19140658553468848     
  0.67866946101734316       0.19653758869811797     
  0.66869203757410733       0.19353148593176114     
  0.67980128939064577       0.17364329621277064     
  0.69429880319240100       0.18080449668768683     
           7
  0.92132426565077086       0.51614529582404411     
  0.91048864303855459       0.51312061277253807     
  0.89759015700206402       0.51855157385406769     
  0.89736624381324470       0.50851554955110856     
  0.90479371281967003       0.49137900634120824     
  0.91117052903867102       0.49662830377249761     
  0.92000524197165934       0.49472654654142667     
           3
   3.2004831437868482E-002  0.52691432062580945     
   1.8659786044214168E-002  0.50254926159250024     
   3.4417554664318402E-002  0.50498329203352599     
           8
  0.96696480701550602       0.68520574645237953     
  0.96056996772707959       0.68723056748506461     
  0.95079170638845156       0.68151321686236199     
  0.93880105381089385       0.68365908445643164     
  0.94285639655841325       0.66251602612109151     
  0.95400717698670934       0.65818595236207444     
  0.96157661400658534       0.66967817936744067     
  0.96723170234067757       0.67319170531644745     
           7
  0.37389236668009712       0.10732119141564170     
  0.37643267644750794       0.12045980193956361     
  0.35706299126316937       0.11630559656770703     
  0.35267109400288305        9.5376976789464427E-002
  0.35779055231286255        9.2004230063476300E-002
  0.36476685275951359        9.1679936983262378E-002
  0.37091655846891469        9.5193409011894381E-002
           6
  0.76023379968398774       0.34160423895182029     
  0.73155681510604464       0.33740001241529483     
  0.74030955871288306       0.32266631428563319     
  0.73750759523538578       0.31658121574393094     
  0.74538453677252470       0.31616483124246514     
  0.76010741909322455       0.32680300480890173     
           4
   6.1848025060326786E-002  0.52863485741984062     
   5.2829131855910656E-002  0.53689725572525127     
   3.7009062742162230E-002  0.51099872138368929     
   6.0046033840144945E-002  0.51690221832763728     
           7
  0.81967877760833530       0.64352741009802505     
  0.81522566152629972       0.64833273058688423     
  0.80466903323180416       0.65052906639507324     
  0.79538651428756568       0.63270107291233668     
  0.81043529252325719       0.63034701030146079     
  0.81728410407205832       0.62761295050108834     
  0.81794151952413208       0.63410712536183766     
           4
  0.94999999999999996       0.58599999999999997     
  0.94227336673548401       0.60012598123639926     
  0.93939851878554825       0.57880415497571813     
  0.95513189420655342       0.57450588834455263     
           3
  0.87557142980327130       0.42285372828526624     
  0.86653944069325362       0.42814473355253241     
  0.87300000000000000       0.41399999999999998     
           3
   9.7000000000000003E-002  0.27800000000000002     
   8.3177040203782387E-002  0.28621159454338829     
   9.5827167203073563E-002  0.26312743562093238     
           5
  0.78329072641273212       0.60685827631679123     
  0.76377965169259843       0.61481655931754331     
  0.76596752818408897       0.59817818107672671     
  0.77501394146379121       0.58716391865964201     
  0.78142765567112082       0.59218201333832798     
           6
  0.20173558694838131       0.32128347248731864     
  0.19085575641766364       0.31970713429441844     
  0.18409699212580813       0.31594499472835563     
  0.18565153062752471       0.29423815031341299     
  0.19176235323237339       0.29563776135088049     
  0.20883646365376951       0.30543500518916489     
           8
  0.26902568550310857       0.28890825656501945     
  0.26335030035841983       0.28547286584674475     
  0.25724348483329329       0.28938267444062515     
  0.25294845814788181       0.28358100584273555     
  0.25781297215837068       0.27595169646494472     
  0.25621594450245838       0.26595658816433149     
  0.26539599813822595       0.26768329680593539     
  0.27788111557428652       0.26297402533205949     
           4
  0.73725827100881236       0.36949354922401439     
  0.72710010706161843       0.36862269013458943     
  0.74163495628128406       0.35188578220933331     
  0.75007521461887861       0.35840555093278492     
           7
  0.83862101418242962       0.36675481129749687     
  0.82356502971181600       0.37206882209059050     
  0.80952774394500415       0.34526404750500483     
  0.81831638950821795       0.34457762221243432     
  0.82953588007929224       0.34736388682987701     
  0.83547094145885037       0.34152912422282128     
  0.83646237677608293       0.34749515484833998     
           8
  0.26146800626695077       0.85234736159879110     
  0.23787093563679840       0.86256155488193731     
  0.23271221670742193       0.85747554862512332     
  0.23754535642637059       0.84985786003418995     
  0.23221121139268261       0.84316985842708225     
  0.24221235577086478       0.84160951465242262     
  0.24679845363795944       0.83847656231948486     
  0.25287414465591235       0.83877650036230089     
           7
  0.27307803917757473       0.18192795518627713     
  0.26523212973331589       0.17658138602003584     
  0.25637522981554406       0.17781190555001736     
  0.25800632479177499       0.17101955848455933     
  0.25933078495331047       0.15973412934730158     
  0.28083750186794032       0.16122802463051933     
  0.27664830990054123       0.16611973777956601     
           6
  0.19561132689277086       0.77885318789829594     
  0.18957647142270706       0.78246304137626022     
  0.17892075043590500       0.79422286758940763     
  0.16698419107296217       0.77494985432821228     
  0.17318678037794175       0.76773316298443472     
  0.17931433577650296       0.77119177628223934     
           5
  0.70445239786269176       0.50614236538931745     
  0.69378849527873199       0.50446922669058558     
  0.68604273742009669       0.50735598710006224     
  0.69459926378655557       0.48279030065104517     
  0.71023104530607850       0.47703648643630381     
           8
  0.70726761965158902       0.69802206496618668     
  0.70798082616731339       0.71163310771505339     
  0.69470541660490681       0.70994243316579797     
  0.68573505248886923       0.69632603485118016     
  0.68357884547155445       0.68689514223096926     
  0.68841592416559982       0.68344223883074362     
  0.70537324802410173       0.68459115177295493     
  0.70294308617135615       0.69260024988086688     
           3
  0.71149263242407390       0.46713264593733578     
  0.69750700202961358       0.43997374483450907     
  0.72044607904781000       0.44456702818014265     
           5
  0.20605963860895454       0.71599510643839170     
  0.20770917108895121       0.70889403886672120     
  0.19786540501710398       0.68789609906625149     
  0.21514752969999704       0.68866637273708864     
  0.22819821845239133       0.69776611822179835     
           5
  0.15165506001061269        8.0218776237534428E-002
  0.14061702347486343        8.7289589625701436E-002
  0.13545188940753911        6.7440713767603022E-002
  0.14372529134045758        6.1295505765668293E-002
  0.15332428232505049        6.2838125192378691E-002
           8
  0.95330893566318664       0.66782574078471268     
  0.95111673782848782       0.67387287298378717     
  0.93724714458604474       0.67378573879928172     
  0.93177209931543525       0.65641508710201546     
  0.93202995729402438       0.64760428510360102     
  0.94156424791663551       0.64738538273968516     
  0.94791130248651789       0.64873119750737140     
  0.94869601074134180       0.65433936874551546     
           5
  0.22681816115566797       0.21819403514432897     
  0.20836999990441071       0.22371904289263109     
  0.19960651002321658       0.21293403107369813     
  0.20575546532508782       0.20383540374705170     
  0.22809653037441741       0.20772774634278804     
           8
  0.93956992358546032       0.60048867928769523     
  0.92495843369576336       0.60089601581161267     
  0.92009674437336608       0.59396228868578571     
  0.92097850690500049       0.58676610490861536     
  0.92879197429563420       0.57417841750106879     
  0.93412959156745945       0.57718675622244608     
  0.93814906360151018       0.57354030921199539     
  0.94477345957613057       0.58334541896841530     
           6
  0.17894669129215474       0.25687902288673825     
  0.16832883072831570       0.25356450061783609     
  0.16515409487154592       0.24808851882557159     
  0.16444313293405755       0.24118331786018007     
  0.16173347085383355       0.23546857180968614     
  0.18281540346059755       0.23193306960301810     
           7
  0.47395329672302805        4.9115068680171285E-002
  0.46669260856342182        4.6627903082558139E-002
  0.45948039487849557        5.2362833061856774E-002
  0.45301530274391433        5.2361884695919146E-002
  0.45277783776016373        3.1692335389707386E-002
  0.46459473005954965        2.4923227745771478E-002
  0.47528677259366359        3.4262739240585920E-002
           4
   5.1733102532547925E-002  0.52765911857906045     
   3.9000000000000000E-002  0.52100000000000002     
   2.4018708543530214E-002  0.50990934345369854     
   5.1968522586447158E-002  0.51395953187271859     
           6
  0.71158410263566718       0.59857686820176437     
  0.70214998865944844       0.60745029648381832     
  0.69731609048752419       0.60232066591386635     
  0.68776779311952796       0.58425969099948327     
  0.69848153368621391       0.58605262037563954     
  0.70975091780703325       0.58989259055770538     
           8
  0.32081474377678149       0.17879571745859624     
  0.31980370880054293       0.18462484884588751     
  0.31066058189715595       0.18315003873203511     
  0.29473794016862426       0.17036550698711736     
  0.29334386845662069       0.15938463870176692     
  0.30498745771047953       0.15567700006808444     
  0.31086049706703506       0.16207677426245112     
  0.31712766849338886       0.15463433481935698     
           8
   9.0146825585073906E-002  0.56071343609838997     
   8.4979495096633662E-002  0.56598687980437268     
   7.2643706057951909E-002  0.56793697102537555     
   6.2382036859822271E-002  0.56450529871854294     
   6.4526186180690670E-002  0.55739519494138556     
   6.4477675133176773E-002  0.54855841974544917     
   6.9831520704493055E-002  0.54514672634577677     
   7.9633464541925741E-002  0.54565163419277707     
           5
   1.0031402029027539       0.43282490673616558     
   1.0001733375583330       0.44692474747536853     
  0.97869279366294060       0.42003901707312546     
  0.99106928660464266       0.41978616206176939     
   1.0057050032090455       0.42331301941538385     
           6
  0.80902655441033833       0.29789934174427157     
  0.79398879476639472       0.29933016808545049     
  0.78845364621769054       0.29542361422823321     
  0.78609632904348248       0.28698183933134941     
  0.80809138603692421       0.27602951235844969     
  0.80945594805081289       0.28734143849940941     
           3
   7.4095566753051373E-002  0.36000753943499858     
   7.6139959004019667E-002  0.35129473184611143     
   8.4000000000000005E-002  0.34599999999999997     
           6
  0.80384606321910224       0.69256853821474362     
  0.80730131265395622       0.69778096316624494     
  0.78692665887497859       0.70835721083614389     
  0.78016114615861554       0.68423065446130338     
  0.78820958791145734       0.68147142472243949     
  0.79450331068077107       0.68601442159147175     
           8
   3.4023509799154666E-002  0.57710988471298075     
   3.8125014974039383E-002  0.58736791199640137     
   2.7032862170656681E-002  0.58445136952808474     
   1.3870285260695912E-002  0.58699322222998018     
   1.3904143384982602E-002  0.56668980915366685     
   1.9007061081958383E-002  0.56448804134077046     
   2.9013814507985618E-002  0.56414261080921801     
   3.4621134228869456E-002  0.57129745493427242     
           7
  0.18377169895861759       0.37627370531655996     
  0.17694500576998162       0.37852562885673197     
  0.17525586352424496       0.37129984085829304     
  0.18300102435881124       0.35837889692071878     
  0.18293419690810009       0.35188617948451073     
  0.18830138444276878       0.35558137174149917     
  0.19197625654725733       0.36075663431717125     
           4
  0.24585549832604670       0.29116289585567479     
  0.23182924085751697       0.29461680734880025     
  0.22179442012145473       0.28851672756613217     
  0.22287705887095488       0.27639961283114739     
           7
  0.78822930374844946       0.56125988887002010     
  0.78867819892815882       0.56827650924826845     
  0.77288935044804907       0.57080261039749558     
  0.76074266403468460       0.55606570847603065     
  0.76208024155152865       0.54811217760371489     
  0.78185384047874984       0.54773082571716314     
  0.78995986553743336       0.55119189374255606     
           3
  0.99766772904979006       0.43430953290863367     
  0.98216899947103475       0.41189603764399541     
   1.0006823757616896       0.41678273501376178     
           6
  0.90537553566565443       0.31338329721969099     
  0.90363744323840089       0.32095899346631068     
  0.89256193166664777       0.31856256933060723     
  0.89700000000000002       0.30900000000000000     
  0.90466208076665533       0.29559767677384691     
  0.90677958724025798       0.30598300844430393     
           5
  0.42820023199990925       0.18995156522832493     
  0.42068873323880540       0.19064532988844393     
  0.40457573510985628       0.17347559317740280     
  0.40196015762699788       0.16708265894073804     
  0.41470970521745093       0.17096479030592299     
           5
  0.21200362615651908       0.29695086461071779     
  0.20557207597609783       0.30235141647863878     
  0.19427354722106702       0.30497813317715339     
  0.18666172975439968       0.29462978343054552     
  0.18827563916754575       0.27816873926354002     
           4
   5.6676233937485637E-002  0.89308842638269093     
   3.3734235700293630E-002  0.90143578463785479     
   2.8918026921240448E-002  0.88342393375594774     
   5.6024126341814570E-002  0.88274704019320815     
           6
   5.4425751022894049E-002  0.27259552121841246     
   4.0953478446704619E-002  0.28123812939041515     
   3.2544702486951994E-002  0.27652334635291848     
   2.4603304320058351E-002  0.27927461660381370     
   2.9317260987729157E-002  0.25374960148132508     
   4.7889366923015306E-002  0.25310432802232435     
           5
  0.36181323629028767       0.21968466921895674     
  0.35154555376427843       0.20824334912838549     
  0.35643769625412847       0.19968412292990767     
  0.36451922901173300       0.19474728690596579     
  0.37696422030021659       0.19805111495757913     
           4
  0.27145473711795254       0.77707690542383601     
  0.25691474853402763       0.76947408750315616     
  0.25082889767815486       0.75351167668883801     
  0.26695384322172311       0.75435011849652189     
           7
   2.7745151711904170E-002  0.29240072211452317     
   3.2369027323090958E-002  0.30382262214585803     
   7.2044223553649565E-003  0.30343535437231817     
   3.1135433798090920E-003  0.28565915143119830     
   1.5978386410965863E-003  0.27763178880382500     
   8.6592437688576430E-003  0.28079777817781798     
   1.6539566762040311E-002  0.27517595614387236     
           4
  0.74306395570344452       0.85576464388655249     
  0.72518222056462533       0.85844644208951881     
  0.71574453103056912       0.83824425442749773     
  0.73795318754367778       0.85009882209015175     
           4
  0.70930403402826736       0.64445670908930863     
  0.69494738897497488       0.64744893217632304     
  0.69189309198122206       0.61894913555418640     
  0.70699999999999996       0.63200000000000001     
           7
  0.81957293683497578       0.35559499489331503     
  0.81010146857665966       0.35703069655791458     
  0.81354871864297840       0.35187287305630982     
  0.82254075636636581       0.32651338991658413     
  0.82268147694574090       0.33417653562229266     
  0.83206074773314220       0.33411717177410005     
  0.83889848734759043       0.33140981908344919     
           5
  0.28842515458632489       0.80975248105133490     
  0.26999740344633905       0.81710359801267629     
  0.25945508398421407       0.81163820243806439     
  0.25953015694787679       0.80161933290305509     
  0.26528491466084447       0.80526173961201508     
           8
  0.97340261389583183       0.40549904999336966     
  0.96887968424608695       0.41566155391685072     
  0.95375882969358705       0.41636156048506107     
  0.95097708196557107       0.40883593254913309     
  0.94566653069967721       0.39544418607324727     
  0.95358192914941109       0.38997865433271722     
  0.96054712916320961       0.38920209407773215     
  0.97103240287659609       0.39748191412411343     
           6
  0.91215277077974088       0.60210299210158491     
  0.90529886434051765       0.61226358246564283     
  0.89378246910520243       0.61342495131775121     
  0.89165706139727996       0.59431871295234495     
  0.90607302303718829       0.59565925296984312     
  0.91593172703170389       0.58854979739272251     
           4
  0.67639076123758390       0.73215443098265554     
  0.66969353023318323       0.73896236089197476     
  0.67261574390294054       0.71885265519476094     
  0.69329380214183989       0.72051448617124891     
           6
  0.85226964347077494       0.25758664052851665     
  0.84533007858689291       0.25494984447542746     
  0.84801319619961868       0.24879471009794013     
  0.85035845537405119       0.24069039054374339     
  0.87286536609185983       0.24026026660213101     
  0.87407099993169024       0.24808184949304740     
           4
   3.9313270127691119E-002  0.37959390895565287     
   2.2681684525222727E-002  0.36280298572805120     
   3.1025046461628542E-002  0.35376174041221770     
   4.7550545351748054E-002  0.35562401308028324     
           5
  0.21799775721834999       0.19773051319460708     
  0.20915374525235295       0.19843734579626507     
  0.19604366230440268       0.18370046375008431     
  0.22388397744156902       0.17751083636586940     
  0.22342500036509763       0.18716048488532958     
           3
  0.31586333434639863       0.18099424402545491     
  0.30481550320996392       0.17854112684064091     
  0.32256325059412860       0.15727962949163982     
           8
  0.23387157350358009       0.18985081250172053     
  0.22469886777191109       0.18754518952600044     
  0.21968385995884748       0.17834671402958688     
  0.22450992940657280       0.17597411550628922     
  0.22279660461663811       0.16555650735661265     
  0.23206889850718063       0.16662594651970491     
  0.23911159871038354       0.16560611514137127     
  0.24695349802718408       0.16559204137467934     
           4
  0.22673475591807923       0.70567888470299955     
  0.20567110399388919       0.70626997263420155     
  0.21554739517378285       0.68456049540854691     
  0.22706028031258896       0.68644250378598271     
           3
  0.37657918953261843       0.20008392253080109     
  0.37900000000000000       0.19000000000000000     
  0.38738421424602515       0.18515027436284767     
           5
  0.63983518943564666       0.65274429820284463     
  0.63732939031138924       0.66128794382520817     
  0.62900000000000000       0.65700000000000003     
  0.61388568528903742       0.64353999852596844     
  0.63034488121350540       0.64772457415529894     
           5
  0.74676470164939834       0.49649496765851686     
  0.72509326183206757       0.48717507871684013     
  0.74158856661230765       0.47786550071435319     
  0.74518527022096281       0.47205180826288834     
  0.75271571875105880       0.47965896475876330     
           8
  0.10470158348577804       0.56660037672342189     
   9.8529827910831938E-002  0.56472023003611771     
   9.2926399426807832E-002  0.56092783455324169     
   7.9650803764720418E-002  0.55610938266926568     
   8.3841392620820826E-002  0.54367639329354589     
   9.3860777945452945E-002  0.53850379020711026     
  0.10357402103310714       0.53711685874870763     
  0.10625409664404238       0.54187236953667672     
           7
  0.28004878882561668       0.17607403614725739     
  0.28409680390542780       0.18686878978759661     
  0.26906235570626180       0.18191749924660691     
  0.25858348233991402       0.18815195799192030     
  0.26040604866800288       0.17346502012257092     
  0.28021223634462361       0.16246465606124030     
  0.28701860517748373       0.15982791592183199     
           3
  0.89789218241924873       0.63551802696057791     
  0.88400000000000001       0.62800000000000000     
  0.86895055914087216       0.61921736427556151     
           3
  0.98135216547975967       0.31177595219569354     
  0.95235961947013759       0.30814291509433406     
  0.97003882208371017       0.28254448969992080     
           3
  0.92806757595649714       0.28239139842989885     
  0.90890735559717928       0.29358984403614929     
  0.89970727583600763       0.26547189202272453     
           7
  0.21023319925107642       0.31351276301057512     
  0.20556780021361667       0.31763868409091545     
  0.20485219023293716       0.32567017510079876     
  0.18652502914814251       0.31760519503158863     
  0.18492987472331532       0.30807469694829615     
  0.18979819724846031       0.30241752413600370     
  0.19962229832997153       0.30309381765582660     
           3
  0.27600000000000002        8.4000000000000005E-002
  0.26172585472979470        7.7720782857884141E-002
  0.28968623895724988        7.3311355033668854E-002
           8
  0.70748807631731059       0.63045806707142915     
  0.70517787530966547       0.63842808785744098     
  0.69765747971561587       0.64468670434618003     
  0.67861056073900949       0.63697684214622818     
  0.67755595173005734       0.62388925219888236     
  0.68102352525660870       0.61910119389983953     
  0.69241846278948738       0.62384000575141141     
  0.70222016753129635       0.62032643345081540     
           5
  0.83933859352537354       0.34662233798474706     
  0.83937277667411048       0.36280039547299753     
  0.81266264063721438       0.34939518314545115     
  0.80964785709496123       0.33360348865754097     
  0.82448264698629592       0.33292633947495887     
           3
  0.27757822787356046       0.75764639574830106     
  0.28089853483235350       0.72823311887656872     
  0.28858937658761158       0.73293494789430402     
           8
  0.25397884362337114       0.75046893806092396     
  0.23779497095342397       0.75184339135084455     
  0.24079340694448131       0.74103206992787263     
  0.23885293670431282       0.72829138914077540     
  0.24436572379617175       0.72859435335448708     
  0.24920458439032719       0.72407106047525815     
  0.26826083775945947       0.73357013470879828     
  0.26260603234483687       0.73481163628658241     
           5
  0.88676806441398348       0.30790655190391741     
  0.88044723893590626       0.31313009829020660     
  0.85946953275245153       0.30032837316786620     
  0.86845314530534090       0.28846097261490766     
  0.88716798976799971       0.29837571222862314     
           7
  0.70135329901212040       0.67023981533267696     
  0.68049079804982193       0.67052759514708604     
  0.68091790819925846       0.65260984265680078     
  0.68222594230511469       0.64442075738464266     
  0.69249317366506302       0.64827932948933997     
  0.69970541290186250       0.64297384984418615     
  0.70804978527113605       0.65091494973737529     
           7
  0.13484732406215358       0.32657825812743446     
  0.12628561249983911       0.32603392709103507     
  0.11479042956595133       0.31148503047987286     
  0.11197180779816848       0.30459310877535667     
  0.11765615060052789       0.30348592881655662     
  0.12263521903217171       0.29800812875356758     
  0.13101825231014327       0.30432864391143821     
           5
  0.71727353129196847       0.46232265093399610     
  0.69943812037052733       0.46810595487045858     
  0.69538761201143207       0.44642544093149206     
  0.71084040778636648       0.44128032648966065     
  0.71757513591202493       0.44431082096735902     
           8
  0.26004291033919746       0.82662437641378306     
  0.24655940604639281       0.83260823121144345     
  0.23930258895947723       0.83314461506637272     
  0.23742043564846513       0.80793545446378279     
  0.24379704109701120       0.80964233285841869     
  0.25105168634691960       0.80362266905311364     
  0.25123298961319246       0.81094577159925318     
  0.26254622405628547       0.80732727712484942     
           6
  0.78034563793818712       0.85680538438126375     
  0.77458711211112274       0.85186985330838982     
  0.76839547830541943       0.85710291321031429     
  0.77126369724143917       0.82904847184400732     
  0.78758628014043774       0.83256799100005741     
  0.79412898462400283       0.83421073429388093     
           3
  0.87865697658326525       0.54298045879855161     
  0.85146055358729678       0.54550946756029350     
  0.85294015656236266       0.53613139654095210     
           5
  0.37548383802411078       0.87998771952569865     
  0.35393966669986210       0.86937325437104607     
  0.35522740204514841       0.86122953112718392     
  0.37667300199886022       0.85915055703736787     
  0.37684697830519298       0.86740458238823392     
           5
  0.88134305804176816       0.38682638840166250     
  0.87559330214049380       0.37419307693273179     
  0.86975717020436039       0.36772062517976756     
  0.87763398931206016       0.36524656909423681     
  0.89236354811047236       0.36402116505217391     
           5
  0.69076614684467796       0.60412811859498838     
  0.67904893072740791       0.58012166443109547     
  0.67334944487962567       0.57486995700605126     
  0.68849290002792729       0.58179274852233043     
  0.69715778832121944       0.57937645784126568     
           6
  0.49708664915158152       0.19076674191786949     
  0.48185285029260500       0.18535765193988163     
  0.47568340131949238       0.19122577763798446     
  0.47422377917267150       0.16419621341554863     
  0.48128877531361447       0.16567879207886618     
  0.49051687509435593       0.16842865892670461     
           8
  0.92193935582395037       0.19059811641540061     
  0.91135458668375724       0.18511302803083268     
  0.89718586505633013       0.18261823741623870     
  0.90390362692590875       0.17966592762637476     
  0.90395618714368109       0.16350075346773996     
  0.91548754169359503       0.16561030803660357     
  0.92739184244485195       0.17003217339763360     
  0.92183696484557553       0.17574609749824130     
           8
  0.29806143105155691       0.80789541199403325     
  0.28623659714618022       0.80526508627036053     
  0.27940799753357914       0.80649452685840983     
  0.27821643286717007       0.78698326462305912     
  0.27435139311968637       0.78059524307708250     
  0.29117587741118706       0.78246204676104847     
  0.29830904584891987       0.78202138627554962     
  0.29537698995579398       0.79180676696695296     
           4
  0.77386168029582925       0.60389446972858352     
  0.76400000000000001       0.59199999999999997     
  0.76900652755861021       0.58274599117504178     
  0.77719186992188294       0.58548525835763343     
           5
  0.95129441786649460       0.12304423969632888     
  0.94276785648082206       0.12391201951780556     
  0.93109082846250513       0.12395246723765768     
  0.93180727516953576        9.8965051381277994E-002
  0.95407604998275608        9.7607996244872458E-002
           6
  0.36423892457039703       0.26886312019478437     
  0.34512609233392821       0.27002534615407670     
  0.33764385051105783       0.26613991762947459     
  0.33939487828166121       0.25883704465596091     
  0.34509914960964655       0.25146196396632226     
  0.36125733608926341       0.25264269460957389     
           5
  0.26748223440432811       0.61969192796463712     
  0.24670335009123856       0.62947942270161472     
  0.24127255306746850       0.61133822452501452     
  0.25127170554063072       0.60731871770921664     
  0.26666405618547223       0.60989219457368438     
           7
  0.80179755401543640       0.29041899869904259     
  0.79006543007730889       0.29502586105256912     
  0.77927423181619382       0.29419041584840699     
  0.77785045870202663       0.28031863547249902     
  0.77523439901242008       0.26582125242006943     
  0.77985785861484358       0.27025129316723090     
  0.79747214608047878       0.27030022305458051     
           3
  0.36644775484990888       0.32836969555318707     
  0.34298782636688896       0.31712310846993125     
  0.35128488087013188       0.30526244972601502     
           7
  0.66809521999231247       0.22672293893531356     
  0.66472737089166267       0.23256505336085889     
  0.64767238367133484       0.23398360357968540     
  0.64518859755090352       0.20925560432283191     
  0.65301227358656844       0.21315069080554108     
  0.66799644943560688       0.21068177775310837     
  0.66681931594434218       0.21658378376186158     
           3
  0.84128532281925628       0.60102760378048359     
  0.81522361352163175       0.59813719339640792     
  0.81151301833832512       0.58192105308712039     
           6
  0.10775027773940897       0.90667878175002403     
   8.4400700878272367E-002  0.92000361051309798     
   8.3709832939705700E-002  0.90961161849915284     
   8.9044370856917188E-002  0.89188402885637275     
   9.4710608864300647E-002  0.89667740603277890     
  0.10583963707965366       0.89898330489362033     
           6
  0.93125868660220135       0.33115949630540231     
  0.91015462429653815       0.33498656466921611     
  0.90998445597042432       0.32869569359873629     
  0.90599338207744617       0.31332914354266278     
  0.92047728681282992       0.30889425792055369     
  0.92783009398220018       0.30868638914151447     
           4
  0.10925283714430604       0.55990401134861223     
  0.10420933062932092       0.56802840673086774     
   8.8161500292636794E-002  0.56047629258109055     
   8.4890422245998631E-002  0.54875392641081822     
           7
   3.0344183911552698E-002  0.54906741236095347     
   1.5699196093761216E-002  0.54481319473268175     
   9.9374566383612015E-003  0.54790378148195840     
   3.3319815153502186E-003  0.54591357842762767     
   2.4931341132053801E-003  0.52993351242441578     
   1.4188239670203833E-002  0.52353441102863885     
   3.0373806635901907E-002  0.51961720179471338     
