   999.00000000000000     
   285.00000000000000     
         293
           8
   94.000000000000000     
   7.0000000000000000     
   83.000000000000000     
   31.000000000000000     
   9.0000000000000000     
   78.000000000000000     
   50.000000000000000     
   18.000000000000000     
   10.000000000000000     
   11.000000000000000     
   68.000000000000000     
   37.000000000000000     
   57.000000000000000     
   83.000000000000000     
   38.000000000000000     
   94.000000000000000     
   12.000000000000000     
   63.000000000000000     
   84.000000000000000     
   19.000000000000000     
   68.000000000000000     
   32.000000000000000     
   98.000000000000000     
   47.000000000000000     
   97.000000000000000     
   25.000000000000000     
   98.000000000000000     
   30.000000000000000     
   30.000000000000000     
   10.000000000000000     
   20.000000000000000     
   64.000000000000000     
   56.000000000000000     
   73.000000000000000     
   32.000000000000000     
   51.000000000000000     
   51.000000000000000     
   45.000000000000000     
   72.000000000000000     
   81.000000000000000     
   26.000000000000000     
   46.000000000000000     
   16.000000000000000     
   39.000000000000000     
   9.0000000000000000     
   52.000000000000000     
   60.000000000000000     
   39.000000000000000     
   39.000000000000000     
   97.000000000000000     
   40.000000000000000     
   79.000000000000000     
   2.0000000000000000     
   86.000000000000000     
   69.000000000000000     
   28.000000000000000     
   73.000000000000000     
   46.000000000000000     
   1.0000000000000000     
   31.000000000000000     
   99.000000000000000     
   91.000000000000000     
   19.000000000000000     
   41.000000000000000     
   99.000000000000000     
   23.000000000000000     
   52.000000000000000     
   81.000000000000000     
   89.000000000000000     
   48.000000000000000     
   11.000000000000000     
   21.000000000000000     
   36.000000000000000     
   24.000000000000000     
   56.000000000000000     
   93.000000000000000     
   32.000000000000000     
   30.000000000000000     
   81.000000000000000     
   15.000000000000000     
   98.000000000000000     
   61.000000000000000     
   32.000000000000000     
   57.000000000000000     
   8.0000000000000000     
   48.000000000000000     
   45.000000000000000     
   19.000000000000000     
   43.000000000000000     
   6.0000000000000000     
   9.0000000000000000     
   40.000000000000000     
   66.000000000000000     
   1.0000000000000000     
   55.000000000000000     
   32.000000000000000     
   24.000000000000000     
   47.000000000000000     
   72.000000000000000     
   36.000000000000000     
   77.000000000000000     
   28.000000000000000     
   44.000000000000000     
   4.0000000000000000     
   42.000000000000000     
   38.000000000000000     
   15.000000000000000     
   13.000000000000000     
   81.000000000000000     
   58.000000000000000     
   77.000000000000000     
   88.000000000000000     
   91.000000000000000     
   44.000000000000000     
   88.000000000000000     
   68.000000000000000     
   40.000000000000000     
   57.000000000000000     
   4.0000000000000000     
   86.000000000000000     
   11.000000000000000     
   96.000000000000000     
   51.000000000000000     
   75.000000000000000     
   84.000000000000000     
   81.000000000000000     
   7.0000000000000000     
   3.0000000000000000     
   37.000000000000000     
   38.000000000000000     
   20.000000000000000     
   31.000000000000000     
   67.000000000000000     
   26.000000000000000     
   49.000000000000000     
   96.000000000000000     
   49.000000000000000     
   78.000000000000000     
   21.000000000000000     
   15.000000000000000     
   8.0000000000000000     
   75.000000000000000     
   28.000000000000000     
   23.000000000000000     
   23.000000000000000     
   39.000000000000000     
   36.000000000000000     
   28.000000000000000     
   51.000000000000000     
   53.000000000000000     
   25.000000000000000     
   94.000000000000000     
   81.000000000000000     
   8.0000000000000000     
   54.000000000000000     
   49.000000000000000     
   8.0000000000000000     
   71.000000000000000     
   52.000000000000000     
   19.000000000000000     
   38.000000000000000     
   85.000000000000000     
   25.000000000000000     
   84.000000000000000     
   12.000000000000000     
   82.000000000000000     
   4.0000000000000000     
   62.000000000000000     
   57.000000000000000     
   34.000000000000000     
   4.0000000000000000     
   15.000000000000000     
   66.000000000000000     
   24.000000000000000     
   11.000000000000000     
   86.000000000000000     
   96.000000000000000     
   36.000000000000000     
   4.0000000000000000     
   52.000000000000000     
   94.000000000000000     
   78.000000000000000     
   85.000000000000000     
   8.0000000000000000     
   55.000000000000000     
   31.000000000000000     
   48.000000000000000     
   79.000000000000000     
   89.000000000000000     
   13.000000000000000     
   68.000000000000000     
   46.000000000000000     
   33.000000000000000     
   78.000000000000000     
   14.000000000000000     
   8.0000000000000000     
   66.000000000000000     
   36.000000000000000     
   88.000000000000000     
   67.000000000000000     
   72.000000000000000     
   98.000000000000000     
   90.000000000000000     
   29.000000000000000     
   9.0000000000000000     
   44.000000000000000     
   5.0000000000000000     
   43.000000000000000     
   12.000000000000000     
   24.000000000000000     
   20.000000000000000     
   56.000000000000000     
   23.000000000000000     
   73.000000000000000     
   62.000000000000000     
   95.000000000000000     
   36.000000000000000     
   57.000000000000000     
   59.000000000000000     
   80.000000000000000     
   82.000000000000000     
   47.000000000000000     
   33.000000000000000     
   49.000000000000000     
   23.000000000000000     
   10.000000000000000     
   15.000000000000000     
   20.000000000000000     
   82.000000000000000     
   30.000000000000000     
   78.000000000000000     
   77.000000000000000     
   96.000000000000000     
   59.000000000000000     
   8.0000000000000000     
   72.000000000000000     
   90.000000000000000     
   76.000000000000000     
   87.000000000000000     
   59.000000000000000     
   77.000000000000000     
   96.000000000000000     
   13.000000000000000     
   55.000000000000000     
   90.000000000000000     
   77.000000000000000     
   35.000000000000000     
   21.000000000000000     
   28.000000000000000     
   76.000000000000000     
   16.000000000000000     
   68.000000000000000     
   39.000000000000000     
   13.000000000000000     
   27.000000000000000     
   94.000000000000000     
   12.000000000000000     
   69.000000000000000     
   57.000000000000000     
   36.000000000000000     
   13.000000000000000     
   5.0000000000000000     
   53.000000000000000     
   59.000000000000000     
   33.000000000000000     
   8.0000000000000000     
   86.000000000000000     
   59.000000000000000     
   61.000000000000000     
   62.000000000000000     
   36.000000000000000     
   99.000000000000000     
   91.000000000000000     
   41.000000000000000     
   11.000000000000000     
   65.000000000000000     
   48.000000000000000     
   32.000000000000000     
   81.000000000000000     
   50.000000000000000     
   34.000000000000000     
   78.000000000000000     
   47.000000000000000     
   59.000000000000000     
   13.000000000000000     
   52.000000000000000     
   26.000000000000000     
   46.000000000000000     
   3.0000000000000000     
   47.000000000000000     
   67.000000000000000     
   70.000000000000000     
   13.000000000000000     
           1
  0.50050050050050054       0.50050050050050054     
           8
  0.94736399297271368       0.24613027552866179     
  0.94167425088230028       0.24097330915377393     
  0.93201948624879394       0.24155464240154009     
  0.92751460333178015       0.24475339379018612     
  0.93066373101858912       0.22709935561677363     
  0.92545901435792643       0.21625963820799746     
  0.93857894694026400       0.21835825944643006     
  0.95357293033818524       0.22147006230943858     
           8
  0.72986284764135156       0.85743803716868439     
  0.73364863904388133       0.86299321018791519     
  0.71798955071886339       0.86259929855236672     
  0.71128175539465155       0.84943590133579516     
  0.70671607143355619       0.83862858887400760     
  0.71640835856651452       0.83876472639984689     
  0.73226215183512211       0.83596410185488934     
  0.73132553079122353       0.84225365499720628     
           4
  0.63088978063752410        4.8615790426733467E-002
  0.60423781230939433        4.7355632464588779E-002
  0.60321940611059877        3.3416918914520317E-002
  0.62277248298568255        3.1058247407075947E-002
           3
  0.99399399399399402       0.14514514514514515     
  0.97844720197480828       0.14234572704709270     
  0.97882326011690812       0.13202698726487844     
           3
  0.63315164860825579       0.52317424264197909     
  0.63663663663663661       0.51251251251251251     
  0.64668709161172810       0.51660924144431042     
           4
  0.25909772383733809       0.51160405271739018     
  0.26419059793747718       0.50097922908445158     
  0.27427427427427425       0.49649649649649652     
  0.28691658098241296       0.50265757739693206     
           8
  0.25843891916807965       0.95906509472545365     
  0.25198671187617444       0.95809214936524301     
  0.23978134612669022       0.95699275645809101     
  0.23417050629169955       0.95510732418599920     
  0.25309265066630549       0.93137549944604470     
  0.25380322732922783       0.93699325921949872     
  0.25988045269521087       0.93487675078390431     
  0.25731555195021721       0.94483143076994547     
           4
  0.46439095517498186       0.81582483833249098     
  0.44075500871403017       0.82752457072354191     
  0.43927504410984308       0.80422882122843797     
  0.46233434744846175       0.80170506556007815     
           7
   4.1477967560872443E-002  0.65097715677280565     
   4.1386509953594969E-002  0.65716093617896987     
   3.6285793653505066E-002  0.66196654074165917     
   2.9741982616898942E-002  0.66472124311195646     
   1.7970368316034512E-002  0.64657358795121733     
   2.2289301496308971E-002  0.63623733989661757     
   3.4777533374037307E-002  0.63554775994307022     
           8
  0.41262124129593419        2.2103907631351935E-002
  0.39544395140135524        1.7184905854698260E-002
  0.38919446358485782        2.1733025077221912E-002
  0.38866543550811672        1.2274942290487277E-002
  0.38692555663776085       -1.4337949547216459E-003
  0.39311318715516252       -6.2442971744118905E-003
  0.39897311074846020       -6.9972695299953657E-003
  0.39932019548904496       -3.3342656120167839E-004
           5
  0.56231726899396539        2.7624297943300593E-002
  0.55275277031120762        3.3489839379472336E-002
  0.54710988483017176        2.8447934915053427E-002
  0.53569182806949289        3.1263988984747665E-002
  0.55385668145192180        4.1906445867173105E-003
           7
  0.77536972876782884       0.72570589090655990     
  0.77086316380379127       0.73213063684408664     
  0.76658270715218613       0.72772256584879957     
  0.75887128068881626       0.72847177028177124     
  0.76147937315303238       0.72002866112170072     
  0.75458039512859942       0.70626582663004578     
  0.77074362614873215       0.70731927744537360     
           3
  0.22122122122122123       0.85085085085085088     
  0.20846690728963063       0.85195392588784669     
  0.20936580408112679       0.84155604013628305     
           3
  0.97207269762078174       0.24445410831789480     
  0.96611443782672479       0.23027081605786026     
  0.99275703866387965       0.23157234758669493     
           7
  0.48677144819352891       0.93723689602838700     
  0.48093767234578494       0.93650880364247591     
  0.47330275702217978       0.93183822018845697     
  0.46408794298855538       0.92507194981637564     
  0.47152671905410626       0.90883054624527904     
  0.48519937041697475       0.90910684347873993     
  0.48808241049946660       0.92326915879989790     
           8
  0.51394426966343487       0.72645524868729661     
  0.50654574753543224       0.72632908536327057     
  0.49695121010288940       0.73127190117466478     
  0.48959968866837189       0.73368242135701778     
  0.48450965955469638       0.72913061473119722     
  0.49027954426464709       0.72690975600600705     
  0.48687016217989626       0.71693805284345358     
  0.50881393064468716       0.70583420390705276     
           4
  0.14866050721558677       0.84110781155373882     
  0.12400470010421287       0.84592002078290707     
  0.12333043778435408       0.82071424736091947     
  0.14472957404248596       0.82135913399068561     
           4
  0.36695589933086159       0.66078660972208147     
  0.35133891168101461       0.67506325041464099     
  0.34330964364028010       0.65669991410476269     
  0.35730791458501021       0.64933287928222194     
           4
   5.4442069005473506E-002   8.0725704716989560E-002
   4.6471251372818115E-002   6.8357451839899094E-002
   4.3279007910140645E-002   5.4280140260923461E-002
   5.8058058058058061E-002   6.7067067067067068E-002
           5
  0.90439334439138197       0.58035584960078812     
  0.87927408870936352       0.57553917435094692     
  0.88300789892477871       0.55784282518415285     
  0.89272647995538068       0.55895427614472359     
  0.90145926348177563       0.55874664261512097     
           3
   3.6502385376763327E-002  0.33722787172202473     
   1.9374239793433091E-002  0.33937717832926245     
   3.6301053796214976E-002  0.32353699716618617     
           6
  0.81904797035398225       0.94300487115805609     
  0.80612684048837346       0.94359066913583955     
  0.79367586143639146       0.94046531388945831     
  0.79705868223777332       0.91347159285671609     
  0.80417265269987115       0.91855405645475352     
  0.81081418165449648       0.92034414068733150     
           7
  0.91051652960451634       0.14121858157976558     
  0.91661149909554507       0.15386215290397709     
  0.90437214227123264       0.14840562512420991     
  0.88590924802298865       0.14269924016071550     
  0.89014795672975555       0.13836509752716550     
  0.88531026643736199       0.12289041194138109     
  0.89769190441124824       0.12595814604062844     
           4
  0.38927129382110159       0.41482543282345452     
  0.37913659210922313       0.41212096209782240     
  0.39339339339339341       0.40340340340340342     
  0.40650024179887717       0.40606939036159662     
           5
  0.99709875255862102       0.62428022811965667     
  0.98452033381213799       0.62101473095616921     
  0.97547442969221554       0.61846308134377781     
  0.97075651177821765       0.60024859139695452     
  0.99542790341034293       0.60539615142919811     
           3
   7.3815846413397487E-002  0.31285818353518580     
   6.4331408789537609E-002  0.30997511020364349     
   7.9079079079079073E-002  0.29929929929929933     
           3
  0.67418160246389269       0.59325021106720355     
  0.68791869490120927       0.57422208589420642     
  0.69938031811125601       0.57921569220417812     
           8
  0.18223673347685393       0.25608974389612210     
  0.17097622853717021       0.26120190785749015     
  0.16171326358651267       0.26406330568276554     
  0.15725479503863860       0.25994438730624159     
  0.16037614912039216       0.24794175210540431     
  0.16028385745621027       0.24010753711863136     
  0.16577843697759378       0.24076772890085890     
  0.18169107823489816       0.25064432522984653     
           7
  0.40258742231062400       0.93430701524411885     
  0.39890921607950330       0.94165476217074717     
  0.39520741928774084       0.93046986290253120     
  0.39064589376060177       0.92656103219339847     
  0.39716891114610536       0.92078518337818605     
  0.40492500079351273       0.91478230004375427     
  0.41269474073812651       0.91772684972563312     
           7
  0.88673019609225723       0.19399887272528171     
  0.88920081559799480       0.20576350723352521     
  0.88667245943143946       0.19999973951286887     
  0.87495999601269492       0.19962003498978986     
  0.87587587587587590       0.19119119119119118     
  0.88333343722145052       0.17571241418938233     
  0.89112413452510741       0.18442954967423295     
           5
  0.68272931865536424       0.11602266095446362     
  0.67065571032764881       0.12463913440367477     
  0.66678550806322623       0.11771775496715037     
  0.66676001531076701        9.8711129771246811E-002
  0.68293285970644935       0.10385578906950114     
           5
  0.58585701815572422       0.54494041883229083     
  0.57647777753559015       0.54631849007131372     
  0.56337663855737008       0.54512238447625738     
  0.56704533330140772       0.53539586852382670     
  0.58697495169847913       0.53084262300758056     
           8
  0.55279088129311071        6.9024517881774466E-002
  0.55126402199053681        7.6469703372798556E-002
  0.54442930738473005        7.1912743950814317E-002
  0.53703283286730785        7.4704612775592649E-002
  0.52443418844622369        7.7963950226149173E-002
  0.53020718419370794        6.5037981575038650E-002
  0.52803094680891127        5.6056710206600413E-002
  0.54492663496315630        5.2519093574110665E-002
           7
  0.34679606142325270       0.66444455289011284     
  0.33999586933441972       0.67317667648078872     
  0.33218687277710646       0.67186557355204735     
  0.32659907570741775       0.64780983232374245     
  0.34334688883434433       0.64713318274552611     
  0.35296967323458217       0.64449476984592124     
  0.34760874592018132       0.65389994063345991     
           6
  0.21748187935588925       0.21905611615194165     
  0.20844002845215168       0.22163455320577805     
  0.19519457118568828       0.22008521054914310     
  0.19471779628708122       0.20695384413607637     
  0.19945862878080495       0.20084361014824040     
  0.22566472660874839       0.20444408394198640     
           8
  0.68842147608683169       0.57698459380955169     
  0.68171278847954409       0.58032075381455683     
  0.66712383942654718       0.58145086890301323     
  0.66676897053618445       0.56994345611851138     
  0.66693864777402523       0.55555833480349404     
  0.68449778239214254       0.55292519440836785     
  0.68691366992750058       0.55819821014799076     
  0.69150887634677349       0.56125093518292446     
           6
  0.96096394803457297       0.83616693544770326     
  0.94990739683313019       0.83604826055197101     
  0.94209489673228919       0.83884541930507983     
  0.94198875416194083       0.81869213651078498     
  0.95767382778589449       0.81487474309576924     
  0.96156687483197001       0.82779446126272105     
           6
  0.58823238779257525       0.90350174050664400     
  0.55691978862309022       0.90196615622496268     
  0.56423163301381829       0.89412289746712770     
  0.56203305244310153       0.88757360684913789     
  0.57139137109455806       0.88101775568162732     
  0.58546900263881163       0.88462564426296031     
           5
  0.21622059617665043       0.62399105256589482     
  0.20530648755940809       0.62419681575940889     
  0.19953107296183503       0.62796532984358844     
  0.20132004828651345       0.61644188523814047     
  0.21268502002680173       0.60331834198785328     
           5
  0.74428595727934155        5.4392783389814334E-002
  0.74969282888554789        6.1265511956225538E-002
  0.73325391196275358        5.6694449862216750E-002
  0.72898833187792245        5.0347565632964969E-002
  0.73617050315314991        3.6323217092751048E-002
           4
   4.1089189374453355E-002  0.53998511659111170     
   2.1255766523019144E-002  0.52349663608463548     
   3.4971180535426909E-002  0.51807312997994359     
   4.2950640295894599E-002  0.51820883061883305     
           3
  0.13971275355399859       0.73514130712639936     
  0.12046209462749270       0.71786070248808165     
  0.14637032252816695       0.72305056993507077     
           3
  0.68366200172369440       0.85189555321269794     
  0.66263134236949139       0.83949869236565022     
  0.68717820893032022       0.83049986492656647     
           3
  0.72582243914972799       0.57597502687528912     
  0.71350643455214657       0.57364188767596747     
  0.72772772772772776       0.56656656656656657     
           6
  0.52145183656030536       0.49691770634044774     
  0.51689659002908239       0.50405148336604555     
  0.49527063759254025       0.50234231017713427     
  0.49584875398367312       0.48643140329707513     
  0.50253345591368037       0.48941803062765415     
  0.51828042517507011       0.48650737269878180     
           7
  0.53841353908123180       0.14876837346033586     
  0.51794773650829828       0.14957561376624645     
  0.51341995628874493       0.14589330788466928     
  0.50964608755278573       0.12024927978437222     
  0.52932851913274559       0.11872017069293792     
  0.52909649958793514       0.12469138167414880     
  0.53498817734442439       0.12219592919033906     
           6
  0.17990101213389723       0.66699847379225685     
  0.16429860280669498       0.67432371216770515     
  0.15366742508514572       0.67382904901594509     
  0.15366466374197060       0.65891531314733531     
  0.15316194252809620       0.65065045029887292     
  0.17188308590600804       0.65028003271812052     
           7
  0.83220735234206156       0.11575705376018866     
  0.80674399167677524       0.12286115789288882     
  0.80832887692303934       0.11427708284938855     
  0.80506873671397883        9.2920874342058091E-002
  0.81285345800314202        9.5687610859310768E-002
  0.83104040689759817        9.3515789467612687E-002
  0.82730960954188504        9.8856953895475358E-002
           5
  0.94204204510855871       0.59122758888622540     
  0.91809277875044182       0.59681834189476701     
  0.91551094208019357       0.57410019713381544     
  0.92244652010792649       0.57307610957135269     
  0.94551388252065094       0.58001657689615771     
           6
  0.72786861042581930       0.74959980346707600     
  0.71020053772113589       0.74808773774798221     
  0.70446082908380214       0.75353930693126681     
  0.69901983259990574       0.74006061879563145     
  0.70610464701804232       0.72755983467535523     
  0.72575983637642627       0.74061309069426262     
           7
  0.36244846710300310       0.64221939036238873     
  0.33987997121427932       0.64175033093014400     
  0.34498058099127549       0.63515439273033181     
  0.34039446699198417       0.62743717594555526     
  0.33741797629516990       0.61745832950243840     
  0.36665939730608960       0.61195816063527164     
  0.36540450796178997       0.62345939783764426     
           5
  0.89751532821768509       0.56016903897143444     
  0.87770929275725862       0.56303421486856864     
  0.87881398028603441       0.54678377422901969     
  0.88744482977694450       0.53416338560358634     
  0.90158255872326576       0.53995122670744355     
           6
  0.18562305345274135       0.64717515348285648     
  0.18916183761529859       0.65877261590128044     
  0.17292379590893500       0.66022231663893083     
  0.16091789653720026       0.64146533484723989     
  0.17057235098801199       0.63567076105265963     
  0.18174876742172719       0.63461022669359357     
           7
  0.62710816294987992       0.29808990079715436     
  0.61581025470573003       0.30448790411418819     
  0.59781620982085137       0.30469305025695165     
  0.60220668507249708       0.29991035845533692     
  0.59969259079794501       0.28187693862809871     
  0.62724220663619890       0.28323869769522725     
  0.62088250418666202       0.29368285310116182     
           7
  0.46147602787417208       0.54488091031587482     
  0.45084286285086272       0.54248182535757250     
  0.44924928717986390       0.53099056738763706     
  0.44665673680609352       0.51718416078532914     
  0.45091470972230763       0.52166199757243203     
  0.47230612416346451       0.51851094180735913     
  0.46559403605977256       0.52768727649633829     
           8
   1.9624444693917734E-002  0.15678087613811165     
   1.4315779518908018E-002  0.16266337514735382     
   9.2520075778552806E-003  0.15846964452994558     
   3.3413951691151156E-003  0.15769198539237958     
  -3.7426675594162961E-003  0.15133025783073759     
   4.0595320823869326E-003  0.13289407840988968     
   2.3090261417229720E-002  0.13886862444539497     
   2.3909890316413697E-002  0.15055010426639237     
           7
  0.97154854285162573        6.2001229847145650E-002
  0.97022257426801728        7.5727729271913319E-002
  0.95417898905402376        6.9807174179758402E-002
  0.94609105522704240        7.3325052448168018E-002
  0.96010882284590882        4.7180872198807469E-002
  0.97345911366452331        4.6882828810347291E-002
  0.96718366919284660        5.6123668695895704E-002
           8
  0.59856802997367842       0.19948753034450703     
  0.59342970591752842       0.20214275632241155     
  0.57866818528731367       0.20050898969199535     
  0.57862445825397857       0.19000039457560103     
  0.57499406879206705       0.18210445082730556     
  0.57261353929724146       0.17266700367435106     
  0.57962047244193615       0.17405432960397502     
  0.60305679877577967       0.17742812062617580     
           8
  0.80112043896670637       0.96052613963140743     
  0.80205437151614334       0.97204337782565509     
  0.79229640470460738       0.97039444310161149     
  0.78552384509936368       0.97110333523886461     
  0.78397368975497583       0.96496585247350830     
  0.78171471588470864       0.95126346034098641     
  0.77786135567967252       0.94394114313002031     
  0.80632736737121968       0.94554631818767310     
           4
  0.98620833171211819        7.4113456112730416E-002
  0.96300757595687558        6.1458361271886065E-002
  0.96608208357849856        4.9511242554754253E-002
  0.98974869623856421        4.9279776657233779E-002
           5
  0.31713107480475916       0.23529572554978520     
  0.30977195491355058       0.23598361962834141     
  0.29723665531624066       0.23301000847236342     
  0.30139200410684069       0.21347674536205163     
  0.31075050544474303       0.20999130528968105     
           5
  0.97151969103014602       0.97631216586960878     
  0.96039593908306575       0.98061227857666100     
  0.94852246359543013       0.98277239552526552     
  0.95085138653062073       0.97525468454190301     
  0.96299175639971002       0.95483771743217905     
           7
  0.25120814462872665       0.73703787560803158     
  0.25292713869542216       0.74619346536816034     
  0.23238084677123447       0.74855101080785114     
  0.23823823823823823       0.73673673673673679     
  0.24501391258348601       0.72538497606656027     
  0.25187249626756508       0.72165946862451102     
  0.24947431604423259       0.73052781621495733     
           3
  0.75844839991090507       0.85300207233228986     
  0.75273694891850884       0.82944133796615416     
  0.77221014759713913       0.83890465032839934     
           8
   8.5281642267155816E-002   5.7355141689254811E-002
   7.9952099079094618E-002   5.8798622977149190E-002
   7.6229128787461131E-002   3.8208459011526738E-002
   7.3848714659654077E-002   3.0709985339173684E-002
   8.1142417623383090E-002   3.2925351767088440E-002
   8.8449200062507949E-002   3.4494349041849309E-002
  0.10316912569058320        2.9956409983386771E-002
  0.10053112106350508        3.9604339935037612E-002
           4
  0.51994389791810136       0.82171515622374802     
  0.49688377491045588       0.81046273455796425     
  0.50012698074891526       0.79917224737868131     
  0.51593971173351805       0.79915331083444652     
           3
  0.77936071733988699       0.47906615869714908     
  0.76876876876876876       0.47647647647647645     
  0.77784405280924984       0.46887792287536723     
           3
   6.4192354566082077E-002  0.92973706826781199     
   4.1665167564598517E-002  0.93063098141237210     
   5.1051051051051052E-002  0.91491491491491495     
           6
  0.50483540620792122       0.44934394981559606     
  0.48818939128963507       0.46015051271442708     
  0.48349285355641658       0.45481497349204253     
  0.49410193600060326       0.43041205764658408     
  0.50464699573344940       0.43234499295588730     
  0.50596294944492382       0.43927549083083856     
           3
  0.96712487989431195        4.1780746841580556E-002
  0.95271031552577501        4.4651478190119644E-002
  0.95395395395395399        3.3033033033033031E-002
           3
  0.93681345432272600        5.3676707406208550E-002
  0.92292292292292288        4.5045045045045043E-002
  0.93235982557234509        3.6411788869111381E-002
           6
  0.75254220097660773       0.11943715390560047     
  0.75147065270457347       0.12572822283502222     
  0.73588381676621739       0.11132997766365320     
  0.74161198592972077       0.10091142506790825     
  0.75088641272420242       0.10171228314011432     
  0.76140746147998339       0.10954279230241373     
           5
  0.54151312001357021       0.87950085094127628     
  0.53359196021179478       0.88283163089205119     
  0.53220247878450833       0.86847100952193912     
  0.54408294871664020       0.85788188571862523     
  0.54454454454454460       0.86786786786786785     
           8
  0.48721318369689276       0.60206568002805139     
  0.49240650571582611       0.61037260714932773     
  0.48545582453791331       0.60952732064575366     
  0.46731009132482360       0.61149560349434529     
  0.46370724576058825       0.59408756485214487     
  0.47410565554769379       0.58797525441930720     
  0.47998607431329987       0.58522689541637840     
  0.49062335858156564       0.59386581260532101     
           6
  0.33624836727200158        8.6159955566552149E-002
  0.31464170345003234        9.3672938746135359E-002
  0.30693357779458164        8.6906504123451370E-002
  0.30662906926245559        7.1409342575543017E-002
  0.31839943246329683        6.8529759646306837E-002
  0.33083920038132186        7.2206539732226863E-002
           3
  0.45497012622997440       0.16573444813793278     
  0.42637351127083972       0.14231511717283818     
  0.45369042901672235       0.13824373836788162     
           6
  0.59854875819816122       0.77300094966103416     
  0.58573648191050409       0.77631161747090871     
  0.57760117424387891       0.77102134474076256     
  0.57520903948111590       0.75551111262004922     
  0.58652789261774829       0.75467616962181339     
  0.60048747315162865       0.75845873604244562     
           3
  0.22246156782880147       0.59827660114389225     
  0.21421421421421422       0.59959959959959963     
  0.22874438904305552       0.58703203825125172     
           3
  0.16053048153464144       0.49222482289585667     
  0.15386309039203308       0.46521901061931137     
  0.17761807134299118       0.46987394258514864     
           6
  0.93474857309166071       0.13645307892125128     
  0.91622870702809223       0.14960231895026205     
  0.91316601002065956       0.13957731823445937     
  0.91091284656496152       0.12904208713799825     
  0.92517580208327810       0.12927027908203786     
  0.93140874909115956       0.13018621933387378     
           6
  0.80950822832300540       0.10481614280216039     
  0.79772358668630161       0.11968732519545135     
  0.78507355938501289       0.10975088469690840     
  0.78801723530765844       0.10364652257645211     
  0.78385086867345699        9.5483682657384897E-002
  0.80915904881890799        9.4441768353246039E-002
           3
  0.76332761179778874       0.78749021512128758     
  0.75266144146726488       0.79730179157541781     
  0.74829549720959365       0.77343067484445971     
           8
  0.75237007814089518       0.91277559670040409     
  0.74877650436844878       0.92521392715065809     
  0.73910483544541872       0.92515029625598422     
  0.72798162217108908       0.90700772300801180     
  0.72733848342645324       0.90095733634303765     
  0.73622320104830163       0.90311717615266640     
  0.74198198689667350       0.90333470412742745     
  0.75112709355531837       0.90388700162620894     
           3
  0.70140696045858675        8.6000148203939197E-002
  0.69331410609479915        6.9810882121294174E-002
  0.71087299405101501        6.3032095146361822E-002
           6
  0.69118122678885330       0.89171217520195634     
  0.68094231303420294       0.90130079865947776     
  0.66784278423695131       0.89567084572442102     
  0.66942735391789987       0.88178306442505738     
  0.67830412388736128       0.87635134606889609     
  0.69727435760885748       0.87345320261622617     
           3
  0.62542617008922141        3.5116872174916915E-002
  0.61225053886472802        4.1775938500346867E-002
  0.62762762762762758        2.7027027027027029E-002
           4
  0.89707265792760715       0.31606573110314506     
  0.87511885693216585       0.31603363177755650     
  0.87411718078437617       0.29981145560288697     
  0.89048259489514658       0.29737095216894338     
           7
  0.49176913916288562       0.35072073433121870     
  0.49030603283928031       0.35879283556755903     
  0.47814187595122060       0.35737528135242896     
  0.46922709128782769       0.35381721631923291     
  0.46394359164006105       0.34171050743977999     
  0.49165752196844481       0.33304392104222724     
  0.49032565963497626       0.34220264319437460     
           5
  0.58606288241103988       0.59626530625401730     
  0.58355605951462819       0.60595346220345414     
  0.56334078821435385       0.59695451272407529     
  0.55889498245075386       0.58518589751103012     
  0.58448258755772409       0.58751163895061997     
           8
  0.84288913035315549       0.85691280066769770     
  0.84567441678993205       0.86592985399839528     
  0.82963532310172783       0.87250605509544998     
  0.82005252733596190       0.85431795229614371     
  0.82392014635302757       0.84931885228090853     
  0.83101120553537144       0.84728534356587859     
  0.84347317000323085       0.84606563020632686     
  0.84638010774908512       0.85242590827363340     
           6
  0.56028452262925099       0.38306489378095337     
  0.55142429990701747       0.38314076641281669     
  0.54124413260459436       0.37220392842493955     
  0.54408049898415267       0.35782913156342244     
  0.55740844353687335       0.35991130380579134     
  0.56291640604307069       0.36502620922250373     
           3
  0.67072930664125963       0.24272955526515780     
  0.65127180289310804       0.24508166845239568     
  0.65765765765765771       0.23323323323323322     
           3
  0.14050924998197184       0.77391305648015407     
  0.11278793073778103       0.78437877041201742     
  0.11063512287499612       0.75972741010814659     
           5
  0.32682287777464797       0.94637173674531316     
  0.31458773875445345       0.94881152502400745     
  0.30332395730931055       0.93035162060899479     
  0.31211048235984440       0.91998917588125761     
  0.32181779584896930       0.92070401049062300     
           3
  0.24732349517707602        6.2465193853400061E-002
  0.23723723723723725        5.5055055055055056E-002
  0.23799179877780316        4.4018854332320348E-002
           6
  0.86235019575129157       0.41359331852487402     
  0.85386327353861791       0.41999523902591662     
  0.83749050861571639       0.42487527847403389     
  0.84170478095703694       0.41928920717233026     
  0.84112817821169372       0.39764764108728451     
  0.85548095650186240       0.39571153350763533     
           5
  0.85234261858884819       0.42313183913691904     
  0.84888178552713878       0.43031601475642828     
  0.83908122942458863       0.43728052010340168     
  0.82512408880195121       0.41151322419177894     
  0.83783907257463663       0.41080751880074862     
           5
  0.49259667171669658       0.55684734140100578     
  0.46213917319662728       0.56473992444322507     
  0.46816879404759548       0.54993830405015043     
  0.48133519023465393       0.54554675793561480     
  0.48706235739468162       0.54978369180014752     
           8
  0.55323957242770405        9.9000524392198988E-002
  0.55336549432578408       0.10512722073731835     
  0.54562771265862542       0.10387073935456262     
  0.53411212851297307       0.10534429572126643     
  0.52935161670266684        9.5665844666600622E-002
  0.52691858793980084        8.5765648082387055E-002
  0.54359707626849307        8.5304992989310879E-002
  0.54797263968033139        8.1868280551733785E-002
           6
  0.38475947163403124       0.44254953566452826     
  0.36637586727791233       0.44662969485878756     
  0.36076263524193947       0.43603469955475754     
  0.36210569552414390       0.42610294855098640     
  0.37805654979635928       0.41680635009579198     
  0.38047088263427686       0.42744572483027354     
           5
  0.53426243844728738       0.62070319385744976     
  0.53428916827855577       0.62900524372288502     
  0.51154398633428388       0.61961258302625277     
  0.51087998048850369       0.60930657506372521     
  0.52219121941657887       0.60648426434992475     
           5
  0.68115405639149296       0.17093302779590064     
  0.66666666666666663       0.17817817817817819     
  0.65210167679501096       0.17254020265120731     
  0.66360554945762962       0.16320870419158381     
  0.67358280967024098       0.16547124231019561     
           4
  0.64602091138710738       0.49760149964881012     
  0.62086623781039896       0.49594328698769657     
  0.62071379101664048       0.48495889323638980     
  0.63632543431062005       0.47534814010846516     
           3
  0.74258896391294227       0.26575820260086552     
  0.72079928600925913       0.25248092537710354     
  0.74239251143621932       0.23958194941102526     
           8
  0.83560931755471102       0.93299384972865052     
  0.83104220002714468       0.92958874446618223     
  0.82125798916954085       0.92780235174353287     
  0.80945016832469574       0.93105448941800661     
  0.80571815615398412       0.91597825816512457     
  0.80860711208881486       0.90358366824142422     
  0.81422933269098607       0.90776870126215869     
  0.83288324635684019       0.91133023265919877     
           4
  0.69846196055838794       0.88966465221227364     
  0.68076221570581519       0.89127349780670018     
  0.67716461049699861       0.86745163606071607     
  0.69995850095089340       0.87658808721566239     
           4
  0.76658140919494377       0.99205647666216290     
  0.74887442003866700       0.99789494540731649     
  0.74255987638495136       0.97991901028437278     
  0.75726276463930176       0.97249936091477229     
           3
  0.16987823030854068       0.72787074044930589     
  0.14872597729943615       0.71909964860481068     
  0.14634166655011210       0.70910297484802254     
           5
  0.72445857199144803       0.90825692878731401     
  0.69830063207647819       0.89514636756791821     
  0.69622571342173434       0.88823641289820010     
  0.72297866813607747       0.88598218465156053     
  0.71845151375253324       0.89281830457607858     
           8
  0.31168529987004157       0.88740149045576833     
  0.30619658944406131       0.89089470848863628     
  0.29488528174457113       0.89256117803150614     
  0.28809591055701500       0.89418323612686357     
  0.28953265931551825       0.88406576248308777     
  0.28739761609627112       0.87451933623591604     
  0.29150304175291475       0.86632425036984095     
  0.31122679373335027       0.86635161680236028     
           5
  0.73606229871846640       0.62845876774870724     
  0.71758866527625043       0.63123570295386344     
  0.71524513607865281       0.61373907379332771     
  0.73065989889688387       0.60225484672891172     
  0.73909156095300477       0.61198024132154882     
           5
   7.9892495159205712E-002   6.1192655107786410E-002
   7.7646388348808132E-002   7.4769984948248810E-002
   5.2783201820336551E-002   5.8733807364569748E-002
   5.5374339336793178E-002   4.8794321094604715E-002
   8.1717129217858467E-002   5.0558533767279368E-002
           5
   1.0019486386651373       0.65992619957569554     
  0.98038662023669032       0.66188649866287397     
  0.98592311824546142       0.64265905382154598     
  0.99765072640869856       0.64560720802609339     
   1.0057129750581910       0.65134477596430540     
           3
  0.72611886168396678        4.7793461147592205E-002
  0.71771771771771775        4.7047047047047048E-002
  0.72988873584057579        3.7796752983096760E-002
           3
  0.46813425191824048       0.19069083186584426     
  0.45151049623458867       0.16615828587785295     
  0.46346346346346345       0.17717717717717718     
           4
  0.60056149149260030       0.40676742922504194     
  0.58619766379643201       0.41197312342538833     
  0.58658658658658658       0.39739739739739738     
  0.59932505757129506       0.38199121306068878     
           6
  0.80398673520791153       0.31734052648502858     
  0.79714679001460287       0.31936155954619255     
  0.78850225114015227       0.32237759113728781     
  0.78951838273429864       0.29808702434671069     
  0.79394065635409328       0.29230480513369311     
  0.80144631151335133       0.29773476884344841     
           8
  0.10888541996338891       0.39327053848292270     
   9.0329912487032010E-002  0.40582157241970940     
   9.1615006489038725E-002  0.39803147528561339     
   8.5942639645475813E-002  0.40143485284411307     
   8.8456601173157179E-002  0.38574103713986418     
   8.7402944820911266E-002  0.37778001319322446     
  0.10433446100502369       0.37797707590075602     
  0.10285432855693115       0.38335653276285409     
           4
  0.44878727737375940       0.73386940996518801     
  0.44130619870408877       0.73204644136570007     
  0.42335701318291202       0.73029510022619026     
  0.43049777262644168       0.71317759161103500     
           6
   4.2850675483403960E-002  0.25823005057991955     
   2.8287797631278637E-002  0.25659261445405412     
   3.2031497642558505E-002  0.24763327000574401     
   2.9495049299512202E-002  0.23184892750629896     
   4.1854139078555751E-002  0.23390305739389880     
   5.1391547001115576E-002  0.24516549245049579     
           6
   8.2096574339149533E-002  0.49020725017805039     
   7.0552760532321554E-002  0.48966727430511198     
   6.3238707052386836E-002  0.49187852964266759     
   5.6175549631341366E-002  0.49041455736242923     
   6.0023855042046700E-002  0.47577326400807357     
   8.0098026964026806E-002  0.47552687818948108     
           3
   8.3431997287391507E-002  0.57173351505156289     
   7.2815995256738347E-002  0.57432741778316176     
   6.9069069069069067E-002  0.56056056056056058     
           3
  0.21823917797280237        8.1514664516557242E-002
  0.19884287993328981        7.3177879894620393E-002
  0.22359233449864485        6.7490485932230795E-002
           5
  0.47942170989903538        2.6965328524002179E-002
  0.45811068749662720        2.6930547875891039E-002
  0.45663297049598578        9.9141122968787118E-003
  0.47985506700834329        3.2894054551428666E-003
  0.48624582187104176        1.0804616042443559E-002
           6
  0.13007235067749603       0.82222092923165468     
  0.12436396930431898       0.81875512620689284     
  0.10354024479499579       0.81973472690648452     
  0.10266815960073909       0.80831274432320377     
  0.10249523095189227       0.79954755973645386     
  0.12342031486158889       0.80132282181512804     
           5
  0.20742650965896070       0.33848554497571065     
  0.18429040171774067       0.34149685863360940     
  0.18104783539917402       0.33203959777454906     
  0.19069846097322576       0.32488541002659116     
  0.20662762674461807       0.32902408474837552     
           4
  0.93637225827130521       0.32024226638418274     
  0.91742109822621054       0.32875010035762081     
  0.91766328527785646       0.30468722350468735     
  0.93151239904617567       0.31012823481645752     
           8
  0.11352117219159785       0.49996050462356240     
  0.11381774839787309       0.50812370110092964     
  0.10503038741311745       0.50443659936281882     
   9.3777076705563678E-002  0.50447758722879010     
   9.3741063979934175E-002  0.49763872621559130     
   9.2165932248027549E-002  0.48117316380881098     
  0.11076905259932816       0.48144774715418570     
  0.11838322905136478       0.48401786379080630     
           4
   5.1021069080602548E-002  0.46662047883606439     
   3.9741603792886569E-002  0.46802766217808900     
   2.4509554861589827E-002  0.46376061711105432     
   2.5036873611539334E-002  0.44449004451129304     
           4
  0.51281262964688690       0.15234291483844850     
  0.49137671737228578       0.16352669692683533     
  0.48887740827728532       0.14201851881635347     
  0.51575224051744839       0.14090954009208403     
           4
  0.79695665233881430       0.33109238014930997     
  0.76986739150152295       0.31886203878963365     
  0.77243376284600584       0.30212756554255432     
  0.79428472284167806       0.30599971992370301     
           4
  0.89550979768783046       0.37868799344769288     
  0.87671992881591931       0.38934691178924474     
  0.87100880921403712       0.37135585779358832     
  0.88188188188188188       0.37437437437437437     
           4
  0.29191531538449506       0.60661110400017615     
  0.27727727727727730       0.60160160160160159     
  0.28276347697378579       0.58740672618261036     
  0.28740960913181884       0.59597205291227451     
           3
  0.96458104937994393       0.58956888985164224     
  0.95145231792846086       0.56557231038803135     
  0.96677768851117707       0.56348840706838921     
           6
  0.60323837527052449       0.19467202561323493     
  0.59450007292974638       0.19661342243188704     
  0.57684329415164892       0.19594142758873817     
  0.57904252971546022       0.18200302826932979     
  0.58836322455099321       0.17302688039330455     
  0.60030266785608855       0.17722231083358525     
           5
  0.94791875482999788       0.73977229704045611     
  0.93914833261580588       0.73730968228395311     
  0.92728673434312736       0.71861703888625050     
  0.94111686586626730       0.71998504422824017     
  0.95194895208263097       0.72705978000411864     
           7
  0.12368330860128572       0.93975021721272545     
  0.11082213702559474       0.94017790981022298     
   9.7526523588490815E-002  0.94605009684719199     
   9.6360278427403231E-002  0.93557849525208325     
  0.11063745073810681       0.92277904583797099     
  0.11889614992833862       0.92316417001494344     
  0.11886096354501252       0.93021364409506369     
           5
   1.9707118905251387E-002  0.82812302315127240     
   9.6154102249523324E-003  0.82359078003501951     
  -3.8338513570231447E-003  0.82978362403873529     
   1.3705702568161792E-003  0.80416833061265081     
   8.9412659267561687E-003  0.80036859669673399     
           7
  0.22100395266780939       0.79823015860982005     
  0.20769738770920651       0.80901707706910531     
  0.19746506770912792       0.80344229811000112     
  0.19373506189201434       0.79059069290359296     
  0.20174800822760219       0.78660440182143765     
  0.21715589708697869       0.78557418379112864     
  0.21797333945409744       0.79200277806791641     
           4
  0.11790084767381315       0.53678310433527143     
  0.11483793735619519       0.52317299933496997     
  0.13318939161115748       0.51418079089157653     
  0.13782983102428703       0.52155663065521107     
           6
  0.13275709397443319       0.16241568671611184     
  0.12448704597541560       0.16026808653169039     
  0.11461012874249132       0.14367742871579894     
  0.13032690390608423       0.13723311112877376     
  0.13551434560970979       0.14119805549919831     
  0.13734942343418113       0.14861151189215085     
           6
   4.0500498595414200E-002  0.22246978790287619     
   4.5427487301454128E-002  0.22696728560005155     
   3.1464580953200684E-002  0.23028007476387916     
   1.7503261554113275E-002  0.22876855968543425     
   1.6165755843321201E-002  0.20607135691298983     
   2.2370629139367024E-002  0.20759480548191317     
           6
  0.11105897465260485       0.33521678832953899     
  0.10541855139062214       0.34006124061640636     
   9.0362825679293657E-002  0.33861961922202266     
   8.7132510088506587E-002  0.31458722802307237     
   9.9761095052211340E-002  0.31060004838314292     
  0.11171794411056436       0.32386854394161302     
           3
  0.49943532182077510       0.13385722794540994     
  0.48592420833699135       0.10838224228568748     
  0.50000922866505315       0.11018878482758324     
           6
  0.77236644158430279       0.48632116143064952     
  0.75690998769808282       0.49001910407520033     
  0.75055728707031277       0.49215824241294243     
  0.74619427873166488       0.48613495783073646     
  0.75491292595565462       0.46881160190944937     
  0.77064927092076174       0.47631534961160144     
           6
  0.86281770469513519       0.79434223706972151     
  0.85465296814286984       0.79837922540058093     
  0.84674062712740394       0.79244655247418250     
  0.85060169622819159       0.77185148620226540     
  0.85590859629955085       0.76779904901616713     
  0.86860163778157240       0.77626317094547592     
           8
  0.79425304390691098       0.67210988573389341     
  0.79051126462595755       0.68185478590325765     
  0.77109286250915732       0.67996868081822315     
  0.76784467240776710       0.67048097867146883     
  0.77121943068840582       0.66546126588759225     
  0.77874687443296886       0.65913807630743004     
  0.78800432162523426       0.65802818981221667     
  0.79536699919417664       0.65414186765426385     
           4
  0.78488150488206365       0.77929038783766769     
  0.77149895114725220       0.77278029959550554     
  0.78331361811385536       0.75860629480579322     
  0.80193042721803520       0.76847463566101248     
           8
  0.77279049390210253       0.17391523941815876     
  0.76434260044273350       0.17485408031650571     
  0.75900727070256679       0.17353145699510492     
  0.75120909544252701       0.16511694408642469     
  0.74741148367255639       0.14987380874544320     
  0.76444569797498674       0.14382940784821308     
  0.77523874630079015       0.15621365337191620     
  0.76912422603075203       0.16143788687321017     
           7
  0.29554440781611274       0.63186113001532784     
  0.28087376295679201       0.64576081875739144     
  0.27408393703310441       0.63974012669179692     
  0.26882571508229319       0.64302560515596441     
  0.26812934827448359       0.62426360925492985     
  0.27439938610148956       0.61864176901485612     
  0.28754731152435070       0.61877367779533732     
           7
  0.37416681294691356        2.4988230403474355E-002
  0.36727431155004880        2.5589598822128943E-002
  0.36541380374591753        3.1720698547120840E-002
  0.34581691664887310        2.2172623707307514E-002
  0.35975105347521036        7.7728628368329920E-003
  0.37273982984666443        1.0260169068611869E-002
  0.37119977209370680        1.6352111092062790E-002
           7
  0.97331225404776545       0.11472782829743032     
  0.96282335983710321       0.11188405805685875     
  0.95649145869771934       0.11714245006622324     
  0.94466472666709045       0.11751587703070725     
  0.94692622082125022       0.11058436279373579     
  0.94804008291730879        9.1050080094764604E-002
  0.96609416051013886        9.1937572461948100E-002
           7
  0.72021622272258790       0.94568753491535118     
  0.70960432226370806       0.95422423669120260     
  0.69772053704778025       0.94058954461207045     
  0.70045032024473863       0.93015225371973753     
  0.71450723151459883       0.93197223820594544     
  0.71877025143720996       0.92678663488001367     
  0.72416427211674272       0.93814695097590883     
           6
  0.55924615012830903       0.54706322348392900     
  0.53047178621466862       0.55984846622556816     
  0.52950382759603432       0.54338594279960106     
  0.53655121654855997       0.53179853567430047     
  0.54607324404996549       0.53653150339626543     
  0.55865693942222538       0.53399277336463002     
           8
   4.2495653973522757E-002  0.33023606044253390     
   2.8204605750198848E-002  0.33029615857792860     
   1.7427452289173379E-002  0.33308763436871724     
   1.4968232191791107E-002  0.32393590283309881     
   1.6844783916765513E-002  0.30398955083571827     
   2.3062725996298144E-002  0.30468693133623748     
   2.7365696391039224E-002  0.30952957670514347     
   3.3079312619681889E-002  0.30648911891251546     
           6
  0.67676570239300016       0.66322492503836594     
  0.67330494207733849       0.67163174348317178     
  0.66614439563547578       0.67115075987370276     
  0.66451551102752682       0.66464921722417414     
  0.65701916035177954       0.65811891350065743     
  0.66856194147272618       0.64130253776634583     
           7
  0.53804720135297002       0.59080859191262258     
  0.52218080629823604       0.60228410916313546     
  0.50846257821643503       0.59190770985144714     
  0.51115429491723585       0.57160999555787229     
  0.51614493678176032       0.57505672612355563     
  0.52638052860867124       0.57262878090144242     
  0.53892732049754621       0.57977638313742519     
           5
  0.84739002207853198       0.44418942471645612     
  0.83155137373041554       0.41806529807382714     
  0.84133750731299550       0.42067077059499847     
  0.85637586736939186       0.41371325942852361     
  0.85033633935737341       0.41948601842868860     
           3
  0.54795616791272506       0.79280735425754023     
  0.52949997970609752       0.77382477523840232     
  0.54212323138717400       0.77468959109316804     
           6
  0.77836419515971877       0.35247028535689295     
  0.78528871842816439       0.35462581170721758     
  0.75872525308844796       0.36051591283978635     
  0.75418236407209605       0.35486933017287009     
  0.75719496533504083       0.34183528405320529     
  0.78115729092872577       0.33525799110543936     
           4
  0.95096058684106410       0.39123848663602578     
  0.93133082114106058       0.39603059162955978     
  0.92409458110181153       0.38321367178274013     
  0.93371708048714075       0.37578501331378261     
           5
  0.82931914997949197       0.85017574591745304     
  0.81990444428240272       0.85391928741274814     
  0.81770859390312611       0.83026400657761279     
  0.82597655985452290       0.82891479127577095     
  0.83284651157522416       0.82727492208793751     
           5
  0.75237759201563914       0.39055413149670137     
  0.74847077031474851       0.39809306085955304     
  0.73181311080752620       0.40216597076348409     
  0.72418072310108461       0.37698473122477988     
  0.74810440049422744       0.38226646815954246     
           4
  0.84513790858802551       0.99174305728718259     
  0.82129006356708845        1.0011296449794795     
  0.82210618798408597       0.98540745156998133     
  0.82179646144835106       0.97669977999395186     
           7
   3.0159252959314577E-002  0.64150992128152207     
   3.1493920254253849E-002  0.64799802769202319     
   2.2414528033890928E-002  0.64954273374143645     
   5.3762240982522629E-003  0.64984498705808158     
   2.3506707534945697E-003  0.63417034740269662     
   2.1627718543502913E-002  0.62252619778812046     
   2.6137166729678727E-002  0.63306360745271462     
           3
  0.10354951044227848       0.47466231492936234     
   8.2103924937970196E-002  0.48074891971021866     
   7.6763552092706647E-002  0.45765914677748021     
           8
   5.0701931264937231E-002  0.39627139016662027     
   5.5883686398273416E-002  0.39915062431082371     
   4.0397143045366388E-002  0.40107344236086401     
   3.4453023821678225E-002  0.40407760415827232     
   2.6311550883502694E-002  0.38965608911020011     
   3.2412810502352854E-002  0.38203320322559042     
   3.9499779142162850E-002  0.37424226389465920     
   4.9115878341940276E-002  0.38523032236012250     
           8
  0.63191500968761438       0.79509950530315654     
  0.61681591465990759       0.78916143768531899     
  0.61047258272576876       0.79127941550307967     
  0.60818577478029401       0.78221210449460510     
  0.61005549946468129       0.77350831685353394     
  0.61627671448570343       0.76622170721612670     
  0.63787107897497330       0.77246695148872513     
  0.63269539253400897       0.77709575341152470     
           3
  0.67111627785825523       0.16564304050490208     
  0.64958756273182094       0.16040107675311105     
  0.66436129083818329       0.14673278286383901     
           3
  0.68556695383295574       0.66875414813062883     
  0.68534245790147308       0.64369393393299434     
  0.71551619223160501       0.65399275974862237     
           3
  0.94694694694694692       0.78378378378378377     
  0.93337759010915800       0.78728984535789015     
  0.95506814308945831       0.77237479683378085     
           6
  0.61123990048516164       0.82420632136190231     
  0.60082438742755850       0.82632939442431630     
  0.59498075262768746       0.81738268801782410     
  0.60446443554063456       0.80758133503805318     
  0.60825142857294168       0.80183614085005317     
  0.61853104729063668       0.81495649489013866     
           7
   9.9292539053006584E-002  0.77432021827658171     
   9.8204341894609123E-002  0.78425888398286092     
   8.8684499531947431E-002  0.78475538425099201     
   7.2243854127857748E-002  0.78262989590245879     
   7.5811136906635823E-002  0.76926505913025756     
   7.7572045236754789E-002  0.75846202010278130     
   9.7273347141512784E-002  0.75912487113438576     
           8
  0.66824419915690980       0.87620139277097886     
  0.67354626820136798       0.88544236308608437     
  0.65715448200561910       0.88559345854867233     
  0.64716759957353331       0.87909107210365534     
  0.64823899318688338       0.87020065466763030     
  0.64786570804785948       0.86413293939540881     
  0.65392802598866417       0.86343660699530644     
  0.65959313727928548       0.86407378665063805     
           7
  0.53150469302048553       0.86322517333054405     
  0.51900344790146458       0.86567431900963221     
  0.51631522554826959       0.85021305688831728     
  0.51394415763028500       0.84231553732276099     
  0.52489180227822685       0.83881898232894825     
  0.53358178053411165       0.84359482148219367     
  0.54102895254956918       0.84247951248777764     
           8
  0.47392312001015668       0.58096626299290288     
  0.45777710275824823       0.58575918483948775     
  0.44558904019889417       0.59200907856719864     
  0.44825540484337223       0.58656557791793928     
  0.44684701242096692       0.56932945034524252     
  0.46562409665897397       0.56427230210784007     
  0.46804000119285405       0.56983101200764819     
  0.46897182849220098       0.57746147081449950     
           7
  0.35563816252153335       0.84167484778873047     
  0.34573803582339191       0.84445277345479386     
  0.34434894706343150       0.83669171183501778     
  0.33810872660942731       0.83951559810208132     
  0.33741448857684092       0.82503576850210758     
  0.34935694986026150       0.81696204290225283     
  0.36070789542920778       0.82006990891342002     
           8
  0.44245916811330543       0.24301061323971984     
  0.43579903689426819       0.24353385979497932     
  0.43956422755472102       0.24931010836145756     
  0.42870240851796965       0.24645440234242705     
  0.41896506867228750       0.24502513508960982     
  0.41940797468302687       0.22435680399964400     
  0.43064238670069049       0.22164712390899607     
  0.43741891457350834       0.22464058713875348     
           3
  0.92830233893188630       0.64737609872855184     
  0.93793793793793789       0.63963963963963966     
  0.94846201957975262       0.63545156058998731     
           5
  0.56706196435029965       0.44511055180337561     
  0.54249757420521572       0.44305592854797299     
  0.53990911839261169       0.43507449371764112     
  0.55073469939631692       0.42730459697302797     
  0.56618402893647912       0.42985240563809546     
           5
  0.84517366200919430       0.69792749193326964     
  0.82470044074737370       0.70003346361717000     
  0.81882889808492276       0.69448169396898574     
  0.82274657198549062       0.68035873132637670     
  0.84474753194107055       0.68558750180507333     
           8
  0.43457712636593537        1.0048977076656442     
  0.40887008898300953        1.0110278722959245     
  0.40623487029489730        1.0045067606955411     
  0.40945036351178254       0.99989262585729777     
  0.41197612837904951       0.99360058531347517     
  0.41852368413579827       0.99079107662809751     
  0.42584136013424850       0.98647117222941882     
  0.43219303213876931       0.99854012181810070     
           4
  0.92047595181128916       0.46044493972592154     
  0.90040368401711013       0.46119784262076263     
  0.89440352486083630       0.43572746485117286     
  0.92448292837880053       0.43541627435989216     
           5
  0.47801009826241475       0.17751530273193436     
  0.45604302957584547       0.17496623074961429     
  0.45424991588104008       0.14843224750575193     
  0.46916900687075896       0.15267370074783693     
  0.48081780856575845       0.15396021606975205     
           3
  0.73773773773773776       0.23823823823823823     
  0.72510331191822486       0.23854664490903710     
  0.74052542986055059       0.22469535299791457     
           7
  0.51867761925229594        7.0272301187591771E-002
  0.51064211615660482        7.3101031725443702E-002
  0.50247570216260995        4.8945256908152941E-002
  0.51158887122362373        4.8157051910970229E-002
  0.51922729915467947        4.8871711035161920E-002
  0.52512873310950337        5.2867889581201796E-002
  0.51920145507987570        5.5456570070561047E-002
           3
  0.24543383577082184       0.36750245800059927     
  0.23418834244743003       0.34144942709713871     
  0.25746872363594320       0.33803434725152698     
           8
  0.50267462849879840       0.40894088516764598     
  0.49284056385064839       0.41965812438237898     
  0.48513656016813089       0.41917737109628384     
  0.47552056781411112       0.40998506928047496     
  0.47343076204734946       0.40483669393516741     
  0.49102314501194705       0.39407765306671966     
  0.49915816465702256       0.39452714761074181     
  0.49776058055200112       0.40146561592988622     
           4
  0.58982978969211930       0.37426165310247927     
  0.59203583276068383       0.34875235066803273     
  0.61099474942645748       0.34462540494113308     
  0.60868085148344497       0.35269888845504732     
           5
  0.52019056021007826       0.47539518109171564     
  0.50213920361276654       0.45724714265023719     
  0.50510686679667904       0.44484661525571523     
  0.51460992224615176       0.44567789490378296     
  0.52547009201560058       0.45231052424478652     
           4
  0.33287008876399804       0.70460893205555830     
  0.34162182304650685       0.67644890889687970     
  0.34664822040018251       0.68241112698526230     
  0.35718389178623128       0.68403491205126121     
           5
   9.7291894684798624E-002  0.22432873178990903     
  0.10065798324985972       0.23107790367278538     
   7.9440146936024358E-002  0.22241376987303438     
   7.9431845819977642E-002  0.20888154797949252     
  0.10749836301280473       0.20486452361346064     
           6
  0.79675890553044126       0.47092884132414281     
  0.78730884949275404       0.47896622703181801     
  0.77645103021264228       0.48034211310276409     
  0.77311099571793185       0.47053747734025414     
  0.77868167954387446       0.45894020193490587     
  0.80304379815907312       0.46300238100479385     
           8
  0.70995862959270351       0.88085992883602060     
  0.70900139013354502       0.88707352433919739     
  0.68504620611910461       0.88769470414664420     
  0.68936151796885337       0.87948707169930651     
  0.68834735355397170       0.87384770263902201     
  0.68828296359242203       0.86251502065470231     
  0.70178699477912354       0.86344631588124243     
  0.71072073342526954       0.87060238028656844     
           5
  0.67512777186920103       0.57183512670153203     
  0.65449961296547898       0.58408533764683879     
  0.65624814628354244       0.55427242425643386     
  0.66097093051214117       0.55978658707255013     
  0.66698055257991140       0.55532316510548285     
           7
  0.49282222200934384       0.52922302668433430     
  0.48863987334710607       0.53591567144143626     
  0.46427617648000058       0.53682397145160321     
  0.46712382609423592       0.52310954655078079     
  0.46540652632112656       0.51093379021740093     
  0.49389125350278906       0.51212861888465377     
  0.49005957747194617       0.52279446970456245     
           8
   1.0023550068203115       0.99303758313720814     
  0.99527128291823086       0.99237051173484081     
  0.97928636180383177       0.99603655337478247     
  0.97979536522559507       0.98390184870683106     
  0.97750118380818185       0.97689323033247311     
  0.98433313655748444       0.96652782636591095     
  0.99883423019389239       0.96913119183300755     
  0.99850858089761685       0.97627511373496667     
           8
  0.30297775317401954       0.12792975462170725     
  0.29939687698955109       0.13330333408713929     
  0.28871517483516090       0.13404081782648883     
  0.29312764429702892       0.12096091072097651     
  0.28838036332083095       0.11317997639159655     
  0.31048366514442621       0.10617978442955268     
  0.31493660631265663       0.11188850976247026     
  0.31830646522030903       0.11901351182538579     
           7
  0.23893129608443670       0.36486901088221685     
  0.23301702512148756       0.36559434890622677     
  0.22586032181226354       0.36671257780380234     
  0.22641057847640703       0.35500562255153167     
  0.23131754045948666       0.33787557621370506     
  0.24454997071277454       0.34095302056101123     
  0.24921129030960376       0.35280436013029681     
           6
   4.1595988477367243E-002  0.66618268622918930     
   1.2656580911800006E-002  0.67674125211646807     
   1.2680314925888000E-002  0.66618876150683848     
   1.6133614811684280E-002  0.65837913381889446     
   2.0521881370119986E-002  0.64797109411237996     
   2.8012404075447507E-002  0.65103917561800517     
           4
  0.73398811467426872       0.84712441527279125     
  0.72443666940446194       0.85190555604360096     
  0.72417484709452540       0.82942407668926943     
  0.73951570583881288       0.83568043388866042     
           4
  -4.1420403970474778E-003  0.67364502785079361     
  -1.3206488716542416E-002  0.67438260478135037     
  -1.1577333481562415E-002  0.65393641706554761     
   1.1187582016163921E-002  0.64853316303523223     
           7
  0.22189127666122635       0.18830576295337326     
  0.21109559714314066       0.19469138649172538     
  0.19471259620598644       0.18501552877499733     
  0.20124677506453623       0.17785360419152552     
  0.19738391058835567       0.16827379623500816     
  0.20995826632140391       0.16624454435176406     
  0.21875854355761065       0.16654197209746169     
           8
  0.85247644403329259       0.84177425094335889     
  0.83551948242565155       0.85486217925396590     
  0.82546940387385981       0.85709201069082275     
  0.83121604393355941       0.84215222170518755     
  0.82612011087677706       0.83286131991086332     
  0.83100020868306457       0.83666743736580695     
  0.83480209412201112       0.82924965055902777     
  0.85175444198756922       0.83310703568848943     
           4
  0.84313820924004668        2.3460133171690142E-002
  0.83103209280088708        2.1147478467434408E-002
  0.84925345061995006       -1.1405656991718902E-003
  0.85447900642732810        1.3484942921469019E-002
           8
  0.44396904704540602       0.10736983452382999     
  0.43348365103965025       0.10032807639406799     
  0.41722659268040008        9.7126480825618200E-002
  0.41526417948454025        9.1326241067239869E-002
  0.41576762111895255        8.0203053019362314E-002
  0.42298265767991899        8.3110861004479925E-002
  0.42886506040331362        8.2210721678221035E-002
  0.44070124994815141        8.3308941643351619E-002
           5
  0.27923090638742198       0.46460786437554452     
  0.26480105594759462       0.46253486655379289     
  0.25384348703741466       0.45671514049052342     
  0.26449608198742813       0.43921525592968236     
  0.27829675146387678       0.44935318454477530     
           7
  0.21959699326921292       0.67795173506549145     
  0.21841700148107182       0.68840984358872293     
  0.19989407580086566       0.68163226566483814     
  0.19422358540933923       0.68507701372472063     
  0.19878778370840694       0.67091480448666019     
  0.21101870133118078       0.66051830750994844     
  0.22037561174528422       0.66179037002548435     
           5
   3.2671718081597141E-002  0.95947371671346415     
   2.1564834711011074E-002  0.96381856467594085     
   5.5441264717299033E-003  0.96443741706452102     
   2.3748546605553273E-002  0.94094312695845850     
   3.0946765658924381E-002  0.94466451467155543     
           3
  0.68580048185263820       0.66328065160002070     
  0.66336855791272475       0.65895673788211706     
  0.67072695094478363       0.64605252207394892     
           7
  0.19633382898833879       0.33994259623589268     
  0.17756444641547814       0.34845699508548145     
  0.17036447900764745       0.34684717284603017     
  0.17495687804547011       0.33421239672432868     
  0.17815513062502633       0.32330030018063571     
  0.18694047456427490       0.32458307695702238     
  0.19693826470889897       0.32543443477827938     
           5
  0.14567247132125954       0.67063479726767561     
  0.12736715731776899       0.66770224029977132     
  0.13456360758618766       0.64169565931714800     
  0.14777701153600439       0.63995960998354651     
  0.15255625626027769       0.64952055732451641     
           7
  0.27508984555500143       0.15226508062434277     
  0.26327337152377150       0.16756390910752686     
  0.24962687859836580       0.16598624604782164     
  0.24818665873872550       0.14926108175754832     
  0.25360960763215784       0.14287934684744785     
  0.26199749488601670       0.14129329396845053     
  0.26806358818537007       0.14105709494319613     
           4
  0.77143628443342449       0.75076846709132550     
  0.76406999888050953       0.75700772037489095     
  0.76494542902897644       0.73015987174117070     
  0.77736246807502918       0.72978640709834064     
           4
  0.32373688383048405       0.27206679718786342     
  0.31054130462769380       0.25842178103656105     
  0.31076559907022389       0.24859941153291704     
  0.33199056341141908       0.25107966566602347     
           6
  0.84495992488458138       0.69194570459748683     
  0.83121766362057081       0.68709367727639581     
  0.81749283255894323       0.69172563152304434     
  0.81755540447062613       0.67250234939830289     
  0.81793162190603752       0.66486085230269076     
  0.83571020710655974       0.66548306190671014     
           3
  0.41667477106233969       0.63145469247859909     
  0.40140140140140140       0.62562562562562563     
  0.40199678505613884       0.61646020223432307     
           8
  0.22650937499668655       0.36857922882261224     
  0.22064214654153341       0.37254402347697713     
  0.20847041664323276       0.36983152164633454     
  0.20141018939192618       0.35462259441566824     
  0.20247240789533144       0.34900689851798949     
  0.21693040370771810       0.35167678980579875     
  0.22066125522697042       0.34724595198152891     
  0.22354975645500275       0.35870526377390621     
           3
  0.12901899801973632       0.42435876583910481     
  0.10720988108142664       0.43082738128075460     
  0.12543163626110918       0.41521777704676144     
           8
  0.20309498531486742       0.51911220736260966     
  0.20512504765655004       0.52802992143308125     
  0.19399731397801012       0.52840139125021524     
  0.18681621931495695       0.52902420172778941     
  0.18399327793985498       0.51706377747985155     
  0.17689019867576933       0.50605272561666625     
  0.19758472787619372       0.50692253069165394     
  0.20463848702119300       0.50791047184295779     
           6
  0.61128920273158860       0.38512211417640108     
  0.59363834180047970       0.38942289704175204     
  0.58767670255650606       0.38143350778309076     
  0.58367135718711760       0.37088540224948946     
  0.59321133958644234       0.36242475054132517     
  0.61163700374207985       0.37232814658765329     
           5
  0.44689982347434437       0.69438816014629090     
  0.43372733869241664       0.69093716892085422     
  0.44152964889061269       0.67435911079377364     
  0.45500695580466521       0.66708177987076300     
  0.45840705470172410       0.67851174187416063     
           4
  0.58100450617315946       0.30695582188504988     
  0.56567667039408198       0.29910332883777363     
  0.56908124216108891       0.29122033942993852     
  0.58894946176449725       0.29411081172386916     
           3
  0.34221825850791809       0.35800054497207434     
  0.33333333333333331       0.35235235235235235     
  0.32339482647220491       0.33999807018424449     
           7
  0.85228992170568785       0.94274127500269367     
  0.82863332127777867       0.95376753237385470     
  0.82570908830572642       0.94019181748098679     
  0.82491577204802669       0.92980067882269035     
  0.84208369343963940       0.93474404562673041     
  0.85282336656752078       0.93194378819998303     
  0.84786701683793009       0.93791410969942768     
           6
  0.39234317726156581       0.50237438516533317     
  0.37696749120023099       0.50920232899140749     
  0.36498526191112812       0.51031451948302020     
  0.36211209189800214       0.50455766561421245     
  0.37559807729822431       0.48565885736507947     
  0.38345951137743667       0.48639494232699548     
           5
  0.80647427879367650        9.5497613426861402E-002
  0.78236801006722334       0.10802690738326297     
  0.78776629671579768        9.6596888532348948E-002
  0.79976102166392971        8.5026127213437774E-002
  0.81299544612691899        9.0124095135575580E-002
           8
   7.6886523013730834E-002  0.24070880331387115     
   7.9877963991358783E-002  0.24998774838591459     
   6.5807634404985368E-002  0.24311923039301617     
   5.2369020556426588E-002  0.23929157667595433     
   5.6732892519727379E-002  0.22833364192355338     
   5.0696279512243453E-002  0.22010656438430717     
   6.3462251737822384E-002  0.22596749712368641     
   7.0339429502382991E-002  0.21979111157595388     
           7
  0.45277344545856324       0.88247166920235798     
  0.44227747641608861       0.88670583619442922     
  0.43077137646308483       0.89009942402687958     
  0.43041447056605142       0.87585219900540590     
  0.43001839212493664       0.86465136200211012     
  0.44220338961169947       0.86987911098549686     
  0.44938223760986568       0.86299276262828639     
           8
  0.86141625308567193       0.77201638620500057     
  0.86236313261296527       0.78066036910018100     
  0.84483779855129704       0.78444860196860722     
  0.83848989407339147       0.77270815445059815     
  0.83620306795607124       0.76333542923636899     
  0.84599976298880197       0.75447024118571027     
  0.85157894443311954       0.75970780230562240     
  0.86397358224307919       0.76079066915869964     
           4
  0.43603517633630867       0.33939704347118899     
  0.42896558690331549       0.32431872301341375     
  0.43003672936680210       0.31120722982327986     
  0.45347662555160922       0.31158718823886566     
           6
  0.40481276738058303       0.63568674786276347     
  0.39307229792142723       0.63705190528498123     
  0.39392036417468657       0.62274145303606621     
  0.39921605358141815       0.61924832870773439     
  0.40310408675281478       0.61089217289859377     
  0.42131179269068492       0.61112623253004861     
           3
  0.55055055055055058       0.24124124124124124     
  0.53498556709145795       0.24765988138654713     
  0.55872034061299303       0.22765013579914053     
           6
  0.17124074454819063        8.1779919393286701E-002
  0.16432913644587205        7.6216478008397287E-002
  0.15788007352855007        6.5098718517004134E-002
  0.16685991119851851        5.9637104409841130E-002
  0.18273998789285889        5.7635791892908912E-002
  0.18472309669398862        6.4809321788317706E-002
           6
  0.25687281645243570       0.25815915652783122     
  0.25045413779929282       0.25377118308023527     
  0.23933897956577002       0.24502504516878321     
  0.24280718590875283       0.23577897240775236     
  0.25091754279564144       0.23117155549102439     
  0.26707934808123662       0.23975884480984658     
           7
   8.8646870236592359E-002  0.85395658314694090     
   9.0620925968072460E-002  0.86645596582047291     
   6.7746600986457031E-002  0.85979123892853238     
   6.2499104032405210E-002  0.85435478467266068     
   8.1452042219706075E-002  0.84423602788246754     
   9.0750705445334895E-002  0.84292851885781850     
   8.6360233009665208E-002  0.84775853876879959     
           5
  0.65582855775948334       0.12481764806421253     
  0.65262444750976001       0.13176835873654111     
  0.63196177554898370       0.13088847953659025     
  0.63153556048824966       0.11712001860746768     
  0.63329067128102334       0.10336624604405367     
           8
  0.59209451597451368       0.13317493331415309     
  0.58910129883466278       0.12554018863576288     
  0.58328265523551781       0.12717052744600721     
  0.58765792006589623       0.11871555641218243     
  0.58368836022273674       0.11118777156785452     
  0.59540837405058111       0.11248256632866745     
  0.60916332995459477       0.11022029605044374     
  0.61101913899469973       0.11960554596345500     
           3
  0.56456456456456461       0.37437437437437437     
  0.55284636515578656       0.37207837595492099     
  0.56296740537988721       0.36564733372962516     
           6
   1.0099128214217106       0.66051982405463305     
  0.99569382217477875       0.67465303113008990     
  0.98595016539083669       0.66154345916894486     
  0.98244545398107952       0.65567589329532894     
  0.99796376760104122       0.65228125274250104     
   1.0025771279138735       0.64548487807585886     
           3
   2.8204537384366832E-002  0.10930938934562541     
   6.6747072335357482E-004   9.8388540029728105E-002
   1.4014014014014014E-002   9.8098098098098094E-002
           4
  0.85305788973477392       0.31890560406059792     
  0.83808431720587828       0.31238152927608992     
  0.83598247149887717       0.29385483158130665     
  0.85619618962703137       0.30824577611478426     
           4
  0.77707652370897773        1.7220260534726996E-002
  0.77477477477477474        9.0090090090090089E-003
  0.77191254536307596       -1.8460959570254423E-003
  0.79027399263702480       -3.6642867297561818E-004
           7
  0.79936149730065742       0.68272647342516624     
  0.78604286221807185       0.67962777136270547     
  0.77996586211550578       0.68553028204703592     
  0.77726872593680996       0.67773514911178090     
  0.78370335839956251       0.66679337078726597     
  0.78091252576596903       0.65904986418214440     
  0.80459481534599997       0.67033112113461812     
           3
  0.31414517864368591       0.80292434107240884     
  0.30449265180180879       0.80962007935519342     
  0.28717388373615821       0.78908937206908947     
           3
  0.58373297023946924       0.10766165238820360     
  0.57557557557557559       0.10910910910910911     
  0.57695964031811220        9.5423841608071810E-002
           5
  0.85380168271913659       0.71825341858098424     
  0.85051039769770043       0.70888104936772645     
  0.85078494739802812       0.69330250801880589     
  0.88100119664514021       0.69373788937489289     
  0.87411859588271457       0.70325842643297798     
           7
  0.30072904461667549       0.90843693671380099     
  0.28596789874593920       0.91310175263821935     
  0.28014901612616100       0.91071487166542753     
  0.27799830013757987       0.88972548222946302     
  0.29313996474446846       0.88671881301071931     
  0.30301565321451285       0.88265765310416111     
  0.30575619354262396       0.89553467111570861     
           8
  0.96365970242689503       0.35425612880101615     
  0.95413086224344701       0.36100704949301488     
  0.93863110022966145       0.36123694629055081     
  0.94370130437332700       0.34755207071701055     
  0.94266256172353935       0.33827637297867447     
  0.94887487710160656       0.33889425857814603     
  0.95707535698445989       0.33716840879777404     
  0.96611788772641394       0.34601601264735982     
           3
  0.89987842946933105       0.70716435678996814     
  0.89218158389525082       0.70100529650551135     
  0.91882656415882991       0.67930553019425810     
           8
  0.90880088101468803       0.80232567691873791     
  0.89289050622210220       0.79904539423836840     
  0.88318367960350208       0.80651339253798404     
  0.88323560738973761       0.79737124727414577     
  0.88186311716590204       0.78511635242201971     
  0.89597932212600062       0.77560830471635089     
  0.90573166921734527       0.77729507881048421     
  0.91061421236149620       0.79070383086108575     
           4
   3.2407300635076762E-002  0.25277862221943159     
   1.2311027847781668E-002  0.22803351232378186     
   2.5597537366335212E-002  0.22663256059007647     
   3.8558115360347540E-002  0.22763212029720459     
           8
  0.77555710253804522       0.90195384242384880     
  0.75784778134294117       0.90009389347362989     
  0.74699372184551049       0.90166812931449147     
  0.74693709682056908       0.89485610139968252     
  0.74840204345785166       0.88621799326119044     
  0.74946222329726708       0.87783463056217326     
  0.76296612329175129       0.87656097819349599     
  0.77429797228982422       0.87367436629472395     
           3
  0.92218356163296811       0.35125638153777294     
  0.89869265458479153       0.34393313212140397     
  0.90508917879574191       0.32242914327394956     
           4
  0.51353880537790464       0.85798465167954396     
  0.50150150150150152       0.84684684684684686     
  0.49810520533726044       0.83633711153065460     
  0.50731021701694290       0.83583601358030402     
           3
  0.74391651458015606        5.6243404005104428E-003
  0.72011134673215216        7.8745194349311258E-003
  0.72062783336092018       -4.4745606052681193E-003
           3
  0.35185771647084674        8.2844211534787396E-002
  0.33378848593492705        7.9250475667719936E-002
  0.33733733733733734        7.1071071071071065E-002
           8
  0.12166397791870372       0.97401455462991160     
  0.11480763255424929       0.98386334112748530     
  0.10751986530135685       0.98692099010186307     
   9.1985969243292734E-002  0.98039086447416457     
   9.3212984370059621E-002  0.97285003633679967     
   9.0499118844351717E-002  0.96735019805348732     
  0.10537659289078447       0.96505118075454766     
  0.11549593411333896       0.96156117841965616     
           8
  0.40312192987541101       0.23755244190912853     
  0.38851050576961577       0.23889825112661361     
  0.38657057913978971       0.23307582018635531     
  0.38747164411550716       0.22762244776641125     
  0.38893449716260048       0.21529352819336786     
  0.39795021278734499       0.21440568136519986     
  0.40424134712954357       0.21689522433261685     
  0.41419435760845430       0.22104255353144184     
           7
  0.85527265333661806       0.37416774992054980     
  0.84407593265963687       0.38043261534222556     
  0.83837490745187881       0.37461724901119997     
  0.83149373961059625       0.37672473284490260     
  0.83149879361293377       0.36717887350357470     
  0.83209397379223349       0.35459362446053233     
  0.85317854258781345       0.35965785913098181     
           7
  0.63804626880858351       0.58753950931883114     
  0.63162390732810492       0.58424657459009621     
  0.61540683305669874       0.59163820702204473     
  0.61031771265262591       0.57086292381261772     
  0.62414595981846321       0.57205669484620147     
  0.63870282630972897       0.56714966563169389     
  0.63710103518995465       0.57506215447123554     
           5
  0.99265206202867706       0.67720134141809929     
  0.98216906233053525       0.67893816647976812     
  0.96481800442091681       0.68264291139311684     
  0.96520985646332014       0.65430682412826557     
  0.98114444312059546       0.65506585125767269     
           6
  0.88931592652192293       0.57515678462270126     
  0.87697734957370421       0.57140405477357414     
  0.87150410643880605       0.55139060413902075     
  0.88290903585249636       0.54841634136325301     
  0.89670891585832790       0.54528563731704216     
  0.89959186516959200       0.55792236061284517     
           5
   1.3563721594744164E-002  0.92142430081968330     
   7.9889078319361363E-003  0.92660204507914112     
   1.9135412448065981E-003  0.89696673195384036     
   1.3112487994849997E-002  0.89661931761205949     
   1.9626711365833462E-002  0.90052326113610226     
           6
  0.40563027916682670       0.61264930339763191     
  0.39376620874584611       0.61539958123890326     
  0.38194138120968180       0.61628568779387616     
  0.38048596467132401       0.59611921530512324     
  0.39438293276986619       0.58694782390075684     
  0.40080980620662710       0.60308089011217680     
           7
  0.45980550068234877       0.13076330307592082     
  0.46269974346553605       0.14423245573001064     
  0.44003178837360662       0.14144898844309137     
  0.44114234514445122       0.12935442262433397     
  0.44924872132653815       0.12083561785756090     
  0.45563900750522385       0.12047365624220459     
  0.46554141260664894       0.12449269568842695     
           8
  0.33480918726645043       0.21930379289716442     
  0.32636213616524851       0.23440014751085128     
  0.31867702590733260       0.23649959274494059     
  0.30862747165508053       0.21604516766854881     
  0.30873947179293015       0.20866195195433024     
  0.32278309373851310       0.20760137544362273     
  0.33146927281738531       0.21151676429696348     
  0.33898587181287443       0.21190283028592372     
           7
  0.58135746863706361       0.10647841008957064     
  0.56665073123679244       0.11219778171858381     
  0.56097781672988856       0.10639658150704299     
  0.55481788714482716       0.10433427043170951     
  0.56585281084359462        8.7417255497564170E-002
  0.57718873523366365        9.0033439126279730E-002
  0.58475358894130292        8.2536321449057509E-002
           5
  0.74722921894924244       0.34637133888289123     
  0.72834720045860757       0.35158340025440366     
  0.72291905190941019       0.33356683847308255     
  0.74167575150216858       0.33236270517565347     
  0.74751164480256538       0.33718266542288156     
           4
  0.42659488592111333       0.22699710628582623     
  0.41780032659759597       0.22831216048361969     
  0.41141141141141141       0.22022022022022023     
  0.40297215669838549       0.20886969049823834     
           5
  0.68791996881542583       0.87642553884516372     
  0.66719013148471107       0.88055900662191178     
  0.65849121586352555       0.88305366324049217     
  0.68378284092981545       0.85573980448058584     
  0.68065381832930005       0.86484228035656951     
           7
   8.2858604402741093E-002  0.80277414898479182     
   7.4024663595586557E-002  0.80362394408601001     
   6.4630490485154138E-002  0.80600092188705097     
   5.4557216914689032E-002  0.79634598099104414     
   7.4446739332868286E-002  0.77931895462879730     
   8.2916981155446795E-002  0.77603514768107640     
   8.0580687637626505E-002  0.78566011191076990     
           6
  0.59518849134463780       0.53511453091562788     
  0.58458891042895222       0.53023268302422888     
  0.57674630433223151       0.53097691104086964     
  0.57230834464054936       0.52509259104845241     
  0.57403198368906205       0.51782791358179525     
  0.58458458458458462       0.52052052052052056     
           6
  0.20528797862058440       0.41726572355362124     
  0.20651599557482844       0.42656260982503380     
  0.19280239640031466       0.43099193753815057     
  0.17911690864531574       0.40395135102277296     
  0.18685296347383168       0.40768101421480135     
  0.19973829138668450       0.40379881490977437     
           3
  0.95495495495495497       0.91291291291291288     
  0.95666536797182067       0.90383144765668788     
  0.96363440990020000       0.89830427849255379     
           3
  0.74625477004398355       0.73943964599921930     
  0.76176176176176180       0.73473473473473472     
  0.77279210124869724       0.73525936213674903     
           4
  0.20450402847707005       0.87114451518807490     
  0.19219219219219219       0.87587587587587590     
  0.18412765328068578       0.86314204711401210     
  0.20104233327202847       0.86383864782383191     
           4
   9.7927097508673649E-002  0.36275060068013459     
   7.5806828226758716E-002  0.36804415054640122     
   8.5789807598715559E-002  0.34044396428103102     
   9.7024459546338024E-002  0.34176678700873542     
           3
  0.78207928240482394        4.9741698604839610E-002
  0.76405788330465529        3.1150772632464602E-002
  0.78768875804608685        2.8699126894645099E-002
           4
  0.10727395635096580        8.1523881626139438E-002
  0.10023689201327238        7.7660136981446720E-002
   8.3163053539936138E-002   7.9160433856661411E-002
  0.10172553456096708        5.7829129753462112E-002
           7
  0.64730202988507968       0.66952909080463796     
  0.63430396151134194       0.66835189657136385     
  0.62945343946144516       0.65768697475955185     
  0.62726239046798837       0.65173626764790871     
  0.63769650577533687       0.64729961729708774     
  0.64834462709274221       0.64909986611785930     
  0.65805782091184140       0.65415692997864627     
           6
  0.84795841740516043       0.31775319336075208     
  0.84070232153749724       0.31767711299198942     
  0.83416974427998880       0.32026098740223535     
  0.82814386743050261       0.30349956407642797     
  0.85173919053304881       0.30195854223300550     
  0.85204317542562957       0.30865489394390472     
           8
  0.82593663733682177       0.70370538439536490     
  0.82160981483299733       0.70743040704953830     
  0.81551010813693603       0.70965710737036580     
  0.81963107738001262       0.67923764880001314     
  0.82808504962233442       0.68597643636056527     
  0.83002984855071049       0.67919911240251984     
  0.83518174933669276       0.68425487258373097     
  0.83395476267768376       0.69227415832672101     
           7
  0.25317386646443890       0.82454319670401843     
  0.25142964109105992       0.83227125977785588     
  0.24113032315428518       0.83452387829818986     
  0.22446327310028422       0.83825066287337413     
  0.23121208135558741       0.81630673879657378     
  0.24294116319828754       0.81252686485970238     
  0.25273281222194605       0.81334187896081245     
           7
  0.35641098005787986       0.13831758764067895     
  0.35616036650592059       0.14674090923042121     
  0.34900549303846290       0.14711712981913905     
  0.34149833834262844       0.14798061374656918     
  0.32890985589909350       0.13305535461065776     
  0.33225270710317478       0.12720810701618845     
  0.35634837529314306       0.12549254961358958     
           6
  0.14714825696019723       0.68809384881832403     
  0.15132970305811339       0.69772796438349782     
  0.12279434610850604       0.69599491551637049     
  0.12224674847374144       0.68939985978771756     
  0.14546438063741174       0.67073516231227104     
  0.14832073403760146       0.67732063244380469     
           8
  0.37058814040316057       0.60048259459207265     
  0.37102526213510845       0.60858252535699253     
  0.35970618061108567       0.60557896148516410     
  0.35017706409532184       0.60768556494502302     
  0.34600335475958688       0.60209857585512738     
  0.35000512810736351       0.58410787303514999     
  0.36091712499190431       0.57990637720246929     
  0.37005482940285550       0.58203373321778040     
           7
  0.55608943896494500       0.42525407899868484     
  0.55613478998046439       0.43156078381108764     
  0.54503932272342492       0.43879929889498231     
  0.53317040096238266       0.42300542207264846     
  0.53967420054337756       0.40919752163904899     
  0.55227890127827228       0.41323817377473937     
  0.54983575186817213       0.42221721238217236     
           5
  0.54767024765686112        9.9827046600744859E-002
  0.52655441238994050       0.10470192899940128     
  0.52434436525277306        9.4411009300513660E-002
  0.53078464697413241        8.3927843753116113E-002
  0.53875107282814994        8.5475790814957125E-002
           8
  0.14942204918573379       0.55473492281193026     
  0.13174269370103620       0.55257012664979988     
  0.12726499724340606       0.54024931776242324     
  0.12359148558168062       0.53201021588813813     
  0.12699418226063944       0.52410878053189469     
  0.13746073507469955       0.52941460459240786     
  0.15022806947002346       0.52667336535957587     
  0.15093326071076113       0.53626681110273944     
           8
  0.73108023629907803       0.21970027081113905     
  0.72718070667081836       0.22381242937850390     
  0.72183634150485199       0.22811219902047469     
  0.70856263411738707       0.22420545582958284     
  0.70987342104081674       0.20729006478962256     
  0.72736657333626442       0.19805758794226075     
  0.73251113300469972       0.20571582101416183     
  0.72872238509132181       0.21346288792232823     
           3
   6.8585844244367714E-002  0.18249753246536701     
   6.8068068068068074E-002  0.17317317317317318     
   7.8030216351742981E-002  0.17341880663400158     
           6
  0.79949356117074943       0.34838927783544221     
  0.78778522826086550       0.35443871798046872     
  0.77584230941067089       0.35482211880943554     
  0.77928632682743582       0.34848282849024687     
  0.77823946190541327       0.32868073680426951     
  0.80062105955746676       0.33756702010879824     
