   999.00000000000000     
   1081.0000000000000     
         260
           8
   64.000000000000000     
   73.000000000000000     
   98.000000000000000     
   36.000000000000000     
   76.000000000000000     
   13.000000000000000     
   74.000000000000000     
   43.000000000000000     
   80.000000000000000     
   59.000000000000000     
   95.000000000000000     
   33.000000000000000     
   68.000000000000000     
   35.000000000000000     
   64.000000000000000     
   59.000000000000000     
   22.000000000000000     
   10.000000000000000     
   60.000000000000000     
   36.000000000000000     
   20.000000000000000     
   49.000000000000000     
   67.000000000000000     
   69.000000000000000     
   83.000000000000000     
   99.000000000000000     
   25.000000000000000     
   94.000000000000000     
   34.000000000000000     
   96.000000000000000     
   8.0000000000000000     
   49.000000000000000     
   89.000000000000000     
   99.000000000000000     
   21.000000000000000     
   70.000000000000000     
   71.000000000000000     
   45.000000000000000     
   32.000000000000000     
   11.000000000000000     
   48.000000000000000     
   35.000000000000000     
   21.000000000000000     
   90.000000000000000     
   99.000000000000000     
   41.000000000000000     
   55.000000000000000     
   59.000000000000000     
   1.0000000000000000     
   36.000000000000000     
   94.000000000000000     
   97.000000000000000     
   44.000000000000000     
   55.000000000000000     
   13.000000000000000     
   35.000000000000000     
   71.000000000000000     
   78.000000000000000     
   57.000000000000000     
   96.000000000000000     
   41.000000000000000     
   35.000000000000000     
   13.000000000000000     
   70.000000000000000     
   17.000000000000000     
   41.000000000000000     
   18.000000000000000     
   6.0000000000000000     
   81.000000000000000     
   55.000000000000000     
   80.000000000000000     
   34.000000000000000     
   76.000000000000000     
   58.000000000000000     
   33.000000000000000     
   10.000000000000000     
   64.000000000000000     
   66.000000000000000     
   12.000000000000000     
   87.000000000000000     
   21.000000000000000     
   61.000000000000000     
   54.000000000000000     
   7.0000000000000000     
   48.000000000000000     
   47.000000000000000     
   26.000000000000000     
   26.000000000000000     
   9.0000000000000000     
   35.000000000000000     
   77.000000000000000     
   57.000000000000000     
   97.000000000000000     
   51.000000000000000     
   10.000000000000000     
   39.000000000000000     
   25.000000000000000     
   66.000000000000000     
   92.000000000000000     
   36.000000000000000     
   35.000000000000000     
   59.000000000000000     
   71.000000000000000     
   53.000000000000000     
   42.000000000000000     
   92.000000000000000     
   36.000000000000000     
   85.000000000000000     
   93.000000000000000     
   27.000000000000000     
   88.000000000000000     
   83.000000000000000     
   62.000000000000000     
   52.000000000000000     
   43.000000000000000     
   55.000000000000000     
   59.000000000000000     
   41.000000000000000     
   59.000000000000000     
   83.000000000000000     
   72.000000000000000     
   37.000000000000000     
   88.000000000000000     
   67.000000000000000     
   30.000000000000000     
   60.000000000000000     
   53.000000000000000     
   98.000000000000000     
   92.000000000000000     
   40.000000000000000     
   46.000000000000000     
   51.000000000000000     
   61.000000000000000     
   72.000000000000000     
   59.000000000000000     
   9.0000000000000000     
   23.000000000000000     
   4.0000000000000000     
   33.000000000000000     
   3.0000000000000000     
   13.000000000000000     
   39.000000000000000     
   36.000000000000000     
   88.000000000000000     
   100.00000000000000     
   75.000000000000000     
   63.000000000000000     
   34.000000000000000     
   6.0000000000000000     
   53.000000000000000     
   64.000000000000000     
   47.000000000000000     
   41.000000000000000     
   49.000000000000000     
   95.000000000000000     
   17.000000000000000     
   69.000000000000000     
   79.000000000000000     
   94.000000000000000     
   85.000000000000000     
   97.000000000000000     
   27.000000000000000     
   83.000000000000000     
   41.000000000000000     
   87.000000000000000     
   11.000000000000000     
   95.000000000000000     
   41.000000000000000     
   99.000000000000000     
   58.000000000000000     
   26.000000000000000     
   57.000000000000000     
   52.000000000000000     
   18.000000000000000     
   9.0000000000000000     
   43.000000000000000     
   15.000000000000000     
   93.000000000000000     
   18.000000000000000     
   32.000000000000000     
   18.000000000000000     
   97.000000000000000     
   96.000000000000000     
   58.000000000000000     
   93.000000000000000     
   37.000000000000000     
   100.00000000000000     
   97.000000000000000     
   41.000000000000000     
   22.000000000000000     
   87.000000000000000     
   42.000000000000000     
   16.000000000000000     
   94.000000000000000     
   7.0000000000000000     
   96.000000000000000     
   41.000000000000000     
   90.000000000000000     
   34.000000000000000     
   91.000000000000000     
   47.000000000000000     
   21.000000000000000     
   19.000000000000000     
   37.000000000000000     
   40.000000000000000     
   79.000000000000000     
   60.000000000000000     
   88.000000000000000     
   84.000000000000000     
   75.000000000000000     
   12.000000000000000     
   42.000000000000000     
   21.000000000000000     
   91.000000000000000     
   6.0000000000000000     
   57.000000000000000     
   7.0000000000000000     
   66.000000000000000     
   7.0000000000000000     
   99.000000000000000     
   75.000000000000000     
   4.0000000000000000     
   85.000000000000000     
   10.000000000000000     
   29.000000000000000     
   6.0000000000000000     
   20.000000000000000     
   7.0000000000000000     
   50.000000000000000     
   26.000000000000000     
   29.000000000000000     
   99.000000000000000     
   45.000000000000000     
   57.000000000000000     
   14.000000000000000     
   33.000000000000000     
   2.0000000000000000     
   38.000000000000000     
   43.000000000000000     
   64.000000000000000     
   85.000000000000000     
   84.000000000000000     
   46.000000000000000     
   53.000000000000000     
   45.000000000000000     
   48.000000000000000     
   48.000000000000000     
   85.000000000000000     
   60.000000000000000     
   2.0000000000000000     
   17.000000000000000     
   12.000000000000000     
   99.000000000000000     
   43.000000000000000     
   40.000000000000000     
   29.000000000000000     
   13.000000000000000     
   29.000000000000000     
   26.000000000000000     
   66.000000000000000     
           1
   0.0000000000000000        0.0000000000000000     
           8
  0.38808212575568241       0.11307777269145589     
  0.38385310450666771       0.11993789401899266     
  0.38017251722763584       0.11509968569665641     
  0.36492497371698118       0.11874938167946791     
  0.36181143831366769        9.9054531187127356E-002
  0.36537847699370135        9.1898161451636554E-002
  0.39215987239216005        9.2300872193695122E-002
  0.38834474190989859       0.10189511755770833     
           8
  0.54876036143673457       0.10270182281173980     
  0.53719861289193183       0.10389448323568667     
  0.52420517358845098        9.5546028511012779E-002
  0.52403745729301321        8.9756393624428416E-002
  0.52523853055642811        7.9356607338665827E-002
  0.53731554495373379        7.7934084371262147E-002
  0.54656428856782457        7.8610422225061927E-002
  0.54957177112487143        8.5864029132108693E-002
           3
  0.81624995409176870       0.63955284474057505     
  0.81189515334451479       0.61849533699862125     
  0.82082082082082086       0.62562562562562563     
           7
  0.70451432734944974       0.74588014769087985     
  0.69185691954702710       0.75917684617791492     
  0.67653548595621837       0.75362683645932194     
  0.67755378677670142       0.73724430772837091     
  0.68497832880497744       0.73730165189182129     
  0.68247306422718257       0.73177119466555796     
  0.70102119742687830       0.73094318722346030     
           5
  0.78049433109793465       0.29514539310649990     
  0.77294954620846512       0.29701078785594953     
  0.76014846613494091       0.29773547799302585     
  0.76224256281491709       0.28308117852306691     
  0.76911523435154472       0.26868617812329076     
           3
  0.39939939939939939       0.81081081081081086     
  0.38913484008359850       0.80507051608025582     
  0.40041249626327441       0.80178623365342594     
           7
  0.25542584664740431       0.15129098424415147     
  0.24123475795929997       0.14767355580582639     
  0.23748339243981204       0.15432938616489433     
  0.23422162084962256       0.14017763116648513     
  0.22897800930923348       0.13096230768842962     
  0.24592740820585876       0.12611047702947534     
  0.25214491341956946       0.13115903955733149     
           7
  0.31147747362856470       0.96362444964278582     
  0.29810632103316320       0.96004472737795910     
  0.29179704575649179       0.96135704233525299     
  0.28506446554028153       0.95974595835762533     
  0.28666244230115456       0.95103776986255650     
  0.29469147926262129       0.93340503035791256     
  0.31016377967071423       0.94601800443222939     
           4
  0.55755755755755754       0.25525525525525528     
  0.54847462468902175       0.25994893485025972     
  0.55540155677877678       0.24090963363188389     
  0.56874652480375643       0.24690251672208094     
           7
   3.1165789574827723E-002  0.83516146230089772     
   3.3885610899648998E-002  0.84355538872042279     
   2.6829582889937385E-002  0.84215185190638986     
   1.9096697226197005E-002  0.84330207566125837     
   6.8625875046641523E-003  0.82779995434773279     
   1.5031051307092473E-002  0.81460016967491777     
   3.4281078143021483E-002  0.82110786409229930     
           8
   4.0981365578636700E-002  0.77580179030058871     
   3.2494653383219330E-002  0.78177461028234085     
   2.2570822823992046E-002  0.78180539192848608     
   1.4098274077275267E-002  0.77296773084705461     
   1.4131676610426034E-002  0.76543908792046811     
   2.0673564027614562E-002  0.75437778633694430     
   2.9115443412806800E-002  0.75346661502343959     
   3.7002652196664987E-002  0.75425554650503224     
           7
  0.97745065729997860       0.83352989635557861     
  0.97240386099198484       0.84506585988305916     
  0.95004547380946613       0.84262660248697152     
  0.94651148423610587       0.83631429049194228     
  0.95205642954888314       0.82132811359562663     
  0.95829421237307844       0.81950607589885305     
  0.97276002346678936       0.82576894379021937     
           6
  0.83870785540505188       0.22592023830368715     
  0.82478448201176835       0.23360752003017018     
  0.81234084350693270       0.23653302498244230     
  0.81514725796878829       0.21477137071467658     
  0.82345353840450330       0.21054872590453855     
  0.83090268056697358       0.21317023498665039     
           7
  0.29936695225391613       0.99958680178929871     
  0.29810920344230146        1.0056490121330171     
  0.29237360077176172        1.0085584647116690     
  0.27562859036594062        1.0034106093456321     
  0.27776436670265053       0.99391350132009304     
  0.28643730137390955       0.98869423605557627     
  0.30218715764857917       0.98836073726520157     
           6
  0.13931503186957514       0.16659076158842046     
  0.12413509130981622       0.16859321809294117     
  0.11231954658320215       0.17117108275087115     
  0.11706339214079275       0.15666007009888358     
  0.12522837606194179       0.14818781160842628     
  0.13946300602956668       0.15664378024822123     
           4
  0.22188657097319653       0.25477557831643793     
  0.20784003162433212       0.24686409700926126     
  0.22522698949929251       0.23164773196027896     
  0.23153854183271358       0.23699896437244636     
           7
  0.51499828325336416       0.92110291165292768     
  0.51956697055755385       0.93376000373672441     
  0.51211390601319884       0.92842891316028409     
  0.50467052872183005       0.92787675641570777     
  0.49191342147814254       0.90908610749542063     
  0.51051033681884594       0.90635896300267071     
  0.51716053412239271       0.91406603240249695     
           4
  0.54454764787935250       0.80807615526355303     
  0.52839573075641233       0.81485929742546803     
  0.52175616697864180       0.79622822321630327     
  0.54123897368290763       0.79580593247372844     
           5
  0.57962696164181604       0.73055882441216768     
  0.55519505693487159       0.74097133418357619     
  0.55383679172270017       0.73282250772350210     
  0.56385384863035004       0.71929969292830442     
  0.57203069671907236       0.72058682631164295     
           7
  0.33816599931970548       0.95867766831257928     
  0.32659460278988967       0.95575137173091862     
  0.31265019624558987       0.95761088396724647     
  0.31727238748795183       0.95290724768095825     
  0.31475585385548849       0.94761946117192275     
  0.33975904896548786       0.93037334733203014     
  0.34177403788487909       0.94525356884554201     
           7
  0.85816389569165674        7.4857693226570737E-002
  0.84725670278508358        7.7949958605269334E-002
  0.83449695475547747        7.7989511595114899E-002
  0.83787953349999911        6.8095657040983595E-002
  0.83613946866876210        5.9250553560045147E-002
  0.85882633673041531        5.1252497763706065E-002
  0.86041020419059133        5.8264855827996814E-002
           5
   5.3751158717007613E-002  0.90499203129932515     
   4.5674090136182240E-002  0.90553097978717823     
   3.1357045361704208E-002  0.90263495092396795     
   5.4411489646775328E-002  0.87752917944909303     
   5.6608860242722998E-002  0.89182453293661357     
           4
  0.95167488497337682       0.18140353724457858     
  0.94456955974694867       0.17324226004054227     
  0.94874745862798826       0.16055602654326223     
  0.96536795943062248       0.15912937898157334     
           3
  0.74908634746801095        6.0160052970066089E-002
  0.73673673673673679        6.3063063063063057E-002
  0.72746297388148118        5.2778643454661087E-002
           8
  0.95158101491912339       0.93048095444321222     
  0.93114900473597306       0.93914781355834465     
  0.92436765687611411       0.93967952374301178     
  0.92754681929181382       0.92451753622686128     
  0.92759141533146716       0.91547648455861885     
  0.94008782478211994       0.91447779414631047     
  0.94869330836415788       0.91345810752549439     
  0.95506659645692715       0.91337304838565325     
           7
  0.58309663779337717       0.51819475041681851     
  0.57259607375720745       0.52839822956950067     
  0.55886012589978529       0.52545195034341674     
  0.55491162611769673       0.50599455303505447     
  0.56452535891990097       0.50929676369072407     
  0.57332257030936162       0.50673790340721081     
  0.58342148142497685       0.50984010874920327     
           3
  0.97883934768805503       0.92719463081479014     
  0.95693064979940579       0.92862337968402764     
  0.98473926087854224       0.90444088988040638     
           5
  0.60762521395600444       0.65319353275279024     
  0.59258781200331445       0.64871450621206761     
  0.59255489291660934       0.63276148812921362     
  0.60084577968865249       0.62267310136027965     
  0.61932464468396820       0.62711136350595686     
           5
  0.20009111586270176       0.77491062807046163     
  0.18134944489343577       0.77846472078558282     
  0.17367080101720589       0.77465524999865942     
  0.17649300419208477       0.76539893214004495     
  0.19646999037707596       0.75802452802812237     
           8
  0.81096585916238184       0.11069799465010029     
  0.80567972533754695       0.11377038119135288     
  0.79704206110686748       0.11124797826264930     
  0.79013600801042561       0.10191717503435836     
  0.79203677250368398        9.3444191837853685E-002
  0.79021223858247358        8.7239637151676097E-002
  0.79661934620247832        8.6634354666019098E-002
  0.80870663395817899        9.9841439134370866E-002
           5
  0.88885956514679398       0.68609359387063362     
  0.89022528782983845       0.69315235160792876     
  0.86694934767000187       0.69358957024420498     
  0.86591393949499373       0.67530435484681817     
  0.89265562101971807       0.67198184359094348     
           8
  0.30487211300581701        8.8451536156472069E-002
  0.29783699870948932        9.0868380547335287E-002
  0.30180548100353799        9.8495456729103467E-002
  0.29273698804254877        9.3025085065351829E-002
  0.27484493043717872        8.9691654148518110E-002
  0.27452849530319839        8.1333188195360548E-002
  0.27910732048538817        7.4735923295526890E-002
  0.28758677676001698        7.3240624307451332E-002
           3
  0.83474829989317856       0.37363632587918383     
  0.83758849064040086       0.35062768218031704     
  0.85256159358293770       0.34906938941537269     
           3
  0.90066076181808163       0.69901855395419443     
  0.88788788788788786       0.69969969969969970     
  0.89819630930735828       0.68406370872057576     
           4
   3.2412074945378296E-002  0.96913786411009928     
   2.3212632359999961E-002  0.97528333486144536     
   6.6816503055878232E-003  0.96411820354645483     
   5.3758499315471608E-003  0.95275143974010734     
           7
  0.87339403894919432       0.72733520274393859     
  0.86463999045082685       0.72837302893123590     
  0.85456208828962066       0.73069192070220013     
  0.84545376313584275       0.71950773869483498     
  0.84522174089801205       0.70756427435072200     
  0.86800086333744142       0.70134522017147916     
  0.87335504489508786       0.70410104381065708     
           8
  0.45846053422156224       0.52619655631268358     
  0.45875239771564980       0.53246976107117983     
  0.43387543617294599       0.52205115176780936     
  0.43206747205596568       0.50987278798261060     
  0.44072533284438292       0.50416233717011993     
  0.44827439295348931       0.51093666801389115     
  0.45673104604524367       0.50547161951541453     
  0.45821149708850489       0.51274625668872387     
           3
  0.93193193193193191       0.50050050050050054     
  0.92389348336515931       0.48638018533485711     
  0.93634889572711699       0.49169622450304157     
           7
  0.32852184340473034       0.49270148531465247     
  0.32431348224626794       0.49911934891528253     
  0.30602664937044965       0.49825648614276924     
  0.30649619748510709       0.48821529375231770     
  0.30200879167697309       0.48255765274150980     
  0.32978483621279397       0.47995428702315701     
  0.32734797825471446       0.48628385217051606     
           6
  0.58327007029917988       0.24276897642037751     
  0.55815983157721427       0.23092204756092988     
  0.56300566976389077       0.22382609918210730     
  0.56859054845660673       0.21625438505838307     
  0.57389024805628264       0.21993335831774422     
  0.58498386412041237       0.22096750523724296     
           3
  0.41279964275414638       0.57027375879746467     
  0.40762636161092630       0.54203749451306882     
  0.41741741741741739       0.55455455455455460     
           8
  0.49786515383129576       0.34172489807223039     
  0.50075260223024531       0.35440891682932701     
  0.49523287808319555       0.35078999020302143     
  0.48787403349356201       0.34866640754339939     
  0.47595803591928049       0.33810136880674790     
  0.48749485278927246       0.32877234032011715     
  0.50196593472530304       0.32880141881359087     
  0.49926199451393088       0.33446580275945298     
           7
  0.77410186072028353       0.76795997558267348     
  0.77531340179803876       0.77545801780781609     
  0.76394897526031447       0.77431238191512097     
  0.74841618641031260       0.75649241817449187     
  0.75144737262020056       0.75124302789852204     
  0.75948484482213041       0.74895359317135823     
  0.76787044094146573       0.75029793525247035     
           3
  0.39024777145194584       0.23970820066454807     
  0.39100684724916263       0.22828917410000713     
  0.40340340340340342       0.22422422422422422     
           3
  0.47069482833646870       0.80635295945989371     
  0.46048639745998093       0.79575496759350040     
  0.47851487824487665       0.78464576101069805     
           8
   7.9084568605577332E-002  0.20396132096743738     
   6.9448646292966515E-002  0.20700335396881828     
   6.2078362094963639E-002  0.20225594597595217     
   5.2314664520281814E-002  0.20705143802887732     
   5.6692238410704962E-002  0.19996687253474760     
   5.5149505992264924E-002  0.18895836164877261     
   6.2165544339905301E-002  0.18200150188826353     
   7.5710145648367436E-002  0.19289476576180700     
           6
  0.92064501984861180       0.58644011997085999     
  0.91612627313479467       0.59135394931385288     
  0.91442664438125720       0.56676520445091660     
  0.92163089125460473       0.56233449407517733     
  0.92810027400930073       0.56535820142874793     
  0.93815981244689206       0.57046966107950725     
           3
  0.53419885198119499       0.68997400847409540     
  0.51342101234893778       0.67035632863025962     
  0.52452452452452447       0.67967967967967968     
           4
  0.16929532257563182        9.0260312915140431E-002
  0.15686897612314588        9.9350832913089299E-002
  0.14518245265141039        8.9509694214811183E-002
  0.14878701586848903        8.0889310158949762E-002
           4
  0.63855553288872435       0.68977179667306554     
  0.62199305893532419       0.68664039123640186     
  0.61957165366062150       0.66822069710119880     
  0.62855676130120608       0.66293958728091029     
           4
  0.46715871892139238       0.47361694128393522     
  0.45693182728465265       0.46881840608082898     
  0.45808791256458825       0.46087227158204647     
  0.47782974815830798       0.45219005768854409     
           3
  0.81081081081081086       0.46746746746746748     
  0.79669094975837818       0.45990899975638677     
  0.82607112396969473       0.45718864534086429     
           6
  0.36892573092467013       0.30881120188947608     
  0.36190011771169101       0.31287802701051021     
  0.34720697968467851       0.31037178715048935     
  0.33951712281514074       0.30774721036835406     
  0.34369277070524057       0.28883551756731735     
  0.35954798502737145       0.28926577884009030     
           6
   9.7839136358987847E-002  0.56133369925439724     
   9.1253309948945607E-002  0.56087209264578386     
   7.5798458385450823E-002  0.55705934093727461     
   7.1493091821839716E-002  0.54506157671318856     
   7.4939799582102715E-002  0.53834794538404152     
   8.8579394606864009E-002  0.53384638258846639     
           6
  0.62202504854233232       0.24792581931954805     
  0.61144318056495728       0.25075261176954095     
  0.60407484077922757       0.24707799543016129     
  0.60572308504959671       0.22982831264957931     
  0.62263461581441126       0.22066569908125214     
  0.63010876091688206       0.23262133027130033     
           3
  0.35318998908154481       0.86750191538027677     
  0.32914092509537335       0.86450155314587851     
  0.33184778239613544       0.84465079973340373     
           8
  0.78606017506744796       0.80024305685016506     
  0.78543104289565502       0.81474536181436841     
  0.77738578942397230       0.81268277749158213     
  0.76351222336310420       0.80409436873700002     
  0.76073035865528071       0.79596650311776496     
  0.76520555771662657       0.78610702339122973     
  0.77500343188039944       0.78679244660005265     
  0.78444030099522100       0.78859953306016928     
           4
  0.82031830833136343       0.21167407674542235     
  0.79660597017407531       0.21038149005909532     
  0.80834685846217746       0.18572373477984166     
  0.81342107327925139       0.19251341745835662     
           3
  0.69206684647972116       0.47719498528704551     
  0.67591294220305564       0.45058003478772307     
  0.68468468468468469       0.46246246246246248     
           3
  0.90297724286771730        1.0072246854611095     
  0.88203774121373169       0.98875071269891435     
  0.89289289289289286       0.99599599599599598     
           5
  0.46286411052418258       0.99385298969683356     
  0.44046871644128266        1.0015776660287019     
  0.44015975184787570       0.99234879380468288     
  0.44257877664152295       0.97075974284053890     
  0.46341799785602644       0.97898847657950472     
           7
  0.12792922379314950       0.19174423169072277     
  0.10913836065046716       0.19030604676283908     
  0.11169899043598597       0.17815118755304279     
  0.10548349326102831       0.17524478692601433     
  0.10626718514689318       0.16665807178675482     
  0.13012281821712474       0.17418040825917711     
  0.13584559305047050       0.17692211391396082     
           4
  0.56174467671576522       0.98126558760153071     
  0.56432341797085350       0.98904768864917980     
  0.54073285374304381       0.97995808229392467     
  0.55356154330811469       0.96916193525649896     
           8
  0.47116846689760811       0.44598775698424431     
  0.46416139646902443       0.44563370522187401     
  0.43973466321286175       0.44814195201678808     
  0.44110888256984776       0.43996958158087501     
  0.44800375234473355       0.41937702652628595     
  0.46360715640245548       0.42296286039194186     
  0.46887437192450315       0.41800001312348434     
  0.46400646943455953       0.43354456155402127     
           3
  0.24992446630370185       0.77828075739969371     
  0.23103085412303223       0.75671454379392422     
  0.25768076417185520       0.75972916273110047     
           8
  0.79734136824053148       0.65921495850184553     
  0.79455100406232160       0.66627122120687243     
  0.79000530210731246       0.66064554774088879     
  0.78184734724168237       0.66082736064999470     
  0.78389586345981999       0.63866892918105211     
  0.78968817704622807       0.64069147694980211     
  0.79426706352943310       0.63512449821239647     
  0.80557408669266639       0.65130692710983362     
           4
  0.19867909001747794       0.40851703731388866     
  0.17934842289558400       0.40578670981927784     
  0.19458597447322462       0.39223732277809042     
  0.19809368086468598       0.39930543250406819     
           6
  0.71068870943585449       0.61782741485518111     
  0.70392984396248892       0.61693724977323106     
  0.70476530559331652       0.59345016641303139     
  0.71246658230477378       0.59836635380664838     
  0.72214743874722287       0.59196555087463210     
  0.72987671991126968       0.59344839161249874     
           7
  0.36705879326143587        7.3828094406047207E-002
  0.35253129608206851        7.3836383804551278E-002
  0.34118345889425222        6.7045443020207013E-002
  0.33754237928794084        6.2466836255079795E-002
  0.35625718573857373        4.9898014777850372E-002
  0.36648748017774124        4.8673559541063428E-002
  0.36450963569966444        5.7548000186626161E-002
           7
  0.55837923841731840       0.94309363436674531     
  0.55971862460939392       0.95001222429349685     
  0.54527236249037925       0.95623951990485523     
  0.54133408757044432       0.95059665370446922     
  0.53100510768092224       0.93677590676186073     
  0.53833334167852787       0.93013839595729686     
  0.55152204112612935       0.93310176905609787     
           7
  0.13237662856124091       0.59557491293770171     
  0.12821331077058429       0.60046996912811434     
  0.12560431399837615       0.58989451859432873     
  0.13266887883309039       0.57674174611897189     
  0.14686326887154624       0.57263107907115729     
  0.15261426315993765       0.57555298435128277     
  0.15021308554238325       0.58103006969044435     
           6
  0.56730698163885251       0.35604006607232835     
  0.55664918847592770       0.34707008185581417     
  0.55667132458895541       0.33982838845151547     
  0.55682498559923654       0.33063946366325009     
  0.56588932186569707       0.32946216122622574     
  0.57317467872472094       0.32914832697731111     
           7
  0.80255843757463596       0.32949732152495698     
  0.79413889027438433       0.32646049937479421     
  0.78135657129929126       0.32643351662541559     
  0.78103031795039590       0.31109503970395119     
  0.78660413102244864       0.30718511162448481     
  0.80514072317641683       0.30202842117052270     
  0.80096236414773281       0.30698095320750285     
           7
  0.58405741189739135        1.5196357014521000E-002
  0.57080924254669374        2.4144576073778679E-002
  0.56876842558888363        1.7669748758663912E-002
  0.56052957366477685        1.7313352986766485E-002
  0.55297302900343648        1.1173934433873309E-002
  0.56020092151075307       -6.7348963067052955E-003
  0.58207268672255519        3.2477634900982596E-003
           5
   2.7817465432127396E-002  0.18144150890112645     
   5.8788040782296932E-003  0.18498542408760285     
   9.8331143281893303E-003  0.17567157321720045     
   2.0020020020020020E-002  0.17217217217217218     
   3.5448107846448855E-002  0.16866404493700074     
           3
  0.61449526493202089       0.37086601166064204     
  0.59990170658484210       0.36682734341316098     
  0.58839662010643135       0.34052404561195487     
           8
  0.92416482931320343       0.98676911328683359     
  0.91820743581655495       0.99165971122293350     
  0.91898450333662818       0.99816506191043242     
  0.89438234887293799       0.99181499801267203     
  0.90179850923474736       0.97742945555740268     
  0.91496977449700900       0.97183898444592509     
  0.92083353914850907       0.97367565718974958     
  0.91924863145499547       0.98078704284206586     
           4
  0.99258205676507960       0.97227283579922574     
  0.98177423183274526       0.97027453685760356     
  0.98953765639649793       0.94507353343876266     
  0.99299299299299304       0.95695695695695693     
           4
   4.5164112206818041E-002   5.7525201235936858E-002
   3.7659562374816220E-002   7.1875352988779062E-002
   2.2536460028039832E-002   4.9342347016511343E-002
   5.0515759464222980E-002   4.9293986137846343E-002
           7
  0.62276370279901727       0.76458637258436390     
  0.61562730113700015       0.77144151460631782     
  0.60528577592480670       0.76802014747885083     
  0.59990090900702742       0.75524660283523870     
  0.61928704773401355       0.74207983446238346     
  0.62737030555380868       0.75074258907347924     
  0.62590200544618324       0.75804705459959532     
           4
  0.89798716724149974        4.9435723796915847E-002
  0.88960925972656524        5.0885974192249162E-002
  0.87419864959879601        3.2072342601481257E-002
  0.89273895992058283        2.6193007830637903E-002
           7
  0.40967062113377356       0.52555755708054008     
  0.41297702672167597       0.53130622151824636     
  0.39258979434709562       0.53398701914664548     
  0.38602374374758308       0.51822106047142857     
  0.39975913677562469       0.51184232229894155     
  0.41412091477745416       0.50800301313616425     
  0.41083582492868126       0.51283157660844925     
           8
  0.47452125252741850       0.92434665694217977     
  0.46179410267039139       0.93494562429685291     
  0.45273158120834334       0.93501739907251602     
  0.44794566896604893       0.93786644118591644     
  0.44909582532659603       0.92509379478983311     
  0.45320039750809615       0.91267659358044495     
  0.45918985780864369       0.90941469660649832     
  0.47714196828755678       0.91063451966481967     
           6
  0.12007126287872096       0.54457409704050375     
  0.12211971600023144       0.55296214598050786     
  0.11100172650527783       0.55317403768613593     
   9.3419915089281005E-002  0.54900231697603163     
   9.5942330263469502E-002  0.52671339357241642     
  0.10076632848063019       0.53183642260130526     
           3
  0.21821821821821821       0.46146146146146144     
  0.20778424459093578       0.45299992161825625     
  0.22424284935356023       0.44878383588428117     
           7
  0.34637402956060465       0.59289804354496278     
  0.33653522483408838       0.59964545158630245     
  0.32687234251161118       0.59206783466787205     
  0.32374816979996185       0.58323341550497954     
  0.32273953522969229       0.57243493904369436     
  0.33046862869341570       0.57076310044676049     
  0.35070229681470744       0.57889742238016850     
           4
  0.16899214605718224       0.69483760434947828     
  0.14663603772702516       0.69909207317322808     
  0.14484847304249893       0.68209057100407577     
  0.16512887184755909       0.68545385948920612     
           6
  0.80440999175769989       0.10843987909253601     
  0.78046662888390272       0.11196916891649168     
  0.78113546706994819       0.10105999163791989     
  0.77911875826337063        8.8880571606057085E-002
  0.79018973475136889        8.8694707546139104E-002
  0.79913965004577647        9.2467798542802654E-002
           5
  0.25747747840093593       0.76740153995358773     
  0.25369786990682919       0.77348187722091299     
  0.24462415705768942       0.77510168167638072     
  0.24141078109567202       0.75255466840006313     
  0.26067177332179275       0.75371600323990118     
           8
  0.80419861128375292       0.67113707833606773     
  0.79643612547182530       0.68050873825680303     
  0.79014948827003595       0.68301583269565835     
  0.78219434895384254       0.67836847943973699     
  0.78043151520353982       0.66612949828180257     
  0.77995909131328589       0.65944447564339104     
  0.78726312643710006       0.65698678350870698     
  0.80241335169401562       0.66127035886396979     
           4
   5.4527810272114709E-002   6.3376291636240242E-002
   3.7245183074924373E-002   6.2089414348379335E-002
   3.9789041844645476E-002   5.2526601422105287E-002
   5.2052052052052052E-002   4.8048048048048048E-002
           4
   4.6212231851429558E-002  0.72581011005213214     
   4.8131770041839057E-002  0.71679720065705688     
   6.0960385707174720E-002  0.70475902076931884     
   7.5055575661110888E-002  0.70856064055198509     
           6
  0.62962962962962965       0.45045045045045046     
  0.62155660062297224       0.45566864515408662     
  0.61420367631318429       0.45822636959528396     
  0.61586740736883960       0.44840752374340953     
  0.62769402414794007       0.44227597269379820     
  0.63942144016548674       0.44404532956387011     
           3
  0.72714483337843927       0.44739131480653604     
  0.69941517809518616       0.43948521288789444     
  0.70101490484182316       0.42858208970641448     
           4
  0.67106725482843665       0.98844528880555549     
  0.64978038157430662       0.97898173543976807     
  0.65268306574081969       0.96327079084182632     
  0.66988500827688047       0.96758922165996797     
           3
  0.52398296094734720        6.4251404107088406E-002
  0.51887228048915579        4.5115654182147046E-002
  0.54669584183355269        5.0953654657198283E-002
           5
  0.86252567144022052       0.57417941495849079     
  0.85225970378410332       0.57637607593447515     
  0.84149663580474743       0.56804119558003074     
  0.86626903681663103       0.55949296158273409     
  0.86364042242436412       0.56688057036015593     
           5
  0.49534008119439576       0.20652352063699317     
  0.48736258596460785       0.20542367265819170     
  0.48337725032153722       0.19900486825991640     
  0.48899928381713176       0.18375501768224320     
  0.50903767510394238       0.19699390635360253     
           4
  0.58288611468403206       0.18947592017655773     
  0.57357357357357353       0.19119119119119118     
  0.56475464711918055       0.17646136881816102     
  0.58665245264900356       0.18160641768684344     
           6
  0.52786043182679365       0.68258389058434543     
  0.51957466322589829       0.68387254357054506     
  0.50499979594828370       0.67790522727194336     
  0.51018744843380337       0.66321813278912278     
  0.51935341424777859       0.66335358265865207     
  0.52866631863933722       0.66774396307441564     
           6
  0.74476789687274214       0.16627976669032410     
  0.73288850774960212       0.17046100327549854     
  0.72745145918524878       0.16566499647066329     
  0.72545190097506485       0.15727314123067279     
  0.72847902718854407       0.14700128215696462     
  0.74794754925501949       0.15935264744481661     
           6
  0.50720940447670493       0.39724633140847387     
  0.48630289523515258       0.39595776224202978     
  0.48165931606122908       0.38887083241263420     
  0.48313837594675763       0.37276428157329172     
  0.49198260146175166       0.37019819358364681     
  0.50267018192861623       0.37409226836693149     
           8
  0.97189899223175824       0.70037233803863252     
  0.96266597252676045       0.71111217693656015     
  0.95614599766890940       0.71117451824396793     
  0.94787136511493353       0.70998503927647827     
  0.94901961967219650       0.69685573050427441     
  0.95985499067565150       0.68771666544497045     
  0.97337451046401213       0.68795511145518673     
  0.96950653887460347       0.69444334080593617     
           4
  0.54473621863442434       0.53830752691816430     
  0.53968361948255128       0.54713592963294388     
  0.52329824775328126       0.51790179008520132     
  0.54790041727361949       0.52450491106439368     
           5
  0.94045862038224226       0.80398839679600442     
  0.91221979093368444       0.80387430789442094     
  0.91493802423105408       0.78557825693547512     
  0.93715480543558649       0.77856674894627065     
  0.93978807954394183       0.78628109762455922     
           8
  0.52212849254838067        8.6621762077649100E-002
  0.52343215247936270        9.3621044819374805E-002
  0.51075519667364044        9.4443906067003341E-002
  0.50453465296067790       0.10154117745861252     
  0.50257337019185933        7.2698811389084989E-002
  0.52135674963595935        7.4786255930156559E-002
  0.52340313612583766        8.0047372450095078E-002
  0.52898088709268509        7.9107751342796087E-002
           7
   6.8541533118495757E-002  0.25596896075041853     
   4.9435047164913717E-002  0.25982502388539797     
   4.8702341106923563E-002  0.24033607630594053     
   4.3524717644107890E-002  0.23393928284298965     
   5.6304984632109076E-002  0.23108546396020563     
   6.6985181748607778E-002  0.23731535083097208     
   7.2204079574986535E-002  0.24205757342026835     
           5
  0.81314505089184297       0.47911438532933204     
  0.80242402725506812       0.48206597145715641     
  0.78941628214912474       0.48613545811667364     
  0.79492211686963499       0.47756341084589693     
  0.81295221550091545       0.46203840303015786     
           8
  0.39972663168425188        4.7440545964818358E-002
  0.39012465672584334        5.2110743452481269E-002
  0.38459759879909261        5.1660763078137016E-002
  0.37888965973866690        4.5408329517363274E-002
  0.37568616260082760        3.0859987093356939E-002
  0.38088180807641309        2.4083294960973035E-002
  0.38733233113591914        2.6201559474202642E-002
  0.40023762453955569        3.8608310339671770E-002
           4
  0.29934379609073797       0.54010389739749465     
  0.29814500621286910       0.52566665371016197     
  0.32480733623004254       0.51617506276127245     
  0.32237255201245246       0.52575103889207120     
           8
  0.71394965435249114       0.88574614942843066     
  0.70989301668012195       0.88201806463629240     
  0.70347867498103489       0.88746796167265918     
  0.69821079562712929       0.88127378690414437     
  0.69382426666657770       0.86427827043692951     
  0.70642975605619740       0.86338327978027396     
  0.71429796199632456       0.86086087089072738     
  0.71968263719573067       0.87041220483763193     
           8
  0.75010860533706292       0.72630000293639996     
  0.74703830653324221       0.73792988084076816     
  0.73830670002009879       0.73686680762798740     
  0.73087182902832926       0.72124530113762841     
  0.73418677554759282       0.71250667185360805     
  0.73975125541129805       0.70976823818650470     
  0.75622141295000034       0.71007798746234241     
  0.75218041546999559       0.71635905236505504     
           5
  0.92867459416125053        2.2730173238292128E-002
  0.92329864333998901        1.7747356605379355E-003
  0.92869164415921945       -6.7799651155228836E-003
  0.94400895503966376       -7.3064576491954115E-003
  0.94500420139462338       -2.7509794806029452E-004
           4
  0.11251232439476753       0.58799553252081815     
   8.9379348460909253E-002  0.58910464512147709     
   8.8082716275532436E-002  0.57379290107968306     
  0.11244734213954169       0.57047491327944100     
           6
  0.81394421655072102       0.36873518912443920     
  0.80670429498861074       0.37411336847677279     
  0.79962763984224183       0.37370594550433467     
  0.78696366929884165       0.37152349264657808     
  0.78734250649667414       0.35403730142412215     
  0.78714080266653674       0.34594418843218533     
           7
  0.49027523929604266       0.41712971404014049     
  0.48707116592866045       0.42450362711106177     
  0.47972158874261117       0.42010256938308255     
  0.46489346919171276       0.42466192793851842     
  0.46395837931121953       0.41725818109851820     
  0.46425098278877436       0.40436134256933137     
  0.47139664149281157       0.39505457867029298     
           7
  0.70174842355678113       0.81321187976544385     
  0.70049449963415222       0.82034510844864716     
  0.69255849837715855       0.82128166194423158     
  0.68096442619707254       0.81652905633174688     
  0.68699594954694554       0.79326108467100642     
  0.69645360969952996       0.79682674317303304     
  0.69884994664157651       0.80481326083783455     
           7
   6.0372199344369340E-002  0.25112137973762610     
   4.2343537320409720E-002  0.25918450137345639     
   2.9632311980599735E-002  0.25296432080093761     
   3.5483864071650058E-002  0.23918616259513592     
   4.1965826751343180E-002  0.23239205142236893     
   5.3488158655065038E-002  0.23246975820822793     
   5.2995815894049059E-002  0.23868467431137769     
           8
  0.82676830668835222       0.77525511029834671     
  0.82960853181712846       0.78443126279564412     
  0.81785675128794511       0.78405784933207512     
  0.80635857102753261       0.77900652116439595     
  0.80307777151391702       0.76112191136008700     
  0.81075021955745452       0.75561885835159870     
  0.82503135711141962       0.75555419506770571     
  0.83026169665086047       0.76295561656076882     
           3
  0.34929749445555253        5.4984091090139874E-002
  0.33045256253698840        6.1413407148067554E-002
  0.32432196040943057        3.1418578769552313E-002
           3
  0.60760760760760757        5.7057057057057055E-002
  0.59666754320457138        4.4996167570845617E-002
  0.61244542759858489        4.1627089267381900E-002
           4
  0.77594842509046436       0.17437171252005690     
  0.76376376376376376       0.16816816816816818     
  0.77587406096875022       0.15720479031937729     
  0.77347677483972388       0.16487223250582381     
           8
  0.33880346105837739       0.93390322611352727     
  0.33157292860407567       0.93904941329717162     
  0.31616350431611306       0.94016619133589330     
  0.31483334792279732       0.93033810205626988     
  0.30999626419812504       0.92653556623185451     
  0.31096220247148709       0.91509017984810714     
  0.33107497174449113       0.91412206560211851     
  0.33882750288971208       0.92708399487387394     
           8
  0.37200977839227151        4.4639747548365444E-002
  0.37333592288803030        5.0253765432126896E-002
  0.36124765254991076        5.2139363671553952E-002
  0.34866670103679148        5.4552154188750909E-002
  0.34392640353486248        3.3874502080415453E-002
  0.35266305011003313        2.4825061519104047E-002
  0.36273546717708804        2.5139028613868172E-002
  0.37049485466056176        2.6907653212773462E-002
           5
  0.97912787677775925       0.42391489866247589     
  0.97077425005773277       0.42256217859442985     
  0.96885298585739454       0.40256603911697347     
  0.98455561713986950       0.39869573205455366     
  0.98736583032187408       0.40917222190893687     
           5
  0.83202494956429907       0.13656948806910507     
  0.80812115519325745       0.14138074984866469     
  0.81820560419985988       0.12266690696462554     
  0.83869838999037105       0.12403342726733786     
  0.83039969227682298       0.12927110185223897     
           4
  0.46259927855680455       0.92121885197878395     
  0.45251221301976335       0.92756361319890757     
  0.45242227914665933       0.90157144276157164     
  0.46778133191209470       0.90724801199518701     
           4
  0.78630336226120301       0.18775627820210822     
  0.77177177177177181       0.18218218218218218     
  0.77261736261814518       0.17090211141134826     
  0.78040670479486141       0.17040813858789888     
           5
  0.92802347394687446        1.9410866060936290E-002
  0.90176342674210364        2.6183364806491131E-002
  0.89940461105495884        1.6677669840713637E-002
  0.89711355091629108        8.0894429433568879E-003
  0.92603147332029001        1.1611536690444230E-002
           7
  0.26002629121069504       0.58967486008687031     
  0.26567574617371403       0.59280037660802531     
  0.24891641532089004       0.59982433183827666     
  0.24059092921088193       0.59732666302291282     
  0.23770193620296698       0.59028934680589373     
  0.23632807882369233       0.57293853121471494     
  0.26137948643887909       0.57582635651556047     
           8
  0.43696012315861477       0.59903376265554065     
  0.41845343497920995       0.60107542684783788     
  0.41174504614526247       0.59515861407867943     
  0.41377509215410818       0.57864082925711058     
  0.41814721830499635       0.57481694166358133     
  0.42635226628836831       0.57595552309726361     
  0.43431813972876260       0.57136962926778290     
  0.43174796451416680       0.58112918909017042     
           7
  0.52521325261160334       0.16193886761249895     
  0.52285738225794187       0.17032844707621722     
  0.50908031101554330       0.17157423583163578     
  0.50175445309827205       0.15493263797186105     
  0.50062932583184416       0.14587203332559073     
  0.52675813739478805       0.14590828191843172     
  0.52833257441864390       0.15245802385751064     
           7
  0.86934485738150791        6.1017063944751704E-002
  0.86374850962944272        6.5469970115539539E-002
  0.86470995367738013        7.3310973284949177E-002
  0.84077559613612851        7.0158160091401675E-002
  0.84582782458243855        5.5099308979725613E-002
  0.84361000838326017        4.4851101633292687E-002
  0.85365815522302502        4.8145649146927989E-002
           5
   3.5879965434426120E-002   8.7698435004986308E-002
   2.8295413995031625E-002   8.4953279022930164E-002
   1.5713489186634066E-002   7.1007895798182022E-002
   2.4134293385828249E-002   6.3562473054571494E-002
   3.6909389055510861E-002   6.8615143456916189E-002
           8
   3.4742646675830262E-002   7.0223801915713438E-002
   3.5989852478173726E-002   7.6606907281437403E-002
   2.4076364198029283E-002   7.6608629685424076E-002
   1.1262027356822340E-002   7.5775443330452316E-002
   1.0602525720140171E-002   5.3962333226019746E-002
   1.8442628861127155E-002   5.3220360515070023E-002
   3.1553793401202221E-002   4.8939305109871004E-002
   3.3514056748120288E-002   6.0648247297465589E-002
           8
  0.74267002753553657        5.2245841199104831E-002
  0.73824731800934495        5.9302466455850238E-002
  0.74513439359195899        6.5747648997404914E-002
  0.72238848130499145        6.1204718010182207E-002
  0.71638927197946223        5.8649479225803762E-002
  0.71824409768326714        3.6649951806912696E-002
  0.72751392783103497        4.4051261530489758E-002
  0.72758313438116473        3.7748768957262195E-002
           7
   8.4396735369458076E-002  0.23459706822323412     
   7.3331257280801337E-002  0.23237369375135769     
   5.8582217496602917E-002  0.23853498352035865     
   6.2761132561554273E-002  0.21132080760553343     
   6.9531374841024604E-002  0.21377928036044413     
   7.7875281118679612E-002  0.20979525259992152     
   8.5158985219912206E-002  0.21331046357499300     
           5
  0.56427824344229061       0.83726839853485080     
  0.55678389746966961       0.83347314237156911     
  0.55968323302591294       0.82469599581257458     
  0.56577730822605632       0.80970777272811056     
  0.58340224473698621       0.81172321927834590     
           8
  0.14153185484512598       0.23622193550333551     
  0.13456327644992194       0.25066458031788258     
  0.12811655146296710       0.24916663032950562     
  0.11790294576524561       0.24641625425324512     
  0.11638225226129682       0.22653243416064861     
  0.12616303197834547       0.22437400007091565     
  0.13413463000631698       0.22118041338651770     
  0.13481984470337943       0.23265569339798239     
           6
  0.26338398800114221       0.83510949377141397     
  0.25351866965095160       0.83873966462290128     
  0.24431681051037896       0.83587703764524401     
  0.24848387584624343       0.83075308291951222     
  0.25411494575907589       0.80934356975051780     
  0.25925925925925924       0.82482482482482478     
           4
  0.16148482456189556       0.22627012496314075     
  0.15313901977781763       0.19834595527402341     
  0.16766089900246611       0.19873753718104656     
  0.17767350158554421       0.20517172557318172     
           5
  0.28253247468662740       0.18346653376333882     
  0.27370127461445276       0.18370262126666906     
  0.26560726596537820       0.18399235148542775     
  0.26547798393465627       0.16042154982182993     
  0.29154902255084236       0.16928319032972106     
           7
  0.19356845029358705       0.25295311046641999     
  0.19757825269514964       0.25969443435624456     
  0.18793490162673912       0.26430915031879504     
  0.17611342163722213       0.26195388763260391     
  0.17224590653064337       0.24450727848302023     
  0.18966902439529673       0.23649989719063425     
  0.19557958478470386       0.23465890139324749     
           4
  0.16481273156044998       0.83330652443570308     
  0.15036293870901382       0.84340669108147470     
  0.14060883087970108       0.81973536102204347     
  0.16720586732374387       0.81909777622767488     
           6
  0.57583459225117040       0.25711354295625372     
  0.56393469575280419       0.26430372375605465     
  0.55198178943335641       0.26555231344537411     
  0.54948340449261557       0.24922013449827099     
  0.56641001995809803       0.24073052168305215     
  0.57577965147018717       0.25032525420248003     
           6
  0.99318747788311279       0.12388054658088676     
  0.97894972781891842       0.12619900574182943     
  0.96936627659964403       0.12612823263800105     
  0.96977207332164461       0.11925352820369733     
  0.96843373347093098        9.8313852125142445E-002
  0.99123650497365390       0.11028125965967685     
           4
  0.72506010839905799        3.3780166490236435E-002
  0.71008695835850233        3.4546882851874738E-002
  0.72406209240094377        1.1806359711563076E-002
  0.73271326883246779        2.0179704282119782E-002
           6
  0.16944381578003626       0.33891788539165002     
  0.15220820909604801       0.33773113794735582     
  0.15052647396902452       0.32941806510894867     
  0.16025234531441421       0.32101604577796694     
  0.17411023699269981       0.31902066984242322     
  0.17068057886245247       0.32782492404885527     
           6
   2.3880319976071811E-002  0.58361935594694292     
   2.5342070176929854E-002  0.59265838906768686     
   1.0185087959370606E-003  0.59079434364704175     
   5.0570363233685967E-003  0.57460773126807763     
   1.8766289656569540E-002  0.57139637781273589     
   2.9339160970378215E-002  0.57539738791197970     
           3
  0.47430801500253744       0.78776398568640815     
  0.44935633984138318       0.78591140795632619     
  0.46146146146146144       0.78278278278278279     
           5
  0.86077234644804912       0.75274829467984294     
  0.84764403541793898       0.75331080086083291     
  0.83923131584389365       0.73859979137281162     
  0.85820919488741820       0.72251967958037411     
  0.86117766213737745       0.73778887412389837     
           8
  0.25076682346831541       0.96334238762650259     
  0.24085603165709787       0.96126678912026708     
  0.22163040450913832       0.95395435992260180     
  0.22837962519132521       0.95077924677379344     
  0.23000384050872419       0.94056524190564383     
  0.24601675340711346       0.93645205892581518     
  0.24342377105046600       0.94217532734639875     
  0.25033332541363129       0.94713802955295812     
           5
  0.11634998118791089       0.95764860403061958     
   9.6596090444151350E-002  0.95336158373492019     
   9.1301645320233590E-002  0.94317374827751754     
   9.6837821614775096E-002  0.93884140900229307     
  0.11770974248337009       0.92772821146583406     
           6
  0.98399782297771932       0.96569093243857573     
  0.97176429659458663       0.95999297961524743     
  0.95768653227475620       0.96460148345213459     
  0.96217144571460367       0.95997683609224249     
  0.95720055728363773       0.95141172653626427     
  0.97260363381836079       0.93842909606621683     
           4
  0.75540739139996216       0.35463174085350679     
  0.74670767298317242       0.35219383088758499     
  0.73498838706979908       0.32903240775032355     
  0.75728260367257472       0.32759287574550922     
           8
   4.8508636487991703E-002  0.23796200121477018     
   3.3990828945947869E-002  0.24278929800055563     
   2.6748320113042921E-002  0.23629016252952748     
   2.7012767379360612E-002  0.22427606306406334     
   2.0546930634505998E-002  0.21763625227190189     
   2.5723976705046468E-002  0.21432881376557295     
   2.9624549822767896E-002  0.21845639859838653     
   4.6139663936458068E-002  0.21578461357328951     
           5
  0.76049516586364885       0.11926996238698781     
  0.74737445813165271       0.12119331828393515     
  0.73524498147188921       0.12587706793216799     
  0.73695082689899238        9.6914718305477154E-002
  0.75573072272340780       0.10366685765189400     
           4
  0.72107806210787750       0.53655071645846031     
  0.69083095556085383       0.53954114407224629     
  0.69672023668265981       0.52773589734217830     
  0.70250035647423503       0.51445900788449439     
           4
  0.16726205086966148        5.9830924151470330E-002
  0.16765766271867005        3.9813786449122382E-002
  0.18553220333449585        3.3201682891614986E-002
  0.18118118118118118        4.4044044044044044E-002
           6
  0.43195459088869270        9.0487883754417159E-002
  0.42261196560140096        9.2289535500544612E-002
  0.41406098489179760        9.2737581897770496E-002
  0.42351914872825774        7.3161709876152239E-002
  0.43229052474967039        7.8885054713271507E-002
  0.43580194155249535        8.5100157383448546E-002
           6
  0.68565383429045845       0.37093830762177787     
  0.67228163735536084       0.38141331350589502     
  0.66302719383599829       0.37975950401587000     
  0.66136237480138882       0.37129268758374917     
  0.65822083722679614       0.35506952572919404     
  0.67169555272866932       0.36084901886690990     
           4
  0.30370233154090792        8.4504977227170208E-002
  0.29635035699210704        7.1418389154534828E-002
  0.30100580639747376        5.6759680897901107E-002
  0.32448706128952837        6.1890115678151038E-002
           7
  0.99669740830882925       0.83929493010049949     
  0.98585044418689949       0.84323012548703369     
  0.97231422457434036       0.84678024296746190     
  0.97823698861972808       0.82879747528420045     
  0.97466335668803150       0.81996190058613294     
  0.98232480104480069       0.81916155659224987     
  0.99309305763627886       0.81988060462215451     
           8
  0.96422300133325078       0.32653041090752538     
  0.96254966531367914       0.33295335532468706     
  0.94796402757279852       0.33560853544281172     
  0.94095296360016711       0.33134887971424271     
  0.93673626832951895       0.32412310149586615     
  0.94134642046460371       0.30671986173275223     
  0.95026647736649938       0.31437407652890526     
  0.96138815581378168       0.31294851576872013     
           8
  0.96644329024537456        2.3567535093817562E-002
  0.96152038080173119        3.1211629923935842E-002
  0.94646826088004088        3.2223261767972446E-002
  0.94493650817253394        1.6109080004584216E-002
  0.94498489592650592        7.5814800467480983E-003
  0.95023516659691187        2.2890200307354377E-003
  0.96041123872065604        6.3515267049822199E-003
  0.96827605177837561        1.0018834035275159E-002
           8
  0.39650286139811736       0.26524766294796803     
  0.39189811025778382       0.27860458523020026     
  0.37290027200110043       0.27529965567949144     
  0.37886101444653569       0.26348094915984305     
  0.37297263067445252       0.25876100725977430     
  0.38272720553949496       0.25867486140673807     
  0.39016668420404221       0.25691668800540346     
  0.40127927837072497       0.26084635031667974     
           3
  0.59461867690038328       0.95495082509780937     
  0.57016595413318760       0.93154365044416010     
  0.60027283588106473       0.94231593020728355     
           7
  0.40663980436888081       0.15700510489041328     
  0.40459607554661725       0.16480446254915293     
  0.39763966109787668       0.16243793762278791     
  0.38999730427296381       0.13636602988625407     
  0.40010536210348985       0.13516234562641760     
  0.40271979039585271       0.14220451913571436     
  0.40794567631719209       0.13796787204040906     
           5
  0.49781412412722781       0.87209521110670785     
  0.48167930861874159       0.88184267860105692     
  0.47392151635988544       0.87527804872800208     
  0.48273882649038596       0.86284232946067829     
  0.49615125174204738       0.86473878620723055     
           7
  0.99892279691565500       0.47279845694610567     
  0.98707462899563947       0.46439638227495178     
  0.98035516451798166       0.46197289819672266     
  0.98071185322483834       0.45152036420507158     
  0.98569520538115785       0.44831468782718059     
  0.99339812266379413       0.44919700960245595     
   1.0012832586638414       0.44675560899630118     
           8
  0.48810661706040676       0.40592220380683253     
  0.47346973785243573       0.40074957292535379     
  0.46496947894215690       0.40029137418220517     
  0.45881057055201740       0.40026431734175560     
  0.46395707196775643       0.38930399233586921     
  0.46319282436652276       0.37701439963212890     
  0.47845371863484409       0.37650226980121310     
  0.48380219228055565       0.37814605381560379     
           7
  0.23369345498566366       0.66523251761321411     
  0.22951345459102163       0.67420555741673005     
  0.20997041574637840       0.67372851833273351     
  0.21079731420674902       0.66435495621132445     
  0.20711253457115725       0.65226970203033396     
  0.21558463803554179       0.65362350295375893     
  0.21996612958332973       0.64916911394600108     
           4
  0.48848848848848847       0.75675675675675680     
  0.47851048742818353       0.76294535804055119     
  0.48982501932553990       0.74729235423493201     
  0.49803162587066541       0.74301873763801618     
           3
  0.15248367723528122       0.12881706370882076     
  0.12873124231208324       0.11736398623330853     
  0.14264904534908326       0.11087656271494391     
           7
  0.73913204644374486       0.45449872100843192     
  0.73295411564947821       0.45083157222184506     
  0.73670651592715908       0.46156692281103656     
  0.71566297895885433       0.46456036590491756     
  0.72467696611850108       0.43894620621292790     
  0.73693259967881619       0.43691614087917635     
  0.74042157025759536       0.44516090107313394     
           5
  0.10553847172128278       0.34350925238436369     
   9.4663070242379507E-002  0.34360197044213570     
   8.9152532446167151E-002  0.33634331523090838     
  0.11686074386896127       0.33151885405494025     
  0.11082633441136383       0.33788695861334234     
           5
   2.9274823623534802E-002   3.4837273267113070E-002
   1.9838659720957420E-003   3.5703985978870867E-002
   3.3042240424115132E-004   2.8782966765741720E-002
   2.4455145531028347E-002   7.5017430367213204E-003
   2.4578141536351704E-002   2.0244152092576403E-002
           6
  0.27878779459586045       0.37507114420864607     
  0.27262880192970346       0.37362766034153078     
  0.26485948347571386       0.36298394139127882     
  0.27070763687069493       0.35529778919303362     
  0.28903382539565964       0.35386519331345967     
  0.29121759083104803       0.36074723123310176     
           6
  0.50543427193905999       0.16658180360554720     
  0.47842553309355673       0.16965817441842504     
  0.47822578446408248       0.16281917354985698     
  0.48045767256518723       0.15671827319918019     
  0.48520022740157043       0.15212105463634173     
  0.49382815229179838       0.14898908970465008     
           3
  0.41441441441441440       0.54554554554554557     
  0.40165613337687622       0.53863390281859369     
  0.42644212987950708       0.53733646385887157     
           6
  0.46328416799240635        2.9778990160675908E-002
  0.43892038619848606        4.7283263946292141E-002
  0.43464701558569191        3.5723372932635847E-002
  0.44011898922968323        2.6973230199383344E-002
  0.43504842493589818        1.8324001594738855E-002
  0.45310578563724552        1.8495369487889119E-002
           3
  0.84610657249668841       0.46018757023144624     
  0.82378436423137902       0.43366846593728275     
  0.83988196706529594       0.43062648539132042     
           3
  0.52027648289514772       0.84577863969275735     
  0.50154432616723932       0.85120385979572288     
  0.50645311540405069       0.82749006669232272     
           4
  0.74357772826038848        6.5391883667412345E-002
  0.71976893581836321        5.4946349913179857E-002
  0.72307254481421335        4.5299637150081160E-002
  0.73440114899616749        4.4910902627380005E-002
           6
   1.0046732413626671       0.67178887175427204     
  0.99160903332664285       0.67509425519741972     
  0.97875321748098076       0.67247624024373787     
  0.97644510263454209       0.66171204863811472     
  0.99610219128941324       0.65100057749511975     
   1.0037022692383291       0.66184421562854678     
           7
  0.68068364605985199       0.26703435839959289     
  0.68373258305679352       0.27565993733750049     
  0.67470761974800142       0.27483268545065254     
  0.66255860266477573       0.26716999218688592     
  0.67329564800258590       0.24903262656656647     
  0.68054207137261191       0.25810949658724741     
  0.68695256291168250       0.25116385099749672     
           8
  0.58819832103564407       0.55603220421128752     
  0.58058965992904954       0.55896616208049799     
  0.56741823463655061       0.56186700499411746     
  0.56773936991732499       0.55440000184994753     
  0.57205053869193567       0.53748774465706439     
  0.58584444161826743       0.53466955897263213     
  0.59183768471394638       0.53177120892771579     
  0.59111434927779249       0.54334652086302238     
           8
  0.35472951579757467       0.53755153708068548     
  0.35366543515817006       0.54307933931803398     
  0.33204989179389649       0.54087269357676526     
  0.33420648352687599       0.53354355101422102     
  0.33046756788298048       0.52819582250332253     
  0.33403064246994635       0.51762883142132532     
  0.35285382035816093       0.52486287233951656     
  0.35591960152001073       0.53212582209528658     
           6
  0.19026759953289496       0.80640863963187259     
  0.17650614393301856       0.81725096888191873     
  0.16487398798578587       0.80456339727104986     
  0.17283004667002591       0.79305562386537998     
  0.18228201487984746       0.79577763661686540     
  0.18838234981880761       0.79117600756004902     
           4
  0.62313975190235060       0.85491493492739212     
  0.62070137478295395       0.86731890124024003     
  0.59448286873730505       0.84531391664749211     
  0.60984352254101981       0.84629219081924090     
           7
  0.10658518049970098       0.63891222686322680     
  0.10228953449620641       0.63225318940871766     
   8.1395932967144397E-002  0.62665592611531984     
   8.5807048697827279E-002  0.61438405227500725     
   9.6693651292506802E-002  0.61290681453823848     
  0.10494938351453321       0.61250786864990969     
  0.10692444371963328       0.62005204292828264     
           6
  0.74676571405097714        1.0092181510984117     
  0.73287965878767081        1.0119723349170355     
  0.71650691715750614        1.0053705985018533     
  0.72311666082462311       0.99691925428406880     
  0.72101549112607111       0.98751816681466731     
  0.74437456809067204       0.99365562729686185     
           6
  0.39028585786372627       0.87945041212405106     
  0.39246771535836983       0.88587263536751681     
  0.36889622375294984       0.88126713929842404     
  0.36513451734828234       0.87215843955349648     
  0.37238215071056774       0.86996470405623660     
  0.38038038038038036       0.87187187187187187     
           6
  0.93667109796906034       0.90595865583527113     
  0.92998953150101904       0.90834811094726220     
  0.91660773138289886       0.91545714687941659     
  0.90966180681097697       0.89975230911362958     
  0.92177213293056570       0.88927488496701501     
  0.92838241896080642       0.88993903776855154     
           8
  0.53383615096721160       0.18405729822205738     
  0.51474512972171915       0.19497314684669464     
  0.51084073342231529       0.18980323831901591     
  0.50768663523291324       0.18372244131615387     
  0.51371303402396962       0.16914684588844933     
  0.53051203026900484       0.16503328369597803     
  0.52814674028213116       0.17314181487199279     
  0.53239901978390958       0.17789980268417549     
           4
   8.8322885830524125E-002  0.41000088460481793     
   8.6262211420712206E-002  0.41745826113470080     
   6.9957166481218955E-002  0.41078476965143274     
   7.4584268913653939E-002  0.39380266865750618     
           5
  0.29302781156937574       0.27930588359596459     
  0.29429415790356489       0.29131445347436780     
  0.27093148822849311       0.28800819895336094     
  0.26813769449029351       0.26903079233240201     
  0.27595700977263382       0.26658367898676538     
           6
  0.84947210838153464       0.21708565067677393     
  0.83515573201625326       0.22542357518223238     
  0.82261978458824836       0.22565333409532951     
  0.82404267540589760       0.21372162206099501     
  0.82770722332213698       0.20184182330283576     
  0.83874240432967218       0.20057328211265807     
           6
  0.90831221166905407       0.59254611966964033     
  0.89847291388515260       0.59100671223886991     
  0.88339401388274619       0.58442276339135035     
  0.88900272083199927       0.56644226640660600     
  0.89776636851005787       0.56870312617699037     
  0.90583397776287200       0.56721597891402242     
           8
  0.79730901176361224        9.3182502357924690E-002
  0.78898530063075434        8.8909929085153883E-002
  0.78332501693538903        9.3427580549260092E-002
  0.77757773427996602        8.9673199726294700E-002
  0.77023380202696956        8.5325695551306979E-002
  0.77145902975957492        6.9999782467922614E-002
  0.77885904368418946        6.8703578874517598E-002
  0.80025636682619239        6.9688617837744993E-002
           4
  0.40759802598941985       0.99140501428602523     
  0.39296167820900130       0.99516408627772490     
  0.39421156413882719       0.98337820339770277     
  0.42116487936034491       0.96539840149140821     
           7
   4.5336949670416501E-002  0.26580102317245902     
   3.7175396869379103E-002  0.26872622653551081     
   4.0572097895989229E-002  0.27493694908993210     
   2.6736334736175781E-002  0.26956298992614397     
   1.7675395443763200E-002  0.26461934434336598     
   1.8620692789579403E-002  0.25393828833562049     
   4.4230209514713535E-002  0.24970313426223181     
           4
  0.35744216112913979       0.96834304206052646     
  0.34532590694381410       0.97400830163215013     
  0.33508482548348323       0.95197001928462532     
  0.34764115335755330       0.94659801774999197     
           4
  0.93958464080374182       0.24436220933373010     
  0.92578293450102456       0.24245682979391053     
  0.93259504260686632       0.22159450167318331     
  0.95025565218756469       0.22263526880796078     
           3
  0.61503372761593167       0.91699793373267213     
  0.60360360360360366       0.91791791791791788     
  0.59722572743441382       0.90410508152093083     
           5
  0.14470349626564344       0.65140596743538437     
  0.14015778166775991       0.64556780517863832     
  0.13146619858007999       0.65343258987451958     
  0.13569004881985686       0.62287720713050743     
  0.14414414414414414       0.63763763763763759     
           7
  0.58368184782198040       0.73508624825863489     
  0.57589419518366458       0.73236934755555505     
  0.56207973776936981       0.73740465368368169     
  0.56291749247027345       0.72085025367006739     
  0.56768436804657196       0.71412142038090343     
  0.57357399922440322       0.70819956526840755     
  0.58553343809794212       0.72192277592288590     
           5
  0.84456222314179186       0.49046255284164603     
  0.82534755727766562       0.47773474849877406     
  0.83304236124951581       0.46868443758079192     
  0.83264138500974749       0.46175615062821507     
  0.84829410137027017       0.47235327670055821     
           7
  0.55496617713918506       0.58193415933600923     
  0.54791591536936102       0.58262298004873281     
  0.53869706654571992       0.57867725853462348     
  0.53021401866448015       0.58302231605583921     
  0.53066043934112128       0.56356161798585069     
  0.53141582852619218       0.55339559192840604     
  0.55933616994115365       0.57386202187360613     
           4
  0.26784528639533745       0.59530796492444027     
  0.25168718004814566       0.59288965135503247     
  0.24684989974811702       0.58578327351731851     
  0.26531085140934141       0.57361463838720828     
           8
  0.35285116606244327        4.4863028174270722E-002
  0.34378127205313741        4.7452182874923851E-002
  0.33578305291498156        4.5722006596549451E-002
  0.33999707029530318        3.9547427518078312E-002
  0.33401424879903374        2.7959926306405002E-002
  0.34991052336535938        2.3136912481993278E-002
  0.36363093841390015        1.7878836212764083E-002
  0.36054920646296956        2.6993483171716813E-002
           6
  0.49691915062787201       0.32254892607841101     
  0.48882676666911301       0.31853788101033842     
  0.46901538711211266       0.29624473922850797     
  0.48537096985957601       0.29891964287836131     
  0.49496915797536722       0.29381787236450907     
  0.49280689216743578       0.30060367347451622     
           7
  0.24557787564009534       0.42372612480961458     
  0.25075554845280390       0.43095234192265452     
  0.23918615152825215       0.43002646559210456     
  0.22346046137953268       0.42562975274467574     
  0.22566949153159788       0.41463864794712868     
  0.23166637855684308       0.40976993127961997     
  0.24817566621877207       0.40399380776966481     
           7
  0.43034527138206546       0.49678325322817729     
  0.40351517080370558       0.49957316485329822     
  0.40260650157245376       0.49372403390949904     
  0.40427884423593474       0.47060575367610907     
  0.40917441957897860       0.47766161139704622     
  0.41924850738938074       0.47444881650683668     
  0.42596283853621580       0.48541724571298606     
           5
   4.6066303034578072E-002  0.33736048057673423     
   3.8859858376333940E-002  0.33645996561682673     
   2.5120890476196193E-002  0.31436277389150286     
   4.1294377181869506E-002  0.32242320908577254     
   4.8694613173643035E-002  0.32485928823395543     
           8
   9.0519309457888886E-002  0.63052260978515740     
   8.4753270045883483E-002  0.62759287529832675     
   7.9108044661577406E-002  0.63233999736206392     
   7.2320991759819112E-002  0.63180790460902025     
   6.7641912733809748E-002  0.62860692378586647     
   6.8184641029013560E-002  0.61583415439036326     
   7.8273581391005043E-002  0.60939263068784144     
   8.9532362568634838E-002  0.60494564308959609     
           4
  0.52591534433916043       0.48391520166206936     
  0.50649982714847475       0.47742231196235174     
  0.50167359695619929       0.46639342260254107     
  0.52874688915587587       0.47362913104080884     
           5
  0.12278239646950267       0.36112873741534657     
  0.11112886277565504       0.36842872350775957     
  0.10390946723664263       0.37111137342765060     
   9.6613595185614978E-002  0.35273110277745934     
  0.12148236180549697       0.35184542590121848     
           6
   7.4333574846308037E-002  0.79996892764525707     
   5.6253809043372668E-002  0.80251836242302388     
   4.8650681056190456E-002  0.80362662199025214     
   5.0795189939607716E-002  0.78286269936631181     
   6.8703799422524497E-002  0.77992102741561598     
   7.2839790751291600E-002  0.78985430757416986     
           8
  0.54365981862364887       0.18318647209660241     
  0.54319057648421465       0.19837019006465678     
  0.52612603620718335       0.19606451096585514     
  0.52296031840667112       0.18433458256336380     
  0.52059208251230715       0.17453819197246750     
  0.52642191726530829       0.17504007823448528     
  0.53518167744345213       0.17517761778423971     
  0.54751077341919185       0.17515949704224781     
           7
  0.54474216109449325       0.75657483024462879     
  0.53400991079126703       0.76048150585265639     
  0.52264519655823793       0.75450057497389167     
  0.52372757545501125       0.74044213011422433     
  0.53025472091264603       0.73446827768502576     
  0.54298254827467474       0.73525613689190983     
  0.54958329957591967       0.73370482657016378     
           8
  0.79162491616210795       0.37417857808730187     
  0.79679317531716554       0.38122417816880783     
  0.78911857576253497       0.38217372965789742     
  0.78257604161595651       0.38236545038589931     
  0.77601273175318952       0.38105610877069163     
  0.77333555577110646       0.36244271305312148     
  0.78672301490753072       0.35562396149207226     
  0.79479841334845225       0.35862191706186020     
           7
  0.45430490181318628       0.91550255851361639     
  0.44707562980489673       0.91022611640136142     
  0.44338061691781672       0.91579227698730659     
  0.42972874807574479       0.90364946477370567     
  0.42484029418864555       0.88985613542765318     
  0.44737160865028336       0.89084519417735564     
  0.45317311020652329       0.88925522380004762     
           3
  0.95416174089714412       0.19569135200271975     
  0.94053421881664290       0.18185427102561993     
  0.96021738192088035       0.16687883447927462     
           6
  0.29966932688588499       0.78140302967973529     
  0.29125939030433901       0.78185882970606424     
  0.27949239846912566       0.77868455917024981     
  0.28024046873980774       0.77193732066706000     
  0.29488593051673218       0.76332246084085986     
  0.30367445866522413       0.77285909670295883     
           5
  0.33998517806919210       0.33604071564009586     
  0.32900625192152122       0.33457632391741271     
  0.31787097452473084       0.32869295824790540     
  0.32555192745492695       0.30809680820153534     
  0.34195734470447536       0.32655960742973156     
           8
  0.27479232293821199       0.89128355798001735     
  0.25985874296053380       0.89335846726561907     
  0.25285548352702025       0.89384191880375852     
  0.24998903589919896       0.88644146075954411     
  0.25404691380958655       0.87940728050523964     
  0.25123493161127480       0.87080587899680673     
  0.26384805622263452       0.87180827843697439     
  0.27511429631351425       0.86629546414330139     
           3
  0.16447583585085906       0.66750225311636491     
  0.15215215215215216       0.66366366366366369     
  0.16051856148708124       0.65860518846645322     
           6
  0.10062020491780591       0.10934511576938100     
   9.3150596944111264E-002  0.11043111707781322     
   8.2436817586083511E-002  0.10870951441976871     
   8.8921816468999965E-002   8.9730979977875200E-002
   9.7352666322385970E-002   9.3088140127661492E-002
  0.10294405618374877       0.10012880118710883     
           4
  0.62314340611469887       0.16606142845548427     
  0.60553364302533008       0.16621011470808503     
  0.60245842826276186       0.15843136478750605     
  0.61461461461461464       0.16016016016016016     
           8
  0.21326078430848641       0.23797561966839742     
  0.19630543740305684       0.23768010261908593     
  0.18939587940451322       0.23265630060889633     
  0.19305142796376823       0.22755903612440970     
  0.19094275072326172       0.21840647271402241     
  0.19741713887878670       0.21073511553419280     
  0.19852704658231313       0.21685608987001317     
  0.20621285970425871       0.21473129171355079     
           8
  0.16358983455613177        8.8879700088955238E-002
  0.16152530471721249        9.4752770455334354E-002
  0.15846776454593425        9.9568367548659303E-002
  0.13626346328613578        9.5081688727882960E-002
  0.13641148329310510        8.5905257542776947E-002
  0.13854372464385362        8.0209531307727427E-002
  0.14500137180856792        7.5634850368527642E-002
  0.15728203184317499        8.3334447976739404E-002
           6
  0.10830787132803545       0.81438914653091021     
   9.9335447095626292E-002  0.81159167960350009     
   8.6829789625167617E-002  0.81519362824765118     
   8.2712607699737206E-002  0.80532053575128315     
   8.3569193998918920E-002  0.78919935377991257     
  0.10366917352525179       0.79452258518353314     
           7
  0.94379088346243367       0.47128739113231249     
  0.94628304357576432       0.47781973206071865     
  0.93814028044105013       0.48047340309944586     
  0.93153746546651728       0.47894750189395890     
  0.92000774645930616       0.48114252845094324     
  0.92953693868557519       0.45427687791997995     
  0.94717485766238219       0.45324001051588381     
           7
   1.0152797321430480       0.19522178569819210     
   1.0106371915540315       0.20559035239982457     
  0.98457443612529827       0.20951646172486540     
  0.98838007294214925       0.19839690891420200     
  0.99929013947547185       0.18038779746921493     
   1.0044093619836023       0.18505505361200816     
   1.0137876567641566       0.18221861211729681     
           4
  0.67593672734151689       0.79342685008049463     
  0.64730355711645315       0.80308586901135570     
  0.64918285286089317       0.78146402406461923     
  0.65643410863483753       0.77693827047550656     
           8
  0.77463219264434158       0.94234433802237261     
  0.75623369217609038       0.96110097453431886     
  0.75251101623818528       0.94423147580772804     
  0.74790902748496779       0.94080194750611335     
  0.74775807305065034       0.93226640367261415     
  0.75740729634420911       0.93152533951188488     
  0.76326752793782304       0.93719579920520935     
  0.77425381197349330       0.93589643284737345     
           3
  0.55398379950175036       0.98208634204192657     
  0.53904325553740995       0.96193836376182140     
  0.55449008532217481       0.95735686204337311     
           4
  0.97668068638011163       0.32634915306848145     
  0.97186540993598647       0.30977823633893514     
  0.97981446359941538       0.30696485984792882     
  0.99239171317881447       0.30554756013912765     
           8
  0.62206275732468619       0.52030245044153800     
  0.60152899743520039       0.52563704795118227     
  0.59989413605217767       0.51495735498953932     
  0.59434822559796674       0.51372239980873224     
  0.59418385117189476       0.50088567251047755     
  0.61439238127018048       0.49741553226421714     
  0.61812745886708120       0.50147109577795701     
  0.62056141148083921       0.50952529946278502     
           8
  0.41150684241624658       0.14934516852620111     
  0.40662274190205933       0.14550508686760541     
  0.39006271576516349       0.15190718799763950     
  0.38978762047571064       0.14299468973904875     
  0.38764512568019827       0.13439549693636565     
  0.39957886344447913       0.12705045477439988     
  0.40302000420419243       0.12159308147210682     
  0.41164680374613177       0.13115433327567258     
           5
  0.16006077779292274        3.8513433365847352E-002
  0.15211726298897721        3.9597584929024356E-002
  0.15487161344627898        2.7790677934918379E-002
  0.15401479777974533        8.4499374004377310E-003
  0.16616616616616617        2.4024024024024024E-002
           5
  0.56122963775248247       0.89524302600357430     
  0.54987845276389347       0.89539948847760908     
  0.53765087539039791       0.89486570436111679     
  0.54754754754754753       0.88088088088088090     
  0.55831048591084942       0.88703731823583043     
           7
  0.63617557483510112       0.88394278636510992     
  0.62914018370544944       0.88170689307791594     
  0.62202229274230225       0.88360189679171319     
  0.61135202203369887       0.88617042030822313     
  0.61041774984840402       0.86090273124599492     
  0.63280813068571129       0.86374127250285104     
  0.63417594624281526       0.87436801913742890     
           5
  0.64466581043100968       0.98851073006070600     
  0.63003163151436048       0.99711495000289740     
  0.62666096755306422       0.98601194827500172     
  0.62274706413587810       0.97909063829047849     
  0.64719479181965456       0.98175933676162641     
           3
  0.46997654974735331       0.15009760685214771     
  0.45643869559804889       0.15778301067759107     
  0.44307012569610332       0.13439672648267895     
           6
  0.69688165838211724       0.45218910263911843     
  0.69171169464672955       0.44810156637033594     
  0.67472815145259235       0.44801520633905889     
  0.66840475998713866       0.43332535438497799     
  0.68225511954419127       0.43116539857297315     
  0.69625807677072193       0.43355189451643794     
           7
  0.53758510507361879       0.89375609392516608     
  0.52724416805680863       0.90022052660448726     
  0.51188116722635002       0.89140271936911553     
  0.51521463281910007       0.87784470395615133     
  0.52304346369686605       0.87729147581995426     
  0.53267206303288395       0.87759995690804304     
  0.53814313769343991       0.88534754499843760     
           3
  0.92344866952025517       0.63139442794351630     
  0.92129592858017184       0.60862301044561307     
  0.93154504665510851       0.60769794736538596     
           6
  0.55179824465043092       0.50065367422105267     
  0.54185920434529544       0.49790981976331200     
  0.52803137021055102       0.49937120324722051     
  0.52215561191608006       0.48559904562338668     
  0.52636166307861587       0.47196402590623315     
  0.54582792084896115       0.47786631155639459     
           8
  0.45554259917860168       0.33250016512281516     
  0.43994163691766858       0.33834666446480943     
  0.43462343299207323       0.33973493969567731     
  0.43066996763641791       0.33164198371676090     
  0.43074455766672320       0.32099880618767229     
  0.45216383650690534       0.31170991938668680     
  0.45271147247454890       0.31820650984267412     
  0.45935192875977721       0.32023101147273736     
           6
  0.86074958101718035       0.46713076084793465     
  0.84688794088116282       0.46933969852598340     
  0.83786444876729915       0.46163187438040459     
  0.85024710344737620       0.44517348020479708     
  0.86079890403478043       0.44271519126462316     
  0.86447987507435742       0.45400326306814731     
           4
   6.4393164592266600E-002  0.18919067072911253     
   5.5336157881403530E-002  0.18712803240550396     
   4.8056583113694332E-002  0.18980063911441286     
   5.9059059059059060E-002  0.17617617617617617     
           4
  0.48842476047704969       0.32746104607817972     
  0.47739015823057590       0.33845682442685832     
  0.46404318260838706       0.33032920046461456     
  0.47459956614210902       0.31007565402101134     
           5
  0.48287383408642370       0.12972151456993886     
  0.47477439943649347       0.13363728467294894     
  0.45766885135596774       0.13746625152288799     
  0.47025776864532892       0.11089953519384160     
  0.48330378012626901       0.11783410466890179     
           4
  0.34762209019862728       0.89519444094901679     
  0.33767356379320057       0.89105242600440704     
  0.32019972359937005       0.86835020178087940     
  0.33533533533533533       0.87987987987987992     
           4
  0.65684976973155795       0.33342361805943138     
  0.64404662092170895       0.33098600220591934     
  0.63755024206828947       0.31673609951350418     
  0.66325815311914915       0.32265321597657559     
           4
  0.80935181760434094       0.59786068439856532     
  0.78593114353990290       0.59948996587323755     
  0.78278565625185637       0.58009786084281045     
  0.79763280802387526       0.57934358844007594     
           3
  0.48269475081140117       0.19323052152242903     
  0.46410823165189519       0.18104461086843007     
  0.47628244384975665       0.16966435991149684     
           8
  0.43188937397018345       0.35707111832818783     
  0.42263130065066029       0.35762514838174697     
  0.41567848655110046       0.35255580129210551     
  0.40589309314155864       0.34038579649273371     
  0.40215042427125680       0.33517148261350554     
  0.41110913451724679       0.32872659774614832     
  0.41835888238924412       0.33046448155643982     
  0.42658296983505689       0.33552985401483182     
