   999.00000000000000     
   134.00000000000000     
         246
           8
   99.000000000000000     
   72.000000000000000     
   87.000000000000000     
   77.000000000000000     
   78.000000000000000     
   76.000000000000000     
   74.000000000000000     
   78.000000000000000     
   92.000000000000000     
   96.000000000000000     
   75.000000000000000     
   96.000000000000000     
   72.000000000000000     
   99.000000000000000     
   63.000000000000000     
   93.000000000000000     
   64.000000000000000     
   68.000000000000000     
   82.000000000000000     
   53.000000000000000     
   91.000000000000000     
   74.000000000000000     
   67.000000000000000     
   65.000000000000000     
   85.000000000000000     
   52.000000000000000     
   77.000000000000000     
   91.000000000000000     
   58.000000000000000     
   73.000000000000000     
   62.000000000000000     
   94.000000000000000     
   84.000000000000000     
   74.000000000000000     
   95.000000000000000     
   62.000000000000000     
   62.000000000000000     
   78.000000000000000     
   89.000000000000000     
   87.000000000000000     
   54.000000000000000     
   73.000000000000000     
   81.000000000000000     
   84.000000000000000     
   51.000000000000000     
   84.000000000000000     
   100.00000000000000     
   69.000000000000000     
   52.000000000000000     
   99.000000000000000     
   95.000000000000000     
   85.000000000000000     
   89.000000000000000     
   96.000000000000000     
   60.000000000000000     
   75.000000000000000     
   97.000000000000000     
   65.000000000000000     
   57.000000000000000     
   57.000000000000000     
   97.000000000000000     
   86.000000000000000     
   97.000000000000000     
   52.000000000000000     
   66.000000000000000     
   100.00000000000000     
   53.000000000000000     
   54.000000000000000     
   3.0000000000000000     
   8.0000000000000000     
   1.0000000000000000     
   3.0000000000000000     
   2.0000000000000000     
   8.0000000000000000     
   6.0000000000000000     
   9.0000000000000000     
   8.0000000000000000     
   8.0000000000000000     
   5.0000000000000000     
   6.0000000000000000     
   4.0000000000000000     
   7.0000000000000000     
   9.0000000000000000     
   1.0000000000000000     
   7.0000000000000000     
   1.0000000000000000     
   6.0000000000000000     
   7.0000000000000000     
   6.0000000000000000     
   10.000000000000000     
   3.0000000000000000     
   6.0000000000000000     
   5.0000000000000000     
   1.0000000000000000     
   10.000000000000000     
   5.0000000000000000     
   2.0000000000000000     
   2.0000000000000000     
   6.0000000000000000     
   4.0000000000000000     
   10.000000000000000     
   3.0000000000000000     
   4.0000000000000000     
   3.0000000000000000     
   2.0000000000000000     
   1.0000000000000000     
   6.0000000000000000     
   9.0000000000000000     
   10.000000000000000     
   6.0000000000000000     
   10.000000000000000     
   6.0000000000000000     
   6.0000000000000000     
   7.0000000000000000     
   6.0000000000000000     
   6.0000000000000000     
   9.0000000000000000     
   3.0000000000000000     
   8.0000000000000000     
   10.000000000000000     
   8.0000000000000000     
   3.0000000000000000     
   1.0000000000000000     
   4.0000000000000000     
   1.0000000000000000     
   6.0000000000000000     
   7.0000000000000000     
   4.0000000000000000     
   5.0000000000000000     
   4.0000000000000000     
   5.0000000000000000     
   3.0000000000000000     
   4.0000000000000000     
   3.0000000000000000     
   3.0000000000000000     
   2.0000000000000000     
   5.0000000000000000     
   7.0000000000000000     
   10.000000000000000     
   8.0000000000000000     
   8.0000000000000000     
   3.0000000000000000     
   6.0000000000000000     
   7.0000000000000000     
   8.0000000000000000     
   3.0000000000000000     
   6.0000000000000000     
   3.0000000000000000     
   5.0000000000000000     
   6.0000000000000000     
   1.0000000000000000     
   7.0000000000000000     
   9.0000000000000000     
   5.0000000000000000     
   8.0000000000000000     
   7.0000000000000000     
   10.000000000000000     
   8.0000000000000000     
   2.0000000000000000     
   1.0000000000000000     
   5.0000000000000000     
   7.0000000000000000     
   3.0000000000000000     
   1.0000000000000000     
   10.000000000000000     
   3.0000000000000000     
   8.0000000000000000     
   1.0000000000000000     
   2.0000000000000000     
   8.0000000000000000     
   9.0000000000000000     
   9.0000000000000000     
   5.0000000000000000     
   2.0000000000000000     
   8.0000000000000000     
   2.0000000000000000     
   3.0000000000000000     
   7.0000000000000000     
   9.0000000000000000     
   5.0000000000000000     
   8.0000000000000000     
   5.0000000000000000     
   6.0000000000000000     
   1.0000000000000000     
   2.0000000000000000     
   8.0000000000000000     
   7.0000000000000000     
   9.0000000000000000     
   4.0000000000000000     
   7.0000000000000000     
   8.0000000000000000     
   7.0000000000000000     
   4.0000000000000000     
   5.0000000000000000     
   10.000000000000000     
   1.0000000000000000     
   9.0000000000000000     
   3.0000000000000000     
   2.0000000000000000     
   3.0000000000000000     
   7.0000000000000000     
   6.0000000000000000     
   7.0000000000000000     
   4.0000000000000000     
   4.0000000000000000     
   4.0000000000000000     
   7.0000000000000000     
   3.0000000000000000     
   4.0000000000000000     
   2.0000000000000000     
   9.0000000000000000     
   5.0000000000000000     
   1.0000000000000000     
   1.0000000000000000     
   7.0000000000000000     
   4.0000000000000000     
   8.0000000000000000     
   5.0000000000000000     
   1.0000000000000000     
   1.0000000000000000     
   5.0000000000000000     
   6.0000000000000000     
   8.0000000000000000     
   6.0000000000000000     
   5.0000000000000000     
   10.000000000000000     
   10.000000000000000     
   4.0000000000000000     
   4.0000000000000000     
   8.0000000000000000     
   7.0000000000000000     
   1.0000000000000000     
   3.0000000000000000     
   5.0000000000000000     
   5.0000000000000000     
   7.0000000000000000     
   7.0000000000000000     
   4.0000000000000000     
   6.0000000000000000     
   3.0000000000000000     
   3.0000000000000000     
   10.000000000000000     
   8.0000000000000000     
   5.0000000000000000     
   6.0000000000000000     
   6.0000000000000000     
           1
  0.50050050050050054       0.50050050050050054     
           8
  0.61678063085714474       0.20585836115217676     
  0.61394231217096751       0.20871273709477811     
  0.60991841504862776       0.20531809579803811     
  0.60322776546712409       0.20655098227060587     
  0.60641954722698110       0.19155821967190786     
  0.61186366516673030       0.19033127026208940     
  0.61554452607091537       0.19179704420458049     
  0.62051824385237653       0.19356485357399350     
           8
  0.87150689364926792       0.28122612948348780     
  0.86614181891802433       0.28575238051163410     
  0.85618979241915949       0.28919530797344789     
  0.85573609419478980       0.27841504706728559     
  0.85776810481554522       0.27022447599989791     
  0.86247908022271214       0.27334754639527731     
  0.87462382502859448       0.27029912010752993     
  0.87163291883822924       0.27483671404895682     
           6
  0.74488504429738256       0.40524958842306558     
  0.74017409805972467       0.40261676996650653     
  0.73643872290848100       0.38941791651297308     
  0.74460241630083213       0.38790622088894727     
  0.75244970955639789       0.39041164290556396     
  0.75703044451607882       0.39218208365266743     
           3
  0.73317868888159121       0.52849669568177438     
  0.72910540173689320       0.51535341282683567     
  0.74511257600441749       0.51537626690210647     
           5
  0.80817605571049200        6.7522953308618433E-002
  0.80320606292823116        6.5257400559340747E-002
  0.79507730073801786        6.4888964408367000E-002
  0.78894144667765109        5.1207043530742395E-002
  0.79779779779779780        5.9059059059059060E-002
           4
  0.87787545464574013       0.21104242490123695     
  0.86210203682133113       0.20629360234991090     
  0.86909155435214347       0.20086454636728276     
  0.87792752036816246       0.20265775249593487     
           4
  0.85644526102996410       0.40558655648908537     
  0.83932552166441154       0.40644296369566274     
  0.85527033789810425       0.38910982384554588     
  0.85408927441807159       0.39563986934249901     
           6
  0.65812300536572910       0.17786141975879882     
  0.65472407287962686       0.18198119804672333     
  0.64842359761923363       0.17807818567792008     
  0.64772329286227637       0.16639845595498884     
  0.66279291384582528       0.16387989956862406     
  0.66169952662255604       0.17156267722405494     
           3
  0.87065644698658695       0.28379991688850814     
  0.86891756653165964       0.27549779807267394     
  0.87487487487487492       0.27527527527527529     
           5
  0.68268326995131456       0.48338186007514539     
  0.67698280530190569       0.48828299779048823     
  0.66525647157776158       0.47697492323743229     
  0.67183681979514365       0.47295195487696273     
  0.68426090526834704       0.47406595705816468     
           6
  0.78466114831943878       0.38244449942185121     
  0.77703679876765586       0.38279481378513719     
  0.77181998278741437       0.37598829695827585     
  0.77767785477630158       0.36627250637936176     
  0.78411573062895068       0.36566109166573385     
  0.78942468354799222       0.36445261705539189     
           6
  0.70086660770048792       0.44845263774622363     
  0.69809239620980124       0.45599196432055294     
  0.69267938951046748       0.45424049022883517     
  0.68635160313650656       0.45408082835468944     
  0.68368749751154267       0.44008989358302708     
  0.69614264406496817       0.43738242989241105     
           6
  0.54238686744403231       0.19221952420937236     
  0.53142425805356308       0.18571932129468049     
  0.53324338262313753       0.17543516795446046     
  0.53981641535684965       0.17466847543223593     
  0.54597770902957921       0.17418732671145315     
  0.55031185476443700       0.17534919023879753     
           6
  0.75336598913860053       0.43388870616989111     
  0.75278179251542821       0.43845502948207005     
  0.74612000197088246       0.44092591223366639     
  0.73748286809152086       0.43640276509399534     
  0.74194010410040434       0.42391730115549381     
  0.75717751650419285       0.42283252408956795     
           8
  0.85517637072515917       0.40857978383680127     
  0.84995641230332364       0.41206205607863605     
  0.84377994205238671       0.40988567462630870     
  0.83860617141284233       0.41136574291138556     
  0.83600990633770400       0.40170244014102030     
  0.83845246072583546       0.39417162727267241     
  0.84675029006643243       0.39638043762795300     
  0.85444717652756497       0.39515106320149745     
           7
  0.79687318028196619       0.32533562352388651     
  0.78395986738772949       0.32630559986320040     
  0.77761307877314911       0.32229430459565578     
  0.77890034924866480       0.31284409221975490     
  0.78276746106298134       0.31047326739791914     
  0.79016133229357854       0.30684051184311373     
  0.79814270475495686       0.31211276976462909     
           8
  0.48005176952595008       0.32502334055268911     
  0.47868069061376189       0.33522346809539855     
  0.46789359534451919       0.33374487010833942     
  0.46325276167542889       0.33155629935680869     
  0.46322705275934484       0.32015857966389766     
  0.46581374741455062       0.31621404615429832     
  0.47506758305452024       0.31558507205247949     
  0.48034034068753456       0.31604587293476599     
           8
  0.69094436207285337       0.25088629686822400     
  0.68571188184096010       0.25426052393595983     
  0.68108002483851149       0.25570057790381218     
  0.67685613219801677       0.25651752643411219     
  0.67305887810596587       0.25504939716640679     
  0.67557795502799900       0.25052211113982370     
  0.67519707358550507       0.24356660771512367     
  0.68973831056912360       0.23710005937128567     
           5
  0.77500198527908182       0.31802523118373333     
  0.77179148164088129       0.31284380751503488     
  0.77799587564343620       0.30053884453779461     
  0.78610584373677328       0.30055391918923535     
  0.78854409305602802       0.30480622029670246     
           5
  0.82186471299792352       0.31990150723945210     
  0.80880779596592034       0.32629592949581721     
  0.80798595273714757       0.31227546369144860     
  0.81326100290942815       0.30919776873006150     
  0.82193447591438740       0.31446915203646497     
           6
  0.69900885203561181       0.31368149632194597     
  0.68607054626915309       0.31528830215692633     
  0.68199144502813180       0.30960051063073024     
  0.68456047376473017       0.30322930613797422     
  0.69035992697480897       0.30029537751954855     
  0.69833978765634597       0.30119375329271264     
           8
  0.93233916594968136       0.40171466779744247     
  0.92979781397398886       0.41048795660956500     
  0.91712974772355860       0.41053635266474026     
  0.91701159487379424       0.40199396145855998     
  0.91537535517250457       0.39393765400744396     
  0.91986609381220674       0.39763126342695443     
  0.92344416195415402       0.39629641746256722     
  0.93328761480930178       0.39806660330459886     
           8
  0.65019803674217203       0.52800251949858168     
  0.64633863690331761       0.53378090603472739     
  0.63479335994789698       0.53651130630389654     
  0.63453638510449750       0.52962845084425259     
  0.63342930549034815       0.51752923144360274     
  0.64341923003798551       0.52000076030276332     
  0.65144890352345208       0.51671886585833127     
  0.65086219294504555       0.52110234684190915     
           8
  0.85607877373892416       0.29360471109029113     
  0.84646736319215177       0.30036829749139166     
  0.84118222277930532       0.30213613243554882     
  0.84217666450072326       0.29320983524769179     
  0.84003600457967331       0.28430735787309952     
  0.84857031830997798       0.28556959483693933     
  0.85370913434713025       0.28557637025371169     
  0.85948508390694422       0.28727402291828852     
           3
  0.78009094489770370       0.43410109372996258     
  0.78438217881729999       0.42922053414335370     
  0.78978978978978975       0.42442442442442441     
           8
  0.77667417088535251       0.44727783923832337     
  0.77061321432925955       0.45135677554134496     
  0.76762217960890844       0.45373416601023980     
  0.76342951905953538       0.45360382885672196     
  0.76143745541538166       0.43904138133021481     
  0.76000283020856496       0.43294901738189090     
  0.76981244021337492       0.43385666205551221     
  0.77346824984754980       0.43497777386867081     
           5
  0.84011054033684296       0.42550036905180499     
  0.82659639123068862       0.42482492206463912     
  0.82513037214874041       0.41696073994738098     
  0.83048057750235160       0.41494007881235101     
  0.84365418235581124       0.41349991863731705     
           8
   1.0056909660115765       0.26299133799585622     
   1.0054998398460464       0.26902792586608198     
   1.0001793372314860       0.26543208270882074     
  0.99184182953235878       0.26945635322634348     
  0.99262409749497293       0.24937337010124705     
   1.0013724720593358       0.25143916350940215     
   1.0075978372247820       0.25504290890019954     
   1.0075079854300235       0.25939511295114720     
           3
  0.94041630001958687       0.46799943208938599     
  0.94994994994994997       0.45845845845845845     
  0.95968692154417090       0.45853924119468559     
           4
  0.68569963834131187       0.43804737436857238     
  0.67853601249701290       0.44104763446040213     
  0.66561578219768847       0.43092979172257428     
  0.67519083682043879       0.42313563803483639     
           3
  0.93918794706867637       0.49088365417874924     
  0.93093093093093093       0.48048048048048048     
  0.93746240039989570       0.47530186101678928     
           4
  0.81399530593834035       0.44536497470279518     
  0.80144219363770208       0.44226105342405564     
  0.79964934546731348       0.43141141165539226     
  0.81971641569469111       0.42985792136520412     
           7
  0.68799716612119000       0.18252487627187614     
  0.67897458925818599       0.17851881021183855     
  0.67108842020718418       0.17470054534591772     
  0.66823575294350790       0.16777899737487187     
  0.68200001622061224       0.16520298619438786     
  0.68618266999261179       0.16542622920397604     
  0.68600778545478502       0.17098603247634880     
           7
  0.48884123369751953       0.25143008249554838     
  0.48721206024613278       0.25696322893094753     
  0.48275280401856424       0.25652947907560203     
  0.47823720124232083       0.25563635974004406     
  0.47230941502381474       0.24720678367690951     
  0.47251551483474863       0.24041703435169454     
  0.47667925868400074       0.23834023044316319     
           6
  0.85612635847427543       0.28603848756038053     
  0.85635319108678332       0.29115130794262795     
  0.84159427876729775       0.27813457123350388     
  0.84959170202040046       0.27972266426031039     
  0.85768261163022985       0.27494083129648977     
  0.85951259964785032       0.27896183609255248     
           4
  0.72118217471507939       0.35959940535315127     
  0.70237821413703849       0.36632371061234370     
  0.70366372908414554       0.34840293391967503     
  0.72114927891387615       0.35361931734293539     
           8
  0.80287753159835906       0.37146639936127696     
  0.80478762540564108       0.37561090561565702     
  0.79114213487444618       0.37611330086615724     
  0.78624913977172672       0.36380244607906631     
  0.78456062018034645       0.36053129503516412     
  0.78516360340722025       0.35619239543433900     
  0.80251649031952776       0.36141090026842621     
  0.80438032973852069       0.36643816347352720     
           4
  0.88546721440371168       0.23424233764472108     
  0.86847982212561248       0.22978846913713943     
  0.87343532450857386       0.21989449897270952     
  0.88581960350465094       0.22508829278569059     
           3
  0.82516248093479061       0.26225482627723212     
  0.80760076584377194       0.26003959682767774     
  0.82156651371406342       0.25724427823909413     
           3
  0.74808028028855189       0.57545021074408143     
  0.72992743987563846       0.56652367341221710     
  0.73970809760488865       0.56462626062291765     
           8
  0.57129559926714324       0.14555374121346593     
  0.57407546623392824       0.14892759483704374     
  0.56213965646040864       0.15076863506214916     
  0.55712567311018613       0.14536466421084515     
  0.55420039569015245       0.13809111384544756     
  0.55466443686607980       0.13339394676277705     
  0.56973156115318391       0.13098261652202256     
  0.57333536639142935       0.14151911510883586     
           4
  0.85407852998979306       0.32143310553592375     
  0.84866610998155545       0.32954214869723558     
  0.83658692178624205       0.31956664154676506     
  0.85067869293546994       0.31034980573450677     
           8
  0.80858037358705825       0.47752695954090002     
  0.80503864284678861       0.47958106774951048     
  0.80075237387540277       0.48376910532349710     
  0.79697755964767603       0.48082494611195509     
  0.79131637741352512       0.47283838437728343     
  0.79240240630000069       0.46769165011136055     
  0.79766741298324906       0.46408984815624571     
  0.80347826610371165       0.46344279853831760     
           8
  0.78027770896280291       0.34576394700293983     
  0.77738469014006295       0.35479560018691225     
  0.77368005636025161       0.35343653687919802     
  0.76858997702877363       0.35219810951243830     
  0.76199618473354847       0.34061247803006905     
  0.76792586772435867       0.33885190291439365     
  0.77733223874932300       0.33566374353152528     
  0.77681557980479099       0.33946734283416724     
           7
  0.53730826793998610       0.25960600295008585     
  0.52050789889794868       0.26429601758685617     
  0.52017472246360719       0.25980372360894899     
  0.51953732005840914       0.25359373757250869     
  0.51809261306411125       0.24633358460198573     
  0.52479102132363564       0.24929318974443154     
  0.53679323538658685       0.24867515472764631     
           8
  0.71120130395810444       0.40773554581956672     
  0.70813898364940842       0.41098834683269841     
  0.70318675808564191       0.41285201226311197     
  0.69473131178277847       0.41193472456902042     
  0.69084086836736636       0.40079415941857316     
  0.69398183952626569       0.39424629403541250     
  0.70365772623637168       0.39836890080580611     
  0.70867010753603576       0.39788180956645924     
           8
  0.86051772216850264       0.37306998948588693     
  0.85738919735898345       0.37845763243513048     
  0.84418277071533832       0.37516160777312740     
  0.84281960046220605       0.37104035654253520     
  0.84501204971037724       0.36691278568589103     
  0.84139979372840823       0.36158684886427511     
  0.84829830612283907       0.36216038592231992     
  0.85711033471703213       0.36129477470715821     
           5
  0.93071847074492475       0.22202629256888740     
  0.92480875514502814       0.22282518042250260     
  0.91925148519260391       0.21542040100030085     
  0.92877282666213978       0.20935715204207156     
  0.93641239486165384       0.21237143033585595     
           8
  0.61707551014835638       0.65878870317421812     
  0.61544495350588413       0.66210915868115638     
  0.60342633952803471       0.66054364541085941     
  0.59889173231709181       0.65576201678052726     
  0.60135817486799581       0.65006212434520494     
  0.60965948232482603       0.64762382929309670     
  0.61893975009468150       0.64951302760386009     
  0.61391881691792216       0.65351093202938482     
           7
  0.88436320821558867       0.35985711430239220     
  0.87792453435452011       0.36809100315839327     
  0.86901726694102677       0.36690750353460394     
  0.86973641415277370       0.35871874456174807     
  0.86934303667086621       0.35208832317954952     
  0.87533164624265325       0.35208051715250033     
  0.88175188751089895       0.34956906542223232     
           7
  0.57238468988586777        8.1020289566617609E-002
  0.55958425497939490        8.6016458055467523E-002
  0.55463592220317326        9.0202398813871515E-002
  0.55223623087079488        8.1921532091314614E-002
  0.56137439899524544        7.2451976148440109E-002
  0.56490113005500198        7.0713457315106129E-002
  0.56994750254047899        7.3581981576437971E-002
           6
  0.58390063172706774       0.36312193947103261     
  0.57618505642612550       0.36576700791661310     
  0.56815667739884235       0.34873565775646603     
  0.57351463662112945       0.35082665757763137     
  0.57961827713140612       0.34896048325599838     
  0.58503989243067833       0.34815448498682661     
           7
  0.42378273953652357       0.27311165319983260     
  0.42807716257088746       0.27976134221816712     
  0.42425113693081601       0.27852564323877471     
  0.41660780464025787       0.27535209170704705     
  0.40992785225627060       0.26706136201730202     
  0.42229020426400221       0.26131649069854967     
  0.42625542846647185       0.26722164512950780     
           6
  0.77698369005444901       0.54390999761937031     
  0.76722033392858802       0.54211103551792317     
  0.75768294183384277       0.53082664634176135     
  0.75894657413456779       0.52374706154578743     
  0.77434922062130807       0.52318409929673804     
  0.77611695457901841       0.53263120151536381     
           5
  0.71506999372074453       0.58468011592537172     
  0.71667867565078458       0.59233419820849453     
  0.69949813032787056       0.58088575907668782     
  0.70400104972553634       0.57895535112570840     
  0.71723490319108041       0.58045273521692398     
           4
  0.93426845724384455       0.28637491963096351     
  0.92631698905363558       0.27887330773321750     
  0.92802749118080452       0.27298210814036106     
  0.94243551071288778       0.27823222803046760     
           3
  0.66704030213151966       0.53215536464069368     
  0.67167167167167163       0.52252252252252251     
  0.67726690078821372       0.51583433155884728     
           5
  0.73431547013739706       0.50385973206764023     
  0.72972992824244054       0.50543753673042224     
  0.71782556221039584       0.48885389711133725     
  0.73487012456156342       0.48657350793480619     
  0.73257013845080199       0.49230477084500573     
           8
  0.87258491556500184       0.25586192699313393     
  0.86663538164582443       0.26054157538583728     
  0.86473031740436579       0.25679057533925054     
  0.86016110741762453       0.25940893997103892     
  0.85597976791909280       0.26024008948778271     
  0.85918248891090832       0.23979158359723893     
  0.86274716055912093       0.24468248554770561     
  0.86938524331581335       0.24341224363016792     
           5
  0.87133153237901151       0.32782253985919946     
  0.85907066932110943       0.33548945758826981     
  0.85764356982804091       0.32967415472678513     
  0.86456146726147409       0.31949841594969219     
  0.87000063601316735       0.31922886946907153     
           5
  0.66753765437347168       0.46853023325870624     
  0.66122367573630725       0.46905658560918684     
  0.65591190789107612       0.46502379904467767     
  0.66621131944103096       0.45246216749408807     
  0.67309493868536530       0.45514175063882972     
           7
  0.85931334422100758       0.25772061310534622     
  0.85131363551042327       0.25979003947888463     
  0.84203841992304551       0.25867446548428813     
  0.84147586390201801       0.24833155940474555     
  0.84841663508887633       0.24397216480534889     
  0.85458810675557384       0.24627574753224982     
  0.85913399986310413       0.25142802528803965     
           6
  0.60773407724358430        1.5987072735881982E-002
  0.60918492466441487        2.1276366209005072E-002
  0.59587109346903511        2.1807782153137997E-002
  0.59131260175864964        1.5256802675112372E-002
  0.60280523305910150        1.1164148504416486E-002
  0.60528804667862957        7.1629850278264046E-003
           8
  0.56721199334857764       0.71760894266050546     
  0.55932611574779145       0.71868908156879530     
  0.55139344719842853       0.71163400867137894     
  0.55282218194710453       0.70286384923432088     
  0.55267673836716691       0.69840739223155746     
  0.56113969069582925       0.69927084564746844     
  0.56794182811956129       0.69973457695858077     
  0.56873928765652737       0.70359576585412764     
           5
  0.69928681216701838       0.49600255003941940     
  0.69501430267246544       0.50006549663233468     
  0.68108072674310549       0.49667498364390705     
  0.68342769954571747       0.48133418809406986     
  0.69674838185362709       0.49077641220695239     
           7
  0.75501852700578409       0.45071949547206197     
  0.75178364308443679       0.45647068588793632     
  0.74369384574579667       0.45891185908316207     
  0.73743109234172155       0.45796203645524575     
  0.73814377622497618       0.44631712374434596     
  0.73557766774999400       0.43866536028047370     
  0.74548259562954688       0.44295080061447623     
           6
  0.75490098456008403       0.35319055573775032     
  0.73680885625864023       0.35499159683767573     
  0.73776317110849221       0.34476022193344014     
  0.73812053538362166       0.33508552310212597     
  0.75677114280193902       0.33821066490485885     
  0.75631470024394254       0.34441019367230002     
           7
  0.78269303002417079       0.43133378215811069     
  0.78680965725090146       0.43668276610464618     
  0.77490737841574975       0.43414404301871429     
  0.77195768567585554       0.43721424468780207     
  0.77135996991575750       0.42491045015607432     
  0.77295146514754975       0.41715751639330223     
  0.78032314768699973       0.41922225836701105     
           4
  0.91992162533709521       0.26098996456293128     
  0.91548097721894894       0.25778368506732002     
  0.91773717852530701       0.25237227218095010     
  0.92592592592592593       0.25125125125125125     
           8
  0.68639607340588105       0.12316206304314813     
  0.68479187354036197       0.12773423422480923     
  0.67581947317942104       0.12566057247381693     
  0.67233867829779881       0.12116817628508800     
  0.66993298031899340       0.11710661129646835     
  0.66849579141793403       0.10999544150532919     
  0.67573477211463218       0.11140808688957207     
  0.68213152933240728       0.11385763018628893     
           4
  0.79237995626194857       0.30251903318651913     
  0.77565412151580171       0.29783086005866466     
  0.77349463186366663       0.28797611703630954     
  0.79016734498642516       0.28330243503258451     
           8
  0.49474891842793539       0.72528890873455309     
  0.48758262361273719       0.72550097821579029     
  0.48097701619709149       0.72568463429337515     
  0.47760256045529303       0.72049302116076408     
  0.47500148456605923       0.71411277247463856     
  0.47774342991730251       0.71117608308657665     
  0.48747156645664497       0.71000830067600240     
  0.49177171181798002       0.70766013086565882     
           8
  0.81725681899567615       0.27112235355367975     
  0.81122544452382783       0.26755694023788590     
  0.80225458307487740       0.27031317066564525     
  0.80444192391727276       0.26446703052009124     
  0.80345799642277704       0.26079452477022780     
  0.81227702952898995       0.25144613719510572     
  0.82055993631490132       0.25526679070882979     
  0.81824109779763055       0.25966468211553473     
           7
  0.68770062250353792       0.17425476340111376     
  0.68293398832318908       0.18223176623477247     
  0.67811043652609371       0.18015145850792869     
  0.67535221497079834       0.18298380779806267     
  0.67317107756616879       0.16688351659222475     
  0.68507182833239455       0.16477458688700544     
  0.68885262882315401       0.16315686065585094     
           8
  0.90211615597061845       0.27521417478806792     
  0.90637308821270679       0.28279416742910585     
  0.89665606561873235       0.28144261481940536     
  0.88941094190962156       0.28195736804879856     
  0.88943949992664906       0.27813612235877849     
  0.89196051047957003       0.26403816737157926     
  0.89579656582710931       0.26556634658918554     
  0.90517432361083783       0.26527127962868474     
           4
  0.79604630922253738       0.26020636511558248     
  0.78825923383255214       0.26012173087228141     
  0.77849011668947121       0.24563575894203746     
  0.79497172293305407       0.24732281056660985     
           8
  0.89705316488382114       0.12569025347413237     
  0.89658408634525055       0.12986287319947931     
  0.88811009565923282       0.13278916253113543     
  0.88108149420883120       0.13340743301971308     
  0.88064198325790577       0.12969205877787185     
  0.87721694780288217       0.11579127133569847     
  0.88528319173265901       0.11714538666014165     
  0.89489242566398619       0.11586862776689834     
           6
  0.92628615393681157       0.25098592338629228     
  0.92249167673696653       0.25411981812807888     
  0.90864340056236625       0.25400937141595709     
  0.90784449991648142       0.24696206657037623     
  0.91886247944108179       0.23751103973045645     
  0.92321807882092544       0.24165608654148418     
           6
  0.93984332048713215       0.36749731922150353     
  0.92891153444244767       0.37421464939285504     
  0.92089037971718235       0.37342913501472519     
  0.92132185359660601       0.36827305840543745     
  0.93329074619705277       0.35452084588706101     
  0.93789262559316944       0.35407760181688047     
           7
  0.59504256177625281       0.18727649576685285     
  0.59309662965191212       0.19080084245922097     
  0.58467881027222990       0.19124120327329411     
  0.57931575980500627       0.18772005639183317     
  0.57686983140189829       0.18061300284156678     
  0.58070181267603849       0.17677203538004529     
  0.59238635665111006       0.17986165161026443     
           4
  0.90720489780395819       0.33992642712136217     
  0.88661107880287271       0.34398057092847023     
  0.89544965029860291       0.32646026962505104     
  0.90472612943114517       0.32777764555123451     
           6
  0.88155952021406880       0.52755135511474793     
  0.87440212686929963       0.53012822657046432     
  0.87150753242291024       0.53371297472588708     
  0.86551763901071943       0.53317787673362738     
  0.88144242977894538       0.51583036513104219     
  0.88142907827364436       0.52281223364865026     
           4
  0.73383622536031057       0.14637885593984376     
  0.71970671760349492       0.15239457742428988     
  0.71758336568196901       0.13990322499644250     
  0.73359536039207351       0.13680485092966974     
           8
  0.44775820938614480       0.13055698215513958     
  0.43336230809054233       0.13966664797652079     
  0.43138712309189636       0.13533377409298714     
  0.43183477396182030       0.12861455541631128     
  0.43122231315202098       0.12090593031411577     
  0.43670290334120854       0.12266462946206644     
  0.44757995053949151       0.12147398027210680     
  0.44611598691863724       0.12712133111453708     
           5
  0.69206404942714028       0.33129825366454735     
  0.68200318012776207       0.33543057615389882     
  0.67467781378304914       0.33352185820124763     
  0.67739512549368375       0.31622500238965012     
  0.68554539643555112       0.32050279959724315     
           5
  0.74753470632029628       0.30809859599736161     
  0.74124487180883625       0.31475783777524424     
  0.72973890543909270       0.30507399882812875     
  0.73596646201043348       0.30343949979623303     
  0.74414254277647174       0.29977637726426820     
           6
  0.56238090403839047       0.17225585204003591     
  0.54753389665734009       0.17208213251947174     
  0.54592409340553094       0.16661659691177055     
  0.54450581308530410       0.16178292047407047     
  0.55772047975284456       0.15632681521780631     
  0.56285304829432259       0.15650493906977397     
           3
  0.85088416996036198       0.25999713224593801     
  0.85262331910192568       0.25178046571259860     
  0.85985985985985991       0.25425425425425424     
           6
  0.98042428597794129       0.34221665378828720     
  0.97426555115092950       0.34363511919482809     
  0.97437651489210975       0.33652317066203397     
  0.97302824253964881       0.33037571625620482     
  0.97380144636627419       0.32622861274011816     
  0.99023402244599223       0.32421516450572646     
           8
  0.72123375687360014       0.26613233516120588     
  0.70761467438638681       0.26874809103195807     
  0.71087090447218837       0.26417365860605463     
  0.71013074710365631       0.25579833883866210     
  0.71086507943485044       0.25041066265498463     
  0.71905016113953946       0.25078410450136757     
  0.72495755897804559       0.25309980425016920     
  0.72787887913984639       0.25696752043555637     
           3
  0.85862102373542049       0.33006284512032164     
  0.84723453929894854       0.33022470224000189     
  0.85482285143071413       0.31316231575159686     
           3
  0.63218551681564972       0.44547246666220214     
  0.62362362362362367       0.44344344344344344     
  0.61505292658682009       0.44069043123573803     
           4
  0.67898556655749864       0.17251720002901236     
  0.67561954840473903       0.16189393434751151     
  0.67642762687717406       0.15491615684865204     
  0.68568568568568566       0.16216216216216217     
           7
  0.69107114923152535       0.46891589580488297     
  0.69017281857412982       0.47351651922736998     
  0.68349336786064141       0.47365736561236021     
  0.67795768395221379       0.47146099964745986     
  0.67743989273510308       0.45623449372115105     
  0.69159587438768322       0.45343890377189616     
  0.69344734309428357       0.46089762026100517     
           6
  0.74137555936178257       0.43031711714670184     
  0.74078162707703299       0.43953298950320108     
  0.72636570126607880       0.42760965050779093     
  0.72624902510067213       0.42285129165251623     
  0.73195747145044965       0.42589098215225424     
  0.73977706407469523       0.42559312979748792     
           6
  0.67182752099854071       0.62171780582308500     
  0.65523331288823516       0.62064532838723907     
  0.65530180288571993       0.61485362554902112     
  0.65919644641658703       0.61244712456634653     
  0.66484070239173665       0.60940387267328788     
  0.67242995882024204       0.60821228148841355     
           4
  0.59520027276906384       0.49658163270595590     
  0.58093985039452389       0.48991394534631455     
  0.57751911348490725       0.48515500561817354     
  0.59061222494097776       0.47707682090792536     
           3
  0.53402143698585869       0.19638915518681960     
  0.51494314028009613       0.19892392243479359     
  0.52257676819430599       0.18623823220794444     
           8
  0.72260535539456272       0.54969568987755668     
  0.71767686589681357       0.55083398557779828     
  0.71193598404225300       0.54955040900235896     
  0.70221484721538074       0.54215474901871419     
  0.70890241329180337       0.53116659594401061     
  0.71213154188682559       0.53385864421514684     
  0.71784971477903570       0.53209552020547335     
  0.71905407775215469       0.53853722537406945     
           7
  0.76942829600279927       0.43922335842550697     
  0.76575396325041445       0.44230322355722940     
  0.76075634474899112       0.43849344506924093     
  0.75045005672725218       0.44065522357772241     
  0.75012861848340362       0.42310068074788826     
  0.76856156830459843       0.42807527422191127     
  0.76513507451125173       0.43173339787578674     
           6
  0.66686770744877510       0.58711440825231087     
  0.66261763018824160       0.58957308236937445     
  0.65399953276343337       0.58947660221017395     
  0.65256128007643321       0.58552098375820072     
  0.65068357118276077       0.57877007772861278     
  0.65456943316338001       0.57601427325600474     
           5
  0.86794352513071815       0.31583998693852589     
  0.85649342686309482       0.31960886787457821     
  0.85075779803748053       0.32247454221218658     
  0.85394627115418886       0.31497721915300286     
  0.86728323603290036       0.30359618768101071     
           4
  0.76660548318095034       0.36773438205854880     
  0.75821505822130808       0.36583152425830928     
  0.75294276698699869       0.35217488476462250     
  0.77051311409780021       0.35222625917555711     
           8
  0.82456239729990499       0.24077282086605792     
  0.81782296179285363       0.24241012087606362     
  0.81500348410201118       0.24640608071009587     
  0.81254772753334892       0.24239386186223597     
  0.81158614296206544       0.23561603690107288     
  0.81516999266134704       0.22627881682058201     
  0.81960804697542167       0.22796023457682540     
  0.82708972285563809       0.22763810990919386     
           8
  0.50789798164484645       0.21546309212950782     
  0.50192686620696236       0.21501038361149635     
  0.49374682768314626       0.21525927611090553     
  0.49015718989326568       0.21145446407955754     
  0.49172616318843138       0.20379817107480080     
  0.49406994007854610       0.19784747912219555     
  0.49685107143286544       0.20143729238949554     
  0.50298360849494883       0.20143962641058555     
           6
  0.51142196370419901        6.7557541819266223E-002
  0.50418844782393035        7.3853659578149447E-002
  0.49558982783435646        6.4560807055568228E-002
  0.49539399052864785        5.4521066883041258E-002
  0.50365537690685558        5.4236456114089560E-002
  0.51181194981439049        5.9258382063042001E-002
           7
  0.85312948304967029       0.22539225317166653     
  0.84971436985096804       0.23101261619428881     
  0.84095213971103022       0.22745678221187723     
  0.83704955513883827       0.22260581152683273     
  0.83534086070824609       0.21680976419486445     
  0.84645541451219897       0.21081832364288328     
  0.84953101869172332       0.22048152317395187     
           7
  0.90572707980324518       0.46737346745006686     
  0.89924670465174639       0.46887562238198416     
  0.89494764821032136       0.46849066747338108     
  0.89152237710719529       0.47166394402028755     
  0.88811537129829754       0.46630299596159142     
  0.89654612323155425       0.45183944496193718     
  0.90543833176355648       0.45234354312210773     
           5
  0.70042296253559133       0.14522413210205085     
  0.68789504697050363       0.14490971228891680     
  0.68215980148199706       0.13318353174877279     
  0.69662855803423407       0.12854526867939994     
  0.70139734407806376       0.13570003372210857     
           4
  0.88116592011431327       0.27553677608727434     
  0.86300804451324653       0.28715683969695743     
  0.86719225642482112       0.27149853124939555     
  0.87739827026279638       0.26679667795482054     
           5
  0.65465945127760494       0.43841115171876238     
  0.64294038563912737       0.44408478472963331     
  0.63466414055983700       0.44705442616178670     
  0.63664297374529577       0.42856396922158441     
  0.64879799260470805       0.42991474743860980     
           6
  0.55984844815421975       0.31112506596364414     
  0.55592497205248392       0.31273838622763023     
  0.54694306243158852       0.29808480394751086     
  0.55248105232781708       0.29696870358922128     
  0.56693532966664428       0.30139352049994622     
  0.56251505398223844       0.30403310853545779     
           8
  0.75319705079246280       0.52430323501587839     
  0.75477045917533103       0.52808365608752994     
  0.75025631199481091       0.53062013242581896     
  0.73841059485550209       0.53215675727415901     
  0.74159278486191726       0.52423220775106016     
  0.74243434922551643       0.51211755859105090     
  0.74916154383330602       0.51509348115490750     
  0.75566955268689207       0.51526972097786572     
           6
  0.73462104828619157       0.12443338246724256     
  0.72702961066797633       0.13103492149058893     
  0.72092765179263063       0.11909513080391229     
  0.72065576554125510       0.11401146125166339     
  0.72663081304463295       0.11744658958210771     
  0.73618258325859631       0.11796880869739110     
           3
  0.64664664664664662       0.44544544544544545     
  0.63727175576571826       0.45185535380635045     
  0.64423577772533469       0.43861426566588380     
           5
  0.87315058361124465       0.37993033828111561     
  0.87355035895186661       0.38891656284424742     
  0.85846871585016893       0.37869079432357172     
  0.86770724334549532       0.37319305296260019     
  0.87646690763629054       0.37569386369906005     
           7
  0.58523573106778060       0.29000202329028324     
  0.57961275388707734       0.29308974545161820     
  0.57472063875733470       0.29556859648443351     
  0.56885725485765959       0.29678410903712937     
  0.57074898418654663       0.28676124995886010     
  0.58311884132873204       0.28094756352699346     
  0.58695492080135558       0.28288121303516878     
           5
  0.67166273056667369       0.38266105623731922     
  0.66603201194714912       0.38184602600873258     
  0.66143188042954626       0.36959666096793120     
  0.67900567274538204       0.36444779145084688     
  0.67920640081197348       0.37254814319549795     
           6
  0.66899060511376462       0.51414786069069929     
  0.65396352608628916       0.51649261681631753     
  0.65695564429032538       0.51129073499783628     
  0.65527699062422329       0.50555937692921482     
  0.65613632463547655       0.49761477283970523     
  0.67230780740745744       0.50363784560854519     
           5
  0.68188635059696179       0.17990830360662138     
  0.68149053211297772       0.17432116361655181     
  0.68751871162244360       0.16625804746525455     
  0.69604783964483496       0.16450249811494266     
  0.70105797501963618       0.16833735099893560     
           7
  0.39408152393652995       0.10383100436725978     
  0.38554490330748931       0.10586592364255672     
  0.37799960852231174       0.10970979660462986     
  0.37485991297601640        9.5627679730326806E-002
  0.37876352983343026        9.6793666492173733E-002
  0.39114476138961535        9.2838341331876073E-002
  0.39317002741846235        9.7499023940948684E-002
           6
  0.80008434273873574       0.37701264352368463     
  0.79729495318100163       0.38186941699182769     
  0.78540766572020326       0.37887550290398408     
  0.78299667677641782       0.37002709608255480     
  0.79017677508717765       0.37042975839158898     
  0.79954453654479729       0.37040325169237054     
           6
  0.66013768997686084       0.28366676087955345     
  0.65598639732551378       0.28466483151122479     
  0.65136080187456391       0.28616977328706755     
  0.64638461163928218       0.28491663584855043     
  0.65139102824450290       0.26831933168576932     
  0.65611088087947467       0.27339975827034241     
           7
  0.73355457296386639       0.61761185079231995     
  0.72415036441036751       0.61507546480310793     
  0.71997893567862237       0.61420005852949089     
  0.71851301067764606       0.60791709530826010     
  0.72761371061668034       0.59975779647190275     
  0.73211174064435325       0.59979015363627830     
  0.73068649176955025       0.60404359031723887     
           7
  0.90771744099664120       0.27885562984584661     
  0.90658754182479984       0.28288553560299834     
  0.89262313392026038       0.28716705693803674     
  0.88797828372339416       0.28057650879568230     
  0.88755248187361824       0.27588937946217429     
  0.90323536780705560       0.27356002901001114     
  0.90756059607624995       0.27208825865686770     
           8
  0.76728184178184666       0.30812547122582679     
  0.75474565128348470       0.31597645940014885     
  0.75112607986682078       0.31390762153957658     
  0.75065489290559295       0.30367858331087588     
  0.74915277629171440       0.29912662979216531     
  0.75441920263283213       0.29835041600131668     
  0.76522636051018034       0.30046764207126941     
  0.76875939613127930       0.29951687748761835     
           6
  0.97866029746885763        9.3867528068092440E-002
  0.97482339488323055        9.9134419955750189E-002
  0.96362469339279089       0.10017400404893789     
  0.96320880616903159        9.3845181001595349E-002
  0.97077515139782788        8.6207885947248306E-002
  0.97811810215695594        8.9173433921698200E-002
           4
  0.64050451876961978       0.19201197921479987     
  0.63319402179274409       0.18759750674447259     
  0.64913653913021563       0.17369602139877663     
  0.64698951497668511       0.18403749860335511     
           3
  0.90490490490490494       0.29129129129129128     
  0.89577668248055220       0.29964142493546025     
  0.90941863286378088       0.28170896610908192     
           7
  0.83218901675942170       0.38060963325785507     
  0.82797887506431511       0.38115810281557516     
  0.82153722985091204       0.38152167627813510     
  0.82360648135432102       0.36820057057156907     
  0.83144587073079068       0.36407310650001151     
  0.83240882176330033       0.37278244364164853     
  0.83617351047866728       0.37382392979644008     
           6
  0.40865491735014015       0.31402669517880749     
  0.40234470867122463       0.31481093087849837     
  0.39566614342570777       0.30879923581477792     
  0.39562044833190074       0.29804745347840078     
  0.39928769009221327       0.30199689446894745     
  0.40487559807882317       0.29847007328539882     
           3
  0.78834171556517607       0.44014417405392636     
  0.77895538865535785       0.42262554870433833     
  0.79421919957259324       0.42349395256206535     
           4
  0.71878241554579236       0.68318056259322635     
  0.71426712298698392       0.68750126768828601     
  0.71517335027517581       0.66837710653317184     
  0.72072072072072069       0.67767767767767773     
           4
  0.56356356356356352       0.24524524524524524     
  0.55319416223949947       0.23839184323645748     
  0.56391462806165271       0.23486321126111204     
  0.57191573675195195       0.23528864231137978     
           6
  0.76266516527560535       0.44842504132681005     
  0.75488579132166267       0.45157083277156945     
  0.74917474505573367       0.44690355480720373     
  0.74831941244877676       0.43796135432072764     
  0.75323061931605106       0.44083831128339357     
  0.76448568891395985       0.44062043532634293     
           7
  0.76018150625546410       0.53751490033298555     
  0.75078367605883534       0.53700655002632169     
  0.74766502097505405       0.53999786028001395     
  0.74453093496630862       0.53605683441857188     
  0.74217909768279788       0.53274410444337550     
  0.74294224018369637       0.52777311261032667     
  0.75977565212824238       0.53153551762151707     
           3
  0.66897130547699279        8.1798159991572666E-002
  0.66733644773261869        7.5933800774393934E-002
  0.67767767767767773        7.2072072072072071E-002
           5
  0.56990730151713442       0.57480258674193396     
  0.56628263165620929       0.57118260276967825     
  0.55962172544341515       0.56748184762363740     
  0.55736856464208939       0.56089122364839539     
  0.57496484263346270       0.55503627325324434     
           4
  0.89895710810425089       0.26917337010554365     
  0.88451109482624823       0.27743501359269812     
  0.88561660168668310       0.26310096131417865     
  0.89492048880533992       0.26230312364124969     
           7
  0.84417021810328330       0.28812471586208427     
  0.84107572556960075       0.29755857433999561     
  0.82614078935792512       0.29198711376423730     
  0.82541317334047526       0.28404826516756787     
  0.83226531553054084       0.28355803838230670     
  0.83111738317657891       0.27898867528992538     
  0.84106835766309251       0.27889917788805052     
           7
  0.64595828149584400       0.41543799591597580     
  0.63260188697170161       0.41578400133156518     
  0.63036251197616799       0.40951079719175582     
  0.62830056342862439       0.39833047060159094     
  0.63857843678315618       0.40239921821450481     
  0.64232040296030313       0.40016583414442369     
  0.64744538719434475       0.39908211279335892     
           4
  0.84237217091465721       0.28627588812212473     
  0.84050542294886765       0.27443388220045167     
  0.84943356903107037       0.26893693882830949     
  0.85596693883337671       0.27466261086043364     
           3
  0.81862342108439423       0.35204725315545221     
  0.80268239667138974       0.34897111672544007     
  0.81619755291900187       0.34553898854462939     
           6
  0.82686646264603048        9.2349313629805863E-002
  0.82759636481640686        9.6642331169869949E-002
  0.81848004904240435        9.4761511452862476E-002
  0.80855949819712336        8.0316105886025307E-002
  0.81441790107499346        7.9522966443465404E-002
  0.82478093107933947        8.4466615515302546E-002
           7
  0.68460526984300052       0.26863817062403311     
  0.67998333378434317       0.26854271371906474     
  0.67523857834217149       0.26561283945670378     
  0.67340336506442888       0.25790929437437510     
  0.68093094314392566       0.25078517208704204     
  0.68593086135455505       0.25117695990906558     
  0.68615404445792516       0.25805628515287288     
           3
  0.85024101358490600       0.22510778212004276     
  0.84497981258227040       0.22956785319363512     
  0.85385385385385382       0.21921921921921922     
           4
  0.45607082606544208       0.74331132499075869     
  0.44596092443750407       0.74370676559344984     
  0.44114262128119514       0.72466735533028803     
  0.44741409464456006       0.72493132221667289     
           5
  0.50343092759227448       0.51322734292749406     
  0.50054887573113716       0.51726930494816348     
  0.48539804048719737       0.50103429232735852     
  0.49117650229791565       0.50288614264714671     
  0.49980821930737124       0.50050636386347858     
           3
  0.57856445863812589       0.19282645584668945     
  0.57603068262453005       0.18168672809035527     
  0.58873021301941963       0.18459116679548335     
           6
  0.79666476039656930       0.40196155001465345     
  0.78927471323179932       0.40676157498651455     
  0.78204693554640126       0.40432652570345207     
  0.78391709587459113       0.38938169990177912     
  0.80009452332003594       0.39014389134738819     
  0.79658553683273436       0.39563101637836084     
           6
  0.54656504404212047       0.24296039506162090     
  0.54388088610359575       0.24953845426593657     
  0.53395364230564479       0.24881220305435783     
  0.54029043760118123       0.23210799667640108     
  0.54698987967394741       0.23140829932696430     
  0.54699025171742044       0.23766123397847980     
           7
  0.72210145660036329       0.34209130244269814     
  0.71455239574555163       0.34574264800576637     
  0.71003063300175118       0.34649196217098416     
  0.70625217720863143       0.34544781833892796     
  0.70668078973356696       0.33427016014175731     
  0.70878058211455985       0.32941914446827925     
  0.71186958128918376       0.33283140852685811     
           3
  0.78623733580056643       0.37829054023928604     
  0.76801973784336341       0.37478324165571525     
  0.77682369879586055       0.36453238633856549     
           3
  0.68368368368368371       0.37837837837837840     
  0.67549349601651598       0.37632744107017840     
  0.68929245289845076       0.36787800016977706     
           4
  0.79292699298389369       0.60800247034630672     
  0.78848874287757031       0.60303037226599354     
  0.78111409124843068       0.59313334317213695     
  0.79921136716503416       0.59370986347364585     
           4
  0.50854593119723446       0.30657815272939143     
  0.50145098191577930       0.30692231397182501     
  0.49022041150251844       0.29820595337463868     
  0.49455677748954496       0.29461439180763987     
           6
  0.84550568709676310       0.37822820035631494     
  0.83539835980043742       0.37982122907366789     
  0.82612067984011373       0.37935614227172909     
  0.82982579892297947       0.36783709236828588     
  0.82949498743254202       0.36102320729209125     
  0.84414103789662831       0.37028488850152386     
           4
  0.60534868367442518       0.23029441977336632     
  0.59098473587167122       0.22954679708705417     
  0.60316001700046251       0.21385730876551395     
  0.60438203169923455       0.22248714393024502     
           6
  0.80476114249557207       0.50977778603358326     
  0.79447131317831932       0.51511118943653433     
  0.79107533430580734       0.50576854639364766     
  0.79685604157122847       0.50329055061122985     
  0.80158919829390773       0.50059216118463223     
  0.80631759586132001       0.50204505577019209     
           5
  0.86405944552878022       0.21784704975932942     
  0.85281077445564590       0.22043192336737372     
  0.84757807741143465       0.22016218580589919     
  0.85147629381536194       0.21470115740648321     
  0.85785785785785784       0.21421421421421422     
           7
  0.46916059430091683       0.40257169941783844     
  0.46343889371018510       0.40814859931364195     
  0.45877929046110283       0.40601872233553560     
  0.45622142995376075       0.41078294111793706     
  0.45319712610558843       0.40090574310777832     
  0.45665991133267925       0.39719429863940081     
  0.46223019006336552       0.39185699619969505     
           5
  0.85455230376218894       0.40929206238555749     
  0.84417822467496284       0.40795789216840356     
  0.83616313950940757       0.40401045960336235     
  0.83564965509488853       0.39806457989492250     
  0.83727629119078684       0.39195530305777188     
           8
  0.86910008310832798       0.27309295010975088     
  0.86229060905352162       0.27553007021246684     
  0.85724429072459785       0.27357175514177895     
  0.85259249384538982       0.27643592675992062     
  0.85228274933253056       0.26610650584824486     
  0.85101942709252054       0.25736267943526581     
  0.85902930011345824       0.25784800399949448     
  0.86645336483218049       0.25684676384305494     
           6
  0.67313358602295503       0.19351573436488456     
  0.66589326466505994       0.19060519789044741     
  0.65810748096127314       0.19119533193878396     
  0.65274527467609744       0.18082775108942908     
  0.65645454919942470       0.17604538408263568     
  0.66831818411616783       0.18116842152130982     
           8
  0.64851593458354662       0.18782194549678494     
  0.64317353469866956       0.19482150976856949     
  0.63867303140419118       0.19529016069663377     
  0.62991324197247989       0.19068610658530194     
  0.63200805329248777       0.18625680552372104     
  0.63476353560755616       0.17945524903162535     
  0.63923770911030553       0.17818842309084296     
  0.64555038285761190       0.17676538854223384     
           8
  0.82433795333810522       0.53263477070840903     
  0.82130318164233418       0.53613587292620379     
  0.80754853499797097       0.53206181741275549     
  0.80570709212001845       0.52483038983621466     
  0.80726746471981059       0.51986442121203458     
  0.81577929021808271       0.52178977204385646     
  0.82197814642166556       0.52158402997569608     
  0.82495333967923057       0.52640899586710099     
           8
  0.78805202485834858       0.29391444094003588     
  0.78609001797391931       0.30072011622949923     
  0.78071604118454674       0.30287168780958362     
  0.77901746686926954       0.29888760540196480     
  0.77802033084708322       0.28356539122120067     
  0.78174617473880303       0.28381457738449539     
  0.78824787319322687       0.28310494672018277     
  0.79211661353398610       0.28707016417389764     
           3
  0.68813219160413885       0.60594984064319768     
  0.67996151259432214       0.59522727175625201     
  0.69401529467964040       0.59960088986079674     
           4
  0.86686686686686687       0.30530530530530531     
  0.85840671454115702       0.30943230754697010     
  0.85727732132022949       0.30093112866483585     
  0.85922184609901542       0.29478812687975869     
           3
  0.78653200168847426       0.35222894124419518     
  0.78135902476713948       0.34601442982974534     
  0.79189745919851062       0.33310145173839295     
           3
  0.82848215604181408       0.48388337264163256     
  0.81211307656669118       0.48031957032902695     
  0.81343655221138866       0.46936618864124630     
           7
  0.80026322216863643       0.25267466497445018     
  0.78693682662351538       0.25238307128165782     
  0.78093905579831757       0.24565990276156388     
  0.77933916094290523       0.23844797222005173     
  0.78333794963161651       0.24053720245698387     
  0.78617106444015594       0.23435966164196631     
  0.79215847161696173       0.23517780480960793     
           5
  0.67322603446922513        4.1988478061946374E-002
  0.66209781081268637        4.9611324316357591E-002
  0.66111093261371545        3.8415531744924541E-002
  0.66449852543847687        3.3021480123286873E-002
  0.67163368281163538        3.5347463446358182E-002
           6
  0.72080108848562219       0.53680419348226249     
  0.71541077777026441       0.53788129243404004     
  0.70687764449414170       0.53542434726175592     
  0.71391045047754331       0.52133325631648619     
  0.72278032351094301       0.52506745910421759     
  0.72375556675871766       0.53002604174031998     
           5
  0.71991216454796048        9.5536439166416395E-002
  0.71648576019275589       0.10069774967501602     
  0.70220088432724159        8.2697670794049979E-002
  0.71278013304325649        8.2643122019617404E-002
  0.71593428758608235        8.7322373822578458E-002
           5
   1.0010878147202440       0.52939686046373657     
  0.98643138494556126       0.53500152087748831     
  0.98493136895752020       0.52368558251667996     
  0.99268199523385636       0.52117341141225004     
   1.0006067750178078       0.52184961391712670     
           5
  0.76270222056623593       0.53401448795452378     
  0.76228607083648503       0.54430832835353260     
  0.74341773338702233       0.54181523960302469     
  0.75465675824651646       0.52434866487196952     
  0.76046514615166338       0.52433794473456385     
           8
  0.57211848041181013       0.21773931817069297     
  0.57702478064050711       0.22228880714994273     
  0.56710265652237668       0.22347060809550162     
  0.56405278787195068       0.22565241318607976     
  0.55983263291518082       0.22618480714134126     
  0.55900541863751063       0.20603152910396311     
  0.56839456604687322       0.20785048535626299     
  0.57361976666438541       0.20833538926443515     
           8
  0.67131543383093184        7.7680312745751309E-002
  0.66876256951784918        8.2277161861009612E-002
  0.66449241529953562        8.3856032915202383E-002
  0.65555151303252279        8.5305794648472863E-002
  0.65763833416969231        7.2793100503101102E-002
  0.65996351794652930        6.9866978391679643E-002
  0.65835757648109128        6.6202681380482506E-002
  0.67167141388650076        6.5775637407206572E-002
           4
  0.94480236682540975       0.40853181403062733     
  0.93816821229457126       0.41271994293319103     
  0.92833480818837055       0.41156226747345209     
  0.93644016400246088       0.39716256976330649     
           6
  0.59485629777564442       0.21902946807610210     
  0.58647852941505052       0.21950005401614925     
  0.58517666295013882       0.21501609072465441     
  0.58455916250525641       0.20674472536728228     
  0.58529598446090558       0.20113096410588291     
  0.59636001895739643       0.20848019055069436     
           6
  0.65559305898732978       0.14816079032858781     
  0.64280991352865147       0.14925628484808937     
  0.63759824288133471       0.14478897190024961     
  0.63987442442964593       0.13863185917416077     
  0.63644741284323081       0.13358743472801612     
  0.64752093840056679       0.13217610762339591     
           8
  0.72990011497544038       0.30875558096281397     
  0.71931601822433122       0.31146761049458332     
  0.71556643087136906       0.31181950251887858     
  0.71192989198814027       0.29802827550787048     
  0.71297963346661664       0.29300252275049099     
  0.71747258879310760       0.29188278373592330     
  0.72466665855428847       0.29572299516059908     
  0.72843159622916254       0.30094874374957359     
           7
  0.91995412157523360       0.24112721996115505     
  0.91174517205198624       0.23926478289226702     
  0.91004780519570527       0.23453986218732809     
  0.91236651619187514       0.22799872363774132     
  0.91193824642336363       0.22390248740627550     
  0.92135758674294632       0.22834324620791832     
  0.92659926333352916       0.23229000810933109     
           8
  0.60035895874848444       0.15801579000278382     
  0.58995254241011719       0.16008908266839297     
  0.58785474759197520       0.15644393388249070     
  0.58735014686996079       0.15256406257265404     
  0.59439071629175300       0.14274547077841754     
  0.59939449085252861       0.14484713056630538     
  0.60763217531008773       0.14586177074267942     
  0.60546476526448711       0.15013118627109173     
           4
  0.76176176176176180       0.36036036036036034     
  0.75475480305315712       0.36713997356957329     
  0.75497569190313596       0.35649438371248965     
  0.76386647731963386       0.35411478123881590     
           3
  0.76172478871792193       0.37699947827901703     
  0.76176176176176180       0.36736736736736736     
  0.76635559083808447       0.35783001772849310     
           5
  0.69227545326958373        6.4249690069531670E-002
  0.68470271480531286        6.9608884735129148E-002
  0.67744221038040608        6.4035167342468349E-002
  0.67830647919086096        5.4891326845545041E-002
  0.69054785164904908        5.6199526071603306E-002
           5
  0.82549906012263785       0.47104360369554177     
  0.82362079146432343       0.47591933497418581     
  0.81561355266162605       0.47763811308269399     
  0.80756640688510573       0.46071303319372792     
  0.81919823716914075       0.46129691333066541     
           3
  0.80648491691478164       0.28413935215605013     
  0.81381381381381379       0.28228228228228230     
  0.82258572027176813       0.28019118932480735     
           6
  0.78593491901657919       0.54339542847502265     
  0.77987866340407019       0.54234471700752240     
  0.76812035716518823       0.54057423006720040     
  0.76969654164686729       0.52790873891239243     
  0.78329192348678200       0.52661363517972837     
  0.78274166469605944       0.53363886401583849     
           8
  0.97142690843202806       0.73256290928284784     
  0.96461473374888351       0.73167977219798419     
  0.96098392410789557       0.73004151294406927     
  0.95443069012458737       0.72701217715968369     
  0.95744751618594492       0.71638322040705560     
  0.96180404026273381       0.71503504713101651     
  0.96824184934287016       0.71330138679383648     
  0.96975521564122225       0.71761537244075202     
           8
  0.81574731667161082       0.18731043002921116     
  0.80885134914543322       0.18743929041021642     
  0.80126691405085293       0.18552463428798097     
  0.79532471379486491       0.18725355002526345     
  0.79751385944431230       0.16967159870976981     
  0.80207446009649008       0.16959835959689265     
  0.80778151633991224       0.17030913422901356     
  0.81368390949189418       0.17264947415168866     
           6
  0.69647013687673942       0.15111443010544678     
  0.68110663694861162       0.15754095190790071     
  0.67960881783207505       0.14107862962871826     
  0.68563004590862420       0.14239039032645712     
  0.69072365819853876       0.13990344519565182     
  0.69625316293141482       0.14341941589973400     
           8
  0.72807904285700975       0.13932022469064020     
  0.72704943855597137       0.14623789230399573     
  0.71534513672461952       0.14763161191718160     
  0.70834885989960439       0.14463021846552829     
  0.71086292592508338       0.14002320064196166     
  0.71067620842034684       0.13601774387987950     
  0.70957565571403280       0.12844325623435973     
  0.72787689360452890       0.12836860335040801     
           7
  0.87674072180589058       0.16947011874781073     
  0.87562962339152528       0.17396533070509920     
  0.86133835512311141       0.17473574616957410     
  0.86549538352057920       0.16496535235602922     
  0.87180043714993039       0.16167860521408306     
  0.87586669197460432       0.16180269365734665     
  0.88057470323855647       0.15717661233523245     
           4
  0.71817219542561450       0.27371634126889643     
  0.71031884149440350       0.27452215191484924     
  0.70778712029543167       0.25584849025064749     
  0.72229386423663333       0.25862622411137604     
           3
  0.71371371371371373       0.24224224224224225     
  0.71342253878109030       0.24952734263073612     
  0.71197976751381020       0.23273175035537519     
           4
  0.85496766229285204       0.30299426131683727     
  0.84968000901201624       0.30459752725852129     
  0.85550112210079932       0.28707835038188600     
  0.86196219129812335       0.29765464998021568     
           8
  0.54420162778728920       0.17659985255962610     
  0.53744597517921389       0.17912615706500196     
  0.53070371313889830       0.17532711579689855     
  0.53166922031370578       0.16389373159919829     
  0.53313452447821696       0.15974229635224579     
  0.53981894140347075       0.15893016452283604     
  0.54401536857099786       0.15926224805070263     
  0.54190441576736359       0.16585145520862518     
           5
  0.90833140335812368       0.25627908617305756     
  0.89826550533529204       0.26003206016675090     
  0.89219395420389447       0.25432478249756585     
  0.89172907914046384       0.24500680231377187     
  0.89553024715766893       0.24915246670932475     
           6
  0.88372305678568508       0.37369758851957974     
  0.86741152097471352       0.36967847385481134     
  0.87120586285663792       0.36427029082061269     
  0.87260464331108123       0.35688874773333940     
  0.87872229827182768       0.35918282434448073     
  0.88305499509115204       0.35702736614770120     
           4
  0.88297942517357575       0.22463444904572508     
  0.87156051346991559       0.22669086934442126     
  0.86606175791508655       0.21411129291363315     
  0.87624916945207454       0.21227959162323271     
           8
  0.96664479905549494       0.61918892710073203     
  0.94997116793557090       0.62946843239036643     
  0.95113952245248679       0.61968486025690983     
  0.94983764526205050       0.61502063307253108     
  0.94794260274513487       0.61142794424799352     
  0.95326541876231108       0.61183594187376633     
  0.96451556606923294       0.61302752788688086     
  0.96365348985966270       0.61695320815739596     
           3
  0.68068068068068066       0.53553553553553557     
  0.67345224052461627       0.54300095273929661     
  0.68054881156416935       0.52784447655503808     
           3
  0.69206669246812480       0.19198008007513084     
  0.69348135598471783       0.17809534113265191     
  0.71164260710919114       0.18113849612377861     
           6
  0.69453906835025514       0.50624389002770021     
  0.68546787612203297       0.50550884496335402     
  0.67933006289521414       0.50096841681917814     
  0.68209822018475030       0.49684913974138750     
  0.69711630126104984       0.49051802972813346     
  0.69526705308087811       0.49934509927896825     
           8
  0.83774356785283455       0.51206276846601939     
  0.83860359517375560       0.51577061996199736     
  0.83803943640672451       0.52055956509467938     
  0.82379201024346216       0.52197318420963601     
  0.81929550543437024       0.50550597244292061     
  0.82455445150074325       0.50521639089773362     
  0.83107104470184856       0.50242754794995703     
  0.83878701445722315       0.50641207514851150     
           6
  0.74785701266267712       0.56185228968727385     
  0.74219894357327620       0.56411914847242461     
  0.73798382403973961       0.56514349412218690     
  0.73255180403143672       0.55935436088459645     
  0.73314956550479826       0.55139185658988199     
  0.74989297833779045       0.55703051227396150     
           3
  0.72363605492747607        6.9495848362220503E-002
  0.71141820411296730        6.3858483169349445E-002
  0.72260770772649241        5.5472393300257911E-002
           3
  0.77170853099260917       0.45636151774360362     
  0.75733185123787417       0.45197399457914561     
  0.76237270534786350       0.44623358860484980     
           6
  0.50605761522611203       0.14793903485476442     
  0.49452252741136909       0.15364150932056880     
  0.49053367684687843       0.15030551968854960     
  0.49000583554870070       0.13444411443982732     
  0.50184300122230419       0.13642521700917312     
  0.50655378032788245       0.13624904660337772     
           8
  0.92421739698293670       0.50984257972432667     
  0.92124388293114268       0.51220542358041876     
  0.91413771745431782       0.51335040406430055     
  0.91107991934025656       0.50846932371673836     
  0.90990431132242866       0.50151631425567822     
  0.90868993562637124       0.49506758783540761     
  0.91418690524911261       0.49866560531608406     
  0.92574243588446381       0.49999199046748805     
           3
  0.80701201678772028       0.19193479292274451     
  0.80380380380380378       0.18318318318318319     
  0.80135028394725205       0.17469419081301982     
           6
  0.72947319761160412       0.46036225208166748     
  0.71254742522595538       0.46085843530418730     
  0.71103960769697494       0.44462960825506864     
  0.71521207765677675       0.44197033282850456     
  0.72204069166010310       0.44569930280416903     
  0.73061384666826512       0.44769424566889021     
           6
  0.86260920389313123       0.35962145727345873     
  0.85101356877758338       0.35736632614917624     
  0.84676070951185411       0.35513704223657838     
  0.84652378865696043       0.34874794524728220     
  0.84416042727226492       0.34106106147900822     
  0.86269751076176926       0.35033828156409663     
           3
  0.86118249136893665       0.29879576698246535     
  0.84879652121718885       0.30724792310575449     
  0.84973160327171871       0.28928998192163474     
           4
  0.76593720512975250       0.49562773537340316     
  0.74739783999302145       0.49007207364238736     
  0.76343094897096264       0.48425297111441973     
  0.76456013725111172       0.48930971033371373     
           6
  0.75575887805846120       0.41585090638817718     
  0.75505833566501657       0.42121182186870437     
  0.74194837286210247       0.41951924158389459     
  0.74228181915848035       0.40751250515979359     
  0.75573047496894374       0.40124141709253630     
  0.75490100023063111       0.40620038197850139     
           6
  0.83422445760575192       0.13114578111092248     
  0.82911578344687131       0.13290311428739704     
  0.82500932580999886       0.13019761391631296     
  0.82172113883248399       0.12353760848107487     
  0.82353538829358508       0.11545591361514945     
  0.83776407046139456       0.11453098762358328     
           4
  0.75407734690260164       0.22506256093915791     
  0.74364546019557265       0.21974740043906582     
  0.74730949829554316       0.21192212535349775     
  0.75947819680254092       0.21180612242780442     
           3
  0.94994994994994997       0.55655655655655656     
  0.94863283189127057       0.54815428590084714     
  0.95651632126543851       0.54900442551241091     
           4
  0.85385385385385382       0.59659659659659658     
  0.84830125871629680       0.60465763503690295     
  0.84713535416388219       0.59251395560375142     
  0.85430636719124886       0.58746247145076347     
           6
  0.77131422796159144       0.57933411823590120     
  0.76519693381924836       0.58310431653084616     
  0.76000799675891129       0.58209757031123355     
  0.75614711448603456       0.58399528987992300     
  0.75863808132617072       0.56978309363690383     
  0.77154001486972790       0.56687178524792647     
           8
  0.65871931433097086       0.28609344449462865     
  0.66198605061179483       0.28981981863865652     
  0.65549294994362983       0.28779023142815829     
  0.64733442158194776       0.29197219092078519     
  0.64361948500028243       0.28573075002554543     
  0.65047110896629967       0.27653073165963687     
  0.66036951402253208       0.27636008867990891     
  0.65972148558049049       0.28086971623208423     
           8
  0.75356784418847078       0.26371948805845752     
  0.75001361040536285       0.26598097174937596     
  0.74766804632940054       0.26292903280822644     
  0.73803755626925616       0.26454226266436537     
  0.74055995592944246       0.25275643183969271     
  0.73873483974876553       0.24647798396639181     
  0.74620552894024983       0.25081399659880466     
  0.75295503790903262       0.25020455473524333     
           3
  0.68201286777715564        5.8301436835687566E-002
  0.67530488494461882        4.1664194599959535E-002
  0.68853726406681026        3.9416891610040569E-002
           4
  0.84226314173924699       0.36981060918489267     
  0.83505429874815074       0.37009194233145964     
  0.83229018171967473       0.35797748046163941     
  0.84890560722936859       0.35806256142549114     
           4
  0.83859383755359573        7.4968890521019516E-002
  0.82945434955293762        6.2255287042792110E-002
  0.84243881894721828        5.8240313086805696E-002
  0.84750872610372430        5.6998622045740813E-002
           5
  0.85734994946493537        3.2297722178822541E-002
  0.84139312379761855        3.7099725926725120E-002
  0.83956402755594939        2.7032197898405851E-002
  0.83969754159028021        2.0300196707960662E-002
  0.85267104881271305        2.1355415324976097E-002
           8
  0.61111156768959662       0.60123221563675555     
  0.61420201298817911       0.60791488341994060     
  0.60734330479843446       0.60322336183226366     
  0.59853122838505302       0.60328527594691461     
  0.59797145535851615       0.59764695497756426     
  0.59515014704100244       0.59191017399552204     
  0.61370425024360009       0.59275328898593138     
  0.61125275170822602       0.59720203067313771     
           6
  0.77303442832509639       0.52542792222086454     
  0.76843865386822852       0.52330387201381101     
  0.75636769977083562       0.52551123873306294     
  0.75577240359114983       0.51180412889711757     
  0.76159725775272769       0.51509195918971884     
  0.77236922623174642       0.51474981364068051     
           6
  0.84562745440625131       0.25268425730507083     
  0.83939719424848236       0.25094878253235403     
  0.83195555864223969       0.25112053918395622     
  0.83378585770987013       0.23933475985159688     
  0.84487792161664055       0.23397844699244685     
  0.84942274539426021       0.24219309858660595     
           6
  0.89643916111922928       0.13663012786278469     
  0.88905783206249422       0.14071318305132896     
  0.88757191349836528       0.13495203026860966     
  0.88765246123841257       0.12146879021448731     
  0.89426578295093540       0.12473171187186388     
  0.90153332250703111       0.12233726927822186     
           4
  0.84764096985465709       0.73679834728003102     
  0.83977427516325964       0.74476661958559520     
  0.82857609222989836       0.73348699084784541     
  0.83017635976545878       0.72592795499063922     
           7
  0.59424255449964614       0.47065991724230277     
  0.58857712100055171       0.47536075218994045     
  0.57607535438211399       0.47280504414357422     
  0.57890238970860863       0.46962265683648041     
  0.57863892567791764       0.45884903880115474     
  0.59686263011218454       0.45981488916336616     
  0.59614077576821956       0.46457408024099411     
           3
  0.57523790243244743       0.22625400620864819     
  0.58258258258258255       0.21621621621621623     
  0.58996558243552633       0.21917964059010170     
           3
  0.68819249383913506       0.19240936114434387     
  0.67336671761944744       0.19147954265817990     
  0.68168168168168164       0.18718718718718719     
           4
  0.75568475164013804       0.19164580764888955     
  0.74835678544783857       0.18811065460352860     
  0.74825233333429420       0.17845591893168811     
  0.76312456244773430       0.18183926179424106     
           6
  0.92197417852166685       0.10449399058825834     
  0.91453646600869809       0.10749737095559783     
  0.91857848732829561        9.9986370864093482E-002
  0.91665199291067045        9.3646627978891755E-002
  0.93129213168105673        8.7688879757488195E-002
  0.93387560217498611        9.2659672614913313E-002
           4
  0.74161794219400834       0.63084646782524012     
  0.73173173173173178       0.62562562562562563     
  0.72249380276420350       0.62014823137286779     
  0.72885279750579668       0.61896188687957476     
           5
  0.42520864378749340       0.69179427056015208     
  0.42010992159316812       0.69253745884441165     
  0.42047486145818419       0.68397808935798687     
  0.41827173855967592       0.67699043217187482     
  0.42842842842842843       0.68468468468468469     
           5
  0.73312407540103641       0.41694107754301835     
  0.72851851578845783       0.41863472848006372     
  0.72450081666765898       0.41423689084790705     
  0.72038185382325337       0.41170238393143471     
  0.72572572572572569       0.40840840840840842     
           8
  0.79204607249475900       0.34486648064253617     
  0.78828523593727828       0.34546440714205240     
  0.78575191685062273       0.34200425047169214     
  0.78312766959669333       0.34584030663221638     
  0.78450121777932724       0.33507200417670496     
  0.78278633192943403       0.33038978088427934     
  0.78674540808486126       0.33813771690518196     
  0.79426676218647796       0.33158020662091114     
           3
  0.68770531662218581       0.14744149913941426     
  0.67181904688430227       0.13910471501650376     
  0.68739070340678299       0.13942220116408433     
           6
  0.80788052146973621       0.26784816073066903     
  0.80378945486279441       0.27140448064301503     
  0.79913244123531890       0.27072917071727975     
  0.79012397472562657       0.27249519465415012     
  0.79206944481983210       0.26120550748019850     
  0.78899417549216710       0.25717016314742153     
