   992.00000000000000     
   109.00000000000000     
         283
           8
   7.0000000000000000     
   3.0000000000000000     
   3.0000000000000000     
   5.0000000000000000     
   4.0000000000000000     
   8.0000000000000000     
   1.0000000000000000     
   2.0000000000000000     
   9.0000000000000000     
   5.0000000000000000     
   2.0000000000000000     
   2.0000000000000000     
   4.0000000000000000     
   1.0000000000000000     
   3.0000000000000000     
   4.0000000000000000     
   10.000000000000000     
   2.0000000000000000     
   2.0000000000000000     
   3.0000000000000000     
   9.0000000000000000     
   2.0000000000000000     
   1.0000000000000000     
   6.0000000000000000     
   8.0000000000000000     
   9.0000000000000000     
   7.0000000000000000     
   8.0000000000000000     
   8.0000000000000000     
   4.0000000000000000     
   6.0000000000000000     
   2.0000000000000000     
   7.0000000000000000     
   5.0000000000000000     
   10.000000000000000     
   4.0000000000000000     
   9.0000000000000000     
   6.0000000000000000     
   8.0000000000000000     
   1.0000000000000000     
   5.0000000000000000     
   5.0000000000000000     
   8.0000000000000000     
   5.0000000000000000     
   5.0000000000000000     
   4.0000000000000000     
   8.0000000000000000     
   3.0000000000000000     
   6.0000000000000000     
   7.0000000000000000     
   7.0000000000000000     
   9.0000000000000000     
   9.0000000000000000     
   5.0000000000000000     
   4.0000000000000000     
   3.0000000000000000     
   9.0000000000000000     
   3.0000000000000000     
   7.0000000000000000     
   9.0000000000000000     
   1.0000000000000000     
   6.0000000000000000     
   2.0000000000000000     
   8.0000000000000000     
   9.0000000000000000     
   2.0000000000000000     
   6.0000000000000000     
   7.0000000000000000     
   7.0000000000000000     
   7.0000000000000000     
   10.000000000000000     
   10.000000000000000     
   5.0000000000000000     
   5.0000000000000000     
   8.0000000000000000     
   7.0000000000000000     
   3.0000000000000000     
   2.0000000000000000     
   3.0000000000000000     
   3.0000000000000000     
   1.0000000000000000     
   9.0000000000000000     
   4.0000000000000000     
   2.0000000000000000     
   1.0000000000000000     
   5.0000000000000000     
   5.0000000000000000     
   5.0000000000000000     
   6.0000000000000000     
   4.0000000000000000     
   8.0000000000000000     
   9.0000000000000000     
   2.0000000000000000     
   2.0000000000000000     
   8.0000000000000000     
   5.0000000000000000     
   6.0000000000000000     
   8.0000000000000000     
   7.0000000000000000     
   10.000000000000000     
   5.0000000000000000     
   1.0000000000000000     
   6.0000000000000000     
   1.0000000000000000     
   1.0000000000000000     
   9.0000000000000000     
   7.0000000000000000     
   6.0000000000000000     
   3.0000000000000000     
   4.0000000000000000     
   7.0000000000000000     
   7.0000000000000000     
   6.0000000000000000     
   3.0000000000000000     
   6.0000000000000000     
   10.000000000000000     
   2.0000000000000000     
   3.0000000000000000     
   4.0000000000000000     
   5.0000000000000000     
   9.0000000000000000     
   8.0000000000000000     
   5.0000000000000000     
   3.0000000000000000     
   10.000000000000000     
   2.0000000000000000     
   3.0000000000000000     
   9.0000000000000000     
   9.0000000000000000     
   9.0000000000000000     
   5.0000000000000000     
   2.0000000000000000     
   9.0000000000000000     
   9.0000000000000000     
   4.0000000000000000     
   7.0000000000000000     
   5.0000000000000000     
   3.0000000000000000     
   8.0000000000000000     
   9.0000000000000000     
   3.0000000000000000     
   1.0000000000000000     
   10.000000000000000     
   8.0000000000000000     
   2.0000000000000000     
   5.0000000000000000     
   9.0000000000000000     
   10.000000000000000     
   6.0000000000000000     
   10.000000000000000     
   10.000000000000000     
   7.0000000000000000     
   1.0000000000000000     
   9.0000000000000000     
   2.0000000000000000     
   1.0000000000000000     
   1.0000000000000000     
   8.0000000000000000     
   6.0000000000000000     
   1.0000000000000000     
   10.000000000000000     
   10.000000000000000     
   5.0000000000000000     
   10.000000000000000     
   6.0000000000000000     
   10.000000000000000     
   3.0000000000000000     
   1.0000000000000000     
   7.0000000000000000     
   3.0000000000000000     
   7.0000000000000000     
   4.0000000000000000     
   8.0000000000000000     
   3.0000000000000000     
   1.0000000000000000     
   9.0000000000000000     
   2.0000000000000000     
   9.0000000000000000     
   5.0000000000000000     
   1.0000000000000000     
   2.0000000000000000     
   5.0000000000000000     
   3.0000000000000000     
   3.0000000000000000     
   3.0000000000000000     
   3.0000000000000000     
   3.0000000000000000     
   10.000000000000000     
   10.000000000000000     
   9.0000000000000000     
   7.0000000000000000     
   4.0000000000000000     
   9.0000000000000000     
   7.0000000000000000     
   1.0000000000000000     
   3.0000000000000000     
   3.0000000000000000     
   5.0000000000000000     
   3.0000000000000000     
   5.0000000000000000     
   1.0000000000000000     
   3.0000000000000000     
   6.0000000000000000     
   9.0000000000000000     
   6.0000000000000000     
   10.000000000000000     
   8.0000000000000000     
   2.0000000000000000     
   6.0000000000000000     
   2.0000000000000000     
   10.000000000000000     
   10.000000000000000     
   6.0000000000000000     
   10.000000000000000     
   10.000000000000000     
   7.0000000000000000     
   6.0000000000000000     
   6.0000000000000000     
   1.0000000000000000     
   8.0000000000000000     
   6.0000000000000000     
   5.0000000000000000     
   3.0000000000000000     
   1.0000000000000000     
   9.0000000000000000     
   4.0000000000000000     
   8.0000000000000000     
   8.0000000000000000     
   5.0000000000000000     
   4.0000000000000000     
   3.0000000000000000     
   3.0000000000000000     
   6.0000000000000000     
   9.0000000000000000     
   10.000000000000000     
   2.0000000000000000     
   3.0000000000000000     
   3.0000000000000000     
   1.0000000000000000     
   1.0000000000000000     
   7.0000000000000000     
   8.0000000000000000     
   6.0000000000000000     
   5.0000000000000000     
   5.0000000000000000     
   4.0000000000000000     
   2.0000000000000000     
   10.000000000000000     
   2.0000000000000000     
   1.0000000000000000     
   2.0000000000000000     
   3.0000000000000000     
   3.0000000000000000     
   6.0000000000000000     
   5.0000000000000000     
   5.0000000000000000     
   1.0000000000000000     
   8.0000000000000000     
   8.0000000000000000     
   3.0000000000000000     
   1.0000000000000000     
   8.0000000000000000     
   1.0000000000000000     
   7.0000000000000000     
   6.0000000000000000     
   6.0000000000000000     
   3.0000000000000000     
   10.000000000000000     
   5.0000000000000000     
   1.0000000000000000     
   9.0000000000000000     
   8.0000000000000000     
   5.0000000000000000     
   2.0000000000000000     
   9.0000000000000000     
   4.0000000000000000     
   4.0000000000000000     
   8.0000000000000000     
   7.0000000000000000     
   6.0000000000000000     
   3.0000000000000000     
   6.0000000000000000     
   8.0000000000000000     
           1
  0.67943548387096775       0.83165322580645162     
           8
  0.56375986230064035       0.54900615730990665     
  0.55361859831999349       0.54593324636513108     
  0.54512195764253712       0.54728015844495359     
  0.54230026961076683       0.54173423954698419     
  0.54237727937621416       0.53650300846900811     
  0.54519981518621197       0.52741899472630094     
  0.55160705624224060       0.52583887830538811     
  0.56482557222035989       0.52681862451065398     
           8
   5.1168181525802103E-002  0.31681332533011947     
   4.2814816498390799E-002  0.32927515898476117     
   3.5989221462621193E-002  0.31706547623639797     
   3.0305083488200931E-002  0.31397319372789190     
   3.0687954621508348E-002  0.30897361908940485     
   4.0326971558844606E-002  0.30331453564238958     
   4.7504391600544635E-002  0.30854612450770952     
   5.7023533169870605E-002  0.30963962261366451     
           5
  0.54030959547851176       0.43339721999984016     
  0.53261675650474738       0.42908203293690950     
  0.53868351598432862       0.42297924054949826     
  0.55771454491263850       0.41875888878336304     
  0.55767716588472616       0.42585747548183051     
           8
   5.6932645621919346E-002  0.59811924321430221     
   4.6825913230052502E-002  0.59784791869324094     
   3.8622943102726695E-002  0.59668520280245363     
   3.4278884742005480E-002  0.59104876591189104     
   3.6668067071437618E-002  0.57598521442878836     
   4.5267853687511087E-002  0.57549961408512063     
   5.2015211338167278E-002  0.57230792418358489     
   5.7216517900854018E-002  0.57532277780471064     
           4
  0.18612227762024752       0.46161566339473725     
  0.17125573501559005       0.45677352127933046     
  0.17099352050315056       0.43927248983312361     
  0.19259233277230825       0.44724603051385992     
           6
  0.38018101304492341       0.63285634216267661     
  0.36826999470059119       0.63041939008584558     
  0.35830068776050833       0.62957432889593345     
  0.35971775310876003       0.62139505618922586     
  0.36250082510651410       0.61324920019646745     
  0.37871247916829398       0.61348175641612557     
           8
  0.30084592038616992       0.73123514705218240     
  0.30321912944580998       0.73649426327372480     
  0.29152996723918045       0.73746158857250466     
  0.27848350402177513       0.74031846068496332     
  0.28237166361949467       0.73647783496341013     
  0.27757683629164992       0.72094519085514297     
  0.29043931550999597       0.71587316672698598     
  0.29660619100487579       0.71746484748141470     
           5
   4.6033319618349888E-002  0.43865748152413109     
   3.5760181887387284E-002  0.44283012989341825     
   2.4350969544814173E-002  0.44171258685348197     
   3.6290322580645164E-002  0.42943548387096775     
   4.5446945213608682E-002  0.43104544775827625     
           3
  0.41431451612903225       0.41129032258064518     
  0.40011526684260357       0.41677296445426942     
  0.42784314907405319       0.39738996719530872     
           8
  0.18147088163226874       0.45078372148896001     
  0.18050423621819647       0.46299300472201843     
  0.16497129451412682       0.46285522707709992     
  0.16532212930465220       0.43923458288129086     
  0.17935144951117332       0.43672949750283979     
  0.17936384622539320       0.44293128422622385     
  0.18470889480154248       0.43602068806999672     
  0.18470941956796813       0.44484043738560836     
           4
   3.2836968869450651E-002  0.34797901625305366     
   1.5353808972343213E-002  0.34766845510381950     
   1.2682669748654722E-002  0.33108471835499026     
   2.0783847910855066E-002  0.32526381367383705     
           4
   4.2185666177299276E-002  0.44137964637752669     
   2.5508494459108043E-002  0.44327653386973576     
   3.7545313138471731E-002  0.42302765987872870     
   4.7407960250268555E-002  0.42171054828680798     
           5
  0.63057813431050191       0.47302395851153645     
  0.60815115360215477       0.46548037180714180     
  0.60818503918077860       0.45742446553750443     
  0.62936368115412422       0.44995992415115638     
  0.63326268406438624       0.45509160447103947     
           3
   5.6217354828836746E-002  0.54265955171264102     
   5.2419354838709679E-002  0.53125000000000000     
   6.3367238329590736E-002  0.51826261654810568     
           7
  0.12802280565455179       0.23077248955500290     
  0.12748202244263265       0.23856955948850150     
  0.12288594583639170       0.24240804272199123     
  0.11874641244338477       0.23767632231207639     
  0.10469207834816244       0.22407255862988706     
  0.10237730397924893       0.21905488490859171     
  0.10773298120360296       0.21750873126908182     
           5
   3.8877555664888257E-002  0.31909017216428703     
   3.2784542533740038E-002  0.31712596231565771     
   2.1425092082251827E-002  0.31487882474883316     
   3.7688816318871311E-002  0.29502002888688617     
   3.9636037925237406E-002  0.30258626282011442     
           6
  0.24359248236269554       0.64701809948057476     
  0.24297431304027134       0.65372116910679701     
  0.23259444042986255       0.65447025984607399     
  0.22326523512528304       0.64011747792072027     
  0.23511909583200122       0.63489787784955365     
  0.24340140736704280       0.64113873295795276     
           6
  0.31247289623358593       0.58687948112287736     
  0.30803411382821905       0.57753579792370835     
  0.30383893713394305       0.56172043500600288     
  0.30984749521208743       0.55929709321029630     
  0.32188398523164941       0.56240297524183169     
  0.33023981164395461       0.56243109618939247     
           6
  0.29971068587889876       0.75379729492342062     
  0.28927214202070239       0.75032912863740320     
  0.28218964171339578       0.75209374367084869     
  0.28390569903622309       0.74420639971145586     
  0.28018144631762054       0.73048997698965634     
  0.30577674116047765       0.73585904671094937     
           8
  0.56112053688853913       0.46161792445785271     
  0.54426249108104341       0.45581083056181915     
  0.53920181601692163       0.44834918590012612     
  0.54043522392808729       0.44344328826124296     
  0.54874778485943909       0.43827200357460516     
  0.55707786633014611       0.43878301073294573     
  0.55337195142992723       0.44448488848324946     
  0.56687917453623782       0.44617039811468795     
           8
  0.33328578168786271       0.71394261230236389     
  0.32735770502586414       0.71172567368983175     
  0.31670656550399279       0.71610131046157444     
  0.31126272232935159       0.70864794443637058     
  0.31117621126992040       0.69858363407736290     
  0.31812777176403184       0.69088271823518077     
  0.32096828772609792       0.69520570720306907     
  0.32845671146471689       0.70046045306955329     
           7
  0.68943314924817189        1.0048569772385019     
  0.67807059304224315        1.0081685074097630     
  0.66966165885028484        1.0107927144440898     
  0.67303178976346867       0.99288492204887635     
  0.68076535954377049       0.98867778314638921     
  0.68848531924466227       0.98675437007831479     
  0.69474192026396364       0.99467879166414142     
           7
   5.8255667079185398E-002  0.87084955063421299     
   4.9365247703156853E-002  0.86714383580766552     
   3.2492217617540751E-002  0.86940285133336981     
   3.5790261777122190E-002  0.85283172616481251     
   4.7340169050677831E-002  0.85056858680579661     
   5.4075414000821685E-002  0.84594852856351566     
   5.6995203877005116E-002  0.85421529184075506     
           6
  0.46565994682353207       0.52507022671777304     
  0.46150661008193861       0.51937395709514556     
  0.44868695922969931       0.52229879762797105     
  0.44681133422468050       0.50515790751785905     
  0.47217747235210356       0.49993605517226969     
  0.46942709144823974       0.50882884128885153     
           3
  0.13797816731044565       0.46180742333409791     
  0.12249904265378365       0.44205943954856691     
  0.14249782702985375       0.44428614074231487     
           8
   4.3413935923465777E-002  0.31112436658813619     
   4.8677320553668739E-002  0.31785781379337036     
   4.0393579913289679E-002  0.31647652658781183     
   3.0164713867904265E-002  0.31388132039218669     
   2.1394309311692228E-002  0.30576679051967487     
   2.5046853867502467E-002  0.29830431490272541     
   4.5107037260133501E-002  0.29283680027481784     
   4.8355240308708108E-002  0.30494236171532996     
           4
  0.15696006983906313       0.67401707963930901     
  0.14086481430381423       0.66635374974354855     
  0.14287441642808935       0.65384331970293719     
  0.15882165559736772       0.65735013939390330     
           6
  0.56691235716009014       0.59236609226497838     
  0.55420930925163403       0.59129579988091041     
  0.54232413728428797       0.59008078616054593     
  0.54220641943877890       0.57533776577017415     
  0.54394833914125862       0.56894131697952721     
  0.56854756905318027       0.58300105228391652     
           3
  0.57015644695928780       0.59800514841613750     
  0.55692278373135684       0.60235244641579133     
  0.56350806451612900       0.58971774193548387     
           6
  0.30825021834409705       0.67193801680906251     
  0.30222069392222206       0.66852251524400375     
  0.29478072710431896       0.66908407916872470     
  0.29628125266418864       0.64857205893356695     
  0.30098604749881913       0.65261273771135953     
  0.32202591440391759       0.65191747040710912     
           4
  0.19755422120363056       0.46695980708802004     
  0.18592147671973741       0.46314793518586028     
  0.17239504276218781       0.45624960319067520     
  0.18146122888916599       0.43957734629472911     
           4
  0.39552549123986547       0.59515292671144693     
  0.37943104568158781       0.60110287977132593     
  0.36967378002709789       0.58309658309826129     
  0.39302484209635669       0.58502037785009797     
           3
  0.73126424464985518       0.41032160196224882     
  0.71862674987530895       0.41361826142052982     
  0.73185483870967738       0.40221774193548387     
           5
   3.5307273757146734E-002  0.28259924703751454     
   3.1962251847671416E-002  0.28933594511044297     
   9.3680896305707445E-003  0.27319124785846344     
   1.7819908803110587E-002  0.26937137670754124     
   2.5055456015392101E-002  0.26967591699478505     
           3
  0.30846774193548387       0.68447580645161288     
  0.29503402497144643       0.67643076648246003     
  0.31995359029979864       0.67408062076131992     
           4
  0.12903225806451613       0.31955645161290325     
  0.11849438285208796       0.32158162354402742     
  0.11694894894258005       0.30928254415965389     
  0.12719120687976171       0.30592694529462022     
           8
  0.56319370898739518       0.73880758819440795     
  0.55561630816502261       0.73979914380259337     
  0.54430357904423443       0.74307679593934484     
  0.54134009114444104       0.72234088260188511     
  0.55205662887020701       0.71972828890419682     
  0.55511195679799064       0.72457832193434957     
  0.56029561410071560       0.71974747647760773     
  0.56199898713199647       0.72970357497830907     
           8
  0.25273060273449083       0.40015165072121273     
  0.25002986921523851       0.40599033201127710     
  0.24338020300111943       0.40500514112069291     
  0.23271996849161644       0.40091402731781228     
  0.23464740781708091       0.39366342054764075     
  0.23112621276961798       0.38506940208590651     
  0.25502862328003079       0.38349468679347493     
  0.25776120819696480       0.39316870275881810     
           6
  0.36355686476429855       0.60805228859330929     
  0.35385253402032296       0.61336679363338398     
  0.34930756386532541       0.60979516361462349     
  0.34016633541331037       0.60700833994640613     
  0.34060839879549776       0.58610394638296670     
  0.35741841792539125       0.59332582649793464     
           6
  0.33727632587582396       0.38701389581256396     
  0.31838471135589841       0.39521036318248232     
  0.31984594971110109       0.37860474423984891     
  0.31470823435543749       0.37586127858564949     
  0.33146806291105624       0.37700787485621012     
  0.33949934064695469       0.38039069903050199     
           6
  0.54198391573707638       0.50441714835568074     
  0.52350090344100908       0.50689836032452729     
  0.52714298166137263       0.49679943271540844     
  0.52386387451917005       0.48510251324991555     
  0.53629521501251687       0.48239580687667172     
  0.54336754532955078       0.48297541318904036     
           3
  0.11662306636665225       0.48535412590989352     
  0.10383064516129033       0.48387096774193550     
   9.1445333842221560E-002  0.48046940364452650     
           4
  0.20777295120454600       0.50273599261066959     
  0.19852068821215829       0.51089683405149111     
  0.18480621129355060       0.49132145834608948     
  0.21098912022332900       0.49625935892386980     
           6
   3.4526063226563611E-002  0.32772156789361312     
   2.8744303944937894E-002  0.32998482985456901     
   1.5392033701499806E-002  0.33352336861864862     
   1.2393237384335509E-002  0.32580825203729896     
   1.8504074298641395E-002  0.30967283100650866     
   2.8217492082705985E-002  0.31269150219142955     
           4
   6.8722158497366348E-002  0.41963689423071798     
   5.8184833716906331E-002  0.40203462213141072     
   6.6878786799010159E-002  0.39588504430850108     
   7.7798260844604256E-002  0.39635530338011410     
           8
  0.11143037459932545       0.64339788699413003     
  0.11344462056288077       0.65117938111565576     
  0.11109097171016667       0.65700470828828483     
   9.1145589293856924E-002  0.65706996417603036     
   9.4271485174288516E-002  0.63505684233880710     
   8.9683422582295350E-002  0.62919415648451282     
  0.10389865248687762       0.63239090493644268     
  0.11211899838994314       0.63680287058465601     
           4
  0.45268831575967833       0.60012374862249340     
  0.44295691233691709       0.58360586096276701     
  0.45637261920700106       0.57774067776464633     
  0.46568174354561931       0.57225661919035065     
           7
  0.12987858950095083       0.51864497309687163     
  0.12919870710627790       0.52776392460023480     
  0.11293163285267131       0.52019752626986770     
  0.10820111336889936       0.51698078902195532     
  0.10689996927774233       0.50970782063692444     
  0.11289490038626745       0.50928433093090542     
  0.13216992913503040       0.50521609549452906     
           3
  0.70719729226718375       0.51653151778675221     
  0.68688724411724855       0.50991054635698019     
  0.69031067688611891       0.49261226187468232     
           6
  0.32545520420579366       0.45570001611862226     
  0.31862572563221153       0.46485533728508360     
  0.30608926148585647       0.46233982746051822     
  0.30344520981401990       0.43895991372699217     
  0.31432026622703074       0.44374509603270407     
  0.31943010687448015       0.44005500169111889     
           7
  0.36157250698526894       0.58910869259301746     
  0.35445385623794462       0.58974222975999102     
  0.34592781507200554       0.58789033418092296     
  0.34287240261249058       0.58161957634237693     
  0.35218634988577530       0.57055895677643953     
  0.36022455345461402       0.57483008993797835     
  0.36623513904368166       0.57760458291978378     
           4
  0.21284340897357107       0.45203999519244770     
  0.20416105810692503       0.45103821904439068     
  0.18606671816619882       0.43050682985434052     
  0.20102902227239164       0.42761421491263552     
           6
  0.38151660226272188       0.72660132258279253     
  0.38571506642911024       0.73991214667361482     
  0.36003717230463378       0.73246693365724591     
  0.36527748021595624       0.72677100366767711     
  0.36354829617492634       0.71618738396705939     
  0.37036613169263266       0.71349701186493242     
           5
  0.51533035530595761       0.45585387238266689     
  0.51228697756421393       0.44970082695679198     
  0.50698829153629699       0.42722761457243796     
  0.51640968388466812       0.43152681076264365     
  0.52800278804287415       0.43331017897107243     
           6
  0.28610101548283917       0.65987325176586320     
  0.27580363321489043       0.66086754534956460     
  0.26570572116993790       0.66444708486768000     
  0.26677741759298207       0.65623908951315923     
  0.26912695591207947       0.63908510646526295     
  0.28261043166676358       0.64594845565026937     
           4
   2.0508117486433370E-003  0.52521353940255999     
  -1.6891022953396343E-003  0.50818409280180143     
   5.9444696607846613E-003  0.49826891892816633     
   1.5785417735344417E-002  0.50767712552328870     
           4
   4.0903676526627263E-002  0.59899217800232607     
   3.4090611565112464E-002  0.59522566408438426     
   4.8610442607413318E-002  0.57747338098761092     
   5.5152364980700655E-002  0.58695594155106279     
           8
  0.32198162474357622       0.76586592876110993     
  0.32016279739686576       0.77920995991750563     
  0.30141825433253322       0.77568182877656933     
  0.29838979344254957       0.76032943909133566     
  0.30098922302420772       0.75570941594733954     
  0.31044161704212836       0.76123992867504631     
  0.31714621741079047       0.76139013304926961     
  0.32362726318060925       0.75846856496756654     
           5
   2.0764273901970165E-002  0.62949646222267341     
   5.9273735605325437E-003  0.63191663577285517     
   7.2997458017313548E-003  0.62342238688886586     
   2.6551790082278214E-002  0.60847523117553237     
   3.2390696808222964E-002  0.61369720265357597     
           3
  0.13555544686196239       0.62015422184744973     
  0.11737775349715852       0.61375035837602665     
  0.12903225806451613       0.60786290322580649     
           4
  0.55508540578192633       0.47052011739416461     
  0.55275267718795340       0.48140973751102006     
  0.53312942455763168       0.46634454021420413     
  0.55165844689950161       0.45743355267843544     
           8
  0.70464370321334213       0.47083138322551538     
  0.69738311845799805       0.48289897633656725     
  0.68860110438427125       0.48181307476353663     
  0.68271956527781519       0.48203221678179903     
  0.68876136239997010       0.46068666147211262     
  0.69608593512088024       0.45555877715949172     
  0.69656572141348616       0.46221397148795573     
  0.70329954179013998       0.46252964790963985     
           3
  0.63004032258064513       0.52923387096774188     
  0.61855975021319498       0.54166713765016650     
  0.62553604562515719       0.51650786647394498     
           8
   6.5735369311546457E-002  0.46450792561280074     
   5.4616341237396213E-002  0.46004390056129046     
   5.3912191485128179E-002  0.46560095130390977     
   4.4856931333204814E-002  0.46375628177587014     
   4.3832234727596876E-002  0.45329105209998372     
   4.2910756139842438E-002  0.44489856988614901     
   4.9232056853378711E-002  0.44284618269709947     
   5.9644760870131604E-002  0.44520225349284176     
           8
  0.52129875596992070       0.52651320362427767     
  0.51271116378898629       0.52980088617846699     
  0.51857924141221923       0.53436292610864011     
  0.50497409384903413       0.53293792445992927     
  0.49375060036936480       0.53431484876041047     
  0.49996304843211470       0.52212406233693176     
  0.49409814295421595       0.51311918641844045     
  0.49894337168810182       0.50939202255933569     
           3
  0.61055491559443087       0.38471832778927845     
  0.59962522901029836       0.38587718136259563     
  0.59677419354838712       0.37802419354838712     
           5
   5.6416586795669833E-002  0.41561255937338254     
   5.0340650136611313E-002  0.41186720283604311     
   3.7998675376646973E-002  0.41485964204695835     
   4.1662710828527183E-002  0.39837486750774087     
   4.9395161290322578E-002  0.40423387096774194     
           4
  0.65702388320748661       0.47040272639102204     
  0.63910276091399909       0.47328620333961069     
  0.63129095645155520       0.46213739843191998     
  0.64213741194459761       0.44828357978930716     
           6
  0.34210750421827407       0.62696356300127820     
  0.33286687757140049       0.62854667432791034     
  0.31744907553537738       0.62869902976977787     
  0.32286961168721967       0.61985230064463559     
  0.33227971494793512       0.60768704846546484     
  0.34006239949301348       0.62035260448014462     
           7
  0.67483648508097593       0.42045173272185626     
  0.66179213441723472       0.42993575295708297     
  0.65541247039293216       0.43294638063712820     
  0.65092918030972702       0.42640423007119865     
  0.65142854384739168       0.41555168638393886     
  0.64947774482480580       0.40561690066452188     
  0.65722189016211363       0.40588190050154282     
           5
   1.3584482269858790E-002  0.30819644842388438     
  -8.1108527162169065E-004  0.30631187417652572     
   1.0080645161290322E-003  0.29838709677419356     
   4.9093564725649855E-003  0.28423370632854245     
   1.2704204334992565E-002  0.29917834786163089     
           4
  0.23065573104245751       0.44678148685301888     
  0.23298975704923761       0.45769748378818131     
  0.20644215511406297       0.44561499924136877     
  0.20665460844814135       0.43537906265321791     
           4
   4.5956472215407725E-002  0.74122004729959012     
   3.3260138635744563E-002  0.73748331369812214     
   3.1592454831501790E-002  0.72090668651704781     
   4.2746964931780818E-002  0.71526775720448732     
           4
   8.9188690895358955E-003  0.41944312539864714     
  -8.3254259468823026E-003  0.41961703575962184     
  -1.0662924693618035E-002  0.40809178101035692     
   5.3563609133017191E-003  0.40958434311902525     
           8
  0.17032674900760864       0.74125364472934863     
  0.16382892153750267       0.75091058918477338     
  0.15560857740952280       0.74652845740145157     
  0.14643799801005239       0.74137546212176997     
  0.14902693411896925       0.73366289047536937     
  0.14774118515757995       0.72522899630621340     
  0.15330129797677419       0.72308546925289019     
  0.16708390398789724       0.73256485046308417     
           5
  0.25638752061593517       0.73860869436929566     
  0.25507174251678277       0.74528882539712937     
  0.23883093404449529       0.74599329404622794     
  0.23823846098328941       0.72251676500840589     
  0.24563736263306293       0.72485791177135972     
           7
  0.13820474516258860       0.33091780234461010     
  0.13295061467258493       0.33532598291847515     
  0.12840395104551336       0.33217070906087459     
  0.12000350870203910       0.33312470701642816     
  0.11547185053308737       0.32225929598863584     
  0.11890451809103363       0.31577740495529433     
  0.12356223232838220       0.30825510058677519     
           7
  0.56257610876079778       0.59624743325298257     
  0.56428262810453733       0.60132652262554331     
  0.55486332508579272       0.60326414815910867     
  0.54337703401838344       0.60621883574893953     
  0.54469212729755212       0.58802893525444466     
  0.55008362979850289       0.58214883786719240     
  0.56138109845397743       0.58229541699201615     
           5
  0.56549843392929877       0.45232016100441552     
  0.55265524263049459       0.43502175315366337     
  0.56158803874780250       0.42898982591127399     
  0.57038394115906610       0.43246868598576133     
  0.57631044385797825       0.43711056831468587     
           8
  0.44217701261099313       0.93074566099043865     
  0.43862935801547287       0.93950267928940667     
  0.42814961514499772       0.93668770507541976     
  0.41943315230906658       0.93993688735269498     
  0.41449774740760797       0.92975735093813805     
  0.41565364340579536       0.92164309082485796     
  0.41991853009464436       0.92505413882099374     
  0.42702998687695859       0.91902579696926212     
           7
   2.6541485555977774E-002  0.49218471073098502     
   2.0737547062993061E-002  0.49710300441170713     
   1.5641362674076502E-002  0.49928550543431427     
   8.5938379555773690E-003  0.48243547404449488     
   1.3539956978305363E-002  0.47053745746309200     
   1.7935585854144717E-002  0.47656330264337821     
   2.8398558629627611E-002  0.48630870342352134     
           8
  0.13881213906814951       0.39116201507174858     
  0.12935469264539648       0.38735135825607425     
  0.11851113098577101       0.39208475251798741     
  0.11719459167071293       0.38597112781818588     
  0.12026829626705066       0.38201387482610721     
  0.14179703536179628       0.36740922556441113     
  0.14108253993956443       0.37235784908509867     
  0.14225131297401744       0.37851814831788705     
           8
  0.47191486370071117       0.43685959725877738     
  0.45784645499153737       0.44661066868457633     
  0.44828970933495205       0.44883318483145224     
  0.45012771667061657       0.44018327361512155     
  0.45623692167604696       0.42549890142331875     
  0.46252075521253017       0.42906357832392050     
  0.46768547157117157       0.42355624006583481     
  0.47639572188965029       0.43140744220513361     
           5
   2.1603635439054063E-002  0.40952648231081906     
   1.1667706793073752E-002  0.42097812521204164     
  -1.5564699198063556E-003  0.41149403381201660     
   7.4547222030712200E-004  0.40299022726162570     
   8.3758766839733077E-003  0.39759609026458503     
           7
  0.37735712148299394       0.51919902249024064     
  0.36879719921648801       0.52547829588542261     
  0.36245150332574061       0.52182051802741281     
  0.35492742310503511       0.52373664524289831     
  0.35668887649573672       0.49910039867604628     
  0.36794006920564354       0.50120777601552324     
  0.37865013049099178       0.50525981345895088     
           6
   6.6899278980393453E-002  0.30060821264733822     
   6.5499242176918299E-002  0.30620082431326545     
   5.9830842596181419E-002  0.30771685265109072     
   4.1007844349102540E-002  0.28512682404372047     
   5.0375898210473738E-002  0.28820084983643152     
   5.7745326660490072E-002  0.28612113055058347     
           8
  0.37172987689847309       0.71858033986036707     
  0.37092806678711482       0.72883659004483548     
  0.36269244004559315       0.72750644425432909     
  0.35682817607289818       0.72928334629632097     
  0.34896271145641433       0.71150311305019243     
  0.34904981513895528       0.70264909870449932     
  0.36194379288946754       0.70715916111392574     
  0.36986163307621234       0.70998082312455391     
           3
  0.17451722894553570       0.30750945026479981     
  0.16935483870967741       0.29435483870967744     
  0.18286806961285457       0.28149923784669156     
           4
   4.5063218929424359E-002  0.41445922639314808     
   1.9504766043482797E-002  0.42184355904071519     
   1.8997201892412829E-002  0.41038255846607674     
   4.2043465856681561E-002  0.40106641452427277     
           5
  0.55929357176579131       0.43036221152213161     
  0.53675365210565007       0.43063738847666322     
  0.53952132278773179       0.42354849176916570     
  0.53503948364879694       0.41251382024421213     
  0.54779031656769916       0.40810762651567128     
           3
  0.30148149785409994       0.81952221563027894     
  0.28729838709677419       0.80745967741935487     
  0.29562181474548666       0.81165407636311571     
           4
  0.44254032258064518       0.39012096774193550     
  0.43405369183241749       0.38643352531706804     
  0.43596034107208997       0.37630644236137972     
  0.45629596356713215       0.37957731235299702     
           6
  0.76755021217952135       0.65052723690897163     
  0.76245248474359384       0.65565428812816473     
  0.75653313511548326       0.65571990152085413     
  0.74528314638432891       0.64496925376226022     
  0.74556776902694100       0.63478415067903549     
  0.76538791917597715       0.63807369435676164     
           7
   8.0362361245768080E-002  0.34694743375929399     
   7.3773028526139997E-002  0.34923833892770767     
   6.8457184681487621E-002  0.35605765508202641     
   5.4173203772366660E-002  0.35250442574926710     
   5.5782624047174052E-002  0.34283777694081563     
   6.3579648662197563E-002  0.33661001673355317     
   7.5653811298083906E-002  0.33755165250837177     
           7
  0.35910272854024866       0.64189449174066671     
  0.36319269379546132       0.65101221823320188     
  0.33536346238862813       0.64197502080172575     
  0.33859325340141139       0.63341490979789095     
  0.34858808210641201       0.63002615430930187     
  0.36392504103913592       0.62843520328990354     
  0.35799234501252325       0.63521622753816021     
           7
  0.42588964444302185       0.59044498802326550     
  0.40212672516723919       0.59728703763254909     
  0.40301454185061208       0.58861617779644926     
  0.40671162334627897       0.57884397628871398     
  0.40713736675216822       0.57243515418270385     
  0.42628549205773536       0.57251280589712639     
  0.43074487113179410       0.58148220407927931     
           4
  0.35413968139551744       0.73291141847079322     
  0.34519063501436692       0.72573203309995893     
  0.36136349422914427       0.70926750456932730     
  0.36936375536863647       0.71116813652407607     
           7
  0.70562592797006118       0.50648203238991918     
  0.69613102208918820       0.50841817177334847     
  0.68251897378631943       0.50652660350017498     
  0.68093949261746767       0.49956606252490537     
  0.67857138099873515       0.49334401170588826     
  0.69684091408223414       0.48385679654506125     
  0.70247072558655410       0.49799741799857727     
           7
  0.20685515060439749       0.46497941283458688     
  0.20252822503439322       0.45850837642323516     
  0.18586801697621816       0.45672808470722859     
  0.18243438971551373       0.44708025148415881     
  0.19826951462166414       0.44338783593565734     
  0.20780900988810674       0.44002342576050912     
  0.20730258421243833       0.44769678125946005     
           4
  0.54717403742845705       0.48738944339840329     
  0.52759646060337440       0.48915543069410194     
  0.53111961749703829       0.47296511563646293     
  0.55079739915894121       0.48038642479781862     
           7
  0.67539259982147615       0.30366079891091508     
  0.67079531899442568       0.31613848430921843     
  0.65823504523396936       0.31775436862573897     
  0.65250234123830253       0.30701212370584069     
  0.65472654109428130       0.29142810665486973     
  0.66559291651805064       0.29470460932951514     
  0.67035220517839655       0.29050969498483292     
           6
  0.43803470565132563       0.35713839398580099     
  0.43075453126566582       0.35762702479069203     
  0.41813058627140737       0.35762651106476134     
  0.42214170643016868       0.34112906045049252     
  0.44553404804949481       0.34375326174268617     
  0.44054810340634121       0.35050852596111648     
           5
   2.6690588858677200E-002  0.37191038066590532     
   6.9343747539511950E-003  0.37468790523853396     
   1.0588619882178192E-002  0.36692840891999068     
   1.7666848566843391E-002  0.35112771477237492     
   3.1489936899405060E-002  0.34790848096059807     
           5
  0.37369418385436382       0.67243379043901741     
  0.35542399534737568       0.67090530301691653     
  0.35525629164069167       0.65352761185216157     
  0.36298278026805697       0.64582170078442191     
  0.37924765890205858       0.64536486172357588     
           8
  0.30097872808301068       0.52924861247525434     
  0.28983063065454123       0.52715115165188475     
  0.28689280204846240       0.53337140943265871     
  0.28100427628548652       0.53167998056288457     
  0.28311353126217598       0.51907964506871307     
  0.28285689548091830       0.50870472466492955     
  0.30046873319416983       0.50581274349604766     
  0.30796395729944637       0.50984708653585742     
           6
  0.34234964432248816       0.46987623190603972     
  0.33479122720762666       0.47226300524250048     
  0.32346802707162042       0.47282555247055041     
  0.31566211468332223       0.47406921380101541     
  0.32295293354503402       0.45033250283142945     
  0.33761495927744367       0.45440598897122392     
           3
   6.1092823930289530E-002  0.38465270156420639     
   5.1834921020054804E-002  0.38465906768035996     
   6.4345682154486925E-002  0.35948363445667469     
           5
  0.26734691236585678       0.42901372790515496     
  0.25331798371365016       0.43809966664758782     
  0.24401029061854074       0.43876009356538948     
  0.25784441265503083       0.41883453250876135     
  0.26483402231223874       0.41529799200703432     
           3
  0.53465172988148268       0.42461544388106798     
  0.53629032258064513       0.41431451612903225     
  0.54875795554027262       0.41512593583400970     
           8
  0.23544879211432448       0.72942899536969685     
  0.24012312686880216       0.74134085059968546     
  0.23161059632368508       0.73553362869576921     
  0.22439067933244189       0.73801934160949934     
  0.21569720338529816       0.72330958539673751     
  0.22242051381587782       0.72025584600925896     
  0.22019841945356330       0.71346981245578789     
  0.23851192286150380       0.72102830743236179     
           7
  0.27515975287519701       0.23447889519917212     
  0.27004641945084007       0.23722297067598563     
  0.24804751475887918       0.23359620517838223     
  0.25597634103153449       0.21891122391703199     
  0.26833749834894804       0.22065607334462317     
  0.27423452683953153       0.22086013856514836     
  0.27151491353596569       0.22705023930785759     
           3
   2.1573016683708961E-002  0.57093912235377442     
   1.4661290550975307E-002  0.55505115843207886     
   2.5824708394242789E-002  0.55473195897634509     
           8
  0.38313852723747532       0.58530145219262164     
  0.37614705720979735       0.58644928751332426     
  0.37212312738734027       0.58980450956263353     
  0.36303165013555322       0.58570841013579511     
  0.36201870580738044       0.57061391814291296     
  0.36346173392175846       0.56561273607021645     
  0.37017660626743371       0.56513281024511874     
  0.38203455034357875       0.57078531751072825     
           8
  0.39312202252203438       0.65005759680635988     
  0.39349023596608990       0.65861311070138961     
  0.37517048697300248       0.66159923140072152     
  0.37295536329143675       0.65645526395126352     
  0.37499437744225150       0.64733756169133738     
  0.38653207928051603       0.64208746056512378     
  0.39039958798874502       0.63770983089662836     
  0.39666443912213617       0.63990121343936746     
           3
   9.6401840053792515E-002  0.45155134180430267     
   7.0450862916944218E-002  0.44608800814863864     
   8.4677419354838704E-002  0.43750000000000000     
           7
  0.61128095707216912       0.63650608592105717     
  0.59022269005931716       0.64561469662249449     
  0.58640789378419833       0.64069540896103405     
  0.58900002649966776       0.62895112102508510     
  0.59353250223004772       0.62467874566666159     
  0.60876985170582298       0.62390704769176919     
  0.61446593217424528       0.62556703772335653     
           4
   3.5809186058288527E-002  0.37365451206595096     
   1.7982653844268968E-002  0.37799368258035015     
   1.6825069699264519E-002  0.35773525913943655     
   3.6288100743486498E-002  0.36566060069030792     
           8
  0.19683192038476238       0.46593774216726058     
  0.19187027203847937       0.47674128954981726     
  0.17875810341977735       0.47267205184896954     
  0.17911615175504569       0.45477528890823687     
  0.18765557823689547       0.45056585851807085     
  0.18886723368343486       0.45548732493582239     
  0.19564711859564241       0.45028903503710210     
  0.20017676064380391       0.45614804525376940     
           4
  0.12240367448973519       0.64643387456944745     
  0.10517859638287966       0.62304422436998119     
  0.11515147907167761       0.62622981159421431     
  0.12657628343060426       0.62949550169757362     
           6
  0.17865132440458772       0.58960697492734115     
  0.17005825753669754       0.58751721774717902     
  0.16455151927101669       0.59149208508920126     
  0.16513472111354752       0.57466140709537938     
  0.17289398700714392       0.56915072468346839     
  0.19179360374775561       0.57993341514556807     
           4
   7.7451706798877723E-002  0.55704098093406773     
   8.2026788848283932E-002  0.54688947669934029     
   8.3177557995621654E-002  0.53924385828567356     
  0.10130517903106226       0.54155978013989303     
           8
  0.58845917071232834       0.62902637249892956     
  0.58606108308737437       0.63881132869649526     
  0.56739080494124006       0.64167640138201620     
  0.56709073643099472       0.62329113763452282     
  0.56509543426241815       0.61623405130946973     
  0.57984669243541342       0.61835301825053812     
  0.58625890499540023       0.61369334492375038     
  0.59249484826692544       0.62096549535737211     
           8
  0.85928107392722775       0.29572235133976316     
  0.83965912204472271       0.30251882259870061     
  0.83647299762846428       0.29414134733567138     
  0.83918044639094758       0.28565159378890864     
  0.84700154241831371       0.27969248248379952     
  0.85560123881431316       0.27769055335560883     
  0.86167524739414125       0.27790922357761572     
  0.85580099435543600       0.28507114104307441     
           7
  0.15968819388903049       0.47561915929987103     
  0.15965320017283299       0.46505059736860999     
  0.15310187818300697       0.47085992949975231     
  0.15480505495974017       0.44863903650689185     
  0.16138448414021297       0.45317059661580783     
  0.16686232245122776       0.45440939347191217     
  0.17931442547619578       0.45411606033598312     
           3
  0.55536492836269302       0.48692655504595311     
  0.54536290322580649       0.48487903225806450     
  0.55636589890425492       0.47404886332994928     
           4
  0.26516653588344419       0.54886652574868611     
  0.25190577080884252       0.55976974771500909     
  0.24659359925336008       0.54167360401828757     
  0.25843402514348301       0.54168337191131277     
           6
   4.8128217983175396E-002  0.27988688275620544     
   3.5568089335972816E-002  0.28394168552760557     
   2.9114115707034934E-002  0.27980806443396294     
   2.7286782270812160E-002  0.26570441439758802     
   3.5929394832420955E-002  0.26303094791555476     
   4.9698228397585378E-002  0.27206516037910178     
           3
  0.69122899660741899       0.31733690435926165     
  0.67741935483870963       0.31552419354838712     
  0.68623691196982062       0.30753290587635773     
           4
  0.27657903521467420       0.75701629566708939     
  0.26612903225806450       0.76310483870967738     
  0.26720039000879264       0.74920479054863831     
  0.27541880061125651       0.74996870029480145     
           8
   7.0762927278018570E-002  0.27974381211846222     
   7.2828805131623903E-002  0.28894624300974764     
   6.7500256447463727E-002  0.28438511072660067     
   4.9681956905972463E-002  0.28269810187394062     
   4.9875678957790923E-002  0.27530945875356155     
   5.8523289380690555E-002  0.26999942305646646     
   6.9631514041383069E-002  0.26616172598421522     
   7.3040794227008557E-002  0.27090784669595952     
           7
  0.35357023965537904       0.31330617988876952     
  0.33963176871009082       0.31215210937792925     
  0.34069827396232494       0.30333173014896114     
  0.33978330905144438       0.28890044991434788     
  0.36049315927664688       0.28629477512407614     
  0.35480273592557587       0.29307833248682502     
  0.36416875024040501       0.29075224085749457     
           4
   1.9765161116649235E-002  0.46102780586087205     
   1.2679330654488377E-002  0.46457959087903705     
   2.6542163679706174E-002  0.43626441509810615     
   2.6209677419354840E-002  0.45060483870967744     
           7
  0.34965304075005288       0.63322959678145507     
  0.32978157206737829       0.63378569754382952     
  0.32549485911337139       0.63896164807005174     
  0.32331379207758731       0.62863690007281003     
  0.32620113158570330       0.61132407082091467     
  0.34015176631900740       0.61476513734464244     
  0.34948239518850549       0.62416523354643361     
           7
   2.1871018226369828E-002  0.54166171472174751     
   1.6185332619300608E-002  0.54143691159219098     
   8.9843735430357747E-003  0.54488434713675804     
   1.1721070445929278E-002  0.53703288719316056     
   8.9954576889820677E-003  0.52902579888590673     
   1.5522560504030869E-002  0.52046437461452222     
   3.4777003638044569E-002  0.51695620780834983     
           7
  0.27789227046056281       0.41526777354297295     
  0.27233016404533972       0.41278347344951399     
  0.26263004430214026       0.40223664460486064     
  0.25783733588868329       0.39343805330188941     
  0.26681514343162699       0.39307108265986151     
  0.27287208198077478       0.39517916033787420     
  0.28132427090903916       0.39757377364950119     
           5
  0.54440141224556815       0.56083900769714412     
  0.53803520892452683       0.55905534460933193     
  0.54213276921997811       0.55143020584317881     
  0.54592442285598952       0.54281219505454759     
  0.56243188277493494       0.54754468733088224     
           4
   4.9143831545302497E-002  0.56455015862673374     
   4.4270284009041524E-002  0.55437987192810945     
   5.3584102265872152E-002  0.54115087281846774     
   6.2885645092556217E-002  0.55263704971559402     
           5
  0.53427419354838712       0.41733870967741937     
  0.52327934107393526       0.42063902724359420     
  0.52848323454158919       0.40937491002732768     
  0.53178017505510156       0.40313334668664064     
  0.53873245924626245       0.40759560715506898     
           4
   6.2185457110296556E-002  0.44697196318892890     
   5.3427419354838711E-002  0.44455645161290325     
   4.7701408527374506E-002  0.43079213224448848     
   6.4533391679832075E-002  0.43174230256398061     
           7
  0.11360310698054293       0.28870299176108444     
  0.10449969114801080       0.28610495492240273     
   9.3927507799921484E-002  0.28908410418791936     
   9.4603909332277081E-002  0.27921938233716226     
  0.10133688562879861       0.26534860397468557     
  0.10859462513697214       0.26321802428867391     
  0.11712643609785993       0.27540723964030417     
           3
  0.18245967741935484       0.32963709677419356     
  0.18308975707503880       0.32096122188326015     
  0.19326161300318764       0.31837925091467312     
           5
  0.17491691913326077       0.35874548652084493     
  0.16613306447051102       0.35560334654902770     
  0.15020324505068564       0.35608484281393576     
  0.15703905708960308       0.33786190829782536     
  0.17773605311259652       0.35024398746079921     
           3
  0.14213709677419356       0.25806451612903225     
  0.13337786396767784       0.26444234835156860     
  0.13908674640775809       0.25023674555689102     
           6
  0.63185486656150047       0.39016630951698256     
  0.62283443800128324       0.39616537559344761     
  0.60987121566483449       0.38300320975033292     
  0.62748107332380920       0.37571099766153043     
  0.63801747847541490       0.37785706760576471     
  0.63187506633717316       0.38312144352718219     
           7
  0.51590093791721059       0.50024965114919018     
  0.50778964468481236       0.50933781887477003     
  0.50110041821212803       0.50766981240836351     
  0.49214093854977764       0.49840951777189990     
  0.49623686538987732       0.49220943622001817     
  0.50358043511799344       0.48870029760823086     
  0.51588797913287066       0.48460115191921715     
           4
  0.32316852184312855       0.57425744074849350     
  0.31380244258974860       0.57549211015387680     
  0.31806139144220530       0.56574156583438917     
  0.33333758199789620       0.55356544787170503     
           7
  0.13131458110108871       0.52409094590095717     
  0.12333062743160922       0.53636309065979892     
  0.11192146050164456       0.53600879733000328     
  0.11366620685323817       0.51936275757533934     
  0.11368790212514199       0.50857415543246587     
  0.11900595704071329       0.51003776690239311     
  0.12989985378272431       0.51380840430400831     
           5
  0.11569055822824677       0.32295299181964610     
  0.10507497538023575       0.31848027865165640     
  0.10266475695427460       0.29765411018220678     
  0.10901382975724658       0.30031056917843435     
  0.11693548387096774       0.30947580645161288     
           5
  0.25906169814212621       0.52242859061949554     
  0.25240368328321489       0.52552043325639297     
  0.25394791219195145       0.51756706467613001     
  0.25191304380751445       0.50972703851656587     
  0.27790349387409197       0.51440545200104193     
           8
  0.60058398299861515       0.42877618620140640     
  0.58751519248467343       0.43179922245647118     
  0.58254757947399871       0.42899027933811246     
  0.58750861966517243       0.40796546903242792     
  0.59383025490167218       0.41153540929065702     
  0.60179610217283874       0.41261298249790446     
  0.60876178855667196       0.41129756472769591     
  0.60709203463944972       0.41768563132174186     
           8
   9.8273958746201637E-002  0.36816650682535956     
   9.0672331984899643E-002  0.36629228518693602     
   8.0184450386960676E-002  0.37108242503797778     
   7.1507362837599175E-002  0.37190559856090488     
   7.3738958130811841E-002  0.36510252985987651     
   7.4691754487841586E-002  0.35116047539314965     
   9.7859088156930341E-002  0.35516496865953501     
   9.9620624600125218E-002  0.36080312665702813     
           8
  0.45980372275378772       0.62889004790350767     
  0.45958246793980406       0.63559221827401791     
  0.44854443979508257       0.63520256556037635     
  0.44793821419039376       0.64049390999532474     
  0.43445668441372060       0.63745807192997350     
  0.43270311002317474       0.62124542625423618     
  0.43659448052226563       0.61361333726116241     
  0.45109673684475526       0.61814669270786438     
           4
  0.30608816261638760       0.59803902142393339     
  0.29682976127016469       0.58966817388703252     
  0.29877589881019462       0.57901450490842121     
  0.32192103407817246       0.58535150773396560     
           3
  0.35847433634681275       0.63430418145110457     
  0.33237926018911990       0.63276607450355604     
  0.33568723486377977       0.60982586839836850     
           8
  0.52078515158219618       0.65420493443881911     
  0.52129579659616443       0.65968891512450700     
  0.51423286149829783       0.67262205080772752     
  0.50533280120166024       0.65127408985352675     
  0.50096984112355925       0.64562044337289659     
  0.50975522612532032       0.64560444979720022     
  0.51736525037316572       0.64422252122091417     
  0.52293249396700969       0.64641175846503751     
           8
  0.15528092958618867       0.44678830623260274     
  0.15196677161575181       0.45244148414440588     
  0.14723790715731200       0.44816221634347930     
  0.13825666455464033       0.44855322075796500     
  0.13064834120195454       0.44964355297172848     
  0.12800256264071139       0.42611835029136713     
  0.13550625722620577       0.42812334780306588     
  0.15234018162311250       0.43282147226916912     
           4
  0.61994979683588547       0.52788231041115929     
  0.59595611394836412       0.52600487307056454     
  0.59753609877087999       0.51255177987051126     
  0.60682284810081066       0.50643198731279904     
           7
  0.16369847675939594       0.63617716771459909     
  0.15484000981300858       0.64968219428686658     
  0.14998235022139886       0.64663372155168208     
  0.14290774634236186       0.63672089996241010     
  0.14810487540229067       0.62728154735099884     
  0.15432510696020812       0.63039379896817349     
  0.15916505695239080       0.62458244723330769     
           6
   8.8709432016367953E-002  0.55721063668968862     
   7.9432648138429235E-002  0.55754853301522600     
   7.0205792095190525E-002  0.55954584915297390     
   6.9879985474737449E-002  0.54175828679326699     
   8.0677344182469676E-002  0.54021249543260563     
   9.5835818708079945E-002  0.54220241029685312     
           3
  0.40303332431723471       0.65721104310376566     
  0.39341258792487382       0.65244729154184966     
  0.39213709677419356       0.64314516129032262     
           7
  0.24406972782322378       0.74515782340549952     
  0.23568335229408213       0.75150443936887268     
  0.22090192303026049       0.73323515117995830     
  0.22658739561360144       0.72987966450840769     
  0.23167833102039503       0.72611314487522804     
  0.23653943786872289       0.72934257865201979     
  0.24365609764230398       0.72412528709321744     
           7
  0.14746607016701005       0.37661857831757617     
  0.13699833891129731       0.37353302424441509     
  0.13058724103787453       0.36804869334239260     
  0.13454717547167999       0.35762900269601516     
  0.14483942576523631       0.35701723942917213     
  0.14910561542075917       0.35344870700214770     
  0.14959232380786730       0.36092937839028411     
           5
   4.5782037226526968E-002  0.44069393406560836     
   3.9502216741872272E-002  0.44681953662664925     
   2.7149061645144877E-002  0.43517530372104801     
   2.3634865787382404E-002  0.42870250131461440     
   4.7846717946217886E-002  0.42977613525711733     
           6
  0.51465915663982731       0.34589083528307818     
  0.50257105775253863       0.34175095266886046     
  0.49301964487018857       0.34696578145766421     
  0.48897718340881918       0.32764516140849825     
  0.49468361574655761       0.33001777117500969     
  0.51391373412853947       0.32198307530993525     
           4
  0.60682473997770359       0.34219320278737714     
  0.59913346675053059       0.33531497737586691     
  0.59619296825422941       0.32554093150032787     
  0.60987903225806450       0.32963709677419356     
           4
  0.22756353377840657       0.38904804090272127     
  0.21977466597789411       0.38797467604706914     
  0.20776981668561881       0.36796221263220008     
  0.21875000000000000       0.37802419354838712     
           4
   6.1460708465777475E-002  0.50465741548765819     
   4.7058417491466192E-002  0.50528627089306677     
   4.1611853688737252E-002  0.48098584990673460     
   4.9426478022695175E-002  0.48177115272991350     
           8
  0.50205375895904358       0.57131056470086061     
  0.48970296005993647       0.57038840388851286     
  0.47824582160105389       0.57237578071643969     
  0.48078673294193031       0.56611008929514461     
  0.48362151567312300       0.56071029090440982     
  0.48231678379763210       0.55089451384052857     
  0.48143671711140851       0.54542686921449068     
  0.49831005100562692       0.54827396486779101     
           8
  0.64130081302044517       0.37184453313942178     
  0.63039480913178825       0.36673887123191123     
  0.61917323431801619       0.37148427195814882     
  0.61612289167799983       0.36378634650328617     
  0.62173771179040915       0.35699497459481810     
  0.62189020638823533       0.34978150366582184     
  0.63802776905988901       0.34653734236629408     
  0.64101960432479954       0.35277221895925426     
           8
  0.42184731180849211       0.61177770380206487     
  0.42754870696410252       0.61612601747346596     
  0.41950057075546154       0.61818825501633867     
  0.40665825044547488       0.61552855621980707     
  0.41010139646861987       0.61188698192206015     
  0.40497890349461385       0.60507921299588618     
  0.40832685066459112       0.58975028555931441     
  0.42190294211936141       0.59376447535221233     
           3
  0.30839341774075280       0.85493507046998851     
  0.31653225806451613       0.84677419354838712     
  0.32769247504429744       0.85041517690993829     
           5
  0.59026964369562407       0.60732629928023174     
  0.58388802990108213       0.60644567985653552     
  0.58229472553495865       0.59818699281567578     
  0.58166145277506454       0.58207491936570244     
  0.60189460337993073       0.59581320977132557     
           4
  0.21503616260122277       0.46312606605370704     
  0.18761692899867177       0.47182913340732774     
  0.19559396134016324       0.45874439439410764     
  0.21094285589515610       0.45560565767840006     
           8
  0.70192841069960732       0.50628617108016138     
  0.69257054252187988       0.50113168242897232     
  0.68199489990834894       0.50372804003660820     
  0.67648090135400241       0.50119340101474474     
  0.67416357192408294       0.48211135827583679     
  0.67949185991270644       0.48229098067423770     
  0.68519620811159909       0.47851401017037287     
  0.69106415043834002       0.48080212195908145     
           5
   6.3205062204049062E-002  0.50843195950990838     
   4.6742779116449792E-002  0.51214439760791530     
   4.1061382909773944E-002  0.49737592295967170     
   4.5946023776704800E-002  0.49184202905684532     
   5.2556427637356289E-002  0.49715129534843483     
           8
   3.6790842246992174E-002  0.38232279000564778     
   2.2701048045259582E-002  0.37919038371611369     
   1.6255345562487179E-002  0.36967720967552220     
   2.0076405025685931E-002  0.36434773415458399     
   1.6744472006261675E-002  0.36004107683552694     
   2.7192971297974006E-002  0.35755896636403506     
   3.0019820606497962E-002  0.36321483972998370     
   4.4362186853584749E-002  0.36618003971335539     
           3
  0.31048387096774194       0.73487903225806450     
  0.29638680134128664       0.72498274070285684     
  0.32051636499297159       0.72920341784757492     
           3
  0.62474313007545568       0.37339019193007317     
  0.61391129032258063       0.37298387096774194     
  0.60004095202594077       0.36179358669777889     
           5
   8.4873923776687371E-002  0.69757424144754332     
   8.8043684148801066E-002  0.69082809856062966     
   8.7625097538703747E-002  0.67312848099167233     
   9.6173313424497170E-002  0.67224985613223343     
  0.10677178881710495       0.67798297943809993     
           4
   7.4493467639180466E-002  0.45091950532068120     
   5.7834807200206756E-002  0.44627150821159706     
   8.2959854294345783E-002  0.43202844286584730     
   8.0280044099891784E-002  0.44298294832131424     
           3
  0.20787737859295799       0.39449073691815356     
  0.20967741935483872       0.38306451612903225     
  0.21867216567221798       0.37860212713422570     
           8
   9.5524864523945402E-002  0.49379794489368545     
   8.4718931439692988E-002  0.49562689662979359     
   7.8730485297375752E-002  0.48952904815182685     
   7.3073660606535418E-002  0.48343446181065886     
   7.2038351812608065E-002  0.46788143091068535     
   8.3468300974955376E-002  0.47098020817526576     
   9.4558100300161665E-002  0.47513185199613744     
   9.4433073378026089E-002  0.48193788729564774     
           3
  0.11120299029618293       0.63465944367577953     
   8.9301716042360604E-002  0.62583059730160306     
   8.9960748845528668E-002  0.61283505709647412     
           6
   4.8813463872494668E-002  0.33182708502403740     
   3.9712159208521933E-002  0.33583291685294336     
   3.0076227329740989E-002  0.33558549681893352     
   4.1666105336975956E-002  0.31202548696774157     
   5.0654308117806107E-002  0.31310003162332761     
   5.2295937981067624E-002  0.32496619238278229     
           3
   4.7379032258064516E-002  0.41229838709677419     
   3.8513226508327364E-002  0.41797432381826516     
   3.5810990311815477E-002  0.39855750840704085     
           7
  0.55303154048576442       0.49480012265418677     
  0.55579664630352610       0.50236063393981756     
  0.53499727066791647       0.50199688413695132     
  0.53110346687600718       0.49761116204114331     
  0.53479374433381655       0.48899766150314788     
  0.55316634340983928       0.47902810408771862     
  0.55439864830697394       0.48446239094072008     
           3
   6.5912104531723664E-002  0.38626389827885205     
   6.9009624470848185E-002  0.37827153316420092     
   8.4329296193849324E-002  0.37491986143415973     
           7
  0.48389837655060186       0.65646483517085841     
  0.46521196530972686       0.64808785634012211     
  0.45933580098786692       0.65200537913607770     
  0.46109462390331674       0.64091581763200856     
  0.45967148469600927       0.63364736511871800     
  0.47008894570030635       0.62931850163927405     
  0.47373543749637459       0.63564145827913288     
           3
  0.50977982945016531       0.47156858416395148     
  0.50504032258064513       0.46169354838709675     
  0.51620141019960575       0.45108882312551335     
           6
   6.4171784379824598E-002  0.54482586463974692     
   5.3796957235276957E-002  0.54373847617696114     
   4.7051013561387182E-002  0.54181633228169468     
   3.7866448356039376E-002  0.53263222810105970     
   5.1613412825380296E-002  0.52065504277936558     
   5.8973176350788060E-002  0.52940818345747331     
           8
  0.44424952005120033       0.49495299753386857     
  0.43575142444897852       0.50072553039083723     
  0.41722709391404483       0.50185609317316904     
  0.42023621646936388       0.48097450525151175     
  0.41872382087126186       0.47525804077504019     
  0.42831005336348976       0.47768556900272358     
  0.43415376851412030       0.47708711024505029     
  0.44397889619141767       0.48050877184150553     
           3
  0.18648788795022297       0.40620085163762276     
  0.19858870967741934       0.39314516129032256     
  0.21112882319071602       0.39923851149199585     
           8
  0.29031926910711420       0.75626486174952401     
  0.27354623344342816       0.76417473067200092     
  0.26685007782968934       0.76156281574286788     
  0.27372409573680423       0.75013799920039870     
  0.27195055655427536       0.74491959038653710     
  0.26798260939719348       0.73618360616695533     
  0.29109499584065385       0.74080340021731872     
  0.29378972801041059       0.74961420319527605     
           7
  0.19155301885324977       0.32812146025754030     
  0.19212732010692529       0.33496983323299756     
  0.18661163979338063       0.33304840867775215     
  0.17997929821370728       0.33445293581593971     
  0.17197053388938843       0.33403198303008902     
  0.18723576261867297       0.31089169651620557     
  0.19335840296515572       0.31986531222122977     
           4
   5.1559586305488139E-002  0.65957038356562536     
   4.1139843831988113E-002  0.65443313546092208     
   3.6219283017224588E-002  0.63383129234058322     
   4.8252737021696759E-002  0.64366795137783528     
           5
   7.8723197673085776E-002  0.42800948692895480     
   6.4015136868855085E-002  0.42994516406393790     
   5.7273962688794901E-002  0.42154827903249348     
   6.0671945637507718E-002  0.40969298681331406     
   8.1082767512325932E-002  0.40618401505957991     
           4
  0.33434206820690826       0.80707348627060937     
  0.32258064516129031       0.80645161290322576     
  0.31207815591865035       0.79675941155421892     
  0.32985142925557281       0.79253307427988295     
           7
   9.8716545205116857E-002  0.32543133076590935     
   8.7906089538762319E-002  0.33788486904177661     
   8.0924830718308527E-002  0.33738121631888041     
   7.9377767078439312E-002  0.32656980006222486     
   7.5686664165449544E-002  0.32130987538329214     
   8.2856476956473094E-002  0.31420056736907931     
   9.9643763371020710E-002  0.31477473769673892     
           7
  0.46437298787029824       0.63572712257834252     
  0.46560702499554418       0.64139642598698177     
  0.45870971384943959       0.63675281186026966     
  0.44283997752944448       0.63630202112145151     
  0.44619992195212732       0.62046113073703801     
  0.45430311458106076       0.61961882712926997     
  0.45967445530930950       0.62142231165744954     
           5
   1.3438025529117534E-002  0.41902821470926582     
   6.7162366428065020E-003  0.41877600730954107     
  -5.0168834357695530E-003  0.40290691155341640     
  -5.4726517568695872E-003  0.39562218598256949     
   1.5474999770304528E-002  0.40450429264584309     
           5
   2.3212413186638622E-002  0.53084264558463856     
   5.5440266094728755E-003  0.53630973417853722     
  -4.8759974302680798E-003  0.52644020226248489     
   4.9432273130009530E-004  0.51109102259107975     
   2.2677570070311723E-002  0.52296073689723099     
           3
   2.5316790545911603E-002  0.21170471528894164     
   1.4313347323225931E-002  0.21501302103052700     
   2.9401696591796804E-002  0.19354939323473033     
           4
  0.44226144967308967       0.57428225780574704     
  0.43364770204854780       0.57115351930043057     
  0.42140620929427336       0.55911309084987637     
  0.43548387096774194       0.56048387096774188     
           5
  0.41736276041262721       0.54944883061084815     
  0.40151930837787458       0.55757990229157661     
  0.39914891799291041       0.54193716872813347     
  0.40436676117303305       0.53409753849335984     
  0.41294072594057685       0.53280224956263522     
           4
  0.25348346146964024       0.44496989922955188     
  0.23996239504842029       0.44164812639708634     
  0.23177466841551342       0.43677594941523090     
  0.24388238010336497       0.42400567536806655     
           4
  0.51903918205404176       0.58902448422648590     
  0.49946360702803538       0.59555616728702598     
  0.49428669238823603       0.56931824198396364     
  0.51243377203384310       0.58101107049557277     
           5
  0.49219208867421471       0.44446262045174673     
  0.48066938971212719       0.44195918969519921     
  0.48029703939056995       0.42163225824821732     
  0.49369573821004831       0.41869818162189698     
  0.49424787823183108       0.42850376720621086     
           5
   4.1314890309670116E-002  0.58682466899672869     
   3.2639514655620337E-002  0.58754112571380923     
   2.2883433548073699E-002  0.58944350951674496     
   1.5213089670232202E-002  0.58778236259996597     
   2.1166952423542169E-002  0.56132947692326574     
           5
  0.61589347954727136       0.45485766660002502     
  0.59383077687770169       0.44748431990389226     
  0.60852758214608549       0.42964809964880751     
  0.61738183732518237       0.43199152415597397     
  0.61640282123148005       0.43843658401739016     
           6
  0.41044750325595181       0.67139915288028329     
  0.40426020483561415       0.67310185967618963     
  0.39285288813661506       0.67496585687493216     
  0.38690557500566380       0.66710553898487845     
  0.38814689444677491       0.65077601858898337     
  0.41076771420122349       0.65289728508630196     
           3
  0.19019269334863909       0.48431134721791963     
  0.16931110101616284       0.48830155606060610     
  0.18288605379381734       0.47317799956799517     
           5
  0.52139175335173249       0.52562483090070911     
  0.51473680500711028       0.52249849657411640     
  0.50770815586382012       0.50522630330959883     
  0.51408098209674224       0.50280708113809924     
  0.53255908714157363       0.50448532157854842     
           4
  0.18707376868146983       0.47650211114175423     
  0.17525497818100452       0.46469730019402355     
  0.17559281567320997       0.45365939361577540     
  0.19495256729775134       0.45848000719630300     
           6
  0.35175640715164286       0.62528335754638109     
  0.34708080419258580       0.62093532926034456     
  0.34117528522517537       0.62242452655964520     
  0.34217413301977812       0.60274836801187515     
  0.36285847077236744       0.60453268566252905     
  0.36534883770522514       0.61512336797181710     
           8
   5.5098629068826711E-002  0.41281145189601343     
   4.7377208324502970E-002  0.41905764931300948     
   4.4617959899478365E-002  0.42330671382951046     
   3.1820275705536402E-002  0.42000414333594127     
   3.3391391594891559E-002  0.40188359705237076     
   3.9332896067275962E-002  0.39875341434004097     
   4.8047828281795858E-002  0.39865761931359212     
   5.8770254988755231E-002  0.40838550860462730     
           6
   5.9807444972073041E-002  0.46265325112633071     
   6.6270635477858705E-002  0.47730221485047913     
   3.8260744915011094E-002  0.46417341983803861     
   4.5425615867523431E-002  0.46064225589599345     
   4.9739825221334473E-002  0.45554163591762031     
   6.0994259641107121E-002  0.45437534835274634     
           8
  0.62649449950500369       0.44455046636416234     
  0.61913893818562937       0.44866671987166501     
  0.61216468315396166       0.45036158003583382     
  0.60497360117883370       0.44654220652749022     
  0.60784886851756015       0.42848221551653876     
  0.62562945337857567       0.43162649843363848     
  0.63090756094587663       0.42590147765424624     
  0.62732393889208671       0.43660279232597365     
           7
  0.32890892944570349       0.99725318589673573     
  0.30932797537220580        1.0000148417010175     
  0.31100770317307685       0.98798658973303122     
  0.31536426211742502       0.97269200516135812     
  0.32970488989670549       0.97531731803371591     
  0.33488402043511883       0.98104076872293589     
  0.32803707207349442       0.98536677536336192     
           3
  0.24130288381670140       0.65847625906824225     
  0.22206384783462654       0.66102555672069097     
  0.22782258064516128       0.64717741935483875     
           6
  0.55157156716620526       0.44393265031942758     
  0.54318820601493489       0.44318483254518704     
  0.53846970664482030       0.43984035636697494     
  0.53954324712637303       0.43374691105625607     
  0.53566276375216648       0.42220911880965079     
  0.56258835778251681       0.43392565876774442     
           4
  0.60661207106350168       0.58724613122342184     
  0.59798663094963744       0.58975151384803726     
  0.59797866550818846       0.57139050465600594     
  0.61925630544836396       0.58170793710831659     
           6
  0.14192339073384316       0.77708367373071552     
  0.14503036331346703       0.78356913093806757     
  0.12314951799618810       0.77154692532875679     
  0.12251514023201548       0.76574158627972921     
  0.11842028527470941       0.76107826063348527     
  0.13943276317268685       0.76211261160732113     
           7
  0.21148111239700393       0.76128784491478385     
  0.20178488935683575       0.75847582129661251     
  0.19320417863169975       0.76190596621576157     
  0.19147977240857547       0.74498750812417669     
  0.19301887941518603       0.73758595444261854     
  0.19898993848576380       0.74024470129566800     
  0.21450444051918563       0.74813088877329781     
           3
  0.50904186841263466       0.47498557783239803     
  0.51414422078049038       0.46095413360139403     
  0.52963435919826229       0.46366061119030044     
           4
  0.44869061212473765       0.63560896726499416     
  0.43229484328580642       0.63096327163516974     
  0.42835204551563211       0.61173491351958409     
  0.44526804709036105       0.60973418276248881     
           3
  0.10483870967741936       0.46673387096774194     
   9.7593414063673847E-002  0.47585920794434367     
  0.10044439067284387       0.45384450361824369     
           3
  0.60266694975530100       0.49847703718232728     
  0.57711172100318764       0.50229230446029216     
  0.57954900800641074       0.48712484870045708     
           8
  0.18972410431190723       0.66025440930475687     
  0.18121875599202908       0.65964468175188462     
  0.17486799691145907       0.65752549647527858     
  0.17542252997733740       0.64979389155344425     
  0.17638253975808155       0.64157368421464211     
  0.17905918084636319       0.63511309394041371     
  0.18764029146333733       0.63840393114458538     
  0.19372174671582670       0.64826466354408485     
           8
  0.74386658646752268       0.49257782587900417     
  0.73912572468913917       0.48880939095527948     
  0.74413418018882482       0.48497305544097685     
  0.74163036963118167       0.47946370184206288     
  0.74329324534692909       0.47298786830202511     
  0.76411637591862225       0.46830125051949623     
  0.76141587966915480       0.47812772508339019     
  0.76672711650755465       0.48051407877346097     
           5
  0.54122912716980409       0.59452778895267855     
  0.53283268584253951       0.60496978372534538     
  0.52158447187431445       0.59516903520914521     
  0.53240879208936820       0.58470863644236315     
  0.54140567949029694       0.58735288454356638     
           4
   5.1616922434693333E-002  0.26480321688109376     
   3.3070542081388071E-002  0.27076351932247938     
   2.8865444150890571E-002  0.26147318708970052     
   2.8146249754141726E-002  0.24520322852359097     
           5
  0.12154078635177290       0.40640184278965152     
  0.10185334184964229       0.40984842578208636     
  0.10300891003522795       0.39622461927138253     
  0.10807561264480656       0.38947705518633124     
  0.12599513254694161       0.38854072808761514     
           4
  0.18107118481888079       0.43741174506137048     
  0.17939184901609570       0.42714976754953332     
  0.17641868158757990       0.41700126283305849     
  0.20202259943354650       0.42290443926562937     
           4
  0.54700168606202138       0.55936101152866857     
  0.52797320150386062       0.54858750977065551     
  0.54646084109863702       0.53724168327651989     
  0.55400713073405317       0.53317815207267949     
           4
  0.57087864099196350       0.48817979853563559     
  0.55350112398731866       0.50181831109322828     
  0.54614924427631406       0.48117573254037105     
  0.56046531584314918       0.47538436118327837     
           4
  0.39967429184077258       0.53172394812451440     
  0.38974384578894777       0.51980738575730434     
  0.38868836462559470       0.51175983763992561     
  0.39818548387096775       0.51814516129032262     
           5
   2.7721204337498275E-002  0.66027290587563381     
   2.1886390246389664E-002  0.66607876546853484     
   2.1933306217923103E-002  0.64599634235026060     
   3.1788693498273284E-002  0.63817740887480501     
   3.7385267572296862E-002  0.64238882422762866     
           5
   7.0895050115880529E-002  0.48103241215078746     
   7.3289123357691749E-002  0.49041334240293855     
   5.2634966405109507E-002  0.47606398689049395     
   6.6794214155326020E-002  0.46248198883814962     
   7.3477058979857152E-002  0.47240780003370353     
           4
  0.64112903225806450       0.43548387096774194     
  0.63038071017695796       0.42371056084423436     
  0.64287085558742252       0.42746769192826561     
  0.65038468983880948       0.42661880623558718     
           3
  0.32702546693380025       0.51579129733480211     
  0.32814847454808299       0.50361425382631142     
  0.33971774193548387       0.50907258064516125     
           3
  0.69535673102881512       0.52978979969868512     
  0.68346774193548387       0.52217741935483875     
  0.67615277462598344       0.51547221817942879     
           5
  0.40700861834075813       0.44678291050401431     
  0.38605669673741871       0.45276925766131476     
  0.38908256266731162       0.42450815310123308     
  0.39517387909895724       0.42683447572031041     
  0.41217310849700489       0.43747378859941499     
           6
  0.61748351322996053       0.50767988036011191     
  0.61646699527779647       0.51915911387515545     
  0.60056098232532951       0.51545632869303359     
  0.59866975000056710       0.49591008744187348     
  0.60796022555806639       0.49465991901042011     
  0.61918895825688758       0.49470292706360830     
           5
  0.17801765385337959       0.64134001921396133     
  0.18787560891618307       0.64779926412117406     
  0.17132036133761061       0.64849873317423889     
  0.16200545850343431       0.64349924083517851     
  0.17050789131233407       0.62398651668444138     
           4
  0.57963709677419351       0.39818548387096775     
  0.57775269681393526       0.40683518171989375     
  0.56610236690592641       0.39625049980532029     
  0.58023782632962206       0.38715767625863184     
           5
  0.32528145270288678       0.61899286757445138     
  0.29897468624244977       0.61163642353993619     
  0.30192963189208405       0.60431690369452518     
  0.29947197504115425       0.59479228345774837     
  0.32181267832899796       0.59619832926241412     
           8
  0.38764690744863439       0.80275732411749035     
  0.38027972405166949       0.81369110872895412     
  0.37443941300434858       0.81374524919159219     
  0.36700282500823189       0.81333758826070213     
  0.36723165192081669       0.78950697252919377     
  0.37332616139539604       0.78774168511481180     
  0.37588328064011611       0.79397536180364803     
  0.38661188390559548       0.79199850489992862     
           5
  0.26650188640196687       0.46611299488837549     
  0.25633296451561499       0.46025032371888080     
  0.24981947588150002       0.46659695646488214     
  0.25911210473894813       0.44378021765390541     
  0.26931322710971628       0.44214414551664527     
           3
   2.8361647503522259E-002  0.53604084806643937     
   1.6135764072686652E-002  0.52643944686200028     
   2.9233870967741934E-002  0.52520161290322576     
           3
  0.37802419354838712       0.62802419354838712     
  0.37077172399313579       0.63209126087677192     
  0.36650993024314665       0.62290615367859881     
           5
  0.54064860151972649       0.45984744524062260     
  0.52642508562280776       0.46178073013836729     
  0.51793007247030320       0.46160291277348542     
  0.52149645423311208       0.44992944068358809     
  0.52585675684659039       0.43979762056214561     
           5
  0.49600433464003924       0.54993655837384858     
  0.48436876009133711       0.55631686984720252     
  0.47523574528346979       0.54718405682085425     
  0.48979564183826679       0.53860639211583639     
  0.49766669036326566       0.53472121053362709     
           5
  0.60415952076964730       0.42999942889485615     
  0.58655983027694536       0.43489995667097159     
  0.58356615582156413       0.42663234714853326     
  0.58493288521333509       0.40993435185997940     
  0.59610691034998875       0.41462068448575312     
           7
   9.4410256473189319E-002  0.34392572791413845     
   9.4931344020319081E-002  0.35164611558549624     
   8.5377974092567893E-002  0.35284742362732896     
   7.4605953872157710E-002  0.34707905175944248     
   7.4838815648608573E-002  0.33330531040513744     
   8.6926452973279694E-002  0.32968771010518305     
   9.2613876698517159E-002  0.33024652397842641     
           5
   3.5313682494853983E-002  0.71541177575211601     
   3.6132062103075908E-002  0.72373218756465274     
   1.1956349034467895E-002  0.72359887556461877     
   7.8713449285469309E-003  0.71122756128767495     
   2.3362244884967385E-002  0.69785467763325970     
           3
  0.34576612903225806       0.67842741935483875     
  0.33167464843786049       0.67583036566407628     
  0.33627220943259950       0.66806145860781363     
           3
   4.8173027804117807E-002  0.57584875859203555     
   3.2596559130148521E-002  0.56611673059462242     
   5.6749141232182047E-002  0.55290892440763928     
           5
  0.54735764177099000       0.49919591683219888     
  0.53188297403170781       0.49659826083007957     
  0.52526725378946837       0.48857219311855260     
  0.54011388474713207       0.47642323861952812     
  0.54820836775684378       0.47359107130225431     
           8
  0.54475851677924381       0.39585026529902095     
  0.52906804786741035       0.40497850729149681     
  0.52278263337507902       0.40372124676074522     
  0.52203269731848878       0.39058995482135450     
  0.51962689049143240       0.38615244652407166     
  0.52794138909016675       0.38466899622600598     
  0.53220070635358618       0.38111033495627095     
  0.53829537194157129       0.38196884555344457     
           3
  0.30344283162418212       0.69314658230724557     
  0.29362067480826182       0.68189910525507913     
  0.31128613666283034       0.68503328658994256     
           6
  0.49902502717417840       0.34027358545156267     
  0.49005043271112037       0.33688570711080035     
  0.47932199854944652       0.34170469167369044     
  0.48682779675938614       0.32130822261715997     
  0.50265817172454463       0.32441917274689885     
  0.49846262289431559       0.33122786217602235     
           8
  0.42957314199405172       0.54921241169383206     
  0.42767132824912152       0.55397403085339880     
  0.42123133024621362       0.55370042596583935     
  0.41725166416179105       0.55015421910060847     
  0.40825936948574382       0.53806427415111602     
  0.40571432737258450       0.53266115843455519     
  0.41467286720775720       0.52612577769574109     
  0.42295001926802606       0.53228696422930843     
           4
  0.68583868234410894        2.3069371063897056E-002
  0.67329571549413691        2.6777086788530403E-002
  0.67079600105426307        3.4755606096761229E-003
  0.69282275965097195        1.3186242247100929E-002
           5
   6.5245899656298983E-002  0.36205788569603686     
   5.0666712102455380E-002  0.36407568383463162     
   4.8901455133482194E-002  0.35366373170113707     
   6.4445808419566555E-002  0.34344617909704489     
   6.9565056079744919E-002  0.35346704114127486     
           4
   1.9940633891242624E-002  0.47004971743858898     
   1.0062271502219017E-002  0.46714703647015166     
   5.2503720862082815E-003  0.45346921965631143     
   2.7120777842249401E-002  0.46330496740223276     
           7
  0.63409948548616613       0.51531033212980526     
  0.62788120716797369       0.51614763926138718     
  0.62543484204043287       0.52313176616306811     
  0.61091042380022198       0.52154409660469658     
  0.60782225392316103       0.51341170696319938     
  0.62827559395441712       0.50254185771021720     
  0.63232592989754244       0.50981618607982537     
           3
  0.15605839490517862       0.40925110119187447     
  0.14741016645661748       0.40417397959591472     
  0.15625000000000000       0.39516129032258063     
           5
   1.7917686065046002E-002  0.35326453392959933     
   9.6082609570102423E-003  0.35338251846828311     
   5.8927272037244665E-003  0.34181303927492562     
   2.6935848405659900E-002  0.33805565629010037     
   2.4951705138342058E-002  0.34527497556158632     
           4
  0.52280687345623145       0.34176408128182950     
  0.50907258064516125       0.33568548387096775     
  0.50420428228525149       0.32710249298700944     
  0.52212527748529447       0.32208295651501545     
           5
  0.28024651960422486       0.39663540427776101     
  0.25271304718960597       0.39131048366700039     
  0.25725401249582236       0.38532970284217732     
  0.25578783125319421       0.37661729544496891     
  0.27437261109351135       0.38070926239167691     
           6
  0.30505654747857880       0.55481517819792014     
  0.29486036782041714       0.55288779718133052     
  0.27747182154955796       0.55442868033597503     
  0.28333041794265418       0.54403239190808950     
  0.28828712786612115       0.53686439618620374     
  0.29929140127754900       0.54750907263459048     
           3
  0.15304533920716612       0.50670305034695096     
  0.13472076629773613       0.51524923300658310     
  0.13393771152642767       0.49418398768818261     
           4
  0.45723356424543182       0.61701650341702952     
  0.45565321122711505       0.62428132979337769     
  0.43979326492147791       0.61510006250894200     
  0.44829943423192703       0.60062963727822971     
           5
  0.54344275157231448       0.47960764850812615     
  0.53162298043114864       0.48019975061676945     
  0.52540134944678818       0.48244588008285599     
  0.54375272565230548       0.46232603380158471     
  0.55049851033499897       0.46157601266191084     
           4
  0.10982466532129560       0.46865738571721655     
  0.10187433324023672       0.46843674086032322     
  0.10483363495011037       0.44769390152855176     
  0.12259756437053095       0.45969560746684457     
           3
  0.60887096774193550       0.60887096774193550     
  0.59593244305249993       0.60650258971838999     
  0.60353872138546283       0.59992015233250295     
           5
  0.30294204445771511       0.63249465840085684     
  0.29669928721054212       0.62621418449640809     
  0.29889827483889109       0.62006637732145642     
  0.32061623615672391       0.60908008738365860     
  0.31624378760021976       0.61722483224002422     
           5
  0.24119621166904881       0.66269244296882990     
  0.24211250195033598       0.67052068231747397     
  0.23293028332756102       0.67189705012859691     
  0.22410757480965779       0.65106607541297568     
  0.23179513250011904       0.65325435792995989     
           3
  0.34173387096774194       0.62701612903225812     
  0.34528818289356095       0.61463470863374459     
  0.35611343168013565       0.61978081141713282     
           8
  0.53076152921027264       0.42219643490811559     
  0.52318433868176184       0.42672239944943108     
  0.50781385334286266       0.41352732677227888     
  0.50522919558039658       0.40651044328680441     
  0.51041808353614015       0.40295555918421777     
  0.51784598223238687       0.40171486375295851     
  0.52448527581406656       0.40163846909503942     
  0.53059216284000910       0.40575289827169014     
           6
  0.29765922677725576       0.43937023971843314     
  0.29104400120567114       0.43965810170413017     
  0.28227923194132526       0.43962029829626603     
  0.28606139894125721       0.41595310147013398     
  0.29762525962537667       0.41717660297780157     
  0.30057280739031045       0.42991354152118616     
           7
  0.74567917733920419       0.46792831546256169     
  0.74108991870255370       0.47084224836288424     
  0.72195706330252873       0.46749902730471854     
  0.72582753594661109       0.45517918490460957     
  0.72116901428733882       0.44913114900180273     
  0.72595760271350318       0.44644219649754679     
  0.73755411261562831       0.44770882013455221     
           3
  0.38549032904562053       0.61264280963256545     
  0.37151086483662016       0.58672140604160539     
  0.38265035441744633       0.58853947807591478     
