   928.00000000000000     
   10.000000000000000     
         274
           8
   1.0000000000000000     
   1.0000000000000000     
   1.0000000000000000     
   1.0000000000000000     
   1.0000000000000000     
   1.0000000000000000     
   1.0000000000000000     
   1.0000000000000000     
   1.0000000000000000     
   1.0000000000000000     
   1.0000000000000000     
   1.0000000000000000     
   1.0000000000000000     
   1.0000000000000000     
   1.0000000000000000     
   1.0000000000000000     
   1.0000000000000000     
   1.0000000000000000     
   1.0000000000000000     
   1.0000000000000000     
   1.0000000000000000     
   1.0000000000000000     
   1.0000000000000000     
   1.0000000000000000     
   1.0000000000000000     
   1.0000000000000000     
   1.0000000000000000     
   1.0000000000000000     
   1.0000000000000000     
   1.0000000000000000     
   1.0000000000000000     
   1.0000000000000000     
   1.0000000000000000     
   1.0000000000000000     
   1.0000000000000000     
   1.0000000000000000     
   1.0000000000000000     
   1.0000000000000000     
   1.0000000000000000     
   1.0000000000000000     
   1.0000000000000000     
   1.0000000000000000     
   1.0000000000000000     
   1.0000000000000000     
   1.0000000000000000     
   1.0000000000000000     
   1.0000000000000000     
   1.0000000000000000     
   1.0000000000000000     
   1.0000000000000000     
   1.0000000000000000     
   1.0000000000000000     
   1.0000000000000000     
   1.0000000000000000     
   1.0000000000000000     
   1.0000000000000000     
   1.0000000000000000     
   1.0000000000000000     
   1.0000000000000000     
   1.0000000000000000     
   1.0000000000000000     
   1.0000000000000000     
   1.0000000000000000     
   1.0000000000000000     
   1.0000000000000000     
   1.0000000000000000     
   1.0000000000000000     
   1.0000000000000000     
   1.0000000000000000     
   1.0000000000000000     
   1.0000000000000000     
   1.0000000000000000     
   1.0000000000000000     
   1.0000000000000000     
   1.0000000000000000     
   1.0000000000000000     
   1.0000000000000000     
   1.0000000000000000     
   1.0000000000000000     
   1.0000000000000000     
   1.0000000000000000     
   1.0000000000000000     
   1.0000000000000000     
   1.0000000000000000     
   1.0000000000000000     
   1.0000000000000000     
   1.0000000000000000     
   1.0000000000000000     
   1.0000000000000000     
   1.0000000000000000     
   1.0000000000000000     
   1.0000000000000000     
   1.0000000000000000     
   1.0000000000000000     
   1.0000000000000000     
   1.0000000000000000     
   1.0000000000000000     
   1.0000000000000000     
   1.0000000000000000     
   1.0000000000000000     
   1.0000000000000000     
   1.0000000000000000     
   1.0000000000000000     
   1.0000000000000000     
   1.0000000000000000     
   1.0000000000000000     
   1.0000000000000000     
   1.0000000000000000     
   1.0000000000000000     
   1.0000000000000000     
   1.0000000000000000     
   1.0000000000000000     
   1.0000000000000000     
   1.0000000000000000     
   1.0000000000000000     
   1.0000000000000000     
   1.0000000000000000     
   1.0000000000000000     
   1.0000000000000000     
   1.0000000000000000     
   1.0000000000000000     
   1.0000000000000000     
   1.0000000000000000     
   1.0000000000000000     
   1.0000000000000000     
   1.0000000000000000     
   1.0000000000000000     
   1.0000000000000000     
   1.0000000000000000     
   1.0000000000000000     
   1.0000000000000000     
   1.0000000000000000     
   1.0000000000000000     
   1.0000000000000000     
   1.0000000000000000     
   1.0000000000000000     
   1.0000000000000000     
   1.0000000000000000     
   1.0000000000000000     
   1.0000000000000000     
   1.0000000000000000     
   1.0000000000000000     
   1.0000000000000000     
   1.0000000000000000     
   1.0000000000000000     
   1.0000000000000000     
   1.0000000000000000     
   1.0000000000000000     
   1.0000000000000000     
   1.0000000000000000     
   1.0000000000000000     
   1.0000000000000000     
   1.0000000000000000     
   1.0000000000000000     
   1.0000000000000000     
   1.0000000000000000     
   1.0000000000000000     
   1.0000000000000000     
   1.0000000000000000     
   1.0000000000000000     
   1.0000000000000000     
   1.0000000000000000     
   1.0000000000000000     
   1.0000000000000000     
   1.0000000000000000     
   1.0000000000000000     
   1.0000000000000000     
   1.0000000000000000     
   1.0000000000000000     
   1.0000000000000000     
   1.0000000000000000     
   1.0000000000000000     
   1.0000000000000000     
   1.0000000000000000     
   1.0000000000000000     
   1.0000000000000000     
   1.0000000000000000     
   1.0000000000000000     
   1.0000000000000000     
   1.0000000000000000     
   1.0000000000000000     
   1.0000000000000000     
   1.0000000000000000     
   1.0000000000000000     
   1.0000000000000000     
   1.0000000000000000     
   1.0000000000000000     
   1.0000000000000000     
   1.0000000000000000     
   1.0000000000000000     
   1.0000000000000000     
   1.0000000000000000     
   1.0000000000000000     
   1.0000000000000000     
   1.0000000000000000     
   1.0000000000000000     
   1.0000000000000000     
   1.0000000000000000     
   1.0000000000000000     
   1.0000000000000000     
   1.0000000000000000     
   1.0000000000000000     
   1.0000000000000000     
   1.0000000000000000     
   1.0000000000000000     
   1.0000000000000000     
   1.0000000000000000     
   1.0000000000000000     
   1.0000000000000000     
   1.0000000000000000     
   1.0000000000000000     
   1.0000000000000000     
   1.0000000000000000     
   1.0000000000000000     
   1.0000000000000000     
   1.0000000000000000     
   1.0000000000000000     
   1.0000000000000000     
   1.0000000000000000     
   1.0000000000000000     
   1.0000000000000000     
   1.0000000000000000     
   1.0000000000000000     
   1.0000000000000000     
   1.0000000000000000     
   1.0000000000000000     
   1.0000000000000000     
   1.0000000000000000     
   1.0000000000000000     
   1.0000000000000000     
   1.0000000000000000     
   1.0000000000000000     
   1.0000000000000000     
   1.0000000000000000     
   1.0000000000000000     
   1.0000000000000000     
   1.0000000000000000     
   1.0000000000000000     
   1.0000000000000000     
   1.0000000000000000     
   1.0000000000000000     
   1.0000000000000000     
   1.0000000000000000     
   1.0000000000000000     
   1.0000000000000000     
   1.0000000000000000     
   1.0000000000000000     
   1.0000000000000000     
   1.0000000000000000     
   1.0000000000000000     
   1.0000000000000000     
   1.0000000000000000     
   1.0000000000000000     
   1.0000000000000000     
   1.0000000000000000     
   1.0000000000000000     
   1.0000000000000000     
   1.0000000000000000     
   1.0000000000000000     
   1.0000000000000000     
   1.0000000000000000     
   1.0000000000000000     
   1.0000000000000000     
   1.0000000000000000     
   1.0000000000000000     
   1.0000000000000000     
   1.0000000000000000     
   1.0000000000000000     
   1.0000000000000000     
   1.0000000000000000     
   1.0000000000000000     
   1.0000000000000000     
   1.0000000000000000     
   1.0000000000000000     
           1
  0.44073275862068967       0.45043103448275862     
           8
  0.41591308631732316       0.23717752729567976     
  0.40852540078875160       0.24704168778540511     
  0.39769390480413197       0.24460246766169702     
  0.39430457995519141       0.22950187690799065     
  0.41020484728516526       0.22849208251440520     
  0.41460742986021060       0.22307576262431930     
  0.41951083062656469       0.22455812851694679     
  0.42024727491206104       0.23043459137484384     
           3
  0.51378966935944037       0.64207389412431171     
  0.49650993503066448       0.62273198649159067     
  0.51690524448294473       0.62024261818021931     
           8
  0.10374985413998716       0.75856449937559478     
   9.4539300629397263E-002  0.75894820439485078     
   8.8254540439449386E-002  0.76271670355108356     
   8.6776182522885409E-002  0.74515331264373030     
   8.7416228590202996E-002  0.73830433796511830     
   9.5296531686809752E-002  0.74103236427365138     
  0.10111852766402342       0.73844434118993973     
  0.10698570240266543       0.74886460428504853     
           7
  0.38969931699029431       0.13802854193502556     
  0.36726549795147506       0.15219196750823663     
  0.37085321723461606       0.14330760670637777     
  0.36592704012405169       0.13217880224580303     
  0.37927732897899313       0.12916376339902491     
  0.38370946922966137       0.13255061803078444     
  0.39167159181605454       0.13261359598436856     
           3
  0.45689655172413796       0.10883620689655173     
  0.44692341008146969        9.4507961408721836E-002
  0.47067676312752199        9.8052083183809688E-002
           8
   8.3844265926658806E-002  0.75068812761341275     
   8.7518114677667985E-002  0.75416796952739318     
   6.7889793364647594E-002  0.75920739595122400     
   6.3230245580867761E-002  0.75145074387446920     
   6.2913499170195147E-002  0.73818474555521629     
   7.1119804249375626E-002  0.73751151547565741     
   8.4854745084491215E-002  0.74088037056524569     
   8.8474000748609324E-002  0.74535100989793224     
           4
  0.35667304313012421       0.14268545686255513     
  0.33576590932145323       0.15422544978249511     
  0.33510526219595066       0.13057946756986438     
  0.34784423752028487       0.12934846821980497     
           4
  0.40299088118231102       0.23806938661054936     
  0.38504627450673568       0.23888530352780074     
  0.38238670700588839       0.23209091979744462     
  0.38732532383541884       0.22265987872218046     
           3
  0.23516541852036232       0.98583303284483526     
  0.23491379310344829       0.97629310344827591     
  0.24442274267209924       0.96780378588652305     
           4
  0.10444317558167146       0.74833278556043237     
   8.9594817023215687E-002  0.74693973352333454     
   9.6982758620689655E-002  0.74137931034482762     
  0.10893607592769233       0.73956065288691508     
           7
  0.45801954295941771       0.24586233857725401     
  0.45617028458035652       0.25210688440621587     
  0.43862684017516301       0.24975239003045238     
  0.43559326667296228       0.24327542675510705     
  0.43723574535013587       0.23490173956352250     
  0.46025761571754198       0.22984629898610948     
  0.45776635257541431       0.23872429531664868     
           6
   4.5435187002937381E-002  0.75777692813101771     
   3.6217585499862620E-002  0.75452212455674639     
   3.1182599671256341E-002  0.75171881355867087     
   4.6711314348572883E-002  0.73485132060618441     
   5.6606791581443931E-002  0.73556623073360683     
   5.2638230015979545E-002  0.74468773882747974     
           8
  0.15318935179955540       0.53037831684275716     
  0.14643289552077093       0.52873062679287908     
  0.13779612794716015       0.52809808225573251     
  0.13545529479857027       0.51057248051045445     
  0.13042872683847093       0.50572690913402152     
  0.14273768338170570       0.51064762511939354     
  0.15322202145667299       0.50537173852029427     
  0.15340865522867170       0.51335953953871738     
           6
  0.65398659159158046       0.52553118868185877     
  0.63803555863660466       0.53445138191491504     
  0.62983424324722737       0.53287350269114120     
  0.62904914084138608       0.51291971889300048     
  0.65384579981187418       0.51299431970048281     
  0.64761069550914108       0.51890533230303759     
           7
  0.47299139528268325       0.29666043429078698     
  0.45147926569891278       0.30134988242637556     
  0.45501579923554014       0.29331493821655974     
  0.45713461969188718       0.28232473189750296     
  0.46296532706528420       0.28262776809289025     
  0.47148905368215949       0.27786312092009768     
  0.47379845095225853       0.28372286781791656     
           6
  0.42212659566034744       0.66445547704153463     
  0.41603097325001487       0.66088808267867938     
  0.39994050648183038       0.65139047457893062     
  0.40407452732618832       0.63882836518473962     
  0.42682025296410270       0.64270105057286897     
  0.42391393178297437       0.65083747721834107     
           8
  0.12155906589410047       0.65685730821722321     
  0.11045751336637838       0.65085326160326906     
  0.10789428793117030       0.65584055967713717     
  0.10264256613169639       0.65579874621853884     
   9.3410438457188452E-002  0.63803678156579291     
   9.8445363267860173E-002  0.63981456413780791     
  0.10502031938122926       0.63364215318978423     
  0.11870102744937970       0.64405770269288976     
           3
  0.10503285440918277       0.75875654982757501     
   8.1265838104253418E-002  0.75520823830580108     
   9.1594827586206892E-002  0.75107758620689657     
           7
  0.42004599511149465       0.23247429327891919     
  0.41285822005549272       0.24383355908322363     
  0.40460094648839839       0.24900767104227073     
  0.39684102806078941       0.23158123206201706     
  0.40305887294951603       0.22263400100022115     
  0.41545454830163814       0.22111969893550534     
  0.41770241459197283       0.22618217883056435     
           3
  0.22146670448608904       0.69966556172796424     
  0.21120689655172414       0.68965517241379315     
  0.20339786112542182       0.67914333209801925     
           7
  0.24185364634676498       0.68987867690111837     
  0.23995320049691554       0.69694365943888958     
  0.23166837986531585       0.69840266265374340     
  0.21826478389817466       0.69531760028022738     
  0.21867413652638124       0.68628115657381095     
  0.22348259068654136       0.67073105228342467     
  0.23964297989085281       0.67853975809850786     
           7
  0.55650802621640738       0.59204972630255004     
  0.55621392125553193       0.58616299615128753     
  0.55032210756848210       0.59220005628816086     
  0.55738804441872980       0.57110961089008960     
  0.55897773329281708       0.56533023674883387     
  0.56940441336273884       0.56694161869495441     
  0.57190504363332439       0.57197557398210697     
           4
  0.55564300821666279       0.59667818937416928     
  0.53443409681276577       0.58819458770996369     
  0.54102763030079482       0.57850508464867878     
  0.55760758903508711       0.57676716322868582     
           4
  0.42812413697629242       0.60132679064815908     
  0.40478824841499444       0.58156082179021873     
  0.42275486139245588       0.57744924209910831     
  0.42998817285651814       0.58510922941691046     
           7
  0.51769836969864946       0.63920345259981726     
  0.50724290739548272       0.64182175617773829     
  0.50217864732724526       0.63497897937076653     
  0.50494605481123700       0.61716634221721378     
  0.51383567072088943       0.61918812992232852     
  0.52703911028578354       0.61664474689121351     
  0.52337433530931998       0.62214645739081753     
           5
  0.44145925448924944       0.61973529068214595     
  0.43327178799228144       0.62128154398296154     
  0.42710904112220838       0.60902009048321903     
  0.43120248278115408       0.60334621846271053     
  0.45474217256714522       0.60388633775095746     
           3
  0.18073339333300953       0.89420599053004712     
  0.16702586206896552       0.89224137931034486     
  0.17633007820858781       0.88731035305096628     
           6
   6.7068936663118847E-002  0.75252927048274476     
   5.8982460635520248E-002  0.75787010125649945     
   5.1069356863659099E-002  0.74924235617028978     
   5.9708621534421608E-002  0.73443506198673292     
   6.7195646372350398E-002  0.72931870792036002     
   7.8304076229471192E-002  0.73609292863847886     
           8
  0.45815992646200326       0.29829362121302577     
  0.45274443687028731       0.30141694993158830     
  0.44227868766514400       0.30336894363898420     
  0.43376122175568338       0.29854019923116093     
  0.43539497299690988       0.28700587245132680     
  0.43528517955767265       0.27878115678429627     
  0.44642550706471584       0.27627794952516904     
  0.45544177951178305       0.28289979121795883     
           6
  0.14942244024503359       0.63513111823829682     
  0.13885226898336728       0.63302239973208396     
  0.12644229084025499       0.62378389582376303     
  0.13062426515140391       0.61345599508831350     
  0.14110543485174057       0.61233778662170646     
  0.14577166560308200       0.61759797340649325     
           5
  0.40200389982729301       0.33122475753355218     
  0.40197190232984131       0.33882404808633559     
  0.38903832040161290       0.34158923712397116     
  0.39142937372967229       0.31333286169195967     
  0.40107239652299970       0.31927874709338033     
           4
  0.42241379310344829       0.35452586206896552     
  0.41838195732252276       0.36225582881008095     
  0.40847051908115328       0.35162272632400893     
  0.40891568113686283       0.34164554988621304     
           6
  0.46841168572960251       0.72184023579063461     
  0.45666662575354811       0.72191828369037558     
  0.44803093766940338       0.71072444333442963     
  0.44394021416228663       0.70467374259484561     
  0.44456835303079423       0.69863040444097924     
  0.45681066939485526       0.70299636477349425     
           3
  0.54418103448275867       0.73599137931034486     
  0.54780089269989374       0.72188486465600954     
  0.55735482290623228       0.72307395483018044     
           3
  0.39421897881550427       0.13852502562927457     
  0.38980965730748840       0.11679292490775636     
  0.41243720762019526       0.11508791350074064     
           8
  0.48429680001555164       0.67237245246630883     
  0.48306942845905576       0.68231262508896151     
  0.46331424618183176       0.67931619648499253     
  0.46044801295498472       0.67230826413878653     
  0.46150098073853713       0.65899995769462161     
  0.46604718199471579       0.65622368852186019     
  0.47579939800595489       0.66030636977163737     
  0.48107474252787208       0.65551542548639452     
           6
  0.62341760418687897       0.46438791624223502     
  0.61767056659694730       0.46381344227959037     
  0.61189766978011551       0.45918707092926342     
  0.60904684920234409       0.45288105412262009     
  0.61410851522642451       0.44483000605684331     
  0.63664269548131525       0.45258957305322878     
           7
  0.12978288047371311       0.78545308886252418     
  0.11177670909477019       0.78490494617702644     
  0.11133167111999968       0.76826327568146602     
  0.11753299719071091       0.76872702298468620     
  0.11243620133055067       0.76043642155540281     
  0.12711903482034859       0.76416434632478603     
  0.13165833071764146       0.76014681145761920     
           3
  0.11530172413793104       0.77478448275862066     
  0.10229107556180049       0.77398292060711971     
  0.10782214370780710       0.76149763515839819     
           7
  0.13387764197045185       0.73263791243358112     
  0.13912468367429570       0.74013418446263446     
  0.12618395692687531       0.73763349844050341     
  0.12026474094755421       0.74238863677352540     
  0.11193261825070190       0.72385726170986586     
  0.13335270320916626       0.72220466089918867     
  0.13883496324967051       0.72182552924430154     
           7
  0.36078621396579752       0.30587007145794448     
  0.34179648884575098       0.30839676038315939     
  0.33822664940804442       0.30204065537756919     
  0.33891060432859577       0.28685661985154975     
  0.34908450059579194       0.28816337007351811     
  0.35753504263612412       0.28766938176064027     
  0.36315052935523329       0.28749756597684306     
           4
  0.27638775205309235       0.85909548197765018     
  0.25215423886854338       0.85140126473471278     
  0.25141087005664353       0.84396138771297535     
  0.27121018422001608       0.84237126966827636     
           8
  0.40289036076161561       0.24517033026509374     
  0.39675607496861814       0.25198579477623528     
  0.39152497681666315       0.25411432186937272     
  0.38193817633586208       0.24585575902606913     
  0.37931545483224932       0.22683799476829863     
  0.38534622498913906       0.23119602596390779     
  0.39939186826482009       0.23236269960586850     
  0.40521254140261886       0.23624598975062588     
           7
  0.16405249865140203       0.74194126934630344     
  0.15532545281810040       0.74532860375412924     
  0.13983183207452579       0.74923006033479966     
  0.13926403240460383       0.73604039922101916     
  0.13917099338077832       0.72236439062988000     
  0.14456976198662350       0.72525420512974759     
  0.15247037630288449       0.72490159686827749     
           6
  0.41607045714605634       0.21371859947060545     
  0.39640640187262144       0.22096713398036943     
  0.39139955393321785       0.20310464713915649     
  0.39473132554350293       0.19814903988245738     
  0.40333908827868098       0.19926994455315006     
  0.41827653664389985       0.20537306456391155     
           5
  0.43969277696677367        6.9794926035384217E-002
  0.43064959800316593        7.0223665244331407E-002
  0.41869239135344472        6.4082702913044326E-002
  0.41835140384733727        4.5256467469103126E-002
  0.43438002580441343        4.8682245167302463E-002
           6
  0.10584424464582379       0.79582383366219800     
  0.10684079170497245       0.78149349623572273     
  0.11417378643775884       0.77097793978146079     
  0.12147849262786160       0.77298952611663918     
  0.12690932218179049       0.76934646483667168     
  0.12695581505432899       0.77573674116879365     
           3
   6.8965517241379309E-002  0.72306034482758619     
   6.5723283394284820E-002  0.71155056119123017     
   7.8872173340047591E-002  0.71072853821661952     
           7
  0.40744333595245275       0.30589887744340633     
  0.39795259653399667       0.30469917403826563     
  0.38731937888242096       0.30502796549615108     
  0.38579386404709975       0.29861794873273401     
  0.39959291269012365       0.28868427089111487     
  0.40105111998516779       0.28332319393894789     
  0.40609505017415926       0.29293299355627755     
           3
  0.10344827586206896       0.71012931034482762     
   9.5588181924678856E-002  0.70260533242343415     
  0.11680528811070223       0.70529726090951228     
           5
  0.14779037860408753       0.67326836881535956     
  0.13900862068965517       0.67564655172413790     
  0.12860881676021382       0.66647407116506885     
  0.13633340711362968       0.66422707267941827     
  0.14931145716155400       0.66252641422368463     
           3
   5.8197453418368135E-002  0.62966874526339633     
   4.0010751531193683E-002  0.63759752986918283     
   4.5117578138303568E-002  0.61354496835696171     
           5
  0.44433909282255990       0.63888385441101847     
  0.42250334648938181       0.62965462220792767     
  0.42599201087490957       0.62080256316447213     
  0.43356447253024244       0.61640903546378412     
  0.44450560979020731       0.62451555272171388     
           6
   6.8195205824299762E-002  0.79515760698118310     
   6.1401656108192176E-002  0.80157457188955583     
   6.3047133392463706E-002  0.78618992364337736     
   6.3227800011457030E-002  0.78000060992549392     
   7.1526249643671699E-002  0.77797001784703201     
   8.5616584165528684E-002  0.78395130882143749     
           5
  0.57991487270745123       0.79581199193139551     
  0.55813267948298284       0.79681732428993890     
  0.55628097566817558       0.79066570681043280     
  0.55884553777709478       0.77943960852473804     
  0.56647816254114036       0.78155781433733862     
           3
  0.40840517241379309       0.34482758620689657     
  0.39421018100583116       0.33083881496703071     
  0.41584573337698205       0.33380833454156278     
           5
  0.46463693021005770       0.65993809355834521     
  0.44881035585030521       0.66522180164080269     
  0.45342211234267193       0.64476565135969244     
  0.46050960540566876       0.64151917033763195     
  0.46874836192098118       0.64087599710451004     
           3
  0.45612584206136131       0.66328151678133784     
  0.47021619784927171       0.64091595104073151     
  0.48334179549172418       0.65048004017846484     
           8
   6.3404382572664869E-002  0.75007273863789892     
   5.5601113248370242E-002  0.75035893620911487     
   4.6561484699832470E-002  0.75305095094902252     
   5.0275854438644463E-002  0.74866442826761903     
   4.5321954414298246E-002  0.73086501627352962     
   6.4499721784730249E-002  0.73129414933887549     
   6.9590871621321646E-002  0.73080485847130550     
   6.8843212613715302E-002  0.73737248803495947     
           5
  0.37243751719014218       0.59523759673210019     
  0.35823169917632763       0.60021597512008640     
  0.35534290651634193       0.58720722858668006     
  0.35930477343195016       0.58038584145961047     
  0.37086176096276385       0.57684448663733279     
           6
  0.65404514598465635       0.57498652256565985     
  0.63345013174304354       0.57943770372679371     
  0.62836712310240106       0.57323469853341558     
  0.62926761607650195       0.55196276910325792     
  0.65211241750382187       0.55615428108565279     
  0.64941098957460142       0.56341855955917886     
           3
  0.53602651709238613       0.37622859332141839     
  0.53842460131721559       0.35132339880343122     
  0.54741379310344829       0.36206896551724138     
           5
  0.37298091210897094       0.10526704554844310     
  0.36564412038984651       0.10937520316932643     
  0.35379518690382245        8.5907685503258335E-002
  0.36884506918755167        8.7205505773895894E-002
  0.37524504447074386        9.6670635357045009E-002
           7
  0.56390210788995954       0.18864748823347741     
  0.55785952756146395       0.18672582978271754     
  0.53878453930792169       0.19144879778983362     
  0.55030428616974758       0.16479330006316747     
  0.55617625492644163       0.16967379873356361     
  0.56217813651981929       0.17647442265380331     
  0.55717423885435891       0.17949291470131667     
           4
  0.30152426463920329       0.89598525839097942     
  0.27650336008096227       0.88727512523209173     
  0.28222445486345815       0.88239296374612175     
  0.30093176266380661       0.86948380301314199     
           6
   1.8409959750279144E-002  0.84562671352754215     
   5.4780607140621513E-003  0.84797199332636730     
   9.2589245632661472E-003  0.84168524828248914     
   7.1743182328870836E-003  0.82492248897230280     
   1.1625687139455490E-002  0.83573833529360464     
   1.9396551724137932E-002  0.83620689655172409     
           4
  0.33522003699110914       0.32628052157645038     
  0.33128132225810852       0.32036078794048756     
  0.32840636116758731       0.31018502719778795     
  0.35434257956192172       0.31708325623486244     
           4
  0.62621378837962882       0.53570357858387485     
  0.60721939694478255       0.51721206522026264     
  0.61822126608348227       0.51268535847906804     
  0.62761114605070578       0.51229250623651490     
           3
  0.36099137931034481       0.19288793103448276     
  0.35542126573379318       0.18063073409296798     
  0.37533358107528714       0.18376924859151450     
           4
   1.3041754400701756E-002  0.79173171779665696     
  -6.9149091766206056E-003  0.78954356087685174     
   1.0775862068965517E-003  0.78340517241379315     
   1.1983883622269204E-002  0.78004393984021958     
           5
  0.62748979901264779       0.48109365665907061     
  0.61408785752040329       0.47711107859903229     
  0.60522432407106286       0.48289307223420358     
  0.60257099917943013       0.46620112047440670     
  0.61348204890354341       0.45659910234795764     
           3
   1.6798151382904615E-002  0.76237348856872023     
   4.0833719352379848E-003  0.73970045794702677     
   3.0024227064374461E-002  0.73841546297790905     
           8
  0.25441750640244398       0.82770817923418472     
  0.24534706259397382       0.82916507523844385     
  0.23945317424368318       0.82903754556312348     
  0.23603593981821028       0.83283338170305610     
  0.23212530698227044       0.81091341229476255     
  0.24309485695942321       0.80857978765659311     
  0.24815024761307161       0.80987568983881697     
  0.25354216503433297       0.81243474613843536     
           8
  0.36287271991212905       0.58055629794535979     
  0.36263411949771912       0.58899767144287563     
  0.35223171912559698       0.59359531656546582     
  0.34243860901491757       0.59110811261971397     
  0.33483425390673383       0.57614533320364825     
  0.34318036064437146       0.57136800427185475     
  0.34246782528416936       0.56546899498639425     
  0.34873070746360812       0.56715235177671031     
           8
  0.57460447122101121       0.57332251162018111     
  0.56802042553392929       0.57024783355010689     
  0.55647520454656407       0.57061955718664559     
  0.55180894998953989       0.56495926829302767     
  0.55323428767844507       0.55253995118460930     
  0.55830303855973407       0.54874699712289110     
  0.56568261060104852       0.54604083267817161     
  0.57087455070402493       0.54598130772482567     
           6
  0.67931286653647516       0.54932719317377310     
  0.67308931153195717       0.54841733395340131     
  0.66458409910643912       0.54860296724513680     
  0.66657958189308530       0.53138436605651873     
  0.67587390761439858       0.53245071819418965     
  0.68025837390452548       0.53830102570441496     
           6
  0.24733758497187974       0.47049458707733061     
  0.24317183870456252       0.46652446774337841     
  0.22282959640961658       0.47108101585015061     
  0.23081070638713030       0.44581377306824227     
  0.23647592363182149       0.44903891776934796     
  0.24318313521610113       0.45545501024823798     
           3
   4.7065147283443499E-002  0.88040598569932993     
   5.2601004394976530E-002  0.86229601802851330     
   6.8171899413754053E-002  0.86545091741304803     
           7
  0.23242151832280722       0.67396246675877047     
  0.23045804510353493       0.68378463657724109     
  0.21656932019988620       0.67915171639187688     
  0.21295058372955383       0.68340716701613846     
  0.20995764162219635       0.67091945027339595     
  0.20801150848357575       0.65642932758098360     
  0.22514519735506403       0.66104863294755734     
           3
  0.65807330781089479       0.55228705878367579     
  0.63503273086853174       0.55868812208414176     
  0.64412070672689259       0.53614536056901740     
           7
   5.3226187747448549E-002  0.84471227608833677     
   4.9516331250624317E-002  0.83884003103334592     
   4.4097347115682070E-002  0.84063912229782256     
   3.7691485947620798E-002  0.81836275154473015     
   4.3577260169063818E-002  0.82563749405269027     
   4.7315557800190713E-002  0.82154720365929390     
   5.2973841335713666E-002  0.82305459946957038     
           3
  0.51591445668034008       0.38399358751623563     
  0.52370689655172409       0.37392241379310343     
  0.53457079473632663       0.37556419153852733     
           7
  0.11828793286459117       0.80170646026277881     
  0.10601362805217855       0.80509187870745968     
   9.4786258227579898E-002  0.80859289383136423     
   9.8921744117224777E-002  0.79194952529958207     
   9.4660332729130450E-002  0.78757513645885013     
  0.11135287846811154       0.78360483469931841     
  0.12004465640306702       0.79025971356031244     
           8
  0.18386355649623926       0.71532512817937899     
  0.17642612294537677       0.72149826099696968     
  0.16841105237709392       0.72137108494497382     
  0.15966184366707914       0.72542252900883342     
  0.16123871046096575       0.70507237985888682     
  0.17480936741107447       0.70293240602845697     
  0.18081397478853536       0.69813673248570818     
  0.18685661201809284       0.70101472708317991     
           7
  0.57932595869353809       0.61017637131239300     
  0.58309731886242888       0.61638692289381480     
  0.56247962684095409       0.61284823648673203     
  0.55543136516875546       0.61525837133259220     
  0.56512405990242776       0.59491229986484906     
  0.56381039078133977       0.58966306813176372     
  0.58051913661486421       0.59962927788902942     
           8
  0.42150812278533056       0.50762088738219102     
  0.41610096790931300       0.50730440646970765     
  0.40203161147365418       0.50945050692849392     
  0.40707762856957269       0.49672640071910806     
  0.40729719765727590       0.48417254728537551     
  0.41703560002348639       0.48572349873992182     
  0.42736980590986268       0.48315214268164242     
  0.42423786320994855       0.48823203938088966     
           8
  0.36699840560796509       0.31801119032913044     
  0.36563119441887143       0.33141723042210364     
  0.35702497188863996       0.32747827501244808     
  0.34726954104092128       0.32677238759965677     
  0.34591793741076560       0.31545191801399391     
  0.35032869502566133       0.30391211651526767     
  0.36217487933628001       0.30987851841858549     
  0.36957999662611946       0.30594721680992476     
           8
  0.25011834905440355       0.37042058346919787     
  0.25432204727403152       0.38075510924192890     
  0.23533230794542762       0.38304299494328792     
  0.23095130454672652       0.37798495307709118     
  0.22814633063951192       0.36720849589766397     
  0.23915643170575746       0.35751441904428327     
  0.24285429576579390       0.36275970593114176     
  0.24842169420389790       0.35808785899019208     
           3
  0.32147469879956858       0.79782602296642657     
  0.32435344827586204       0.78556034482758619     
  0.33026024754583722       0.77304751217325374     
           4
  0.37398032716147245       0.26968021019257582     
  0.35977801498555118       0.27617265550234138     
  0.35067803806902953       0.26923928415827081     
  0.36972822815277584       0.24959333023940758     
           7
  0.11747208480555829       0.89411470469345911     
  0.10694998295144184       0.89618881118063154     
  0.10099630825312224       0.89588176480371318     
   9.6442854871732181E-002  0.89158866664849024     
  0.10521508732594639       0.87263743749607459     
  0.11202783273623962       0.87309547674193966     
  0.11761989737698339       0.88112864371920030     
           7
  0.24811451698770332       0.66795664110461428     
  0.24470018494411241       0.66312425898530691     
  0.22310774704352970       0.66717276437731909     
  0.24096236982917818       0.64661992375383293     
  0.24966570002970506       0.64650380314909328     
  0.24922881549456979       0.65207989150346368     
  0.24508575373044894       0.65621263881731373     
           3
   7.7257539099502684E-002  0.61664111334955474     
   6.6964082299736091E-002  0.61517976145882958     
   7.6842608723654907E-002  0.58934090300017483     
           4
  0.36155575959679198       0.18521370649607322     
  0.35054001594216033       0.18618562616881038     
  0.35092132949947530       0.16516492238526290     
  0.37299215852637840       0.16423900009002942     
           3
  0.63472297219865725       0.46579769481982125     
  0.62390228840491013       0.44414903976616960     
  0.63726949692492918       0.43846005913030711     
           4
  0.46366184345583988       0.66418871535413249     
  0.45527930501469860       0.65944818427354934     
  0.46051971084105392       0.64152808917729132     
  0.47306140363434296       0.65426552243873970     
           5
  0.52175078756159965       0.55601650686692272     
  0.51413546780458907       0.55770080154232393     
  0.50222796807526426       0.55456006734097307     
  0.52439339027216736       0.53602213784172537     
  0.52523589869836596       0.54485354643789008     
           5
   9.4215826586478910E-002  0.81753748007879179     
   6.9564546180001491E-002  0.82097700623374648     
   6.8824249223453995E-002  0.80775725156920297     
   6.7805868624041157E-002  0.79958258107445312     
   8.0889807284186502E-002  0.79788676117384882     
           3
  0.49372750901888890       0.18900407443485456     
  0.49082846447707751       0.17591760170590207     
  0.50937256339075132       0.17556710902243680     
           5
   3.3126615875511578E-002  0.35988995965043069     
   2.8806009725974357E-002  0.36527884986034881     
   2.1851360953614889E-002  0.36230585218334826     
   1.0843339402638628E-002  0.34954179161754662     
   5.2564232319925446E-003  0.34192613574728686     
           7
  0.49429023911197684        7.2751069085888839E-002
  0.48822269720859224        8.1864350598803842E-002
  0.47188615985356486        7.0074029015941383E-002
  0.47802409556163333        6.7194136553524728E-002
  0.47932331218726965        5.9174479428167365E-002
  0.49968091440056789        5.4433601594625132E-002
  0.49663612141779395        6.0320755249116120E-002
           7
  0.45136811938698851       0.15901731770733990     
  0.44594418487303072       0.16372821468282589     
  0.42879053208287254       0.16802663153013922     
  0.42894050686791546       0.16267661955552126     
  0.42443059629898416       0.14389641324781594     
  0.44078169685056601       0.14211190184788156     
  0.44321752505880280       0.14878005568517186     
           3
  0.46325519163391948       0.66866077582738781     
  0.45330521649678873       0.64183212232832876     
  0.46443965517241381       0.65517241379310343     
           6
  0.23875910695904293       0.76968819246119913     
  0.21623083265209242       0.77507706667145293     
  0.21774693261392566       0.76677268109693986     
  0.23178664487953560       0.75436969429921341     
  0.24307887126158034       0.75015037972551046     
  0.23947398435198078       0.75754119538724252     
           6
  0.11408213753698353       0.69335624376174321     
   8.8559000494632556E-002  0.68268168098593740     
   9.1736991083939637E-002  0.67651322889220089     
   9.9557180968865386E-002  0.67356814109916152     
  0.10594958537664131       0.67060666866073049     
  0.11487689113549854       0.67458769590284529     
           8
  0.59895298813193354       0.62944963621627881     
  0.58580556009033735       0.62613760724275636     
  0.58151168201496906       0.62147683561163680     
  0.58471369443614063       0.61718345781649953     
  0.57902235721145678       0.60552393850195296     
  0.58580625302149725       0.60907942597342690     
  0.59185872266632578       0.60498517238164085     
  0.60550685886645161       0.61334656621710337     
           4
  0.18563225979742931       0.88247735435753094     
  0.17201911102701425       0.88806418617238625     
  0.17427069034889031       0.86941876135778384     
  0.19471394280201565       0.86898770055343322     
           6
  0.10575517803520618       0.85607922215732335     
   9.9695709011743391E-002  0.85735202014256617     
   8.9004431893202215E-002  0.85782070965788881     
   8.2420768406957196E-002  0.86116968105435876     
   7.9632726782767727E-002  0.84793135192904578     
   7.9244478460333417E-002  0.83851228417651757     
           7
  0.14004642223605568       0.85391025078071936     
  0.11813305933911654       0.86057609409004321     
  0.12036950885978404       0.84598257783749176     
  0.11492609012302392       0.83896917019763539     
  0.12671568763085184       0.84112226166764581     
  0.14171229752846976       0.83690362208730029     
  0.13686562829704124       0.84166707961754939     
           7
  0.38623306855808354       0.23245788891141336     
  0.38681423044725005       0.24059216666963795     
  0.36421554523990085       0.23946032414989032     
  0.36411554931608203       0.22367679847094168     
  0.36345060896068432       0.21398732723522138     
  0.37014372830260578       0.21318930459919180     
  0.38716297275139799       0.21752764113029835     
           4
  0.61998008808091276       0.25286489345560437     
  0.61459713257021131       0.25740729156350250     
  0.60246415284628274       0.25358862434366586     
  0.61985238401326115       0.23065899877781729     
           5
  0.40572590003507730       0.38800895181574097     
  0.38489893815176096       0.36919328097555254     
  0.38052465050857182       0.36218984089934320     
  0.39184436364561032       0.36067201310742714     
  0.40125990513627940       0.36100825629201722     
           5
  0.64561904098223721       0.47418281457344508     
  0.63025671689259632       0.47455793765077758     
  0.62802411342657738       0.46767926855755676     
  0.63852498267017810       0.45319998043148746     
  0.64411847944796019       0.45659879933688291     
           5
  0.47928628109721949       0.66641373443950425     
  0.46751562316864975       0.66683112353736906     
  0.45941197523732225       0.67060652108855690     
  0.46040538404986314       0.66094022347526171     
  0.47538280108698705       0.64989420559529498     
           3
  0.51000129530352767        1.0093784033751632     
  0.49529662733781266        1.0118340204414151     
  0.50754310344827591        1.0000000000000000     
           3
  0.44827586206896552       0.56896551724137934     
  0.43454116834570244       0.56974988378888536     
  0.46042004272673293       0.56010836529816665     
           3
  0.54310344827586210       0.41271551724137934     
  0.53171241925414758       0.42120684555976579     
  0.55365912851246990       0.40090779252078640     
           3
  0.22963391380625231       0.28806597834262854     
  0.23383620689655171       0.27478448275862066     
  0.24175048363552779       0.27442202360197759     
           3
  0.28808761836314317       0.78406207075763601     
  0.26327019423432052       0.77943875712093635     
  0.27478448275862066       0.77586206896551724     
           5
  0.12005267778198081       0.90724068648559275     
   9.4277226714851253E-002  0.90415704994014123     
  0.10751895377054700       0.88491319349008457     
  0.11454669543883338       0.88207465619011693     
  0.11500650149140719       0.88858493285176454     
           7
  0.10250328271992849       0.74674754837817570     
  0.10056005494391262       0.75238357970886793     
   7.5500323718211859E-002  0.75131197787682369     
   7.8753136958300329E-002  0.73969970537054364     
   8.8602104035787471E-002  0.73373386638273419     
   9.5577084545332286E-002  0.73397106763518682     
  0.10183311492532962       0.73531333231340290     
           6
  0.32258739478966669       0.23660998637654004     
  0.31046468596805032       0.23318872266885080     
  0.30114309263501543       0.23310402472316330     
  0.30441813328513317       0.22191225400466555     
  0.32660664903930736       0.21835216298733390     
  0.32487532406571712       0.22610846059867656     
           5
  0.55951692307505663       0.31259676458663610     
  0.55204351409850305       0.31692069858615496     
  0.55318896298943221       0.30791149897983994     
  0.55401954257650621       0.28848056005876049     
  0.56872613260047644       0.28962470081339153     
           5
  0.36195065923085240       0.45139393089559154     
  0.35412348366792390       0.45174782959615367     
  0.34263337607065247       0.43116921646742334     
  0.36206023485009808       0.42725347068946251     
  0.36891457437522057       0.43788119127340858     
           8
  0.46874394633272287       0.26334729005644564     
  0.46177806748017958       0.27256026165498443     
  0.45557354329444244       0.27575434566103957     
  0.44917721828721596       0.27023085368357125     
  0.45121599675366114       0.26307586100412655     
  0.45325128344373927       0.25464313347392453     
  0.46504052003015017       0.25073021868753054     
  0.46716200098874200       0.25575079832213643     
           7
  0.58208543709992377       0.66760500856191018     
  0.57741133524888832       0.67357662559391041     
  0.56993112793877243       0.67845806851183144     
  0.56064315000742460       0.66926192122197481     
  0.56331179213827154       0.65634795970750937     
  0.56905683631973225       0.65212349277406600     
  0.57802210638151830       0.66267650329300565     
           4
  0.69745040038392614       0.11195254832739315     
  0.67560307466460945       0.10903850021731383     
  0.67573542590627600        9.4532347465220254E-002
  0.68359345805826144        9.6108186096884762E-002
           8
  0.17811765627938306       0.70968489583089300     
  0.16886781243186316       0.70991423939022069     
  0.15144234232017165       0.70975870193491453     
  0.15716815412985363       0.69804279054030893     
  0.15141895764118868       0.68988798084191461     
  0.15425371173564867       0.68450309010698529     
  0.17194230280996869       0.68647425412564067     
  0.17820699738914458       0.68991433802328006     
           5
  0.14797109725631152       0.78876418817547533     
  0.13656744377172633       0.78600608321979304     
  0.12848453231428919       0.76514381887243965     
  0.13695212233780890       0.76413253124368241     
  0.14603651845506510       0.76753788680726132     
           7
  0.46276713664033842        7.8726018245878437E-002
  0.46230980251585374        8.5057161703312567E-002
  0.44475131547220109        8.8219520219576117E-002
  0.43830904417411848        8.5492150244808676E-002
  0.44248388839592512        7.0145939033495849E-002
  0.45935047325718753        6.3415087417194538E-002
  0.46464139345901229        6.2066117863772884E-002
           7
   1.3871176716161775E-002  0.71728292145024475     
   8.6449916908710213E-003  0.71587354256437052     
   1.4068761438050300E-003  0.71358415802728903     
   1.5551277903959899E-003  0.70797763336577102     
   1.3815652495947298E-003  0.69004381288328454     
   7.5469950642153413E-003  0.68998896484434880     
   2.1730129817915188E-002  0.70563288755741371     
           6
  0.47823411639376950       0.18400307199851604     
  0.47460362963361591       0.19170132852178917     
  0.46883088276184209       0.18959508376150536     
  0.45877453405023366       0.18331510633504192     
  0.45704388828043896       0.17378250686247379     
  0.47305008662107589       0.17349014164120577     
           8
  0.40787840114312046       0.74274359207919594     
  0.41268811002716549       0.74828163212237497     
  0.39688202423338825       0.75346536525300467     
  0.38855071074261655       0.74853431678599414     
  0.38606299229470975       0.73087516306233613     
  0.39412212790342577       0.72529231652727866     
  0.40355987755640760       0.72572556512867037     
  0.41182617194009424       0.72864294126249540     
           3
  0.88778384137729383       0.67321873745487959     
  0.86009913000864946       0.67257697068180755     
  0.87392241379310343       0.66810344827586210     
           4
  0.18211524393670458       0.75661267483763806     
  0.16165434188895328       0.74744975151240101     
  0.15883886443601994       0.73236585308685420     
  0.17834819481521316       0.73674507107272058     
           4
  0.23289655836992035       0.73031627042460834     
  0.20765100713626769       0.73493379990864038     
  0.20730717750432404       0.72574850608531505     
  0.21975160848518815       0.71124607331532708     
           7
   7.2183706223929306E-002  0.71707580430746842     
   6.3131139360369612E-002  0.73194776067326783     
   5.1008033527867813E-002  0.72185393501358530     
   5.9644001799952107E-002  0.70905261879498338     
   5.7297086626915565E-002  0.70412353327425914     
   6.7226840968560186E-002  0.70684830506126384     
   7.5608973817542349E-002  0.70477204872445820     
           4
  0.35694697185762492       0.44552727772753065     
  0.34862449504695781       0.44559293540434314     
  0.34148381447493276       0.44474948571134254     
  0.35129310344827586       0.43211206896551724     
           4
  0.68489808297409516       0.58240070459408744     
  0.67564655172413790       0.58297413793103448     
  0.66450187457325627       0.56978144447911194     
  0.68575304741298648       0.57094611631845871     
           4
  0.34787938187892209       0.13671061358856554     
  0.35001301819820185       0.11639213810660716     
  0.36067838708836464       0.11104798335914706     
  0.36894833921987358       0.11803257659266557     
           4
  0.54700810949958389       0.61743575634784087     
  0.52372884059585945       0.63073956353134542     
  0.52752089248769973       0.61156032415169581     
  0.54637728314192902       0.60701473967789876     
           5
  0.51895181677752211       0.65081311795747954     
  0.51421306496119745       0.66097522882113835     
  0.49195377841442572       0.65196589492190138     
  0.50049238741915392       0.63899106291840946     
  0.51649865379512205       0.63984216750845535     
           3
   6.5709643118427238E-002  0.69475765235099207     
   5.2801724137931036E-002  0.69827586206896552     
   5.5574750477384249E-002  0.68878651556288462     
           6
  0.60177966566655750       0.64378821635098316     
  0.58385571813984483       0.64737114490422365     
  0.57956479108694214       0.63489965730136344     
  0.58098684272281664       0.62466019745730206     
  0.60026695493353510       0.62294254472485655     
  0.59851013295100941       0.63273474227991089     
           5
  0.34109074450374127       0.81134460767125627     
  0.32715654585404258       0.81744987004642788     
  0.31580087440039428       0.81740605135003286     
  0.31708757805881005       0.80001088107383245     
  0.33473970315799795       0.79188818181955944     
           5
  0.21616539220493466       0.87075695318418844     
  0.20734451205622195       0.87580608859730835     
  0.19563526164133513       0.87494565026824600     
  0.19656545563308092       0.86488604472270991     
  0.22091256001846044       0.85852113090610460     
           5
  0.40787147618898995       0.67112988565883569     
  0.38501319756405239       0.67006131551590209     
  0.39461256969087632       0.65997733086613064     
  0.40461882687528683       0.65679299364974109     
  0.41088846675421975       0.65723590473847349     
           6
  0.83096919540411218       0.72197283923085298     
  0.80901925037741851       0.71659260852848250     
  0.80758075073908553       0.70872896852756595     
  0.81523650091269972       0.69765607911111016     
  0.81790622382956035       0.70290688812772917     
  0.82125506561137274       0.69780690098280906     
           4
  0.10148381026780244       0.82773613588328854     
   9.4636814989601054E-002  0.82572607220288186     
   9.5301665442123026E-002  0.80520027053091892     
  0.10711201258981402       0.81164125588104319     
           7
  0.31911855602917738       0.24508727159662680     
  0.31017119187744185       0.24843613854750188     
  0.30190193793011555       0.25318592687079483     
  0.29602598065893798       0.23867901582550408     
  0.30180875731527562       0.23713019810062849     
  0.29758475536121654       0.23000211104217086     
  0.30822478764008115       0.22938965932992877     
           5
  0.42104226314388782       0.14906609432928611     
  0.41275908277862738       0.14938877863376171     
  0.39952178873936778       0.12832124122626160     
  0.41888593987534767       0.13253631689140269     
  0.42241650829067307       0.13906268005933348     
           5
  0.30806552154872957       0.42504657040043070     
  0.29544092813211231       0.42550784933104274     
  0.29636435083066426       0.41646022017508522     
  0.31555158478945583       0.40376865215022023     
  0.31836004472545543       0.41572624456962581     
           4
   2.3123286231115363E-002  0.81233154155950382     
   1.8505562051084480E-002  0.78989731581910849     
   2.8838192605431641E-002  0.78955362962275211     
   3.5488945237203952E-002  0.79430519138252287     
           6
   3.6152502311709217E-002  0.79909439418977968     
   3.0318919570065640E-002  0.80787359442429363     
   1.2648468506147892E-002  0.79503455721261229     
   1.5629843070059008E-002  0.78533222290172844     
   2.1740704084664161E-002  0.78667636179960443     
   3.2715700777954840E-002  0.78977286946683423     
           5
  0.48739339902000445       0.74816773540000969     
  0.46174961897489425       0.74784976976679585     
  0.46765857299407143       0.74284751894397794     
  0.47661364119136163       0.72545916925651199     
  0.48540069795611757       0.72602592517890818     
           6
  0.44162180908649085       0.62797105585152713     
  0.44011251533107054       0.63585025150937957     
  0.42478032227177392       0.62596064663451012     
  0.42144046865226809       0.60989902601802926     
  0.43010297609020387       0.61257734114226214     
  0.44305354541141234       0.60827651317093068     
           5
  0.27478448275862066       0.47629310344827586     
  0.26754309747154287       0.47645776181422578     
  0.26074390634329853       0.47417233876462589     
  0.26065786292876281       0.46325443440737962     
  0.28658722562064659       0.46974597345712749     
           6
  0.29112024160534389       0.31608236857261351     
  0.29336313669170316       0.32370664907730129     
  0.28536831413303898       0.31943646738699127     
  0.27377710091426094       0.32183219009077196     
  0.26772700900400903       0.30848047816125873     
  0.28812526795497717       0.29815478374877730     
           8
  0.36084593342971050       0.75254386300946907     
  0.34801999951538759       0.75617987943807208     
  0.34088981362711185       0.75949492787038531     
  0.33455469617118033       0.74933284061191208     
  0.33354493326899770       0.74247443109030631     
  0.34376463350087977       0.73859298336637724     
  0.35147377868459906       0.73509749526436108     
  0.36026828514435616       0.74605417397270435     
           8
  0.55456574564382899       0.34691235080146610     
  0.54966774737733082       0.35011697416201254     
  0.53776709458205230       0.34723555937898598     
  0.53270688984728076       0.35114222158477881     
  0.52888102026559980       0.34732877803479889     
  0.53070735255588974       0.32892103680171109     
  0.53918168886393847       0.32647745215135804     
  0.54783881186011907       0.32477228052046903     
           6
  0.47828554507757026       0.51201027099169460     
  0.46697994046325014       0.52101583791231820     
  0.45655308931588168       0.51652915731884863     
  0.45014928376384172       0.50009724976083336     
  0.45915658494382006       0.49946038186576880     
  0.47542957989261087       0.50535166700250411     
           4
  0.12330051522829830       0.76754236809194265     
  0.10572974795439700       0.76524082374313873     
  0.10142313567000039       0.74748612789695856     
  0.11682784418036289       0.74185908201517958     
           4
  0.42631368274049064       0.43965136196847326     
  0.41762243866233822       0.44196901439704256     
  0.41118864016895335       0.43812269660275854     
  0.42934893221087145       0.41688777189666409     
           7
  0.48916577227356517       0.19680611784657787     
  0.48069649782088997       0.19821147993451849     
  0.47340575685158304       0.20127915731604440     
  0.46495186207290251       0.20283222275798551     
  0.46647305018195534       0.19393150167780943     
  0.47042771083271001       0.18081152225666863     
  0.47710369607127906       0.17908337732663718     
           6
  0.37145417143057097       0.29886029164761613     
  0.35303519193701988       0.30668078326723069     
  0.35136918272594508       0.29273236575460559     
  0.35361631839167507       0.28551523791759598     
  0.35926929555899279       0.28395132912754129     
  0.36953234302514781       0.29099996595644723     
           5
  0.18144539902594739       0.19217816677078831     
  0.17008197849510770       0.20541698409304371     
  0.16050657452040565       0.18776957233189623     
  0.16792848047055242       0.17896253175916341     
  0.17866767630306313       0.18014396023275586     
           6
  0.42993396186183347       0.24619655780929092     
  0.42768865558462377       0.25545594323106585     
  0.41038253732817642       0.25194776762246679     
  0.41179777819967178       0.24205689195721580     
  0.41057790631540764       0.23452267940418339     
  0.42699705589881121       0.22826723483645719     
           3
  0.20905172413793102       0.93426724137931039     
  0.21222950082954783       0.92450382353716387     
  0.22004322544660534       0.92771407978203935     
           7
  0.19224652305107970       0.66918770118925219     
  0.19522898718277509       0.67779773262871279     
  0.17278261285849200       0.68187440233543839     
  0.17492886700494775       0.67269382127539523     
  0.17420569951358761       0.66032623526545764     
  0.19096664511412278       0.65778139565003113     
  0.19678702592722741       0.65675158466051831     
           7
  0.34305119609375817       0.27240334591201165     
  0.33344752202210082       0.26759309429582756     
  0.32433429884045994       0.26766394729221427     
  0.32347814342237813       0.25910174831289373     
  0.32708287502696526       0.24910072130781066     
  0.33742916742334361       0.24873741193083204     
  0.34234684017097505       0.26045476495266950     
           6
  0.37391549249128464       0.36202064961554048     
  0.37613682264995646       0.35165449377624558     
  0.37196070710310941       0.34563354503402222     
  0.38787234896470596       0.33486557669905648     
  0.39884207654214271       0.33551688003395735     
  0.39405698779988257       0.34190970912121121     
           6
  0.46655493392458597       0.99165296806237291     
  0.45117897901649023       0.99256912756827642     
  0.44656042151726727       0.98483358144136968     
  0.45689389899787275       0.97001990959378748     
  0.46439489111503374       0.97001741538379327     
  0.47091109572583079       0.98105813532979713     
           4
  0.60326141499723818       0.26741124546774675     
  0.58690638371442161       0.26054050755650160     
  0.58969976168780802       0.24864975653510590     
  0.60261789041309155       0.24450106307627181     
           3
   6.2777425626715108E-002  0.84997579654239197     
   4.7914885270553612E-002  0.83986347266428352     
   6.6520210087685466E-002  0.83518282950353318     
           7
  0.41449433256720258       0.61265555345224154     
  0.41034620854671416       0.61781978382077529     
  0.40315443543256924       0.61939223696624057     
  0.39109709708242918       0.62389002691393880     
  0.39114677952881938       0.59777464514726864     
  0.39999189525261492       0.59819296630243779     
  0.41590440793971772       0.60206096225177475     
           5
  0.42978758038656084       0.29266641410998467     
  0.42340686023824542       0.29107530837673401     
  0.40723660004303114       0.28959051010740144     
  0.40608656197519932       0.27887796406164617     
  0.40850783314882422       0.27052023937560465     
           6
  0.38406238011384108       0.76755118509660381     
  0.37725313127847748       0.76845153014398360     
  0.37182534182116878       0.76578094476902681     
  0.36543891417688995       0.75437678020410304     
  0.39315580117792875       0.75041317040776701     
  0.38986853919022824       0.75713084729629532     
           8
   9.6840324716059273E-002  0.72908229234509025     
  0.10086273093967220       0.73509542023217955     
   8.9963149178805421E-002  0.73650956971805071     
   7.4870138362981828E-002  0.72795739240984680     
   7.6712613205162788E-002  0.72251904333447858     
   8.2846544519381629E-002  0.70974585399110812     
   8.8567909585263019E-002  0.70940634536458391     
   9.6273929795279031E-002  0.71079797478156992     
           6
  0.50011591896846130       0.61561773021759747     
  0.48975099995534821       0.61867052015874491     
  0.47810146709127038       0.61683332365528198     
  0.48599137931034481       0.60883620689655171     
  0.50001968898067117       0.60571974082356328     
  0.49340551805092636       0.61300706426724272     
           5
  0.10968154011332842       0.91116952016687391     
  0.10158251353199629       0.90650312126534260     
   9.3764106212847143E-002  0.91070351679068506     
   9.9130426603879607E-002  0.88491313988130937     
  0.10941707406947930       0.88674711352841074     
           6
  0.32589818856601777       0.65737834854383870     
  0.30809073646659041       0.66700920478874293     
  0.30188865468241066       0.65384418121989107     
  0.30528320473835185       0.64194772493473240     
  0.31819502896766566       0.64665646881253291     
  0.32438281017968923       0.64910597835111394     
           4
  0.51484996463759225       0.64042583431851752     
  0.50942793060840752       0.64837390359907898     
  0.48881311716313192       0.63580689682392511     
  0.50167300261912395       0.62870893572991970     
           7
  0.61466182653304657       0.52114307301131957     
  0.61462143112322731       0.53112002677709536     
  0.59455924259522730       0.53503909086137835     
  0.59178284833904182       0.51662814885333719     
  0.59860414941277895       0.51735984722670625     
  0.59662269372031718       0.51199334289968312     
  0.61836919994077943       0.51398631498211134     
           8
  0.14862107219208348       0.85106346040841208     
  0.14116088632992341       0.84799407582126629     
  0.14188192538473490       0.85329330403258286     
  0.13559679915401204       0.85090975588374063     
  0.13176750565753109       0.84695912684096808     
  0.13035916875480874       0.82936362929893737     
  0.13600010386900285       0.82633886058444439     
  0.15514806934504252       0.84256450954576290     
           7
  0.21101859484584695       0.76055736470999769     
  0.20206630154104993       0.76717478198099132     
  0.19560529912717187       0.76538057685627647     
  0.18967035224312964       0.76408487701567207     
  0.18618224191114080       0.75354463861306908     
  0.19186964931350994       0.75656418483395471     
  0.18931570383064386       0.74529399027038690     
           4
  0.61623708167310931       0.57942301313441580     
  0.60718501571800465       0.57400946262983754     
  0.60274245877693822       0.56777494412600904     
  0.61967862371893712       0.55360122317647964     
           7
  0.69250983977149205       0.52483767900697564     
  0.67798128604575914       0.53070497413741102     
  0.67215322936361810       0.51754355533169516     
  0.67396978147480091       0.50698599549466583     
  0.68550476060519272       0.50670503335579997     
  0.69566824191963184       0.50519332423919072     
  0.69695140097739205       0.51433687656899096     
           7
  0.44323023534354905       0.55413338412644331     
  0.44529912743719485       0.56512544413426236     
  0.43437542629596704       0.56302502174138325     
  0.42581323367908613       0.55278566286763464     
  0.42917383724588387       0.54443606904526087     
  0.43411616701339034       0.53999982598342600     
  0.43968369900926035       0.53757268441667050     
           3
  0.50196867728400729       0.76104724021115322     
  0.48274958882225777       0.75503713196998534     
  0.50351319424029872       0.74237460082298123     
           6
  0.50464769978441892       0.42826360984366568     
  0.49653928293726968       0.43800066500338691     
  0.48078841070191081       0.42391759039939314     
  0.48839855518905184       0.42136536085045179     
  0.48268369103941355       0.41614866767614850     
  0.50365639621760161       0.41590422178370767     
           3
  0.10941823604343039       0.78989709937948505     
   9.8060344827586202E-002  0.78125000000000000     
  0.10304997550338810       0.76808042769374218     
           4
  0.53437135669749647       0.21507480539770324     
  0.51009104171455943       0.22450247034329693     
  0.51323462739827530       0.21417627547682039     
  0.52788079198319693       0.20439969676200442     
           5
  0.35344807423745822       0.50553572772006239     
  0.33802440313077659       0.50820544529033507     
  0.32841151719557427       0.49209277944903729     
  0.33071658405025928       0.48257978503215831     
  0.34010828645543867       0.48411237224040532     
           7
  0.14848259975807879       0.89307598122502774     
  0.14254291982045325       0.89834467563416609     
  0.13431792761452938       0.90069039456162303     
  0.12560064320717776       0.89591236326194190     
  0.14077382487903836       0.87409090478940732     
  0.14504547936718776       0.87839542460642539     
  0.14835924361591671       0.88653711969942794     
           4
  0.52864616334270365       0.18734920902657468     
  0.51831896551724133       0.19288793103448276     
  0.50645537701294108       0.18145201140569542     
  0.51698290781915712       0.18450947703153789     
           6
  0.56555276818402411       0.48259647309833686     
  0.54593475691033944       0.48869107898864256     
  0.54529877406270499       0.47771776105712410     
  0.54547769236081733       0.47084869356697412     
  0.56196693434837763       0.46576099939054838     
  0.56947627250263688       0.46250897431771709     
           6
  0.11588358862326846       0.76557790871786513     
  0.10588596095204739       0.77027709773513975     
   9.5865514444608627E-002  0.76461568501547550     
  0.11181299968454132       0.75347759560349903     
  0.11859675284761631       0.75463561552559355     
  0.11268954614683492       0.76030077135135610     
           3
  0.28340517241379309       0.86853448275862066     
  0.28789053351539085       0.87657165817233051     
  0.27423821177901697       0.85527250716457315     
           3
  0.40656122304035852       0.24385386308084914     
  0.39840902958782753       0.23544439346203064     
  0.42392072149686238       0.22598625224354471     
           3
  0.40735453918441644       0.18170499262387105     
  0.42750640950675978       0.16374125649833429     
  0.42674351373945368       0.17256314326251984     
           3
  0.53415863550770026       0.15531078444249402     
  0.53556034482758619       0.14762931034482760     
  0.54456176006178880       0.13418019035290280     
           3
  0.32900044025031733       0.80590533037572187     
  0.32114835596352137       0.78947816088371614     
  0.33512931034482757       0.79418103448275867     
           7
  0.11906694729790675       0.66644389495628087     
   9.4121775633672800E-002  0.66758839927889002     
   9.7987367770450667E-002  0.65011621974448308     
  0.10354468608586563       0.64825340241847507     
  0.10926769879637764       0.64690158182378188     
  0.11874655956680319       0.64938677470395623     
  0.11618673088572845       0.65405476894712189     
           3
  0.43594072936072359       0.57732501619441035     
  0.44842562163473648       0.55395293077848273     
  0.45791501676059365       0.56126338374860363     
           3
   7.4411232952373382E-002  0.70219283402352128     
   7.1455400816662129E-002  0.68191835469121076     
   9.9441084985387035E-002  0.68905752403679588     
           6
  0.31554774972374411       0.34933702819512114     
  0.30101231293439701       0.35433777426087043     
  0.29474113933325546       0.35682186928604931     
  0.29332902515973797       0.33315033204063771     
  0.31073562951518396       0.33197613230093448     
  0.31986287556720489       0.33795345958239087     
           6
  0.17662974031937448       0.76901775869475064     
  0.15984156909119920       0.77324987896136244     
  0.15811887637092473       0.75386280640150927     
  0.16296045287043456       0.74961862933855772     
  0.18096300125437659       0.74668364559418832     
  0.17420558463483768       0.75759978375958348     
           7
  0.46856860280338841       0.72224239412281188     
  0.44703890692483172       0.71873787853433502     
  0.44509648446525374       0.70920458796181329     
  0.44781827547603120       0.69973131791787102     
  0.46037309787189118       0.70350377939030662     
  0.47237080893499273       0.70149981080675405     
  0.46685120666706331       0.70576218217470810     
           3
  0.32486526646626707       0.19064889301536020     
  0.31000012472775662       0.16551941127306682     
  0.33227327676809321       0.17793189331686396     
           8
  0.49673595847188795       0.22204966663070555     
  0.48572370361290057       0.22424922414674955     
  0.47641201785479631       0.21845548641043253     
  0.48195212311112190       0.21433553771862865     
  0.47505049165253088       0.21259199902634338     
  0.47652397067395974       0.20556434994759318     
  0.48162346694864355       0.20183226772491492     
  0.49689087034967538       0.21356454658899854     
           6
  0.54171247745506457       0.75998376709491022     
  0.52450936414201399       0.76542315866135613     
  0.52943081969415906       0.75460528131833737     
  0.52465455002836281       0.73699467688522735     
  0.53326088751023448       0.74286562451046234     
  0.54800868611994602       0.74769985922248150     
           3
  0.51724137931034486       0.33405172413793105     
  0.51019073682184080       0.32515176734505624     
  0.52469549311200392       0.32118082644103896     
           5
  0.15470486482367382       0.75397188316926145     
  0.14808191013167826       0.75715189083905743     
  0.14822472437856074       0.74627181510170526     
  0.14855388099503419       0.73848194011628210     
  0.16765349219732001       0.74573701779370016     
           8
  0.43366708771173940       0.25315041453545672     
  0.42906965145360593       0.25594826410091104     
  0.41991439778199680       0.26721955407341041     
  0.40972162506537929       0.26440334645033231     
  0.41107003229141720       0.25070612730335251     
  0.41276047899146734       0.24481129290106365     
  0.43244862163256814       0.24053929290303686     
  0.43199297411597348       0.24651297989328050     
           5
  0.38879439802468657       0.35966506351149707     
  0.38538251211189806       0.36724052651405420     
  0.36489989350722613       0.36624300959722461     
  0.36609416709144671       0.34540644716678848     
  0.37481636875570173       0.34671598941706427     
           8
  0.66410729803468893       0.50800619581642914     
  0.65139221586321461       0.50894956143492687     
  0.64080498933363483       0.50723570785418748     
  0.64540918569722694       0.50323784963352203     
  0.64154726071826607       0.49623112477409675     
  0.65119098768395456       0.48530775977285107     
  0.66582904984905600       0.48287518751635489     
  0.66554623219022158       0.49446849111734209     
           5
  0.76400862068965514       0.42133620689655171     
  0.75913495557939481       0.43164834603042468     
  0.75220069255812505       0.42684736361994091     
  0.75691158088550514       0.40765199846331984     
  0.76674235053023576       0.41158893516177714     
           7
  0.47180074310041742       0.20224333988019039     
  0.46997729254081361       0.21167577820600675     
  0.46644394756218632       0.21589226617234497     
  0.44476492775209975       0.19997238227815148     
  0.45290431478993265       0.19407436699021627     
  0.46460659501855517       0.19260398587538935     
  0.46305110814704775       0.19913091187862975     
           8
  0.11779961503762072       0.83025366028050041     
  0.11445274313929236       0.83975720386808772     
  0.10248548261862876       0.83686648425771881     
   9.1794126383952956E-002  0.83600546889815608     
   9.7692790948157832E-002  0.83029400000560649     
  0.10021287198527193       0.81778568503837068     
  0.11567421335928009       0.81674609437767665     
  0.11459348135955418       0.82268962399226409     
           8
  0.16460027725929699       0.72642074522243627     
  0.16215324262952791       0.73233619161668240     
  0.14865933469245904       0.73270444023840720     
  0.13925227349171077       0.73137505337857078     
  0.14200504936955571       0.72598748918928746     
  0.15073345299559074       0.71671630197668323     
  0.16624056526563860       0.70993272863272616     
  0.15958395344183735       0.72152282754238439     
           4
  0.44425074566025546       0.74771116974643947     
  0.43714415155104547       0.74567339508850838     
  0.41965807032667357       0.73147652143507902     
  0.42995689655172414       0.73706896551724133     
           6
  0.11199933174009004       0.92994039834585851     
  0.10226577280777029       0.92368021446904114     
  0.10775090904524222       0.91423277470022557     
  0.11970394883167362       0.90774981626912066     
  0.12624865149120171       0.90978456156370680     
  0.12595869224786094       0.91616635546727276     
           4
   6.8211648625726679E-002  0.83982103191652091     
   5.1362925658729769E-002  0.83100971242938204     
   6.2058796485406791E-002  0.82163464972857070     
   6.9860719953225542E-002  0.82743291764219273     
           3
  0.34615806371242069       0.30057770461742317     
  0.33297413793103448       0.28663793103448276     
  0.33332186942856373       0.27528906666199365     
           6
  0.41623261941141410       0.54955812498201206     
  0.41408626926697234       0.55712526789178873     
  0.39286888404252579       0.54974354062752007     
  0.39520120257610047       0.53898110891156803     
  0.40285755250321376       0.53798827655476944     
  0.40987006806487680       0.53758304271066093     
           7
  0.22565717799975210       0.84248304670691843     
  0.21147138377302563       0.83954991138492219     
  0.20891761252209315       0.83120803292950307     
  0.20667773145437146       0.81683181311726372     
  0.21538642035283276       0.82066650287145915     
  0.22804495503230385       0.81657052322733059     
  0.22710423705750699       0.82197919728283775     
           6
  0.12495334820872170       0.73262182965070910     
  0.12462584902113476       0.73956383665654524     
  0.10481631829014967       0.74166975448634465     
  0.10229054568990420       0.71592851845410299     
  0.11416727748996615       0.71862962048205736     
  0.12085563743299234       0.72395320643799044     
           5
  0.74234895351828589       0.56044462639744796     
  0.72934660190501743       0.55556872996299533     
  0.73015327403710883       0.53618504899781816     
  0.73696763093573192       0.53502309732863740     
  0.74402155493859246       0.54166692809393369     
           5
  0.26224042829926641       0.19338523372159630     
  0.24796098453520715       0.19521946456630923     
  0.25062076184953058       0.17683590811571909     
  0.26788914442314826       0.17761451845392021     
  0.26303906827906937       0.18252654561907633     
           5
  0.28992990323352297       0.33610442614691227     
  0.28417483505517988       0.34408122912706696     
  0.26428467239178266       0.34010719682591845     
  0.26623774307574832       0.32767526775820438     
  0.28316425408494716       0.32347354988800636     
           3
   7.3120246894524635E-002  0.78103119438106983     
   5.5827864115990548E-002  0.77874099386110751     
   7.2087242267753329E-002  0.75670469827176901     
           3
  0.32347872693901408       0.30315432547736038     
  0.33081896551724138       0.29956896551724138     
  0.34020359453956905       0.29703632096684374     
           6
  0.80407033738996714       0.57360266666730475     
  0.79650791284402356       0.57446424022401210     
  0.79086362839993085       0.57860537188326289     
  0.77805487062650780       0.55517376039120603     
  0.80019933081707595       0.55748296899358407     
  0.80437565743384731       0.56705136995397210     
           6
  0.61744966629924558       0.77832209476821690     
  0.60482816871742751       0.77340651861820309     
  0.59771379305050454       0.75540120457799842     
  0.60357009149268492       0.75524920469258472     
  0.60920450645628588       0.75745736605819625     
  0.62060645417882987       0.76025100366189169     
           7
  0.35306200862357490       0.48353164199413401     
  0.33264255023766903       0.48200973670714509     
  0.33048861224239440       0.47686497176815718     
  0.33435432604078025       0.46143755887865773     
  0.34377810980464274       0.45678031125046381     
  0.35060643951621651       0.46082522464431852     
  0.35914903793098174       0.45749185658298208     
           6
   8.7337404209121117E-002  0.92374214018835232     
   8.1940371038880078E-002  0.92131551661240030     
   7.4868156118173393E-002  0.92300325763153779     
   6.3788157410602342E-002  0.90609868772258551     
   7.5604483139630363E-002  0.89820458850439211     
   8.6453095637328087E-002  0.90127829118306690     
           3
   2.6641894781303625E-002  0.80312609289764958     
   7.7062350532876352E-003  0.79579301688336046     
   1.2405660296182643E-002  0.78486751771135055     
           5
  0.47145581959328858       0.60447697561684177     
  0.47541703407814023       0.61539446003970688     
  0.45506768822629456       0.61537862843200242     
  0.46081164928260943       0.59295007717239012     
  0.47602861028661164       0.58932097213095080     
           7
  0.10432092227776195       0.52808221356530594     
   8.6775980614089324E-002  0.52926757120625612     
   8.5721903761073220E-002  0.52393574717420099     
   7.9272607995492517E-002  0.51796525305932717     
   8.1670131416715780E-002  0.51233890760729772     
   7.7350399273904663E-002  0.50371295358793933     
  0.10552087740026159       0.51662243916623418     
           3
  0.39380700326816825       0.30591106766968135     
  0.39676936893430892       0.29247321655487640     
  0.41509656860568678       0.29214011851399246     
           7
  0.18195534276744785       0.44054324812395157     
  0.17704719415082837       0.44537658864587526     
  0.17353714263839420       0.43922650907228283     
  0.17529752630392398       0.43188696721536723     
  0.17680500183182626       0.42215309693786685     
  0.18861835666244819       0.42173565875832503     
  0.19511884096813473       0.42690368818499963     
           7
  0.47661029107550157       0.25919363891976616     
  0.46858547129822209       0.26743715891074715     
  0.46026634754669860       0.26644913106467932     
  0.45254142360629640       0.26308953307076977     
  0.45300177435588035       0.25005025710602097     
  0.45136003372170219       0.24212395764776223     
  0.46016766598795289       0.24405186389392700     
           8
  0.22487341745720987       0.64225840692238678     
  0.21973099753168052       0.64217957125638281     
  0.21487563514929992       0.64435861710919173     
  0.20448460997712395       0.63920932080328308     
  0.20328497463404738       0.62733935269089369     
  0.21627830497626352       0.62411612292371488     
  0.22724647530650480       0.62729904791910607     
  0.22432984716032875       0.63443196465735707     
           8
  0.52269375667713780       0.65025572135434928     
  0.50869091712833547       0.65088440348965471     
  0.50234629143412457       0.65314300711863116     
  0.50652334514675268       0.64622743286818063     
  0.50183747760772279       0.62667878342751382     
  0.51575335872693406       0.62845781417384350     
  0.52766906409195868       0.62598929120625879     
  0.52745440596555160       0.63496884531924436     
           6
  0.32713660703612818       0.14546306155367739     
  0.31981879335159547       0.15278801853362450     
  0.29956263420969992       0.14022608093866959     
  0.30203492967624995       0.12830538919872636     
  0.32401360772084697       0.12862877212847806     
  0.32204320212905341       0.13675565808188209     
           8
  0.50005193329899478       0.63886988310434389     
  0.48623348119337900       0.63843659318719415     
  0.49177469697611348       0.62427698657479747     
  0.49303445492749937       0.61327372264497593     
  0.49960316525043402       0.61694541296507832     
  0.50412546830122718       0.61437185972649611     
  0.51271772018387607       0.61314034341485146     
  0.50651847832006502       0.61900158620776946     
           3
  0.71177913410844151       0.54664886992782302     
  0.72090517241379315       0.53232758620689657     
  0.73337250276978105       0.52953938530041234     
           7
  0.61636213798769202       0.80293873255448400     
  0.61009597816273220       0.80357653804057139     
  0.60133605563906245       0.79978656765560441     
  0.59390522414851998       0.80210342717181982     
  0.59249910923426830       0.79314861458153119     
  0.59508606624844951       0.78515811046192407     
  0.61907875414296043       0.79260449179498804     
           7
  0.33345226894107238       0.19840799991016142     
  0.32508717282071020       0.19977780141416707     
  0.31486008105133695       0.19424677962307768     
  0.31219346892635513       0.18387049916411582     
  0.31626269257375933       0.17302436101383825     
  0.32593119411742455       0.17662747421963068     
  0.33095217247382402       0.17364140203664763     
           5
  0.47976063795393148       0.61453974396976185     
  0.47412176898853686       0.62358600028234101     
  0.46146012983952717       0.60420943566577523     
  0.47618162124510377       0.59746261960579272     
  0.48445157062311994       0.60440093488624036     
           3
  0.43318965517241381       0.22198275862068967     
  0.42532313312594144       0.22123865245340996     
  0.44185692689393202       0.21862157482136438     
           3
  0.16226011041489785       0.32219024551360842     
  0.15225237570091762       0.30054174325207283     
  0.17148139979381782       0.30131435259336709     
           3
  0.39718980153407007       0.61637271758279000     
  0.37947534818529477       0.61029843591771371     
  0.39143963881003752       0.59197839006116193     
           3
  0.45544764331524401       0.63046922050713239     
  0.44719827586206895       0.62500000000000000     
  0.43854573699619104       0.61763783653505400     
           4
   8.4823748447173677E-002  0.76050426763023404     
   8.1354250469896264E-002  0.74703484683857579     
   9.1930269602191583E-002  0.73261162590715090     
  0.10346417603328401       0.74300608191795814     
           4
  0.55458944517000774       0.81535319205863088     
  0.54179925139140828       0.81688388882032359     
  0.52659948612355068       0.82247897849367613     
  0.52942473978574955       0.80094169912175561     
           8
  0.15601186355940738       0.89343138318635129     
  0.15250081895836784       0.89929473869684950     
  0.13997562692499349       0.90554709984722703     
  0.12956593717530868       0.90244927737383063     
  0.13173431462036053       0.89193939724492466     
  0.14069674616525721       0.88348972967914496     
  0.14943416138502041       0.88215502188165129     
  0.15607967577748399       0.88498032140420813     
           6
  0.62856509266778082       0.52257103205134203     
  0.63187546719313958       0.53115019701055799     
  0.60937129963523606       0.51113707333121194     
  0.60586120266343824       0.50422295823143515     
  0.63048380828972117       0.50681908102157358     
  0.63202816192111844       0.51410571541036931     
           5
   2.9937899702523529E-002  0.76890825623602799     
   2.0809617535231008E-002  0.77422121485936568     
   1.2285500363475133E-002  0.77242180615459821     
   1.3270376583098962E-002  0.76286959575846058     
   9.1655788248923738E-003  0.74990715915072093     
           5
  0.52081607542894293       0.64608330461298480     
  0.50939381906647341       0.64641365907901416     
  0.51316742036461960       0.63288231950620377     
  0.53059246262897986       0.62584702686517468     
  0.53488328410013775       0.63654400208305095     
           4
  0.43174926797647478       0.23450695756555043     
  0.41797826278854461       0.22779430549390781     
  0.42257012784860709       0.21747415577378779     
  0.43330009317134749       0.20703978291287892     
           3
  0.18244453669310895       0.78077180975527227     
  0.16678737370310337       0.76292488168538253     
  0.18847749705300426       0.76453203231509592     
           3
   6.7887931034482762E-002  0.80387931034482762     
   5.7456153653868886E-002  0.80271026615201024     
   8.2190758387400156E-002  0.79319321632146655     
           3
   5.1651020632160607E-002  0.80562783877803756     
   3.9780903657397296E-002  0.79928500444474038     
   5.3879310344827583E-002  0.79741379310344829     
           6
  0.56608443191955082       0.27581341160811434     
  0.55180303457910052       0.27351815932446322     
  0.54242755496473016       0.25759926449556775     
  0.55669674683359727       0.25568708280505092     
  0.56269281898494650       0.25096124037870765     
  0.56639409038536037       0.25606514643890310     
           3
  0.41972542437473281       0.67323731473183912     
  0.43103448275862066       0.66487068965517238     
  0.44169298143627234       0.65887598706497563     
           6
  0.46135797974309550       0.17800371740234563     
  0.45838856010965801       0.18770264125846459     
  0.44109649776550397       0.16209370608966486     
  0.45547512463835466       0.16238201875769262     
  0.45981166371343729       0.16643933071515296     
  0.46670948965788256       0.16163214370969464     
           5
  0.54671635119624284       0.62982812754946971     
  0.53507257794399410       0.63867990123216190     
  0.52734903905055708       0.62989451230877247     
  0.53087147606755591       0.61457356490159687     
  0.53788232956216753       0.61493824539767927     
           7
  0.29044367500096452       0.88196356107494556     
  0.27615624577369574       0.89310748813220153     
  0.27021933543544141       0.88751628862284804     
  0.27050238370597901       0.87979887591667383     
  0.27374489052904505       0.86719230416373538     
  0.28317936784299430       0.87003590119380791     
  0.28933140482915454       0.87452198742046572     
           3
   4.3103448275862072E-002  0.82758620689655171     
   3.2097160148078681E-002  0.81525152739013540     
   4.6766358421853199E-002  0.81944657865333081     
           7
   7.0662242811532230E-002  0.78202306260760790     
   7.5405557954006858E-002  0.79114822379777161     
   4.8320235874910737E-002  0.78924162497425399     
   5.3164890659044881E-002  0.77932562704241426     
   4.8196068735561114E-002  0.76907233371748318     
   6.4811667196656014E-002  0.76354151989529717     
   7.3072693373408659E-002  0.76402896791431185     
           6
  0.36516405098804322       0.66296737683301010     
  0.36963737182169865       0.66957368313243226     
  0.35731843906671096       0.66920842786478274     
  0.34904656666805373       0.65865417994490305     
  0.35992014160946101       0.65070754492664862     
  0.36982800540284783       0.65867345071854944     
           3
  0.21514090510876782       0.95061864765205439     
  0.20474137931034483       0.94612068965517238     
  0.21093881729478567       0.93864593429340970     
           7
  0.38087569565688900       0.24221112723693197     
  0.37417608966074761       0.24880505349867560     
  0.36744182728225266       0.24701466704071268     
  0.36101279214423804       0.23711323713072305     
  0.36158070544251963       0.22350837480968405     
  0.36779405266119575       0.22508162903441620     
  0.38244278129591619       0.22969476001423708     
