   1000.0000000000000     
   35.000000000000000     
         265
           8
   5.0000000000000000     
   5.0000000000000000     
   5.0000000000000000     
   5.0000000000000000     
   6.0000000000000000     
   10.000000000000000     
   10.000000000000000     
   10.000000000000000     
   9.0000000000000000     
   9.0000000000000000     
   5.0000000000000000     
   9.0000000000000000     
   5.0000000000000000     
   6.0000000000000000     
   7.0000000000000000     
   6.0000000000000000     
   10.000000000000000     
   6.0000000000000000     
   5.0000000000000000     
   10.000000000000000     
   6.0000000000000000     
   10.000000000000000     
   7.0000000000000000     
   6.0000000000000000     
   9.0000000000000000     
   5.0000000000000000     
   5.0000000000000000     
   8.0000000000000000     
   7.0000000000000000     
   9.0000000000000000     
   6.0000000000000000     
   10.000000000000000     
   8.0000000000000000     
   9.0000000000000000     
   7.0000000000000000     
   9.0000000000000000     
   5.0000000000000000     
   9.0000000000000000     
   8.0000000000000000     
   10.000000000000000     
   8.0000000000000000     
   10.000000000000000     
   10.000000000000000     
   8.0000000000000000     
   6.0000000000000000     
   7.0000000000000000     
   9.0000000000000000     
   8.0000000000000000     
   8.0000000000000000     
   9.0000000000000000     
   10.000000000000000     
   5.0000000000000000     
   10.000000000000000     
   5.0000000000000000     
   6.0000000000000000     
   5.0000000000000000     
   7.0000000000000000     
   10.000000000000000     
   8.0000000000000000     
   9.0000000000000000     
   9.0000000000000000     
   7.0000000000000000     
   10.000000000000000     
   10.000000000000000     
   9.0000000000000000     
   7.0000000000000000     
   9.0000000000000000     
   10.000000000000000     
   7.0000000000000000     
   6.0000000000000000     
   7.0000000000000000     
   9.0000000000000000     
   10.000000000000000     
   9.0000000000000000     
   7.0000000000000000     
   10.000000000000000     
   9.0000000000000000     
   9.0000000000000000     
   6.0000000000000000     
   7.0000000000000000     
   8.0000000000000000     
   6.0000000000000000     
   10.000000000000000     
   6.0000000000000000     
   5.0000000000000000     
   5.0000000000000000     
   8.0000000000000000     
   8.0000000000000000     
   8.0000000000000000     
   5.0000000000000000     
   9.0000000000000000     
   8.0000000000000000     
   10.000000000000000     
   5.0000000000000000     
   10.000000000000000     
   9.0000000000000000     
   5.0000000000000000     
   6.0000000000000000     
   6.0000000000000000     
   7.0000000000000000     
   10.000000000000000     
   10.000000000000000     
   6.0000000000000000     
   10.000000000000000     
   10.000000000000000     
   5.0000000000000000     
   6.0000000000000000     
   9.0000000000000000     
   7.0000000000000000     
   10.000000000000000     
   9.0000000000000000     
   6.0000000000000000     
   5.0000000000000000     
   7.0000000000000000     
   7.0000000000000000     
   5.0000000000000000     
   6.0000000000000000     
   5.0000000000000000     
   6.0000000000000000     
   10.000000000000000     
   8.0000000000000000     
   7.0000000000000000     
   10.000000000000000     
   8.0000000000000000     
   7.0000000000000000     
   9.0000000000000000     
   10.000000000000000     
   7.0000000000000000     
   7.0000000000000000     
   10.000000000000000     
   8.0000000000000000     
   10.000000000000000     
   8.0000000000000000     
   6.0000000000000000     
   10.000000000000000     
   7.0000000000000000     
   9.0000000000000000     
   5.0000000000000000     
   10.000000000000000     
   8.0000000000000000     
   9.0000000000000000     
   7.0000000000000000     
   7.0000000000000000     
   7.0000000000000000     
   6.0000000000000000     
   8.0000000000000000     
   10.000000000000000     
   7.0000000000000000     
   6.0000000000000000     
   5.0000000000000000     
   7.0000000000000000     
   7.0000000000000000     
   7.0000000000000000     
   7.0000000000000000     
   7.0000000000000000     
   8.0000000000000000     
   5.0000000000000000     
   7.0000000000000000     
   10.000000000000000     
   8.0000000000000000     
   5.0000000000000000     
   5.0000000000000000     
   5.0000000000000000     
   7.0000000000000000     
   9.0000000000000000     
   10.000000000000000     
   8.0000000000000000     
   9.0000000000000000     
   7.0000000000000000     
   8.0000000000000000     
   7.0000000000000000     
   8.0000000000000000     
   7.0000000000000000     
   9.0000000000000000     
   10.000000000000000     
   10.000000000000000     
   7.0000000000000000     
   7.0000000000000000     
   9.0000000000000000     
   10.000000000000000     
   9.0000000000000000     
   10.000000000000000     
   10.000000000000000     
   6.0000000000000000     
   7.0000000000000000     
   7.0000000000000000     
   9.0000000000000000     
   8.0000000000000000     
   7.0000000000000000     
   7.0000000000000000     
   9.0000000000000000     
   6.0000000000000000     
   6.0000000000000000     
   5.0000000000000000     
   10.000000000000000     
   8.0000000000000000     
   5.0000000000000000     
   5.0000000000000000     
   9.0000000000000000     
   6.0000000000000000     
   6.0000000000000000     
   10.000000000000000     
   8.0000000000000000     
   6.0000000000000000     
   6.0000000000000000     
   7.0000000000000000     
   7.0000000000000000     
   5.0000000000000000     
   8.0000000000000000     
   8.0000000000000000     
   6.0000000000000000     
   8.0000000000000000     
   6.0000000000000000     
   10.000000000000000     
   8.0000000000000000     
   9.0000000000000000     
   7.0000000000000000     
   6.0000000000000000     
   7.0000000000000000     
   5.0000000000000000     
   5.0000000000000000     
   7.0000000000000000     
   7.0000000000000000     
   10.000000000000000     
   10.000000000000000     
   8.0000000000000000     
   10.000000000000000     
   6.0000000000000000     
   7.0000000000000000     
   9.0000000000000000     
   9.0000000000000000     
   10.000000000000000     
   7.0000000000000000     
   9.0000000000000000     
   9.0000000000000000     
   7.0000000000000000     
   9.0000000000000000     
   6.0000000000000000     
   7.0000000000000000     
   7.0000000000000000     
   10.000000000000000     
   6.0000000000000000     
   9.0000000000000000     
   5.0000000000000000     
   8.0000000000000000     
   10.000000000000000     
   6.0000000000000000     
   6.0000000000000000     
   10.000000000000000     
   6.0000000000000000     
   8.0000000000000000     
   5.0000000000000000     
   9.0000000000000000     
   9.0000000000000000     
   9.0000000000000000     
   8.0000000000000000     
   7.0000000000000000     
   10.000000000000000     
   5.0000000000000000     
   5.0000000000000000     
   6.0000000000000000     
   5.0000000000000000     
   6.0000000000000000     
   6.0000000000000000     
   10.000000000000000     
           1
  0.14299999999999999        1.2000000000000000E-002
           8
  0.21448268940203438       0.90946202907607854     
  0.21905487962665127       0.91771200116891116     
  0.19216406719210485       0.92132965577419823     
  0.19619424066114066       0.91317317220074912     
  0.19772903285897939       0.90745433534058717     
  0.19979158506831848       0.89878105045715029     
  0.20937480864927735       0.89673670845547604     
  0.22166872638938379       0.89258952486274346     
           8
  0.89781088662239916       0.86920814709429983     
  0.88779484416261512       0.86518799715806960     
  0.88047879289378161       0.86796781406619439     
  0.88138081927225631       0.86238836506444450     
  0.88148822451033615       0.84260145056410296     
  0.89431965584914241       0.84210536324244167     
  0.90299899953453144       0.84595300757748138     
  0.90648525133221614       0.85230334729720714     
           8
  0.64286116363990198       0.97966980311688390     
  0.64245339721953798       0.98562219154119746     
  0.62703647952367625       0.98446050692515608     
  0.63009331023486959       0.97892385215537181     
  0.63143902417274189       0.97329121455063472     
  0.63215692974326065       0.95672406328621717     
  0.64077253684468993       0.95914731223140826     
  0.65419386300987492       0.96166483847809903     
           3
  0.87762083803664614       0.73156200158302076     
  0.86499999999999999       0.71599999999999997     
  0.87821518381537955       0.71498897391747873     
           5
   1.0054367106793152       0.36046422397385869     
  0.98382757205640259       0.37153941845873167     
  0.97881467841381276       0.35056790158455453     
  0.98014336130991464       0.34187593732670007     
  0.99303313118501635       0.34647305576212623     
           8
  0.62681791192604519       0.97038374163421715     
  0.62931589151161260       0.98015136538987480     
  0.62347485203083364       0.97935017110913436     
  0.61127231147913763       0.97750840179062459     
  0.60591025602999826       0.97205444395766372     
  0.60282438678175088       0.96150939376449862     
  0.60890457099297557       0.95414738098885499     
  0.61882691843026205       0.95666524548805687     
           6
  0.97852909807953103       0.53770145768602595     
  0.95853186927098066       0.54912503092420417     
  0.94992545204163736       0.54383296636055456     
  0.95206276341849638       0.53305304384190610     
  0.94893597530128071       0.52700574427724567     
  0.97756046518680961       0.52508619211911145     
           3
   6.3660995013300664E-002  0.98216317882509752     
   3.5549081900377033E-002  0.97766038007896072     
   5.0000000000000003E-002  0.97899999999999998     
           8
  0.24877385527273232        1.0121698971029911     
  0.24374332813377830        1.0094781983732259     
  0.22571501646742231        1.0117338709058268     
  0.22967222459441372        1.0043682505820255     
  0.22962122557790776       0.99677195731290402     
  0.22811145943590427       0.98259932644572423     
  0.23139546713271733       0.98800977140298918     
  0.25226051415729939       0.99389754690179655     
           3
   2.6339266754934233E-002  0.21500420456244515     
   1.6364191632424228E-002  0.20730091081248289     
   4.1816489030362093E-002  0.19137318587673113     
           5
  0.29319226599895842       0.94108120557226893     
  0.27747361063851134       0.93441505599852626     
  0.27508611039478120       0.92506238044125066     
  0.27452014837676691       0.91524768805601409     
  0.28799999999999998       0.92600000000000005     
           3
  0.29899999999999999       0.50700000000000001     
  0.28855924607625982       0.50731829717249932     
  0.31464454041177670       0.49513558821637099     
           7
  0.34535160624276440       0.18677336396337513     
  0.32209289845938677       0.19385153281688183     
  0.32609868146965609       0.18480439775214932     
  0.32267593392161309       0.17597361053779578     
  0.33700840874839427       0.16890690443859940     
  0.34454558135104202       0.16969064482530097     
  0.34482510204096356       0.17936960645282551     
           5
  0.59810417460418264       0.72751690259370638     
  0.59725659197906167       0.73565913875630051     
  0.58552213058837366       0.73467404010466975     
  0.58029791659788998       0.71754114053406004     
  0.60427805777925137       0.72172341746584501     
           3
  0.65531833791193206       0.50321212211441435     
  0.65496465138098436       0.47414723734948033     
  0.67391686570110942       0.48787608399903615     
           8
   4.8247408304716161E-002  0.52178372859846123     
   5.1177793528451150E-002  0.53067050855930142     
   4.4256761735346553E-002  0.53351223263657699     
   2.6426200316903001E-002  0.52410881155437883     
   2.2118142739812625E-002  0.51862776578458902     
   2.4459522943761552E-002  0.50799131242529094     
   2.9980403785489270E-002  0.50833271543483294     
   4.9214643279486048E-002  0.51090418715490693     
           3
  0.12641590081664111       0.90563155667498729     
  0.11200000000000000       0.89500000000000002     
   9.8813970982409641E-002  0.88258215398068296     
           7
  0.82802052955009564       0.44665710125230312     
  0.81960212188974146       0.45478194732964672     
  0.81062520945874306       0.45256766095733075     
  0.80197806730691379       0.45503300554913373     
  0.80318497102074093       0.44479726978302986     
  0.80377569782287694       0.43032930075258630     
  0.82508632016531536       0.43642684491021483     
           6
  0.85572926887462497       0.48701234458583714     
  0.83722530900630765       0.48705687176485912     
  0.82958130702707378       0.48427395084855973     
  0.83104675158475494       0.47721949454222018     
  0.82965470159493948       0.45923248682464257     
  0.85675782721575167       0.46846284943290267     
           5
   2.9970884375123814E-002  0.27291077065783137     
   1.0120664011132121E-002  0.26940193846110089     
   2.3704749922298582E-003  0.24395099443950344     
   1.0433762160144331E-002  0.24558987110784122     
   2.2664218287480269E-002  0.24463973290302179     
           3
  0.35574364271255254       0.28690155906804454     
  0.35999999999999999       0.27300000000000002     
  0.37181319260682794       0.27570749782153647     
           7
  0.82679030102089557       0.53744785488781788     
  0.82164254601716502       0.54677717953478322     
  0.81280427751176243       0.54637101328644955     
  0.80157903186282686       0.54540391649323694     
  0.79945507590710518       0.52893160883880919     
  0.80719229941978932       0.52525888477309557     
  0.82388977266910357       0.52693193521599435     
           3
  0.78732876424600884       0.53915527030090749     
  0.77500000000000002       0.52400000000000002     
  0.77132439590072144       0.51313005585890215     
           6
  0.83473522318326887       0.47498045653948429     
  0.83965734165248662       0.48059439392022713     
  0.82190796911499053       0.48275473131736868     
  0.81176176207508866       0.46211582493870434     
  0.82055117964178748       0.45956384238591091     
  0.83755187440671386       0.46021584284069117     
           7
  0.32849118716121717       0.10152141905815819     
  0.31427032969978480        9.6665235360014826E-002
  0.31159449009855933        8.6741248029544207E-002
  0.30774689956509721        8.0038412739500964E-002
  0.32961454265133078        7.1533050096169740E-002
  0.33601174739858691        7.4817929445938514E-002
  0.33444717891395681        8.3520300660750169E-002
           4
  0.78209500622635442       0.96274697220166638     
  0.76311969653876088       0.96989407350597756     
  0.76113835388412354       0.95901398150466721     
  0.78793478279128859       0.94232233988043679     
           3
  0.12042165810921673       0.17817709799433706     
  0.11899999999999999       0.16600000000000001     
  0.13373310989262369       0.15898264060585582     
           8
  0.37586703295320817       0.93497721518125188     
  0.37920544412545087       0.94227349623109957     
  0.36609133906347247       0.94302679039001447     
  0.35692869313981174       0.93418500904598523     
  0.35806086137815352       0.92645410294033081     
  0.35226818501752588       0.92041229104867517     
  0.36041144639907113       0.91320001260558159     
  0.36549451986270187       0.91802901387714286     
           7
  0.20719517886283834       0.26378037923417225     
  0.18891943318430163       0.26073969731850910     
  0.18007538311917221       0.25755665420141960     
  0.18324967017602475       0.24383905425005664     
  0.17881974338106751       0.23530100877468457     
  0.20126664660308402       0.23985960977866141     
  0.20708704399214370       0.23983975922360531     
           4
  0.46155172418499502       0.92244350960091903     
  0.43685907836719262       0.93120808551991319     
  0.44291288467003365       0.92101695469017664     
  0.46358420334905887       0.91176613923343708     
           8
  0.74671072308840614       0.32815120316461915     
  0.73484939905755930       0.33457845380728035     
  0.72659878304540948       0.33096360743335779     
  0.72666957361398865       0.32508592570830458     
  0.72178692066785521       0.32201245258089756     
  0.72503834702596304       0.31472652352893371     
  0.72265667360151131       0.30891140212301132     
  0.73064867640434095       0.30812872264715707     
           8
  0.38659793331896536       0.92325817581429370     
  0.38079048745826299       0.92070216939579730     
  0.37282308003491449       0.92581960281499309     
  0.37072167022222319       0.91070513122976238     
  0.37896566714583918       0.89746675407651721     
  0.39371447006718363       0.90248532120681979     
  0.40154725883721643       0.90028332056833826     
  0.40080823526837644       0.90803086473860806     
           3
  0.63317784380624520       0.32555581466898492     
  0.62083661902172571       0.32122848165108797     
  0.61651063252310534       0.29759744410844846     
           3
  0.70693867116404296       0.40640151763444282     
  0.68518589476833913       0.39466620048805179     
  0.69771736264921425       0.38702014029078569     
           6
  0.20102083076640612       0.81762369576927640     
  0.18025682843784019       0.81090577192056534     
  0.17074847762016140       0.81275268022745462     
  0.17683757198508482       0.79782062489840033     
  0.20019960578616608       0.79678988214289403     
  0.19878853932691776       0.80530366335584713     
           7
  0.96213721352370596       0.73595949819869011     
  0.95648322382810824       0.73244412809930326     
  0.94670885768863466       0.73134460281067815     
  0.93636453033915223       0.71614516358952462     
  0.94817162939800614       0.71083218411678795     
  0.95858046675843012       0.70899040685697767     
  0.96166277371807141       0.72259327075366775     
           6
  0.22663394201012771       0.97874018583667499     
  0.20051637899164210       0.98348132574742908     
  0.20535119010099251       0.96909202690169238     
  0.20131458422258960       0.96353280370342020     
  0.21148020129515313       0.96428553833764963     
  0.21730977699599252       0.96120257809616172     
           6
  0.92389506344693972       0.65202078801231045     
  0.91608833144613544       0.65165452092308807     
  0.90928891973091253       0.65336594897487221     
  0.90016400994367818       0.64946342947753244     
  0.90172864928463436       0.64195194053486104     
  0.93024821334672547       0.63856162645909598     
           7
  0.23815029099196938       0.81877278369900675     
  0.22302582048903385       0.82429360263668616     
  0.22458677909586280       0.81784921352492146     
  0.22866747634878756       0.80930178862653490     
  0.22317596450184296       0.79913149447968113     
  0.25172206636791050       0.80125766368461493     
  0.24955464861282711       0.80947327384388346     
           3
  0.94016512819088272       0.18046507983213442     
  0.93465263347959038       0.16374637528177577     
  0.94599999999999995       0.17199999999999999     
           7
   3.4876645062194830E-002  0.56035654395138856     
   3.2256313773479893E-002  0.57088738953174001     
   2.1707206762610804E-002  0.57506208827981997     
   9.5345380130886417E-003  0.57184211163976262     
   1.0583244869206672E-002  0.54581811725695306     
   2.8877698551867632E-002  0.54863823295328196     
   3.3913490348082172E-002  0.54541922880018279     
           3
  0.61299999999999999       0.65700000000000003     
  0.61098658720139931       0.64201519797412199     
  0.62233936176852755       0.64676808038687728     
           4
  0.37001760977788517       0.43780153205258043     
  0.34339088738329782       0.44347200759476813     
  0.34674834075361460       0.42469992098577203     
  0.36870061681296207       0.42271397555635420     
           3
  0.60571913809394451       0.10505193589500754     
  0.59508880834171252        9.7093784159836161E-002
  0.60702450994740842        8.2146467863845066E-002
           7
   7.0164941819453555E-002  0.56301997752347999     
   4.3305877106848301E-002  0.56532340918319468     
   4.2751356202368140E-002  0.55901191704495867     
   4.1947471593666047E-002  0.54643633547480053     
   5.0470919391158560E-002  0.54170352168052160     
   6.3101973450064380E-002  0.54017860050442601     
   7.1030641847448381E-002  0.54473093992490551     
           8
  0.87344827697455407       0.72816730114388284     
  0.87332521804146390       0.73657935683350317     
  0.86653667531450218       0.73217827566939875     
  0.86128737496118613       0.73392326412552511     
  0.85336411051616023       0.72580135452715189     
  0.85034953953759929       0.71791155511760418     
  0.87001938926285938       0.71053258089645754     
  0.87631750356263416       0.71602806456574897     
           5
  0.21323744062103234       0.17445316955552256     
  0.20828896758382115       0.16640239606020693     
  0.21385064656330818       0.16021691901146023     
  0.22481121599589168       0.14927932822974194     
  0.23252487179490389       0.15854382947743698     
           4
  0.98607217297675076       0.85127589192142950     
  0.97489170499479216       0.84773666432416539     
  0.96014348911429970       0.85258449279261606     
  0.97844746356633117       0.82663258437737241     
           8
  0.78878869638371785        7.6847368982086675E-002
  0.78264062262541756        7.5915333586902681E-002
  0.76429992339526465        8.2461280033462730E-002
  0.76368689929704647        6.8289184500771163E-002
  0.76719264456965430        5.6155766566185678E-002
  0.77458003089895888        5.6649543159905044E-002
  0.79039158852913716        5.1494182426999532E-002
  0.78999885364245737        5.8364764252214076E-002
           4
  0.82757359909401207       0.88823207157307527     
  0.81392997631185759       0.89386260319476285     
  0.80841517607402857       0.86985951329625710     
  0.82758560106554979       0.86969701313284287     
           3
  0.19176072094789859       0.37198625139577579     
  0.19444268399501977       0.35896859728057007     
  0.21449465315423735       0.35509272225264382     
           7
  0.44636741393600443       0.75907997584281572     
  0.44421877841129587       0.76832254037635261     
  0.43621020242222369       0.77374107105725942     
  0.42032828249691762       0.76050750625879648     
  0.42936631312447671       0.75160355015895730     
  0.43459473935944415       0.74513784530756122     
  0.44768469111743148       0.74747975996688765     
           3
  0.58386864746569100       0.37167264098894215     
  0.57944154649896495       0.34769909228836265     
  0.60310949650987000       0.35947242600750778     
           3
  0.21315140884723960       0.44867189879969549     
  0.20300000000000001       0.43500000000000000     
  0.20915865660250940       0.42501031705237685     
           6
  0.89198636110879681       0.81159928430707440     
  0.87959299587037976       0.81195611893360065     
  0.87200938246974358       0.81725686559496991     
  0.86981105871195386       0.80946887472611295     
  0.89326745056085666       0.78961928487499966     
  0.89418746011664618       0.80310170462164443     
           8
  0.19867163898948170       0.75106162199214987     
  0.18726848950121741       0.74920161719154132     
  0.18134281506932542       0.74184776146472475     
  0.18071492914975243       0.72960982765069382     
  0.18665883619198134       0.72875317377483007     
  0.19578541420906947       0.72922903327105892     
  0.19980269352637595       0.72461273565745277     
  0.20493643001038583       0.73139094329476073     
           7
  0.39316520324867194       0.33150976640858637     
  0.38705475443394061       0.33364817450540374     
  0.37459797533311839       0.33800459490960844     
  0.36805647840303224       0.33237513356129750     
  0.37120507026890587       0.32730284697698431     
  0.37806175774879258       0.31282262186804211     
  0.38908372518423512       0.32693409222413072     
           3
  0.84506736642775526       0.47317386444919407     
  0.82435916212264593       0.46031534622849180     
  0.85145749321997222       0.45189335091718646     
           4
  0.55083162580826406       0.14367642679876655     
  0.52324185876422935       0.13625944401942541     
  0.55082665090590510       0.12299244115953226     
  0.54990424782459335       0.13221123626743678     
           3
  0.78900000000000003       0.66900000000000004     
  0.78733324525659110       0.65934628816849083     
  0.80200309679500492       0.65894212683477460     
           6
  0.96476161847972808        1.0021977639905182     
  0.94121099135081920        1.0114649604598913     
  0.94739562260711796       0.99752688164349856     
  0.94886451871475508       0.98555342713966465     
  0.95503527811630917       0.99018787885901827     
  0.96389401800477614       0.98854598958071960     
           6
  0.10628824925515899       0.30182479251339117     
  0.11080226945435841       0.30781372117582884     
   8.2359272568249473E-002  0.30801999668810398     
   8.6911688793704311E-002  0.29857435640027868     
   9.2358797577412305E-002  0.28614814726208043     
  0.10094409103560720       0.28252358082438139     
           4
  0.66890519607739862       0.42214852116624640     
  0.65041432134762012       0.42186277769091496     
  0.64253982892645678       0.41537269515716191     
  0.64152213904612487       0.39633621681205083     
           7
  0.59448138334384448       0.96893542100736263     
  0.58823403711818301       0.96715478181201597     
  0.56702873742977267       0.96919753130457531     
  0.56926496171769825       0.95322314993962121     
  0.58199317664925898       0.94852185948891754     
  0.58899090823220168       0.94472493792448398     
  0.59536252716450744       0.95849341355311535     
           8
  0.60266792544988157        6.4728969039224218E-002
  0.60605358545475418        7.9521401259831009E-002
  0.60190475424731482        7.5667022159935260E-002
  0.58365138565881214        7.1142902604628397E-002
  0.58919940560161410        5.5642190065185324E-002
  0.58225906110805914        4.8541349209293178E-002
  0.59425953087556704        5.2356157263511470E-002
  0.60669023021841484        5.0181632733208352E-002
           5
  0.46912264397736059        4.5189718046637573E-002
  0.46559247297899348        5.5839752143156951E-002
  0.45623547660705704        5.2868298601626972E-002
  0.44801021410484321        3.4865505571508582E-002
  0.45665159559047769        2.9974441704016759E-002
           8
  0.42995630939293383       0.57289802146779856     
  0.42390941026321782       0.57331961439544443     
  0.41586270706530432       0.56722612915073389     
  0.41011356637864460       0.56920260910684706     
  0.40987319168435526       0.55669381384373484     
  0.41780855084710250       0.54783945010995005     
  0.42610396950762630       0.54930202801935779     
  0.43652660144896044       0.55905357804089106     
           3
  0.26200000000000001        3.1000000000000000E-002
  0.25069752474232748        2.2083448418150853E-002
  0.26456029121076396        1.8242751167864002E-002
           7
  0.53403209960719356       0.33951935199770295     
  0.53119991536133981       0.34493725130127256     
  0.51697990426377738       0.35430590516520122     
  0.51378544582040231       0.34364900336762927     
  0.50954816014543969       0.33197654882259880     
  0.51104722380275713       0.32359551533947351     
  0.53591846216989791       0.32729899655979244     
           8
  0.97397559975300430        7.8672381222683857E-002
  0.96462294447388319        8.5732476321165277E-002
  0.95418393716087602        8.3941446974528502E-002
  0.94788050621909214        8.3482958516150757E-002
  0.94898082259017313        7.5315904969308525E-002
  0.94482804150885180        6.8005193844044950E-002
  0.95303490179096229        5.9903265978702824E-002
  0.96985972524990660        6.2358547228635208E-002
           7
  0.25032805855817541       0.91819882687205345     
  0.23672168897295937       0.92065185636772306     
  0.22918080240579822       0.92037671271159449     
  0.22197089123211933       0.91357095712810843     
  0.25178881445195628       0.89527119470078309     
  0.25120355902997243       0.90730285248972420     
  0.24652918906015261       0.91227085621754689     
           8
  0.36088734407438366       0.83023563808872425     
  0.36419966142288002       0.83947741158376066     
  0.34929601589087478       0.84358081682400410     
  0.33992961974451008       0.83995035023453868     
  0.34307978763617214       0.82990172992318856     
  0.33811766539366439       0.81270095708370382     
  0.34439909162207410       0.82090141770332248     
  0.35863798176940809       0.81418696181463468     
           8
  0.43415696799195769       0.28186225541485743     
  0.42824108207726547       0.28170101249702356     
  0.43335803243975857       0.28953626818367401     
  0.42050224554288240       0.28972828002154538     
  0.41295044474256037       0.29480521455227948     
  0.40559188719448608       0.27540317763725108     
  0.41048723663894965       0.27161450412425853     
  0.41115900140802186       0.26617388178592472     
           3
  0.71669673581004700       0.53615222749714819     
  0.70835931287182152       0.52094493563391508     
  0.73140864805042050       0.51897650346781521     
           7
  0.19835438348548481       0.68913749201132857     
  0.18580933253774481       0.68874514148651844     
  0.17997386414292851       0.68718339151884855     
  0.17300980919742037       0.69062077368207420     
  0.18456122252969120       0.66718327241394559     
  0.19940167428466632       0.67077842785001973     
  0.19755637176146418       0.68087368582155783     
           7
  0.71798837741157340       0.30707834670776157     
  0.71434370681002013       0.31267409842268129     
  0.70163777168023767       0.31425682751847833     
  0.68749813275508853       0.28999822037496381     
  0.69986540654335827       0.29162677127222170     
  0.70753931921076463       0.29368504184593552     
  0.71116044908734588       0.30148011452326695     
           6
  0.93734665716063281       0.50204359882628258     
  0.92424181320801457       0.50112536223174020     
  0.91615068212663775       0.50348281930530858     
  0.91309282461409391       0.49176202377906580     
  0.91418343813731728       0.47784220205624417     
  0.92374234654069320       0.47617245941404263     
           3
  0.44400000000000001       0.79200000000000004     
  0.44264195643785892       0.77919625139619642     
  0.45808694898957586       0.78024305106550829     
           8
  0.58141619896705032       0.49164257060298172     
  0.56844987439933892       0.49043929877402803     
  0.56184123748130221       0.48911362946956072     
  0.55349361095373850       0.49120220652175633     
  0.56166388380412968       0.46600269766768160     
  0.57793989804366819       0.46374898036528911     
  0.58014368680805728       0.46899353968900814     
  0.57843312838727423       0.47828178795966336     
           4
  0.99054630699467960       0.93883087665571552     
  0.97819182167437591       0.93188591278683885     
  0.98221427697597241       0.91986858567519214     
  0.99868487470139333       0.91566120362621228     
           6
  0.11953620677045765       0.22111155988901729     
  0.10443034031680078       0.22466464351703264     
   9.8091049422090973E-002  0.21933531015222879     
  0.11300000000000000       0.20999999999999999     
  0.12340673982333333       0.20436952996651553     
  0.12259109217074218       0.21434466382827516     
           5
  0.90457273544459060        5.9549733383780300E-002
  0.89253839626531362        5.2854506489547981E-002
  0.89223253536620761        4.0980037247594858E-002
  0.91043650307362789        3.3303126446251198E-002
  0.91732241157930750        3.7971694534234116E-002
           4
  0.38300000000000001       0.79900000000000004     
  0.37138152327147189       0.79656398470297374     
  0.37633441564235470       0.78449670175693487     
  0.39443593412782496       0.78550867108782563     
           4
  0.22367640669278827       0.20737453473305029     
  0.19714416972916946       0.19636709173091035     
  0.19805531050807265       0.18665037496351547     
  0.22151702313080524       0.19329783256225305     
           4
   4.1935689905356940E-002  0.81670444126334951     
   3.4000000000000002E-002  0.81999999999999995     
   2.3238837374157186E-002  0.81565569619521783     
   4.8620602442297225E-002  0.80994587218354153     
           8
  0.47922669262777196       0.73043809285019790     
  0.47357104218941354       0.73047521832699702     
  0.46818884566842039       0.73262085653827169     
  0.45534019073328680       0.72682135276916726     
  0.44917603500652475       0.70731646666610348     
  0.45980972832437900       0.70887686750646828     
  0.46513382283382271       0.70561329494405312     
  0.47325778851105865       0.72020870486440003     
           5
  0.83842532596437147       0.54689354127401524     
  0.83224573164634663       0.55109364419811380     
  0.82181596087155429       0.54721811685848720     
  0.82876769916783344       0.52556240602518167     
  0.84827967548953120       0.53929606618701542     
           7
  0.21220573778872992       0.10830504297367245     
  0.19558138699320204       0.10848170632913230     
  0.19357898499158213        8.9767760280691833E-002
  0.18728987914473932        7.8354349269691287E-002
  0.20324423939250094        8.1973046588233234E-002
  0.20925916095677141        7.9002696828851235E-002
  0.21652146762902688        8.5410820688332847E-002
           4
  0.19273153669830687       0.34391061486472624     
  0.16825236159188842       0.35351313350531316     
  0.16162910406583356       0.32671109931477743     
  0.17859798684582326       0.32759725455019895     
           5
  0.55911056381624313        1.2602540243903070E-002
  0.53927389802127623        1.6653155572534054E-002
  0.54147665179393323        4.5026088537151281E-003
  0.54034881911000909       -9.2926194042550446E-003
  0.54826409447496771       -9.5847818825146626E-003
           4
  0.83923726509561480       0.47832659140292194     
  0.83499999999999996       0.46700000000000003     
  0.83670688179566821       0.45884792568624810     
  0.84533763383606775       0.46409537067633644     
           5
  0.14228292889892147       0.66475907546508906     
  0.12382596809321951       0.66810186918021874     
  0.11247031231388316       0.64638905233853428     
  0.12565733230090470       0.64399753639017931     
  0.14095877417040148       0.65516215481125351     
           3
  0.99284373674189375       0.94676542465197222     
  0.97799124944800220       0.92967656157007017     
  0.99614295457839064       0.92463129489406604     
           6
  0.18526876347977581       0.38462985236131253     
  0.18217756768487142       0.37895532996467590     
  0.16949243152412072       0.38399574088713079     
  0.17199031729391978       0.36072200387040881     
  0.18717652104859706       0.35442017488818023     
  0.19389776153306837       0.36039803604449866     
           7
  0.49644319069618481       0.76926791407564299     
  0.48645797010820879       0.77983737715955037     
  0.47736881551320315       0.77904498953187029     
  0.47889045911535916       0.77258989910756726     
  0.47726232816930425       0.75132975322355600     
  0.49371622594071329       0.74962763647835551     
  0.50184964239545260       0.76573926812929294     
           5
  0.99050134108081767       0.41015856761451935     
  0.97017610050762559       0.41499326439551737     
  0.95986269488227993       0.41606165628479003     
  0.96064446364335765       0.40304677752220686     
  0.98025070737655917       0.39643826599466608     
           4
  0.38021821575845577       0.40782574686866585     
  0.36499999999999999       0.41099999999999998     
  0.35364131642323421       0.40132820402530689     
  0.36430857528822858       0.40066197088477667     
           5
  0.44930123278681283        5.0690866932679518E-002
  0.43706536264130075        5.5041399111720284E-002
  0.43074377124952018        3.2541619942453123E-002
  0.44516640256083473        3.0434190023334265E-002
  0.44894663114553490        3.7710322001420382E-002
           4
  0.60640715954374291       0.49740839732803599     
  0.59671901931140170       0.49813613214788582     
  0.59209422849167148       0.48683673428414059     
  0.60699999999999998       0.48699999999999999     
           6
   6.8097897775444630E-002  0.89822414343001489     
   6.1737184270540466E-002  0.91042019037158417     
   4.7451202959088730E-002  0.91228842977323921     
   4.8426743786831095E-002  0.88368236347020490     
   5.6394699511551384E-002  0.88778023120651606     
   6.5777577988063038E-002  0.88524782819358783     
           7
  0.16990399847947255       0.71086888402343529     
  0.16918181183009859       0.71841314127701572     
  0.15518773097794886       0.71777493220904320     
  0.15292938552377905       0.70806946319477404     
  0.14800734538332866       0.70377199740767504     
  0.14598314471724128       0.69626308749754495     
  0.16919559674079052       0.69837934204753893     
           8
   9.3143932944461435E-003  0.52762732465051176     
  -2.9900510350859268E-004  0.52595710385997585     
  -8.3975853590885496E-003  0.52897468671590542     
  -1.0094189215457757E-002  0.52108050586235921     
  -1.3114414458509666E-002  0.51255328061390570     
  -4.5582590382011601E-004  0.50183164277136771     
   5.1307636310020579E-003  0.50527808024412812     
   1.0983461878483787E-002  0.51324057157762648     
           8
  0.22534424834224898        9.4927239391045928E-002
  0.21615419256605634        9.7377053846853773E-002
  0.20396685774383866        9.9381186641708821E-002
  0.19691673921899727       0.10371955201594713     
  0.20077211254919031        8.3904856194828278E-002
  0.20027165336583763        7.3735335592171006E-002
  0.22403086185589879        7.7524569963167186E-002
  0.22030564654179666        8.2383101473074052E-002
           7
  0.52175019303265324       0.20294249636169426     
  0.52090622484205740       0.20890333528200153     
  0.51431222870763038       0.20192852287808208     
  0.50924215631024750       0.19535624795846596     
  0.51471957015120828       0.18883354961021453     
  0.52120255848102526       0.18651153999615852     
  0.52876746381892981       0.18143037453983729     
           7
  0.69379627297769264       0.41052068332668085     
  0.69070433358696448       0.42381314507258461     
  0.66715614660575107       0.41116270555216244     
  0.67301923586898182       0.40497940365782892     
  0.66780483517196909       0.39545553168573644     
  0.68649593228233485       0.39416671625680350     
  0.69127389125583771       0.39966614398319400     
           7
  0.61462606152953136        6.5999736269635817E-002
  0.60834512911227911        6.6098759772833984E-002
  0.60427353138815942        7.0258969530426152E-002
  0.59972171955134190        5.8397970492170020E-002
  0.59284488329273066        4.8883663113118696E-002
  0.60557139088866130        4.6951781880990306E-002
  0.60944261210942841        4.1775789708257419E-002
           8
   3.0320084133619266E-002  0.91393512195951565     
   2.7285689691265012E-002  0.91898295726525070     
   1.9911418697953313E-002  0.91866643862819553     
   2.4783726971626795E-003  0.91980962147949341     
   4.7649065882958922E-003  0.89984456408030788     
   8.2653995258455473E-003  0.89382894828228188     
   1.6712707028881859E-002  0.89945477085935188     
   2.8108608102533541E-002  0.90534906788005221     
           7
  0.85416452191951742       0.38300300652129832     
  0.85975686447227084       0.38874661890538492     
  0.85321762706192572       0.38962830669047332     
  0.83538409389751911       0.39320794951415983     
  0.84751750292378236       0.36588174041365373     
  0.85142116586581651       0.37105557196660449     
  0.86015275070723896       0.37191154945466093     
           4
  0.18300000000000000       0.24199999999999999     
  0.16900208856114018       0.23991033235881307     
  0.17388786207203399       0.23250193910683004     
  0.18280259693406817       0.22802959596566111     
           6
  0.58926011224249897       0.19483934725405139     
  0.57433381582141807       0.19582444964190282     
  0.57809998590151057       0.18707148875385188     
  0.57118746831062506       0.17568841375945415     
  0.59268831754447771       0.16954020825175686     
  0.60132897524358386       0.18394906335557587     
           5
  0.95691215394590012       0.69707941165888221     
  0.93960183853033641       0.68429199628154780     
  0.94032558270021760       0.67146038704003030     
  0.94951951689324043       0.67126592594101542     
  0.95842885123144839       0.67042077631348918     
           7
  0.33425022197923643        5.0800453130959038E-002
  0.33970596735203112        5.7671000158039915E-002
  0.33108481587495403        5.6457227160760848E-002
  0.30832706102747914        5.0538816571875068E-002
  0.31604529400449732        4.2338151104800943E-002
  0.33455247330823012        3.3473476647381956E-002
  0.33386968072488876        4.2357219485723359E-002
           6
  0.39522400823380777       0.57278608264824560     
  0.38574805682286556       0.58427163436610785     
  0.36539615311380852       0.58148339481514810     
  0.36479649933765479       0.57177410814525320     
  0.37165538652844810       0.56279982509053816     
  0.38918929035561417       0.55768577583745982     
           4
  0.35022343937588668       0.19007367876889225     
  0.32854322056135982       0.20215886062948102     
  0.32609857639027401       0.17632617261282163     
  0.34403893198629193       0.17462898612580605     
           4
  0.64399805908751406        4.1475278472814098E-002
  0.62090736586552209        4.0560256713007753E-002
  0.61362266015476752        3.5266682642949417E-002
  0.63766899027277169        1.9160848199910104E-002
           5
  0.59379162380416250       0.81991205650381471     
  0.57620501860648798       0.82028294792068268     
  0.58254931496730689       0.81534535272144759     
  0.57903998038808924       0.79861789361999203     
  0.60398282619351362       0.81017282223774789     
           5
  0.92866529630066774       0.92074252698186831     
  0.92302861178287443       0.89342928870620042     
  0.93141184614905403       0.89197427135432727     
  0.93793456336888281       0.89661913394268089     
  0.94915427525010687       0.89897399426962632     
           5
  0.85671865736323949       0.63683605969852008     
  0.83390950183355905       0.64803515958291613     
  0.83822229362713818       0.63869038441808546     
  0.83914783564662498       0.61929852490954684     
  0.84969170129666827       0.62142607222313662     
           7
  0.90385785277333275       0.98096864055848632     
  0.89259941238616936       0.98846036313560726     
  0.88105956741871305       0.98607517776629139     
  0.87857103745315324       0.97780432170906983     
  0.89807355020628632       0.95834218161874718     
  0.89872036231061869       0.97402651114777794     
  0.90560788279771620       0.97432305177337086     
           7
  0.11045981233242556       0.80215851795577797     
  0.10030722186427701       0.80009172964875019     
   8.5241839940272915E-002  0.79184712177246996     
   8.3273842816777077E-002  0.78501317759085021     
   8.7794201858656593E-002  0.77168063856334634     
   9.3597880964245303E-002  0.77385799009402834     
  0.10172843523952409       0.77332957070551356     
           6
  0.97830836560203760       0.38776935658830025     
  0.97872450430684266       0.39667155615161120     
  0.97169528173160002       0.40609755574276712     
  0.94955388966913146       0.37607075207365048     
  0.96624956592817146       0.37900638613065257     
  0.97957341789098007       0.37943414902380446     
           8
  0.18605065818813918       0.84949958637942591     
  0.15986373088499922       0.85262536278669232     
  0.15779081880973519       0.84450337683755083     
  0.15896803729799233       0.83878164137343980     
  0.16241974451220367       0.83090395142137030     
  0.16679456975919218       0.82582365564000559     
  0.17798212599643748       0.82263679322628369     
  0.18039992007410652       0.83770434933767912     
           8
  0.27167134676575871       0.41410993065503632     
  0.27671344303142320       0.42245634708665919     
  0.26241400175791468       0.41835519827461737     
  0.25219414712742277       0.41850520299232891     
  0.25172165452278511       0.40640098354899751     
  0.26523196010182298       0.39409475904965802     
  0.26917680330175364       0.39916400369101507     
  0.27114674604384709       0.40723336048859582     
           7
  0.64811871661237919       0.13701574509972944     
  0.64152196837780884       0.14671558389318651     
  0.63269670099726150       0.14456712901108423     
  0.62794620695257874       0.12870177266040977     
  0.63806272067909164       0.12225414821597694     
  0.64495008607640181       0.11994409478644069     
  0.64709799825413739       0.13000883683136188     
           3
  0.53423884818722911       0.32845363944754669     
  0.52665552105435531       0.30710108923678220     
  0.54100000000000004       0.31300000000000000     
           6
  0.95461014204271799       0.39296581860199803     
  0.95700697269903856       0.40181174279936960     
  0.93162671791385510       0.40144029330834874     
  0.93093170328825270       0.39369576678827473     
  0.93414868784558514       0.37390927686911946     
  0.95857264974231837       0.38027631765639741     
           8
  0.48725636604760014       0.64186190868260284     
  0.48029983388716818       0.64587634300706387     
  0.47949889802103129       0.65139567857722735     
  0.46784292227505297       0.64800564610993761     
  0.46930642237163234       0.63973523121979170     
  0.47906850122417577       0.62310991999577470     
  0.49316355758632596       0.62175517134886293     
  0.48697147970524529       0.63639622406907115     
           3
  0.81271194421714765       0.51413908042159207     
  0.80291771317846106       0.49381618559425317     
  0.83095474403370850       0.49835684572079386     
           6
  0.20097961853085136       0.60638273020265299     
  0.19330626491927153       0.61372051090598267     
  0.18121801055197645       0.61334609444550048     
  0.17477151024110532       0.59963025541156756     
  0.18991991141323572       0.58727240463555341     
  0.19751724673627893       0.59234381379408374     
           3
  0.89937305806508350       0.64745110780271065     
  0.87476773075720315       0.64494171976257320     
  0.88700000000000001       0.64300000000000002     
           8
  0.99536892612004524       0.84674280982840988     
  0.98592980785227569       0.84799101577674951     
  0.98660411373491241       0.85379428996392903     
  0.98025728496372533       0.84763426325916691     
  0.96853243913984988       0.85093500025763891     
  0.97682270083417944       0.82865364564741228     
  0.98490831372275678       0.82794571965416175     
  0.99466193185231810       0.82644403303806946     
           7
  0.59352386645117672       0.57230351263230972     
  0.59867986628294212       0.57568661615383165     
  0.58405163646253733       0.58340581068753106     
  0.57008718030918282       0.57723632781338630     
  0.57662391165317850       0.56569978204599380     
  0.57050548282787239       0.55957654902698373     
  0.57846570050259871       0.55947940712846900     
           7
  0.39575091943823559       0.32431817734603929     
  0.39627376230495298       0.33311507441626192     
  0.37401839729989383       0.33835017214941548     
  0.37063128641064735       0.33063732541067392     
  0.38516518071776928       0.31065111681208474     
  0.39354106161560221       0.31146475357210546     
  0.39747278685685966       0.31631266086748633     
           6
  0.30338382246481405       0.23029293511690110     
  0.27296949268413845       0.23053016036764210     
  0.27598503062591173       0.22320711133332136     
  0.27947160697663170       0.20354761476344083     
  0.29389842931655735       0.20894960440425472     
  0.30193403503067517       0.21731527441613036     
           7
  0.41576381417602898       0.60363623256613363     
  0.41018885069033806       0.60680120792080272     
  0.40434404813205876       0.60568316839871350     
  0.39216442273012847       0.61140113134953544     
  0.39455736909422878       0.58642835535433191     
  0.40792776393443519       0.58248727983258120     
  0.41486392646887149       0.58223113208934596     
           7
  0.71836578790346639       0.52821584613006467     
  0.71914507836344232       0.53647735905689375     
  0.70793667498189650       0.53539685790061686     
  0.69751627256797510       0.53165237595146742     
  0.69954457610251763       0.51372439852777885     
  0.71356473621447902       0.51217233910041615     
  0.71976183759809109       0.51903209511635895     
           3
   5.9973394847993959E-002  0.20596782029322883     
   4.2556857418806021E-002  0.20138917368882520     
   5.8030336704414050E-002  0.17777892340839266     
           5
  0.53651366745154150       0.51473218147108679     
  0.52913756257460787       0.51505817995490721     
  0.51368747066775422       0.49123571680939682     
  0.52203515501150122       0.49011885635063901     
  0.53761306868298853       0.49118437609719601     
           3
  0.13024621941731723       0.16545859326220488     
  0.12000000000000000       0.16300000000000001     
  0.13244893669222640       0.15269462889659083     
           3
  0.36713676856546773       0.60938513707602615     
  0.34100214898169640       0.61063797661197794     
  0.33921085064182344       0.58444356918993656     
           4
  0.31064876098947575       0.17293436971180129     
  0.29617359479657601       0.17309682112852473     
  0.29167922483239755       0.15125880177406456     
  0.30477447556226817       0.14826673941515706     
           7
  0.45200257100618924       0.58976168938732099     
  0.44642979512898034       0.59822920134609570     
  0.42585676857696886       0.59185204038243744     
  0.42734077352142830       0.58209601312313819     
  0.43300171550318417       0.57660006006731623     
  0.44858691886353363       0.57432498390491027     
  0.45330894382979947       0.58367952660549760     
           4
  0.11726459772195272       0.30640892369926009     
  0.10398371220890461       0.30443250139815997     
   9.0704724080577864E-002  0.30288082495539342     
  0.10314921318387851       0.28075401112780507     
           8
   7.0205247809015520E-002  0.15811024113864405     
   7.0426578048846597E-002  0.16518488185699706     
   6.4205243552639693E-002  0.16007899145492269     
   5.6239651419720794E-002  0.16424141197091319     
   5.8669324364119556E-002  0.15870488713369699     
   6.0189978409917105E-002  0.13561832299231230     
   7.8682693792470226E-002  0.13537531849683607     
   8.0617613070163713E-002  0.15263269304282065     
           4
  0.42228418831293602       0.62439041330458922     
  0.41202119019443140       0.62311359552489953     
  0.41212726895695961       0.61249720558267273     
  0.42399999999999999       0.60899999999999999     
           7
  0.19703036090562709       0.40266564591205389     
  0.19449783638494206       0.41012868155246346     
  0.18467257868559933       0.40323888668865338     
  0.17126450532002407       0.40320896940715034     
  0.17306643059966637       0.38775815945729181     
  0.19334676810073370       0.38338790916122872     
  0.19635747740952422       0.38930382304629441     
           3
  0.46400000000000002       0.15300000000000000     
  0.45473863491312477       0.15260901160517770     
  0.46944319793418687       0.13777335522349549     
           7
   5.2403001503796648E-002  0.23318094778511622     
   4.9067247370522052E-002  0.23907692151908905     
   3.0894138003353840E-002  0.23049177132664195     
   2.6970836210782882E-002  0.20989377033724779     
   4.1352694307127749E-002  0.21473209780166791     
   5.0625203418556322E-002  0.21363312589860509     
   5.0453507258584530E-002  0.22267888738210193     
           8
  0.28881717749862118        4.9752375882970268E-002
  0.28471748338043312        5.3665477837075606E-002
  0.27433850799079446        5.3963811628810976E-002
  0.26219692430418556        3.8292301761525691E-002
  0.27195193333346424        2.8702867541537065E-002
  0.27741113125254035        3.0671161613990781E-002
  0.28268103328778510        2.9068050643255093E-002
  0.29107769412190210        3.3019485840456803E-002
           7
  0.37722081397754526       0.51115027762585963     
  0.36778516550127960       0.50778607107331675     
  0.37151776625405586       0.50119621074469423     
  0.36771512185449318       0.49475266821657721     
  0.37274696670719498       0.48812658275242538     
  0.38562102382569619       0.48035619423010856     
  0.39158037392800094       0.48733425781999329     
           3
  0.63222154233182315       0.62955871033522426     
  0.62556480309648954       0.63785697221572024     
  0.61334949281653839       0.61018197503329419     
           8
  0.38208754299371989       0.30313053070327933     
  0.37955719482889938       0.31570698020482435     
  0.37321623394611431       0.31377475641254227     
  0.35575702303082168       0.31566860937974361     
  0.35297034611386346       0.29931320659015270     
  0.35338937545201349       0.29386908247533572     
  0.37157106401698853       0.28932181443961957     
  0.37807874015012971       0.29288792629840471     
           5
  0.35819383244978031       0.40890365815738589     
  0.34939143179464843       0.41350106749055759     
  0.33288467315273801       0.40777931001937429     
  0.35354997446523079       0.39178841271293902     
  0.35924151635798335       0.39715157732145384     
           3
  0.44821574588948637       0.24343575343026688     
  0.43500000000000000       0.23499999999999999     
  0.44757666231144827       0.23178636871453775     
           4
  0.24199999999999999       0.54300000000000004     
  0.23380047004281540       0.54844431623631407     
  0.23211854994391956       0.53562325400874733     
  0.23155080407833661       0.52729203469131747     
           4
  0.33319551621425603       0.58164214053466456     
  0.31316787456947548       0.58535076171038480     
  0.30668376969575284       0.56890701790251241     
  0.33194074153577641       0.57392555222733221     
           5
  0.63394185583061891       0.37184540166777091     
  0.62432487095386058       0.37282642993408849     
  0.61530612493916359       0.35973628371680438     
  0.62911225409711502       0.34793028375150775     
  0.63424633387387086       0.36047821257083512     
           4
  0.64576077918533958       0.36782881282970153     
  0.63560186621131898       0.35389346579134201     
  0.64286329525266561       0.34555124696700901     
  0.65100000000000002       0.35399999999999998     
           7
  0.43611349098397034       0.36467835390475212     
  0.43752745217908046       0.37335179916729255     
  0.41475309132522858       0.37151763178312969     
  0.41446432795796895       0.36381998790210468     
  0.41419386415998138       0.34903721324050030     
  0.42852863649873962       0.34912019178579912     
  0.43603964239936022       0.35062455935267189     
           6
  0.67247668602432986       0.54574978786886708     
  0.66241592273207850       0.54525698634083064     
  0.66310799494471295       0.53501297726350372     
  0.66129515831832342       0.52439977820024508     
  0.66145003141947523       0.51579025951214830     
  0.68724688978322579       0.53287704188543494     
           3
  0.46452693900915965       0.38767129152097918     
  0.44268346965159011       0.36196012367126529     
  0.47198953562166307       0.36217573254115182     
           4
  0.38236284729265607       0.33795438179611631     
  0.36875656803606910       0.34192556456055029     
  0.36730426839645736       0.31818986563098517     
  0.38011710970780144       0.31989717828698594     
           4
  0.32157947564165501       0.34160541034635650     
  0.29873564877538372       0.33644614091125569     
  0.30343360177005424       0.31879824685232111     
  0.31698560411385518       0.31506836634657553     
           8
  0.35756141422713950       0.13498105215534117     
  0.35367890601560381       0.13924418540047859     
  0.34823468771872229       0.13732160832483309     
  0.33900348063668034       0.14036260674966819     
  0.34095953022024539       0.13518184223634391     
  0.33237544857225726       0.12770870366477655     
  0.33670715819904362       0.12166995967914762     
  0.36132107579617811       0.11123334344480454     
           5
  0.17452590251561814        5.1059048545607645E-002
  0.16265356265571204        6.1130855109825410E-002
  0.15703262840324447        4.6815532935134387E-002
  0.15983631766621792        3.4451443666931807E-002
  0.17720568911896373        3.2926503047836980E-002
           7
   7.3787508957808765E-002  0.28172331936811129     
   6.2487693179467126E-002  0.28604002379058036     
   6.2335394422265974E-002  0.27498734295094390     
   6.0563214338198376E-002  0.25546746931368874     
   6.6090262376233194E-002  0.26506714319585972     
   7.2790424466322431E-002  0.26289102066199954     
   8.6425387392259245E-002  0.26903728135695076     
           5
  0.87098941400401242       0.38578819986561480     
  0.86709014352416480       0.39150928197461998     
  0.85072053462727215       0.39394755080527788     
  0.84411429602591126       0.37000119156416650     
  0.86635476416240065       0.36611121700646443     
           5
  0.54466066625518572       0.45863774118608136     
  0.51618672348404626       0.47363471260198226     
  0.51746646128868357       0.46040217409205508     
  0.52054710911726720       0.44612002230422415     
  0.52883909419099795       0.45280350528987801     
           7
  0.75907398234783474       0.59022139257530759     
  0.74854159782551632       0.59226956401269171     
  0.73470456745601220       0.58815248786776819     
  0.73750952583256113       0.56565379130873195     
  0.74364086058968049       0.56843482623944597     
  0.75406633976559245       0.56311064950384393     
  0.75675728502418982       0.57519862705381708     
           4
  0.24589905299797113       0.10345673158771654     
  0.24694098879661119        8.9489970786936102E-002
  0.25700000000000001        9.1999999999999998E-002
  0.26662093694026062        9.4512118667170394E-002
           5
   9.1556746134440425E-002  0.30106982442140856     
   8.3328781494877199E-002  0.30058140726773991     
   7.1231332127350111E-002  0.30298961767566462     
   6.8253310265931857E-002  0.28008884701159881     
   9.1605650801462560E-002  0.27346638591592354     
           7
  0.27131963218278515       0.38033918429069069     
  0.26076931182326557       0.39558573142302156     
  0.24888793115915214       0.37956713828932898     
  0.24544838559229357       0.37159344122419841     
  0.25805913500613969       0.37491894121926700     
  0.25994392790195658       0.36778179355845725     
  0.26696809037435720       0.36770444296293447     
           6
  0.45069658121114042       0.36343302200020272     
  0.44689314430789284       0.37513446919270627     
  0.42501328839540925       0.36716645597414327     
  0.42232609869791543       0.35526899558330050     
  0.42972592369702040       0.34456730143760217     
  0.44341695262867270       0.34907694558468227     
           5
  0.34894448351094376       0.28783206977016706     
  0.33361783456205746       0.29351645619961653     
  0.32757172783346350       0.27579133563164077     
  0.33327181773024334       0.26749780815810759     
  0.34457752404874054       0.26778961466977463     
           5
  0.68149471512788928       0.39184646938439571     
  0.66149133080055289       0.39420803584649067     
  0.66290335343925511       0.37030016356098944     
  0.66944847363892945       0.37389671857067358     
  0.67768964139369336       0.37603769882831667     
           8
  0.36308211312955796       0.65530488841866286     
  0.35461275886235000       0.65671429025241146     
  0.34764300506678431       0.65876489695842644     
  0.34132223839809744       0.65012623882601395     
  0.34854022035053556       0.63525457724765888     
  0.35757490492142813       0.63304264506065933     
  0.36597323597804993       0.63360091074248448     
  0.36865277936075602       0.64284515511013696     
           5
  0.49170535551291555       0.60842810736821618     
  0.47301421103313251       0.60892078500024482     
  0.46919955374640704       0.58936424284795597     
  0.48684629345967401       0.59280698207763338     
  0.49396979423017884       0.59468465257936298     
           3
  0.45959934737226438       0.53146362244600642     
  0.45800000000000002       0.52200000000000002     
  0.45670015058021451       0.51186262820540507     
           7
  0.70068128886361547       0.50203538236420153     
  0.69427741447895774       0.51251230381890900     
  0.67749871932343564       0.49872043934633875     
  0.67239636785492529       0.48453200159910120     
  0.68080212380764182       0.48402209933046419     
  0.69199920101938350       0.48353125950875209     
  0.69755618113728557       0.49276581326283808     
           5
  0.30929130846898556       0.40202395695380017     
  0.28383425768994469       0.40099080399897108     
  0.28541292337470714       0.37750328217924772     
  0.29591204552587774       0.38277722362580369     
  0.31351944589775599       0.38580023436055544     
           8
  0.35907146114612853       0.26531215465356583     
  0.35528254398759296       0.26933015799183019     
  0.35823521825842092       0.27525376260142814     
  0.34110342235274438       0.27370683030910176     
  0.33893878011145390       0.26564130247837175     
  0.33275607004912583       0.24893969005332847     
  0.34575040771516252       0.24899011813136096     
  0.35115727161480692       0.25238932391415092     
           6
  0.41788877395900692       0.38851526576277756     
  0.40740885313960706       0.39131211585184217     
  0.39406250276948152       0.39032881102568695     
  0.39551419130991056       0.37232916683839123     
  0.40438185506620383       0.36334772834967677     
  0.41803744436242940       0.37005080379812372     
           4
  0.32100000000000001       0.28000000000000003     
  0.33031243796167481       0.28922864591659614     
  0.31247992201631147       0.27844009004691900     
  0.30637810703611984       0.26836435948397896     
           3
  0.70391174539384294       0.39836448603199026     
  0.69099999999999995       0.40200000000000002     
  0.68439079830376048       0.39118211739795838     
           7
   6.0251211942161695E-002  0.18476689127609380     
   4.8520594170170184E-002  0.18545229374876368     
   4.6123768964336218E-002  0.17669797588001829     
   4.8504548552937753E-002  0.16749039815196326     
   5.3968786765560404E-002  0.15977710840001350     
   6.3393249114363573E-002  0.16392366561168828     
   6.8748026977065516E-002  0.17292162480373374     
           5
  0.12521754550610642       0.27812136279799504     
  0.10884949508209098       0.27528828612286832     
  0.10146504042595136       0.26113794210500457     
  0.10795697461601519       0.25184600989146794     
  0.12334848009199512       0.26640890310240112     
           3
  0.59199999999999997       0.42399999999999999     
  0.57802635236935196       0.42067236797739577     
  0.60318532393247737       0.41475940446125015     
           5
  0.68138972274478171       0.39516109108361569     
  0.67051858807611342       0.39892799961673420     
  0.65951770263940701       0.39303109132943187     
  0.65456729903104383       0.38399780763616359     
  0.68150694041187354       0.38296867522106848     
           4
  0.12220422850210862       0.34755467068216250     
  0.10595452554901109       0.35151779104869307     
   9.3132037198689843E-002  0.34499569007084485     
   9.6451945727078381E-002  0.32449942824565187     
           8
  0.32609702667560342       0.48929572436310959     
  0.31610427413049574       0.49913398054997526     
  0.30861422517510773       0.50374240081848987     
  0.29885049816573922       0.49266714028309622     
  0.30197264579432342       0.48365094572616679     
  0.29654513858685666       0.47941025606113946     
  0.32169848157017672       0.47329154921706024     
  0.32348139734001286       0.48445849864423091     
           4
  0.37385113712175583       0.23446173484138724     
  0.36762592410615591       0.22709876730751885     
  0.37348526698033863       0.22087910298986121     
  0.38200000000000001       0.22700000000000001     
           5
  0.39789153994544446       0.64678615747524137     
  0.38050747452288880       0.65306634072896841     
  0.37199060572648013       0.64251402912500355     
  0.38468082059791697       0.62843771124281678     
  0.39151971348439546       0.62952974625881142     
           8
   9.2471752985979080E-002  0.31844127935557553     
   8.2032952762159855E-002  0.32013079798959010     
   7.2932710119147176E-002  0.32176918242916980     
   7.4809965182442290E-002  0.31380208018911648     
   7.7800507632130575E-002  0.29541958467886420     
   9.5258399324535226E-002  0.30281815178770760     
   9.7647535871747224E-002  0.30820758081140887     
   9.2918775451988594E-002  0.31150866787177961     
           3
  0.37800000000000000        5.8000000000000003E-002
  0.36763390909836796        5.4595743600607746E-002
  0.38272615436105739        4.2363497457276134E-002
           8
   9.8237373380095527E-002   7.3106241444830994E-002
  0.10259779819235201        7.7714632351046697E-002
   9.0872295789964655E-002   6.9980254300067116E-002
   7.8301343338605667E-002   7.4765720600948937E-002
   7.3096025540553083E-002   6.0575135684323607E-002
   7.5527180592409010E-002   4.8483791726270070E-002
   8.4865416257532023E-002   5.0790037390176415E-002
   9.5493446226750933E-002   5.1560335177258380E-002
           4
  0.51695597394993131       0.62312399568705590     
  0.49209606233866859       0.62100170558758905     
  0.50709776833735432       0.59737680870676391     
  0.51487309415074201       0.60479746949498903     
           4
  0.21346180486257760       0.13242992987833060     
  0.18678319678038666       0.14706643016750032     
  0.19239785111989777       0.11876445358984994     
  0.19959823655723044       0.12279415417056407     
           3
   8.8578994138048039E-002  0.11651277922366329     
   6.1131866783071892E-002  0.11513151477984750     
   8.3023490208257444E-002  0.10062391990582335     
           4
  0.59099999999999997       0.50200000000000000     
  0.57880184147021996       0.51087768867286798     
  0.57727663147694097       0.48885704264707447     
  0.59970486424751390       0.49426735777433417     
           4
  0.70372683516642054       0.53538171392501277     
  0.67696969385032502       0.52015871727578322     
  0.68651120185355086       0.50922184169461160     
  0.70384719763242565       0.51311473509046168     
           5
  0.53422642028290901       0.50099702797483603     
  0.51721861553400872       0.50670592348439514     
  0.51344005762602052       0.49604425585165135     
  0.51931750884823624       0.47952560539077960     
  0.53007879275390191       0.48590827313344942     
           8
  0.14387181333033205        7.7583711219208040E-002
  0.13720706879533798        7.7195298319336747E-002
  0.12415430868188518        7.0641370279802607E-002
  0.12696206701150572        6.3736885841736410E-002
  0.12493962645699684        5.4345572077846890E-002
  0.13846543584266305        5.0895032352008866E-002
  0.14580408540044593        5.0349467974319245E-002
  0.14717672462500736        5.6745735604172828E-002
           6
  0.51279592153117004       0.64750260004797533     
  0.50130130568336206       0.65013284892199930     
  0.49752612618331582       0.63332288526245517     
  0.50091223362625403       0.62417080989826135     
  0.50815381836888274       0.62841605321043026     
  0.52650057963904573       0.62936101575330028     
           8
  0.33996827297665522       0.29548559574946931     
  0.34036941896051548       0.30412192762298340     
  0.32908788392382410       0.30103706542539832     
  0.32537402405391397       0.30795895254930250     
  0.31401324985738954       0.29461469548837971     
  0.31742009933228688       0.28796336057170041     
  0.34270261676794428       0.28182233256368228     
  0.34089836635759568       0.28965926988662538     
           3
  0.30202232208619911       0.55316804758951510     
  0.27876739327757449       0.52936564765595007     
  0.29674143017031390       0.52738723040348778     
           6
  0.17114094674803654       0.15104707168734327     
  0.16306468944392064       0.15167130995665676     
  0.15672615388116309       0.12757224156014466     
  0.17164325351448687       0.12933972310496794     
  0.18132959195074838       0.12979380072774457     
  0.18428601533586769       0.13579957092497971     
           5
  0.70910699955331291       0.51168283227071032     
  0.68075434845358440       0.52002998010782142     
  0.68215708409311504       0.49735850851480307     
  0.69259773566555627       0.49532000701723111     
  0.70216962917932002       0.49163882058752872     
           3
  0.24920716526312944       0.71788766683987426     
  0.23400000000000001       0.71799999999999997     
  0.23389254093753442       0.70541770285074734     
           3
  0.41508189694151532       0.25983256488534850     
  0.41771293848039454       0.24052129889465698     
  0.43989174965730293       0.23869457672869890     
           8
  0.73775945939106868       0.57818266402173768     
  0.72830357101624965       0.58075707317315206     
  0.71636727501447528       0.58571437457745890     
  0.71974419016777291       0.57939048299241347     
  0.71191847807806863       0.57467185329836412     
  0.72063804666240372       0.56235819284078625     
  0.73552673771478161       0.55863164173255864     
  0.73867624217086791       0.56889725885383979     
           5
  0.62973224388429405       0.30979628975040036     
  0.61937568142310417       0.30921352213856623     
  0.59905013903654136       0.30897564159867574     
  0.60471608405220001       0.29317188188593324     
  0.62142982285760329       0.28503874113497546     
           6
  0.58051119379874017       0.55052614998162752     
  0.57519789510623998       0.54644742299170490     
  0.57031415777700234       0.55661332218555848     
  0.55454094180007985       0.54542026696408341     
  0.57291117330518493       0.53178967918185149     
  0.58155488376030928       0.53457700637702799     
           5
  0.81512177318154277       0.53436235671221599     
  0.81163862193419722       0.54865836738790807     
  0.80300000000000005       0.53700000000000003     
  0.80574948356465337       0.52607412847429935     
  0.81507431648317719       0.52337260612151193     
           3
  0.34000000000000002       0.59799999999999998     
  0.33453655308145464       0.58754798411084375     
  0.34695238359936537       0.58718991209198801     
           4
  0.49860707674100563       0.47678519673906350     
  0.49775655042820616       0.46691747324352967     
  0.49553372765612480       0.45641433817158489     
  0.52028177330417180       0.46628133371946617     
           4
  0.77482742321933684       0.58282110420793487     
  0.76500000000000001       0.57099999999999995     
  0.77420818405723146       0.55858622738427632     
  0.77360028873505626       0.56768427249950737     
           7
  0.28409121944584281       0.24808741123695308     
  0.28079923701311943       0.26596857560320819     
  0.25617451656615553       0.25216469052195234     
  0.25511072559087894       0.24492208828189532     
  0.25591534504825292       0.23838367232728233     
  0.26449521168255846       0.23794427424224746     
  0.27915752691224249       0.23673576870073149     
           5
  0.37982792852487218       0.53165727916232552     
  0.38269139958955517       0.54864335746570614     
  0.35328154026650649       0.53452581857883974     
  0.35941187674941921       0.52052885891738454     
  0.36771841276164152       0.52005317190268385     
           4
  0.34094035089926117       0.17407228027953833     
  0.31818867171801296       0.17587379450164800     
  0.31658734541534922       0.16461490194387285     
  0.33227122589461139       0.15318240820779289     
           8
  0.70769739464498216       0.58229630060190529     
  0.70352099459783257       0.58706141979667847     
  0.69547466154949833       0.58718903853068549     
  0.68048271691814211       0.58608564119878315     
  0.68587019021347229       0.57823295180833734     
  0.68287034310913841       0.56609051330374349     
  0.69428448186266567       0.56385950445752875     
  0.70566141536009364       0.56561173942352772     
           8
  0.23148359913881239       0.57280763589066064     
  0.21776107079004892       0.57378547396664681     
  0.20804300452905278       0.57498003163964240     
  0.20996888681201886       0.56621103241632631     
  0.20558569310472097       0.55650101239224781     
  0.21526433603994855       0.55347520075205447     
  0.22680929960041507       0.54749478138346752     
  0.22932584965323069       0.55473025664340958     
           5
  0.44619024747277636       0.63462043518414712     
  0.43889623750297607       0.63027317509925551     
  0.42578507300783297       0.61751937775197263     
  0.45420912102812533       0.61348550599589835     
  0.44979125963254607       0.61894303294522557     
           3
  0.13642658953956882       0.12943366721255747     
  0.12700000000000000       0.12100000000000000     
  0.13662777448781463       0.11257238379295195     
           4
  0.75381996891326386       0.45865207556301069     
  0.75792047839201615       0.43697813945994285     
  0.78120539428353708       0.42987525601953797     
  0.77973260008164103       0.43926263861995263     
           3
  0.83632394983631264       0.51188084080870033     
  0.82099999999999995       0.50000000000000000     
  0.81731312293176905       0.48845286159930457     
           5
  0.34799999999999998       0.57399999999999995     
  0.34686054130274374       0.58505857370127912     
  0.33922509818455476       0.56880143459946930     
  0.33458004431635491       0.56305157179659171     
  0.34806101115667110       0.56108275205986791     
           5
  0.30450240850802218       0.10050752235021776     
  0.29597120707097180       0.10078331270951418     
  0.30073132506332290        8.9610762599652477E-002
  0.29988617974343923        7.5787589579565634E-002
  0.32375775410304136        8.0234044110739811E-002
           5
  0.77321720337449240       0.54235578319829225     
  0.76564264729069365       0.54255985817915742     
  0.75659259508742727       0.53820478628688029     
  0.75867551980917547       0.52582172677581818     
  0.77871649558596157       0.52596766814110241     
           8
  0.42911150643538931       0.54686921950675738     
  0.42636924667674331       0.55334721593807434     
  0.41997037213188587       0.55346264745725782     
  0.42117540146438953       0.54318878394019421     
  0.41643989533484604       0.52750852410783988     
  0.43692092697663015       0.52949258740510774     
  0.44068736667998826       0.52527118474119339     
  0.44326202152820404       0.53367138253087520     
           3
  0.22310606018679841       0.26386415213659986     
  0.23200000000000001       0.25600000000000001     
  0.24390052642792875       0.24769086884470148     
           6
  0.42093009176843138       0.29272250738113692     
  0.41053036735790316       0.29040263777171610     
  0.39886166900400555       0.29343592808027807     
  0.40131108195528420       0.27355910818408385     
  0.39828534401387500       0.26677375910528911     
  0.42271289933438660       0.27060627502864054     
           8
  0.46075011704088936       0.51939283231332700     
  0.44974770895506855       0.51936935951431185     
  0.43874902613033423       0.51902715148840872     
  0.43386426701067743       0.51201981910771388     
  0.43968630734050512       0.50814827488700731     
  0.43414820704892243       0.50158097054745554     
  0.45421876329058131       0.49545219857398054     
  0.46050942655536847       0.50157653382204304     
           8
  0.15803612994534688       0.22342399504564531     
  0.16017676951827250       0.23711646466398681     
  0.13425369849954441       0.23836633252723466     
  0.13297752175275823       0.21705577288004427     
  0.14362202999356283       0.21159498882540612     
  0.15234225087807082       0.21024453737437979     
  0.15934400358682133       0.21110147895388681     
  0.15754901208805594       0.21722994748763630     
           6
  0.36039098960928417       0.17502897084836647     
  0.35950792647008678       0.18467759084763125     
  0.34902762977223595       0.18115705181149208     
  0.33811459705174768       0.17296458478470922     
  0.36026459975488412       0.15892283123668380     
  0.36482557207218502       0.16742102999190056     
           6
  0.42472680249280459       0.35183256846039890     
  0.41315901547382305       0.35179431041057491     
  0.39491510640997574       0.34893342596808935     
  0.39788884903867144       0.33137773141775623     
  0.41919714343724912       0.32981412226272683     
  0.42070676418898723       0.34154317893916070     
           3
  0.15100000000000000        3.5999999999999997E-002
  0.13822597944911158        2.5996640052528885E-002
  0.15407309609795575        2.0654322119455545E-002
           6
  0.21992971904379269       0.12636217636634128     
  0.20854188798700424       0.13024225615165813     
  0.20307693729907814       0.12598097347859488     
  0.19492879443534247       0.11407937905482099     
  0.22044318096370361       0.10335189707452300     
  0.21947587324251955       0.11300878953520380     
           6
  0.45558754692957321        6.4648706583507090E-002
  0.44911591660802125        6.9077166186586131E-002
  0.43117203035673218        7.4363827838158661E-002
  0.43462383333540733        6.8095651229908155E-002
  0.43211070316990902        5.5409023804296659E-002
  0.43944713546387409        4.9062505593632136E-002
           4
  0.26425661549527407       0.20505437573867963     
  0.24567782167641614       0.20594866232359066     
  0.24353100006486370       0.18274846696461391     
  0.26469714928882881       0.18346044376831161     
           4
  0.36779323496143118       0.35638994232832860     
  0.34476046860282455       0.35364913972504641     
  0.34757667480575849       0.33140506629678368     
  0.36594757976830178       0.32909327767845853     
           8
  0.43279114559357496       0.34273853592163822     
  0.41772845200488151       0.34821218045806418     
  0.41028464889002231       0.34345946365512137     
  0.41005907147570719       0.32793175969055743     
  0.40810794768151409       0.32150646871761390     
  0.41601368504653158       0.31823213699717340     
  0.42049019452795156       0.32307041501161410     
  0.43304616260991785       0.31815944555673353     
           4
  0.30282335288896567       0.46143620797812362     
  0.30295872709401134       0.47121933312285508     
  0.29399999999999998       0.46000000000000002     
  0.30021822524916691       0.44431338851109603     
           4
  0.76159296183417136       0.29330349792918742     
  0.74333465230628837       0.30013080766713907     
  0.73716709055285512       0.28631002960845536     
  0.75471000185127934       0.27526155402437225     
           4
  0.72799999999999998       0.55400000000000005     
  0.71619888344278104       0.56546710094803754     
  0.71757721633064675       0.54169837111718389     
  0.73551412518251402       0.54500095399913950     
           8
  0.67550728682912808       0.43169496200635277     
  0.66769879515630060       0.43321848637803712     
  0.65952124382570942       0.43048237596975003     
  0.65259833835456982       0.43329779246750155     
  0.64806743833530001       0.42679112026417954     
  0.65163878579673562       0.41597271958102838     
  0.67322244137274401       0.41710834392605017     
  0.66975385230185569       0.42443406109078630     
           4
  0.47649465461938290       0.18204631260451848     
  0.46748245532775351       0.18459314352438952     
  0.46770067024818496       0.17077321024717640     
  0.49402271517324781       0.17311816643920727     
           3
  0.85699999999999998       0.65500000000000003     
  0.85607434024477624       0.64094848977973118     
  0.86654898867074104       0.64393232068773898     
           7
  0.43028098445613694       0.56444747672737361     
  0.42108530034922032       0.56669573416596464     
  0.41400483770530538       0.56447407672843519     
  0.40122214051534033       0.56596542563219343     
  0.40989148664564617       0.55910715745257944     
  0.41090298050949048       0.53693638499619178     
  0.42892664622207655       0.55098996491338359     
           7
  0.24351263009354110       0.32310540953499228     
  0.23445747733368655       0.32741908052722762     
  0.21706204054038253       0.33136823053465458     
  0.21409069504156314       0.32628328860904598     
  0.21438041159930007       0.31853660568892145     
  0.21914805417890440       0.30797139692959885     
  0.22069782510517519       0.30228325559837899     
           7
  0.49704009889593193       0.49520094922120472     
  0.48655096684205495       0.50050757722137040     
  0.48003417537076715       0.50106297289964941     
  0.47115127249343908       0.50563729738537788     
  0.47851105704568420       0.48273239509128363     
  0.49655405081385495       0.47552201453107418     
  0.49551758888618097       0.48709432719752016     
           5
  0.32586303098469360       0.63245343264039955     
  0.31782967110549282       0.63036891092607150     
  0.31600000000000000       0.62000000000000000     
  0.32070215882814135       0.61011036473424496     
  0.32896583939298668       0.61304895418575034     
           8
  0.62250134802579260       0.50927529180744624     
  0.62160870315089456       0.51520667565337663     
  0.61515759458545261       0.51843369950890072     
  0.60725902783374675       0.51636613254418218     
  0.59722413395757223       0.51015621886870310     
  0.59259781959496494       0.50471523502537907     
  0.61406447128896280       0.49017176194222928     
  0.61989287251249847       0.49881396081038282     
           7
  0.64702076308219980       0.42967802333712929     
  0.64589423596564333       0.43782546582798609     
  0.62720325970370139       0.44114538071527570     
  0.61968011082217944       0.42434152806221015     
  0.62273133175188555       0.41891507329682381     
  0.63380654313033680       0.41542411834456344     
  0.64783842832325489       0.42214789963491051     
           4
  0.33679849782382604       0.13748936036176759     
  0.32589150475532758       0.13641152686704705     
  0.32207947707931500       0.12958625281258881     
  0.32454233466681981       0.11542123989422333     
           7
  0.45417922067682515       0.62704038332855794     
  0.44424211560745896       0.62820778969549174     
  0.43919447377934717       0.62105090267248331     
  0.42931709851229000       0.61922992353189776     
  0.42899225802244678       0.60301146430655117     
  0.43595076383045722       0.60070352568047536     
  0.45674486998782637       0.60994291376711218     
           4
  0.31749444535073545       0.63043318643422175     
  0.30830937553904525       0.62228830882222330     
  0.33739736507793278       0.60718684057427641     
  0.33493413520167920       0.61509479649247423     
           7
  0.46806890141372376       0.68750777446817357     
  0.46829032453160507       0.69614341657674517     
  0.45725986599990415       0.69664508717470475     
  0.44662241416127357       0.69484442595375107     
  0.44330767363191914       0.67634085093081442     
  0.46746495967234741       0.66865985460880084     
  0.47281404447247083       0.67636830850440788     
           6
  0.37482293889374285       0.28228629424471857     
  0.36375749172507937       0.29256132733071755     
  0.35654572841157883       0.28609125691792370     
  0.34981532324154435       0.28340552126960245     
  0.35378689293192100       0.26569790353283035     
  0.37227794853873536       0.26902364734926415     
           8
  0.40534212332277686       0.50362097548926676     
  0.39969044784226032       0.50753601910597135     
  0.38664555319125216       0.50731852175968561     
  0.38107658970965647       0.48546716932815287     
  0.38818274014536819       0.47891915534498675     
  0.39947743746256625       0.48297027194256464     
  0.41005467839088067       0.47967333639477699     
  0.40777876553482295       0.48935853538629792     
           6
  0.46978627213694041       0.61547170453598077     
  0.45808760192341430       0.61820153652579968     
  0.44777978547906078       0.61881349588903878     
  0.44505360333727828       0.61232660656389737     
  0.45946815992848711       0.60036575244228552     
  0.46426123641270500       0.60822838952758340     
           4
  0.14514721310439954       0.15998729918223473     
  0.12586085613059939       0.16248612070681467     
  0.12383218610943897       0.14278995839109926     
  0.14400818301109167       0.14678480633328309     
           5
   9.4015173146642483E-002  0.22192987786247961     
   8.4033093181803659E-002  0.22235459570648411     
   6.6143743180970480E-002  0.20029404416267832     
   7.9639558304336028E-002  0.19616352440715787     
   9.0894556650591332E-002  0.19375061859548381     
           4
  0.20194932075555616       0.21344999847485369     
  0.18914019235379262       0.21121635883112647     
  0.17886850700942244       0.18979173254279191     
  0.20817311241025144       0.19692415328373211     
           4
  0.55208236112670894       0.49362458533407932     
  0.52385527989083303       0.50429629164963730     
  0.52722960653184514       0.48593187323503118     
  0.54287469412495781       0.48326392420951397     
           8
  0.38993432951444784       0.44520900239578587     
  0.37821301252901468       0.44488972878682559     
  0.37327649605727126       0.44900535618654469     
  0.36635138869210010       0.44627813884790418     
  0.37019440576912505       0.43904409010631656     
  0.36527985399656521       0.43474522684082145     
  0.37070666532926977       0.42729034937743104     
  0.38648825908507550       0.42196573852229113     
