   1000.0000000000000     
   3.0000000000000000     
         218
           8
   1.0000000000000000     
   1.0000000000000000     
   1.0000000000000000     
   1.0000000000000000     
   1.0000000000000000     
   1.0000000000000000     
   1.0000000000000000     
   1.0000000000000000     
   1.0000000000000000     
   1.0000000000000000     
   1.0000000000000000     
   1.0000000000000000     
   1.0000000000000000     
   1.0000000000000000     
   1.0000000000000000     
   1.0000000000000000     
   1.0000000000000000     
   1.0000000000000000     
   1.0000000000000000     
   1.0000000000000000     
   1.0000000000000000     
   1.0000000000000000     
   1.0000000000000000     
   1.0000000000000000     
   1.0000000000000000     
   1.0000000000000000     
   1.0000000000000000     
   1.0000000000000000     
   1.0000000000000000     
   1.0000000000000000     
   1.0000000000000000     
   1.0000000000000000     
   1.0000000000000000     
   1.0000000000000000     
   1.0000000000000000     
   1.0000000000000000     
   1.0000000000000000     
   1.0000000000000000     
   1.0000000000000000     
   1.0000000000000000     
   1.0000000000000000     
   1.0000000000000000     
   1.0000000000000000     
   1.0000000000000000     
   1.0000000000000000     
   1.0000000000000000     
   1.0000000000000000     
   1.0000000000000000     
   1.0000000000000000     
   1.0000000000000000     
   1.0000000000000000     
   1.0000000000000000     
   1.0000000000000000     
   1.0000000000000000     
   1.0000000000000000     
   1.0000000000000000     
   1.0000000000000000     
   1.0000000000000000     
   1.0000000000000000     
   1.0000000000000000     
   1.0000000000000000     
   1.0000000000000000     
   1.0000000000000000     
   1.0000000000000000     
   1.0000000000000000     
   1.0000000000000000     
   1.0000000000000000     
   1.0000000000000000     
   1.0000000000000000     
   1.0000000000000000     
   1.0000000000000000     
   1.0000000000000000     
   1.0000000000000000     
   1.0000000000000000     
   1.0000000000000000     
   1.0000000000000000     
   1.0000000000000000     
   1.0000000000000000     
   1.0000000000000000     
   1.0000000000000000     
   1.0000000000000000     
   1.0000000000000000     
   1.0000000000000000     
   1.0000000000000000     
   1.0000000000000000     
   1.0000000000000000     
   1.0000000000000000     
   1.0000000000000000     
   1.0000000000000000     
   1.0000000000000000     
   1.0000000000000000     
   1.0000000000000000     
   1.0000000000000000     
   1.0000000000000000     
   1.0000000000000000     
   1.0000000000000000     
   1.0000000000000000     
   1.0000000000000000     
   1.0000000000000000     
   1.0000000000000000     
   1.0000000000000000     
   1.0000000000000000     
   1.0000000000000000     
   1.0000000000000000     
   1.0000000000000000     
   1.0000000000000000     
   1.0000000000000000     
   1.0000000000000000     
   1.0000000000000000     
   1.0000000000000000     
   1.0000000000000000     
   1.0000000000000000     
   1.0000000000000000     
   1.0000000000000000     
   1.0000000000000000     
   1.0000000000000000     
   1.0000000000000000     
   1.0000000000000000     
   1.0000000000000000     
   1.0000000000000000     
   1.0000000000000000     
   1.0000000000000000     
   1.0000000000000000     
   1.0000000000000000     
   1.0000000000000000     
   1.0000000000000000     
   1.0000000000000000     
   1.0000000000000000     
   1.0000000000000000     
   1.0000000000000000     
   1.0000000000000000     
   1.0000000000000000     
   1.0000000000000000     
   1.0000000000000000     
   1.0000000000000000     
   1.0000000000000000     
   1.0000000000000000     
   1.0000000000000000     
   1.0000000000000000     
   1.0000000000000000     
   1.0000000000000000     
   1.0000000000000000     
   1.0000000000000000     
   1.0000000000000000     
   1.0000000000000000     
   1.0000000000000000     
   1.0000000000000000     
   1.0000000000000000     
   1.0000000000000000     
   1.0000000000000000     
   1.0000000000000000     
   1.0000000000000000     
   1.0000000000000000     
   1.0000000000000000     
   1.0000000000000000     
   1.0000000000000000     
   1.0000000000000000     
   1.0000000000000000     
   1.0000000000000000     
   1.0000000000000000     
   1.0000000000000000     
   1.0000000000000000     
   1.0000000000000000     
   1.0000000000000000     
   1.0000000000000000     
   1.0000000000000000     
   1.0000000000000000     
   1.0000000000000000     
   1.0000000000000000     
   1.0000000000000000     
   1.0000000000000000     
   1.0000000000000000     
   1.0000000000000000     
   1.0000000000000000     
   1.0000000000000000     
   1.0000000000000000     
   1.0000000000000000     
   1.0000000000000000     
   1.0000000000000000     
   1.0000000000000000     
   1.0000000000000000     
   1.0000000000000000     
   1.0000000000000000     
   1.0000000000000000     
   1.0000000000000000     
   1.0000000000000000     
   1.0000000000000000     
   1.0000000000000000     
   1.0000000000000000     
   1.0000000000000000     
   1.0000000000000000     
   1.0000000000000000     
   1.0000000000000000     
   1.0000000000000000     
   1.0000000000000000     
   1.0000000000000000     
   1.0000000000000000     
   1.0000000000000000     
   1.0000000000000000     
   1.0000000000000000     
   1.0000000000000000     
   1.0000000000000000     
   1.0000000000000000     
   1.0000000000000000     
   1.0000000000000000     
   1.0000000000000000     
   1.0000000000000000     
   1.0000000000000000     
   1.0000000000000000     
   1.0000000000000000     
   1.0000000000000000     
   1.0000000000000000     
   1.0000000000000000     
   1.0000000000000000     
   1.0000000000000000     
   1.0000000000000000     
   1.0000000000000000     
   1.0000000000000000     
           1
   0.0000000000000000        0.0000000000000000     
           8
   2.9941566207003070E-002  0.76359615924425073     
   2.7422130855496007E-002  0.77144318193995420     
   1.9686475343567118E-002  0.77639075545836023     
   8.7030827106594488E-003  0.77523568662896447     
   7.6634536517772925E-003  0.75978408537536257     
   9.2192856184109377E-003  0.75377286403031007     
   1.5261889653028450E-002  0.74895707923682275     
   3.3347647669193591E-002  0.75248043085910910     
           3
  0.83499999999999996       0.39700000000000002     
  0.83924060991474070       0.38900736997948054     
  0.84940646035699108       0.38892033545228971     
           5
  0.30240916675323126        2.5226869602828998E-002
  0.28975517292048136        2.3382572784001555E-002
  0.28751553895181842        7.0660602138070683E-003
  0.30319891546900901        5.1067582027282052E-004
  0.31048364531123890        1.1223876945805220E-002
           3
   2.9285373181408090E-002  0.18365787193823729     
   2.2705625785720530E-002  0.17310930552048764     
   3.6955806276874371E-002  0.15392183032424939     
           8
  0.15381259583419427       0.26631237674124314     
  0.13762853379526910       0.27152416791589618     
  0.13002331269781553       0.26284976971500096     
  0.12682439898631298       0.25801270513487984     
  0.12698141974417149       0.25006077149543426     
  0.14535934951167800       0.24825795611639667     
  0.15050378596534728       0.24214094134087397     
  0.15446987344593260       0.25249941568590600     
           4
  0.23188545291697979       0.99552123927519887     
  0.22718797101610297       0.98225872258113456     
  0.24199999999999999       0.98399999999999999     
  0.25090786830333173       0.98549375586985000     
           4
  0.61199999999999999       0.35699999999999998     
  0.60625282146382775       0.34815155432182188     
  0.60084145267271494       0.34262693031837876     
  0.62206585237642154       0.34637632017476333     
           3
  0.66316942053930272       0.82337979200157418     
  0.65370448044109353       0.81821543952168874     
  0.66300000000000003       0.81200000000000006     
           6
  0.11657251306006948       0.19576471349965385     
   9.4514412898281275E-002  0.20280834228900935     
   9.0199687017903402E-002  0.19409814977197232     
   9.2362651173550317E-002  0.18230121544240790     
  0.10745534522161942       0.17439486365115459     
  0.11989626407193689       0.18744481704074123     
           8
  0.50158349837611627       0.64127948680556190     
  0.48861855493010159       0.64428085675811120     
  0.48464583686919754       0.64852982904249434     
  0.47158500227445094       0.64699569034289062     
  0.47425937690959169       0.62772529922346665     
  0.48896620108259542       0.62595587458015778     
  0.49532791275826854       0.62735878605059658     
  0.49825318419570308       0.63382791705122654     
           7
   1.0066572136586696       0.70709208136745894     
   1.0052627782868948       0.71567225651616795     
  0.98541464158106518       0.71303862852662170     
  0.97812837422508625       0.70799633633129166     
  0.97920796255888032       0.70178161577719445     
  0.98519771712813420       0.69105813693888085     
   1.0025636025611195       0.69625354747823665     
           4
  0.68103045444080335       0.16152530510690302     
  0.66343742963160890       0.15173860251182217     
  0.66521750961982307       0.13323557848975898     
  0.68259996952996926       0.13339110406799223     
           5
  0.51470597931707740       0.27063103513662068     
  0.50477992207474010       0.26739885912980066     
  0.49412482919318984       0.26939477184946142     
  0.51336967613704576       0.24785807654213268     
  0.51892908352949141       0.25202717473852732     
           3
  0.95931167204340440       0.71720819371927047     
  0.94623594923429755       0.71754305636036997     
  0.95299999999999996       0.70599999999999996     
           7
  0.90074626281578285       0.21152588556659721     
  0.89793801192118894       0.21808306237373010     
  0.89012892936078558       0.21790643013121772     
  0.87336104400797887       0.21100146597958408     
  0.87577362412755866       0.20341700343811817     
  0.88979567999464193       0.19459107789321373     
  0.90093444087251551       0.19153233140936415     
           3
   9.1318604432834877E-002  0.54233732293699843     
  0.10167994922222641       0.51917401710191668     
  0.11871803579651238       0.52963694899735991     
           4
  0.78764269881595717       0.69503636020564619     
  0.76529227150651147       0.70479441011188226     
  0.77042802581099057       0.67880412394406442     
  0.78383194434836845       0.67987192683929065     
           8
  0.48711990287857099       0.18826985969310245     
  0.47270030854590583       0.19619012664484317     
  0.46380560839203527       0.19543015516484880     
  0.46529131940717233       0.17683649494279116     
  0.46932559460049544       0.16728546434634284     
  0.47672987744660644       0.17056424096434256     
  0.48638032671750969       0.17390291027200999     
  0.48986994940064021       0.18034077171863661     
           5
  0.84058611093220925       0.77036489182441148     
  0.82027786086321464       0.78653398695299503     
  0.81368048989648312       0.76339318460284633     
  0.82315991532319288       0.75991723309771531     
  0.83240344705839531       0.76227572488084749     
           8
  0.72513931107187279       0.23343237624630223     
  0.71469041667299704       0.23469691100975712     
  0.70405576986730689       0.23369909308324549     
  0.70350596289505962       0.22608074639706804     
  0.70851136917015434       0.21516430617156548     
  0.72567799309125403       0.21163315267106217     
  0.73378665609478610       0.20495389073650677     
  0.73369771496191627       0.22269159114477646     
           6
  0.66942618977556312       0.73039364827605169     
  0.66262599068002526       0.73311785883258618     
  0.64484948725402191       0.72777248965962449     
  0.64636402827708617       0.72104623499865250     
  0.64852876192574205       0.70747726715788151     
  0.66722751111497014       0.70915114318467798     
           7
  0.85873740426691103       0.20499978744991448     
  0.85052562968865131       0.21183745107117771     
  0.83184369113789769       0.20909285328101423     
  0.83681390871694095       0.20548614623836906     
  0.83461588426163225       0.19523886935909537     
  0.84089815177912475       0.18492371977111763     
  0.85953361617813706       0.19437481203256921     
           5
  0.92510125677865040       0.61524788164948863     
  0.91779262092269698       0.61240104052299471     
  0.90284377078792377       0.61147554969143025     
  0.90320840486862686       0.59505955432195545     
  0.92256487279556632       0.59033447352175639     
           5
  0.47544956374880620       0.84674124528623029     
  0.46018068540754870       0.85563701754261701     
  0.44818444128905627       0.84791438670718666     
  0.44897496377283619       0.83620291173790562     
  0.47234013834422744       0.83336283462125849     
           6
  0.75212325800576918       0.11279163885328428     
  0.73915260551334017       0.11437677325318953     
  0.72908912323805863       0.10181095189181513     
  0.73156336485064288        9.0678419398072571E-002
  0.73776541382564986        8.7142034250942149E-002
  0.74397541728715400        9.1249093615685520E-002
           8
  0.31253920492357240       0.53816910860089406     
  0.30231139612119085       0.53681476728355570     
  0.29638856111921413       0.53782692293407830     
  0.28540504854206777       0.53465595128509424     
  0.29606568998188243       0.53137894978019684     
  0.28723990452844445       0.52292795554502780     
  0.30099999999999999       0.52300000000000002     
  0.31345890628122397       0.52324569349742089     
           4
  0.34046266312639684       0.63989520013314738     
  0.33176317759162460       0.61135756812947895     
  0.34519702987631623       0.61133142194359313     
  0.35270252747894909       0.61408387580258694     
           6
  0.98982361518497752       0.94477522533889069     
  0.98675101176656888       0.95153778851786552     
  0.97423521983095274       0.94057199097401412     
  0.97462032729559367       0.92162123182247913     
   1.0002992597903773       0.92042287395223621     
   1.0041417298390158       0.93292873532956089     
           7
  0.94801996594240268       0.60991656798298988     
  0.93702010282607273       0.61554920687987713     
  0.92000059336045226       0.60219271521012530     
  0.93014346155331218       0.59398584531525234     
  0.92926744045663834       0.58675774639548295     
  0.94468552720039201       0.59616729648198397     
  0.95021110146918286       0.59891733061930430     
           3
   5.4841501055584711E-002   8.3287933614689502E-002
   3.2993129499469434E-002   8.5907156659212100E-002
   4.3999999999999997E-002   7.1999999999999995E-002
           6
  0.87107802777316701        7.1936798206419614E-002
  0.85121136580146550        7.3068051824018584E-002
  0.84986078123042175        6.2362974580174368E-002
  0.85156256854862489        5.1494951165798442E-002
  0.87423049299753219        5.2399799746493364E-002
  0.87426657542049846        6.0110934820284505E-002
           6
  0.14939261135837312       0.43000754272342473     
  0.15121649300451720       0.42290522576394846     
  0.14813519698912089       0.40961892141562117     
  0.16079247875259375       0.40369966487238085     
  0.16621686520609386       0.40742882303819128     
  0.17528976535907839       0.40956544103240983     
           5
  0.99559145590010512       0.51597398244095594     
  0.97981191613655372       0.51342071333481754     
  0.97235751944589255       0.51869991917322600     
  0.97054172633207636       0.50418668641015252     
  0.98099999999999998       0.50300000000000000     
           7
  0.73066409483001515       0.39794031633629628     
  0.73183447710793958       0.40512809422616031     
  0.71005112539546877       0.39761924150113959     
  0.70629508271317387       0.38815061073308638     
  0.71509955678712922       0.38505217762956079     
  0.72856697003915138       0.38187096416008914     
  0.72921416749246193       0.38771219547932945     
           3
  0.32816365553562832       0.90869104772699127     
  0.30397483583638990       0.90225266367037438     
  0.32976742405219600       0.88903995582440798     
           8
  0.55577888453327684       0.10298480585102593     
  0.55490553218857686       0.10909851884368944     
  0.54698379702778965       0.10628378264012039     
  0.53301322908140703        9.8133921079724004E-002
  0.53727460372333069        9.2503119219683433E-002
  0.54127306768153638        7.9798807722286064E-002
  0.55963251442925177        8.2470903827760275E-002
  0.55906696579551118        9.3889575027311864E-002
           3
  0.94399999999999995       0.10600000000000000     
  0.93063991681826985       0.11689927568906203     
  0.95650311214566208        9.2927996833467891E-002
           4
  0.93500000000000005       0.19200000000000000     
  0.92525749125796053       0.18550103634687326     
  0.93064564131554406       0.17893123606160607     
  0.94000346922763434       0.18003951959445536     
           8
  0.13757350972925725       0.37820380981236851     
  0.14252397950336562       0.38932667285471745     
  0.12843569776168193       0.38801091189376236     
  0.11956138828980048       0.38332620497875958     
  0.11559707168156812       0.37121887975832241     
  0.11476028502917084       0.36165413305247518     
  0.12706351646301917       0.36096056118573866     
  0.14094607942561374       0.37107007826232724     
           3
  0.89450306119029721       0.18713561969238685     
  0.89975782442079077       0.17607849482379209     
  0.92343208263172227       0.16854323305979682     
           5
  0.71643103997631641       0.24115127784943582     
  0.70689306363889481       0.23743105087778968     
  0.70837359184205440       0.22626557728513780     
  0.71186224471423809       0.21640382614925766     
  0.73363400107349308       0.21810099244471484     
           5
  0.74609841856292647       0.80321385385285560     
  0.73834385109922196       0.80542727899286848     
  0.72944906212439753       0.80317449374152983     
  0.72562139788164770       0.78741459184625617     
  0.74014776616765710       0.77786571559448636     
           3
  0.79100000000000004       0.49800000000000000     
  0.77976856669396322       0.48759648338626860     
  0.79864332338555666       0.48530961558478031     
           7
  0.72580501358945659       0.74972521969539896     
  0.72231082328180429       0.76105500044563834     
  0.69950936334479863       0.75316428171454364     
  0.70372132747558347       0.73640048444408590     
  0.72089193677659436       0.73682780608836973     
  0.71840802574196416       0.74300587481452918     
  0.72676817060978427       0.74038736942511807     
           4
  0.53300060779808600       0.70517125798604630     
  0.51706188070866121       0.70566831640515515     
  0.52895326662131148       0.68419371978420607     
  0.54551683000100915       0.69185665564573473     
           7
  0.15135981203648255       0.68709953502407528     
  0.14130995389476331       0.68293120886416581     
  0.13690226251312348       0.68734496221354191     
  0.12652258461222832       0.68599078561042903     
  0.12578058817188631       0.66245810483037670     
  0.13601747521531446       0.65883093086029776     
  0.15479572036149525       0.67309344990699205     
           4
  0.38983191632632402       0.54060094012465598     
  0.38000000000000000       0.54400000000000004     
  0.37363220514467543       0.53489280963871899     
  0.38307994244515176       0.53453686322458238     
           7
  0.64932640527158836       0.31360228444578780     
  0.61885900353015033       0.31639702820160964     
  0.62173432098020820       0.30259895866225411     
  0.62187453707185858       0.29581812266672025     
  0.63597536182015657       0.28736087821269707     
  0.64264267211985737       0.28851975433988009     
  0.64909791444634080       0.28629718840409962     
           7
  0.44120614281048048       0.84995689998006030     
  0.44154213067351678       0.85627436446966865     
  0.41727359339782027       0.86503448087796864     
  0.41764049127562131       0.85515422082291126     
  0.42543575503886183       0.84366164673052846     
  0.42880842597026880       0.83822937267404474     
  0.43946187059434971       0.84004309917826958     
           6
  0.60460596580374715       0.96432274612122371     
  0.59415881882837507       0.96344432520064838     
  0.59730814726291026       0.95421110508954776     
  0.59172211672500763       0.94375343636021114     
  0.60918870029146466       0.93973964053776615     
  0.61921551791384333       0.93480878827927349     
           8
   6.1558791814572120E-002  0.55669103958347743     
   5.9917123721289531E-002  0.56960199586939952     
   4.4041930129555637E-002  0.56650186458788843     
   3.3089937604100242E-002  0.55738605901312099     
   3.5560210873140027E-002  0.54258138158911817     
   4.2516214262456761E-002  0.54297202811802758     
   5.0931184814173566E-002  0.54796361914703673     
   5.7247811088129000E-002  0.54790184422499322     
           4
   4.7944508657029421E-002  0.21471408801587438     
   3.5255060457755713E-002  0.21571440075026813     
   3.3999031126037249E-002  0.18709220276105812     
   5.2260922062161069E-002  0.18876270404649845     
           5
  0.80032236914990973        7.0879029261594728E-002
  0.78296213468414921        6.6123717333369650E-002
  0.78030496606031963        5.9456515444243276E-002
  0.78600823164373979        5.5033735960743978E-002
  0.79891140420302587        5.3741855642385809E-002
           4
  0.55750065058396614       0.87342437306829823     
  0.54600000000000004       0.87600000000000000     
  0.53951966529833240       0.86614976284254075     
  0.54778993338311244       0.86554348545065696     
           8
  0.54073510302208894       0.84283466823586528     
  0.53743381321972616       0.85051728270034332     
  0.52507989238800323       0.85009551229964275     
  0.51902396143912288       0.85150916665931375     
  0.51344709441214342       0.83750311345790451     
  0.51888018935443581       0.83003633019879020     
  0.52991248897920085       0.83386174587592221     
  0.53686674071893836       0.83632432043874683     
           3
  0.53504944560287471       0.22772279619170502     
  0.53500000000000003       0.21600000000000000     
  0.54919843566678828       0.20947054599020518     
           7
  0.83056956538784443       0.22937904670545312     
  0.82305674148722174       0.22954111257566395     
  0.81463325053641789       0.20739478413776083     
  0.81892461040160225       0.20153518943481669     
  0.82955937854554906       0.20457233944050321     
  0.84301359308893764       0.20014374754782741     
  0.83946277024469884       0.20500756123393213     
           4
  0.84118903817133783       0.35428633229966883     
  0.81908044436114213       0.36350458011511633     
  0.81413196465770299       0.35431693229951666     
  0.83370175637726718       0.34256794782908917     
           4
  0.63006526300055155       0.48202660086162025     
  0.62268388011275078       0.48548459342433770     
  0.61380287264877753       0.46276244095838481     
  0.63478200480008284       0.47235930661537950     
           7
  0.38527928065183298       0.99526442006477989     
  0.38840744638256769        1.0084924673173563     
  0.36021201006797027        1.0037842960281886     
  0.36362170203663602       0.99032654494931904     
  0.36020710120252963       0.98430479959052541     
  0.38217378681807279       0.98494011512455248     
  0.38949174213887255       0.98685968936725177     
           4
   8.9153954818778552E-002  0.20032255513114477     
   7.1368428618968902E-002  0.20089093915336204     
   6.7860610802763469E-002  0.17225459872004423     
   7.7917737985019844E-002  0.17254607914120246     
           3
  0.27611457791189292       0.42964088732151307     
  0.26174582378049616       0.40969914666887702     
  0.28616344954379780       0.41722894303144675     
           4
  0.74171240013870476       0.79756609869951378     
  0.73425799800403668       0.80275380711364186     
  0.71843920810983841       0.80227354496728565     
  0.72584198738286876       0.78028176881896116     
           3
   5.3833891953577587E-002  0.61173738285773016     
   3.6331860110254098E-002  0.58718623459270791     
   6.3200183476865887E-002  0.59753406723953661     
           5
  0.87923930447961551       0.40519887602515242     
  0.88101606519371378       0.39393261696013609     
  0.88175970607631815       0.38207963382065691     
  0.89536029442611542       0.37982721033898559     
  0.90972091223237961       0.38906934453451436     
           4
  0.16112138889761779       0.75722147571656484     
  0.15181786304693676       0.75492276545383774     
  0.14894025877647399       0.73028624444840506     
  0.16525211748379451       0.73014368821149489     
           6
  0.31524198450855850       0.89362217185892290     
  0.30697998672137250       0.90717973086607906     
  0.29868307719281589       0.90118989786497350     
  0.29149361845481037       0.88459111735125850     
  0.29816081416623613       0.88382410834042280     
  0.31087830892067869       0.88152371065565904     
           6
  0.76187980637499708       0.95773544380836051     
  0.74122919867606796       0.95506610972199757     
  0.74416680610111507       0.94828286694714625     
  0.74516731333769670       0.93645205102612417     
  0.75915233111648073       0.93536502566529367     
  0.76905746841957401       0.93362671042533718     
           4
  0.96568808194793554       0.27325710604255415     
  0.96602682189587086       0.26280505640878982     
  0.97234656592764301       0.25211963208861715     
  0.99221359172335399       0.25710316859933630     
           8
  0.72015421458578655       0.15757651629375968     
  0.72459258737792209       0.16463478896281444     
  0.70962899698545112       0.16806500709733962     
  0.70199388827534071       0.16125994315798042     
  0.69843205443553436       0.13862146689792609     
  0.70775226337938490       0.13770580145700467     
  0.71377452822263399       0.13768015496051941     
  0.71974068152516080       0.13994491889066077     
           8
  0.40179633842527296       0.16152526624110930     
  0.39623175172790542       0.16484329775876463     
  0.38607514654472519       0.16275588892079826     
  0.38061728029976055       0.16354612081786929     
  0.37630849325864979       0.16011429232848892     
  0.37656309182423559       0.15353364256297533     
  0.37665819034903847       0.14474752083797132     
  0.39576907539671774       0.14057021731989283     
           3
  0.88730928289678634       0.36532171081261805     
  0.87600000000000000       0.37000000000000000     
  0.88932425743248877       0.35570353248483982     
           8
  0.86168252133037182       0.73558340723212301     
  0.85474514364958820       0.73311601890522937     
  0.85184502453661470       0.73972727247112391     
  0.84127420821313303       0.74012368363107905     
  0.83627882544064192       0.73043371704764759     
  0.83773279243676302       0.71402067191905416     
  0.85769488707203156       0.70971916678746716     
  0.86024323074592668       0.71505578079404619     
           4
  0.61658827719207276       0.10726131883912213     
  0.61237575188835913       0.11459348269515418     
  0.58842871274503650       0.10672547793102807     
  0.60445849980123689        9.2590058044845450E-002
           8
  0.11843107036061147       0.71741794848870200     
  0.10799369967710311       0.72329015236275418     
  0.10901798689351221       0.70147472475227957     
  0.10525279155896022       0.69573698005728934     
  0.11627535393903794       0.69346803683200375     
  0.12940553595206092       0.69458384157589936     
  0.12545346319419201       0.69918749434471317     
  0.13151521083701975       0.70099930762534224     
           6
  0.51305489361527479       0.10166379622126517     
  0.50438133166373345        9.9169094930140395E-002
  0.49841928239405570       0.10285700607128370     
  0.49722959144152268        8.6267359148464576E-002
  0.51182169570020530        7.8626387712466855E-002
  0.51603354201446305        9.1394350582777700E-002
           3
  0.34799999999999998       0.74399999999999999     
  0.33447957540695139       0.73855288913823880     
  0.34048455630594932       0.73164311421600625     
           5
  0.47491303722974354       0.21232019095537705     
  0.46362605489940439       0.21366128425986824     
  0.46680547219876584       0.20594117510018176     
  0.46777579150720389       0.19093229105438614     
  0.48016158242118662       0.19129219129960684     
           8
  0.19647943621802594       0.95761739527844825     
  0.19099152846082348       0.95769037117869438     
  0.19160517969404606       0.96693452668556823     
  0.18068199045539504       0.96923702475917917     
  0.17048744884940462       0.95979020798010994     
  0.16608476665847580       0.95385772207451514     
  0.16901860980953154       0.94683213134909694     
  0.18631459855182275       0.94321425431946926     
           6
  0.96045350595842560       0.71401817575996129     
  0.95947717690656564       0.72255700964839009     
  0.94539441284931724       0.71944126345830139     
  0.93337390966371470       0.71365122435187123     
  0.93272820022917924       0.70130722207521157     
  0.95845005485928703       0.69672743483490529     
           4
  0.16025627907768028       0.80046375119792568     
  0.14513850096800782       0.79643701227104269     
  0.15504814216699203       0.77585996773543475     
  0.16911036837797794       0.78042705941954205     
           5
  0.42523520283161143       0.69573415587770870     
  0.41439090117113453       0.70040027484005374     
  0.40309130330122639       0.67878340967815043     
  0.41731597220748418       0.67198936229575668     
  0.42189710338380565       0.68348320710152799     
           4
  0.36682194266605689        7.2889085721474497E-002
  0.35641446128270071        7.6920317069279751E-002
  0.35799999999999998        6.6000000000000003E-002
  0.37147430259792430        5.2560427039017824E-002
           3
  0.19759083488328305       0.74706856755123374     
  0.19600000000000001       0.73199999999999998     
  0.20590910700313947       0.73395664238959590     
           7
  0.28902661329063367       0.35303491765085454     
  0.28199968216560367       0.35801411242665432     
  0.26756606641893599       0.35085979181853350     
  0.28156884469067384       0.33315434641756264     
  0.29123196536458090       0.32887796843007050     
  0.29130002161408963       0.33827086350919511     
  0.29790364375347711       0.34042751464181098     
           4
  0.44427309694172507       0.94389052307088017     
  0.44782910849683832       0.93169766551698874     
  0.45852853222020390       0.91848455091126013     
  0.45600000000000002       0.93100000000000005     
           7
   1.3953978575863236E-003  0.48284033607201937     
  -5.3415469547179314E-003  0.47727459954462992     
  -4.5582777810831360E-003  0.46970435101175090     
  -7.1258446249283470E-003  0.45640294476812338     
  -5.7311922524230872E-004  0.45395945954952638     
   5.7080855076434411E-003  0.45729399158802214     
   1.9980518633869696E-002  0.46547562642713752     
           8
  0.47375229723560613        4.9210692215590872E-002
  0.47266715175933183        5.6562226640628321E-002
  0.46707620796850052        5.8063223473390962E-002
  0.45203146363282964        5.2550926242368137E-002
  0.44907951728051387        3.8923135994885241E-002
  0.44602274004510767        2.8069234290434453E-002
  0.45431581263465332        3.2595438357048347E-002
  0.45997215375451456        2.7310762627009211E-002
           8
  0.55990160080876150       0.42309164173292491     
  0.54149931988091726       0.42527923796553613     
  0.53942281886651666       0.40920276918098558     
  0.54602058070120585       0.40740098678391845     
  0.54247100293509920       0.40167892612612183     
  0.54954699147385966       0.40189821861934533     
  0.55700734091461968       0.40213117615688937     
  0.56969106113818269       0.39939648318704396     
           8
  0.10664512239710211       0.97430160442103175     
   9.9436344580711877E-002  0.97963800112222410     
   9.4564926247918471E-002  0.97363280677706820     
   7.9297125262423690E-002  0.96912379482560762     
   8.4428412003521677E-002  0.96258287844540358     
   8.0816601446509248E-002  0.95080708391372371     
   9.1957501144103670E-002  0.95218357796640651     
  0.10232041618465519       0.95541148337724391     
           8
  0.56617878252349441       0.36587913112256853     
  0.56214793762681103       0.37005935232020404     
  0.54983340604872577       0.36990281506646405     
  0.54723051487822016       0.36163159835981001     
  0.54622129325394919       0.35304731043262361     
  0.56240549975715504       0.35026353042249797     
  0.57095318956277918       0.34852254355448847     
  0.57225670975488419       0.35601416676065334     
           6
  0.65083601076246012       0.42639232324047077     
  0.65630169477744627       0.43094774204929065     
  0.63958911187734702       0.43966592771848045     
  0.62858992873362252       0.42521496368262807     
  0.63922198733222835       0.41422468765324211     
  0.65038509705196768       0.41074219375776966     
           5
  0.14717963562277914        1.9773192807328730E-002
  0.13044067175482457        2.6273086893232114E-002
  0.12217561660748352        1.9957496286565912E-002
  0.11628227663336280        1.2502144928395031E-002
  0.14475991199764657        1.8324650577515172E-003
           4
  0.79139173874978608       0.94358950324926949     
  0.76381824484692662       0.96142771472847677     
  0.76841200943559451       0.93315610074789312     
  0.77951162938578478       0.93400573543270471     
           7
   3.3210664286157161E-002  0.21101357350004576     
   3.6458474820523029E-002  0.21835007464481360     
   2.3825167876564590E-002  0.21755939011745307     
   1.4930474663435977E-002  0.21691607168782145     
   1.5275096560032488E-002  0.21078622566679531     
   2.3476733428934186E-002  0.19112359342334642     
   4.0276410520192228E-002  0.19664996303073304     
           7
  0.86420923301581665        4.0070155828420426E-002
  0.85108739506594766        5.3145410467606125E-002
  0.83643265222507268        4.7912513875953175E-002
  0.83964934494795695        3.6442397632758049E-002
  0.83661346873717224        3.0241089116061402E-002
  0.84470009029201354        3.1254029173144203E-002
  0.86463612674061330        3.0159215859602344E-002
           7
   1.2479664710442906E-002  0.69574568396107994     
  -2.9226540175413393E-003  0.69925395481844332     
  -1.0499832697858303E-002  0.68920992375977363     
  -3.0983268822307149E-003  0.67732705155492423     
   3.4076458996242535E-003  0.67690988123735263     
   1.4407489485029054E-002  0.67094898608246778     
   1.7199574613849519E-002  0.67630090652346408     
           8
  0.41543627790671422       0.68202941482697099     
  0.40952701305312073       0.69053173677349422     
  0.38719839329082872       0.68866640155324532     
  0.39136235875717473       0.68449851635789627     
  0.38588558842563042       0.68268679022539958     
  0.39018457069288986       0.67888929715323032     
  0.39878436817024493       0.67058867874455319     
  0.41091509836500872       0.66976181264286594     
           5
  0.51246370875627434       0.24078112528277337     
  0.50100000000000000       0.23400000000000001     
  0.49282125740245097       0.22879193219508545     
  0.48728225621695209       0.22095902652834162     
  0.51621788509799793       0.21888217006871302     
           8
  0.91792237183200232       0.97427128508378724     
  0.90655704143778115       0.98231637420712969     
  0.90398246045324837       0.97717591547360982     
  0.89873107489888560       0.98197783804994376     
  0.89496950035719391       0.97407095393459620     
  0.90077876369009313       0.95497390678946248     
  0.90929089604523494       0.95434499738419132     
  0.92012228763216208       0.95328258985199432     
           8
  0.50082415842089434       0.98361737476340205     
  0.48267841347944851       0.98027465031623073     
  0.47711375998661060       0.98247005036401014     
  0.48235926498633019       0.97336935343452469     
  0.48123713825366715       0.95790305945190002     
  0.49666767814123619       0.95602928006333476     
  0.50398211419770367       0.96182438369565149     
  0.50312941304026182       0.96839167331057974     
           3
  0.81308600547975607       0.12834655628039790     
  0.81049340051820418       0.10388423838985140     
  0.83043532906978523       0.10728229234835222     
           4
  0.65611355514750558       0.95156322920390268     
  0.64262869906253439       0.94518987190232451     
  0.65819729760088796       0.93178705039837317     
  0.66068214771937472       0.94139216404867476     
           4
  0.82557054682001296       0.64727403780471615     
  0.80483625889454391       0.65622674928163705     
  0.80250297171888252       0.64147591226432188     
  0.83091693220270813       0.63202720192464668     
           3
  0.74806443364743225       0.93599962614075627     
  0.73499999999999999       0.93700000000000006     
  0.74907250281505799       0.92521457523202077     
           4
  0.34565445473093526       0.83859062659678929     
  0.32137536424049024       0.82754237528338537     
  0.32901121260184785       0.81526685522409659     
  0.34472166220946610       0.82256226648670427     
           8
  0.23870450139825147       0.58585957794731891     
  0.23299390848967028       0.59317961349506421     
  0.21711928314367201       0.59962998829240755     
  0.21004106087457952       0.59338029262048186     
  0.21480567765247341       0.56903829441433795     
  0.22352982131033472       0.57083836601388860     
  0.23334506099348809       0.57076207299658588     
  0.23648590542014156       0.57649764497520850     
           5
  0.31910952001762555       0.41248058970305668     
  0.30848500814793134       0.42426112850334263     
  0.29439250285470220       0.41498394174128317     
  0.29457155445204131       0.39916149711355609     
  0.32167196390422165       0.40270425848408897     
           7
  0.21781225457884443       0.66462091649921606     
  0.21615145753655085       0.67115065187235889     
  0.19822658437859428       0.66159549617137969     
  0.19946925684667499       0.65480030206982509     
  0.20507493276587838       0.64880696669401516     
  0.21121748448274980       0.65368104443152530     
  0.21816192262963827       0.64876607653794172     
           7
  0.21988453698655194       0.56077504919347509     
  0.20022405584485567       0.56087823644136625     
  0.19130869009398346       0.55942250378211722     
  0.19452895128269651       0.54490378770081926     
  0.21295519197466140       0.53575321439407186     
  0.21446688930383689       0.54425680156595513     
  0.21534661721161508       0.55076146969375306     
           8
  0.55234803179246572       0.69618038890197276     
  0.55406019789708805       0.70218911627555403     
  0.53444306849769863       0.70613127871040238     
  0.53209681708722190       0.69407386473234955     
  0.52750603508065175       0.67793802849474494     
  0.53252169723380449       0.68183261823301666     
  0.55643635420604398       0.68115581629943056     
  0.55278802495714441       0.68584841745000769     
           3
  0.31169012822216308        2.2384827522023747E-002
  0.30166695892083056        2.5609206581048181E-002
  0.29599999999999999        1.0000000000000000E-002
           6
  0.22592340091577570       0.74825517333783664     
  0.21176447173870261       0.75702026122499377     
  0.20583358130865570       0.74869244734578744     
  0.20037505350679641       0.73836389251441226     
  0.21007554127191147       0.73187816622906943     
  0.22923552279517140       0.73355586249600935     
           3
  0.14799999999999999       0.64100000000000001     
  0.14266131944903038       0.62818244411142210     
  0.15240521844433386       0.62653550583792161     
           4
   6.0964591811077324E-003  0.56512646119006482     
  -5.8051807542827509E-004  0.55905455409119920     
   1.6333790974955548E-002  0.53746230501173842     
   2.0614920465273280E-002  0.54873221499507641     
           7
  0.42564899347716256        6.2139062188554126E-002
  0.40361736555472033        7.2934982504655688E-002
  0.39657872695341018        7.0218038508773742E-002
  0.39963194922295081        5.2835531422125624E-002
  0.40437511253424885        4.6067950277463729E-002
  0.41291742002191695        4.8402053056339531E-002
  0.41979150415218247        5.8499423218170317E-002
           7
  0.39749490839383983       0.80856303409046548     
  0.39172049298563710       0.81462300389085052     
  0.37794876149305812       0.80805575518668049     
  0.36944975008969627       0.80862518357779367     
  0.37329270587288216       0.79778288297871702     
  0.39125408610101842       0.79067431695962254     
  0.39070885298968899       0.79690504569677012     
           3
  0.81476803515720475       0.61497486781435529     
  0.82399999999999995       0.61199999999999999     
  0.83695375560743379       0.61003605606557465     
           7
  0.61715716955670830       0.72741688733843424     
  0.62242277900984844       0.74109271393286202     
  0.60858575944989857       0.74014550482998787     
  0.60106786150004576       0.71805183031341557     
  0.59688647468330092       0.71302620195913358     
  0.61269393865126720       0.71222303699455369     
  0.62051252342493257       0.71454385497318240     
           8
  0.49012352359830480       0.57614350965859262     
  0.49652131028663821       0.58513301119133587     
  0.49129987429802441       0.58910684512691958     
  0.46569896356420687       0.57811703406855042     
  0.47029597822500507       0.57295747987179801     
  0.48357351223416495       0.56117798527899532     
  0.49034752684500826       0.55953777562195983     
  0.49621801458025416       0.56105837834863070     
           5
  0.17094710740957536       0.96567943975832615     
  0.15930332837284916       0.95759976600359220     
  0.15980523477549918       0.94795080225690564     
  0.16762672516679780       0.93608253077589476     
  0.18052635718463561       0.93830857535872680     
           6
  0.36551938963806252       0.61836457309199955     
  0.35932106813497328       0.62152477373661053     
  0.33772696650838191       0.61203996072402422     
  0.34958288756268913       0.59323363764993398     
  0.35949217710230463       0.59825815661538828     
  0.35999699688506687       0.60606246990290580     
           4
  0.40260782054641969       0.54569548707708193     
  0.38062815982272130       0.54757084635754172     
  0.39600000000000002       0.53600000000000003     
  0.40979585192744145       0.53830467876439703     
           7
   5.0317360555531432E-002  0.46599129287203384     
   4.5999914065712216E-002  0.47457962249745639     
   3.6261104321771348E-002  0.46722590088761240     
   2.0302146701008373E-002  0.47433934673255262     
   2.7993707106893220E-002  0.45305908369668724     
   4.8238763187598753E-002  0.44619331278509450     
   4.5526101292015897E-002  0.45220776788493056     
           5
  0.37014114480180199       0.34449597444663860     
  0.35991187418818266       0.35008487416694767     
  0.34788954171353825       0.34506187664735144     
  0.36008102178694051       0.32536543794267514     
  0.36845627738373238       0.32461773429015284     
           6
  0.81177004916888162       0.92680435081006307     
  0.80514979501607686       0.92872057277710585     
  0.79344082280791717       0.92785585464205256     
  0.78704669135202421       0.91727603971263361     
  0.80476407931939609       0.90593687352381436     
  0.80993034296853517       0.92003860538159932     
           6
   2.5465154122667869E-002  0.58167343868740617     
   4.3909296682818491E-003  0.58096726324030723     
  -3.9378632223897106E-003  0.57481610586914611     
  -2.8626295805448693E-003  0.55843588274630795     
   1.1369766000330312E-002  0.55545644561176688     
   2.3534957888776822E-002  0.56661302002864555     
           3
  0.80379454054483013        1.7284282471692222E-002
  0.81619425847578975       -3.7966304443033845E-004
  0.82685506217929305       -9.2949873344725341E-004
           5
  0.56270453898960415       0.63615544591955286     
  0.55427125997849047       0.63857260292286833     
  0.56018723843717666       0.61685823172315102     
  0.57327208560731324       0.61231699235127302     
  0.58195130998637423       0.61544440542970891     
           7
  0.70622531205394701       0.47101534980678500     
  0.69148305765294071       0.47603508012984103     
  0.68268756886104587       0.47258963626720057     
  0.67898942424884878       0.45934489177584092     
  0.68817455609684131       0.45704545707867295     
  0.70003536999271976       0.45744931726889260     
  0.70180750635310285       0.46299725284746007     
           5
  0.18168282386161344       0.19366804980998595     
  0.16056328808655956       0.18770016817466428     
  0.15414293098575804       0.17751257442747664     
  0.16693306957069851       0.16717283797273763     
  0.17512482577247723       0.17051724846260155     
           3
  0.25281863959213979       0.42544214584206935     
  0.24700000000000000       0.41299999999999998     
  0.25922647842647711       0.41430665019443708     
           7
  0.74145075071937239       0.50186673328385212     
  0.73392068167221902       0.49579674401617851     
  0.72366648233461683       0.49206331240765411     
  0.72257670613616642       0.48461010424201822     
  0.72432367620256144       0.47684286941062498     
  0.73273616427244948       0.47162329085554155     
  0.74869771175844446       0.47652580745421769     
           7
  0.51435460957162160       0.33508547269980027     
  0.51073831307953887       0.34245027497676128     
  0.49567298372110363       0.33759642777058940     
  0.49263100181444086       0.32331239616561236     
  0.49688855919501740       0.31654868786692891     
  0.51575786036070193       0.31710650364835152     
  0.52121604987109083       0.32174939373752104     
           8
  0.17240137939636682       0.98706033777422819     
  0.16369092797351290       0.99480234236289433     
  0.14411136230990484       0.99984016184431368     
  0.14873579136074505       0.98275572341034478     
  0.14228411995062723       0.98197087568013786     
  0.14703471656179781       0.97408715544738189     
  0.16545017628582981       0.97281226916156416     
  0.17348425837555045       0.97312768925831072     
           3
  0.97620971121931399       0.25572737369174342     
  0.97801944158767862       0.23136784867407473     
  0.99416295711796443       0.23795274205031830     
           4
  0.65129669211179841       0.11524768667846545     
  0.63700000000000001       0.10900000000000000     
  0.63477934604704145        9.6561600234656028E-002
  0.64479542201279327       0.10016714011743517     
           6
  0.18773969454578252       0.20886865899107523     
  0.18490333548042659       0.21569034747485033     
  0.17907630418557213       0.21976838064198312     
  0.16818082036388821       0.21503728400870478     
  0.16645263022843268       0.19180789051223332     
  0.17988503552249838       0.19897407538696832     
           4
  0.36854053216072008       0.37996408082989153     
  0.35211851831686880       0.38793150557444722     
  0.35699999999999998       0.37400000000000000     
  0.36312279823965282       0.36199642521720871     
           8
  0.37310667072818071       0.97646042566360491     
  0.36404193746600638       0.98553713147090305     
  0.36055806729330242       0.98124600522845218     
  0.34842931977357589       0.98388378816918720     
  0.34877144684761635       0.96733536196078074     
  0.35458699526449228       0.95933601367704546     
  0.36938965552985614       0.96117676524411133     
  0.37341860429800583       0.95664021429207846     
           6
  0.38029268267154570       0.71404079073625337     
  0.36415128905667893       0.71160702729608138     
  0.35223794875542691       0.71072514231428430     
  0.35551666121925346       0.70172802920878419     
  0.37447527158256677       0.69073420898415550     
  0.37931474270722337       0.69550501887018956     
           8
  0.59384804353877962       0.96335579998957643     
  0.59693274709163857       0.97088878144836654     
  0.57858092475631895       0.97031257443222885     
  0.57057601137686442       0.95604522759324284     
  0.56655748559283958       0.94668945766250667     
  0.57469855197120134       0.94891137379516488     
  0.57666685854264654       0.94274228298478158     
  0.59191380340557154       0.94335337053096180     
           3
  0.71199999999999997       0.99600000000000000     
  0.70113041052302316       0.98530853367506377     
  0.71805333621842760       0.98248862741111298     
           6
  0.94055381021122841       0.45858897656402425     
  0.92893128669054992       0.46111983339802481     
  0.91917794447095436       0.46161401355159981     
  0.92155299541172397       0.45351469297752556     
  0.92782765794502864       0.44143018419171287     
  0.94681014994876223       0.45367226437247193     
           5
  0.86005790003206695       0.99623676274225836     
  0.84607282577354537       0.99637453315415370     
  0.84142520258258724       0.97026598625176286     
  0.84917814142246462       0.97219218296012899     
  0.86036968249034695       0.97387681963154415     
           3
   5.9999999999999998E-002   6.6000000000000003E-002
   4.6938526922192469E-002   5.3734890473223093E-002
   7.1170427762844019E-002   5.9464260495360077E-002
           7
  0.26001714075756377       0.26618958711709162     
  0.26725895041609454       0.28031701857610863     
  0.24208768334958722       0.27412264886443505     
  0.24196705680515043       0.26351407725243264     
  0.23653141936488831       0.25976099964630484     
  0.24917587804153116       0.25890744033141666     
  0.25984796868278559       0.25898575235626636     
           4
  0.95254678537328719       0.44957013533477791     
  0.93744392143605637       0.44411067254307268     
  0.94459155369282011       0.41948173556753698     
  0.95766608370680462       0.43061146781672893     
           7
  0.33962072541604060       0.70124831142293698     
  0.32834853018240212       0.69902091888344842     
  0.32606019264578451       0.68345300499866568     
  0.33100019055709673       0.67613478258402782     
  0.33793719654867477       0.67235519043377789     
  0.33926695292152925       0.67963166833542910     
  0.34898118329705802       0.68353467769262732     
           3
  0.89522154666138820       0.18037425377852673     
  0.90025812624455270       0.15768525958480492     
  0.90000000000000002       0.16800000000000001     
           6
  0.59856195648957133       0.87201188863655910     
  0.57287020077589290       0.87827372412108806     
  0.57338497240873654       0.86426736665692017     
  0.58005002497164893       0.85899236309294114     
  0.59072200501592187       0.85721187164932533     
  0.59781147494080722       0.86342950316234579     
           6
  0.86090841951270070        6.9757931734177742E-002
  0.84920308919843068        6.7078719181772745E-002
  0.84179110566513160        6.0422103039371601E-002
  0.83856201767218752        5.2636330454640473E-002
  0.86157825219297690        4.6374690015232735E-002
  0.86726369296785744        5.7489378521683551E-002
           7
  0.93289521217558691        8.3321516020548589E-002
  0.92175632585077227        8.4271875765389054E-002
  0.91101826446954892        7.8339924986598364E-002
  0.90593318678200097        7.3718841593497883E-002
  0.90872031815800292        5.8836843438142314E-002
  0.91845688897706079        6.0072857049350836E-002
  0.93437687230664335        5.9668452076918635E-002
           4
  0.85441625978017488       0.54030372655199155     
  0.83636054829471207       0.53758197626104187     
  0.85954123631562540       0.52224289139025992     
  0.85791630538873465       0.53284828062070855     
           6
  0.39998208574987404       0.25450222238647502     
  0.39449126173648030       0.26858548550214734     
  0.37550344336626879       0.26135887146094422     
  0.37380018345153110       0.24747696491938870     
  0.38583686899905772       0.24163683827866281     
  0.39541421306354513       0.24526050130449545     
           7
  0.82560478332314313       0.35922870249707606     
  0.82067596930964515       0.36544328040645296     
  0.81205694539006623       0.36572410947399936     
  0.79777927398462223       0.36403842335652808     
  0.80410677772190009       0.35772275942451803     
  0.79673350975005097       0.34000863183033542     
  0.82098821060526306       0.35079501643272271     
           3
   1.9505206689254661E-002  0.41693101120685233     
  -4.4980828536512656E-003  0.40901961599074210     
   5.0000000000000001E-003  0.40400000000000003     
           4
  0.59249423663476453       0.58480479415179087     
  0.57558737083313927       0.57393621255795624     
  0.58003572265136916       0.55964056172537180     
  0.59404151294099417       0.56104619844219583     
           8
  0.94139761173295367       0.12680504223407130     
  0.93355546187833238       0.13808064127800862     
  0.92873903125834245       0.14240876318659154     
  0.91712900645852924       0.13442230402211530     
  0.92137338263640289       0.12670543947587840     
  0.91942674184782336       0.11886851277171173     
  0.91553401800990686       0.11256858281208545     
  0.94257798533367798       0.11284556735422849     
           3
  0.18400000000000000       0.74199999999999999     
  0.17550701357804560       0.74929559734849771     
  0.18875768254295061       0.72716193912501470     
           7
  0.84034056677273272       0.48096339208158140     
  0.82404735307008847       0.47935351679794286     
  0.81642565080663310       0.47728728420776179     
  0.82324253909967171       0.47145129344218961     
  0.81743107863307995       0.45362111461720150     
  0.82165376629825848       0.45952824734236031     
  0.84506063920395769       0.46425021968797825     
           8
  0.29373001441686247       0.35193422457530149     
  0.29751385210011971       0.35587489884463602     
  0.29238232370967959       0.35835441473144886     
  0.28622892292343027       0.36021144302811658     
  0.27166560261138728       0.34743376545218746     
  0.27569054758391504       0.33862922650503918     
  0.27650195025541674       0.33122013894863883     
  0.29630119986716086       0.33151784194307432     
           6
  0.54981009014889060       0.98919922276853078     
  0.53817435323103158       0.99023583077041988     
  0.53973200249815267       0.98325607620608857     
  0.53779779925506155       0.96387365894327093     
  0.55957131800517068       0.96367942581552235     
  0.55725061816589416       0.97141253634959701     
           4
   4.5053419555677501E-002  0.53395720108745059     
   3.9408430100021589E-002  0.54095788204753004     
   3.2000000000000001E-002  0.53100000000000003     
   4.0498843731519241E-002  0.52761252492735711     
           3
  0.95874292130258587        7.0852968608986558E-002
  0.96234151373743060        4.9543198938231552E-002
  0.97175170878467587        4.8452652698942736E-002
           3
   4.0201891266481285E-002   3.5769003216664624E-002
   3.1000000000000000E-002   4.0000000000000001E-002
   1.9614900280777316E-002   3.0901082915109169E-002
           4
  0.17406364972029956       0.54518010396951544     
  0.14864725845045723       0.54724247781531010     
  0.15258723613636205       0.52842836561459849     
  0.16403002472677905       0.53023517698275757     
           6
  0.63418117135136887       0.43227226049028999     
  0.61214537910113309       0.43610212860204001     
  0.60573773428474587       0.41898658142504303     
  0.61121223211758535       0.41411632433854478     
  0.62991850260590299       0.41615306411662473     
  0.63250065778883779       0.42254546534679316     
           8
  0.81671311118576306       0.50436070524500143     
  0.79229556222551323       0.49812173777376095     
  0.78844382672655500       0.48745096543326544     
  0.78809848649984882       0.48150783730120794     
  0.79410010353083049       0.48108533765303602     
  0.79887200823453619       0.48469580103110727     
  0.80172909590650476       0.47962887625990130     
  0.80874332089547329       0.48168097027987700     
           7
  0.39208969187372117       0.50294793957405348     
  0.38497460720661197       0.50738997066546898     
  0.37651944811538995       0.48869954891389666     
  0.37189366652964484       0.48305193320180340     
  0.38338521264384789       0.48501698154244477     
  0.38999606278094945       0.48260698020932286     
  0.39562297125158924       0.48683820919853138     
           4
  0.76575124488558044       0.33729985838192539     
  0.76152742052349653       0.34380016327757995     
  0.75428914980696182       0.32612792492479437     
  0.76900000000000002       0.32900000000000001     
           3
  0.93146576977030970        1.3752724300412777E-002
  0.90779326212309086        1.9197807870393890E-002
  0.91345250117147592       -4.0518818268899838E-004
           5
   6.7240603570817223E-002  0.11825668880564652     
   5.7309254078756942E-002  0.12061337923879140     
   5.4671790837695133E-002   9.8503617901882820E-002
   7.6137951507696977E-002  0.10049414429762019     
   7.7540900396512208E-002  0.10895304000258284     
           6
  0.86380646616626078       0.68802673510302170     
  0.84768225888504134       0.69083655866996474     
  0.84086142270383735       0.69334419806173686     
  0.84574086749847543       0.67669062407327651     
  0.85072394446751076       0.66862836704667139     
  0.86755698624837285       0.66770082962067856     
           3
  0.95381357712997328       0.13664905353732515     
  0.94299999999999995       0.12200000000000000     
  0.95533249208243454       0.10889972271587510     
           3
  0.11150347411619625       0.29641159517097254     
   9.2399753425643438E-002  0.29495263886723855     
  0.10299999999999999       0.28499999999999998     
           8
  0.31944823976925835       0.75100102353752995     
  0.31316353911817235       0.75193439933078077     
  0.29183413947368342       0.74811754538903619     
  0.29520281369694912       0.73853640262565112     
  0.28834566336297496       0.72943822412898340     
  0.29575886363915732       0.72503273539841240     
  0.30368077604565763       0.73082644030247168     
  0.31294105179995069       0.73099453833778250     
           4
  0.40232234987373661       0.22279905282766596     
  0.38923549436395877       0.22509803036031761     
  0.39800000000000002       0.21199999999999999     
  0.40894993581255984       0.21806054842705425     
           6
  0.32433440302365973       0.47352502062933566     
  0.32198088894110682       0.46545148711277701     
  0.32160354091784182       0.45725566491282832     
  0.33268737630013390       0.44490928702415772     
  0.34062394272597979       0.44489787497696454     
  0.34891854619668394       0.44364169616250088     
           5
   5.6425387109894400E-002  0.12325918753120990     
   2.9519114422137949E-002  0.10533516463615600     
   3.6902173036898571E-002   9.8529212575301520E-002
   4.4172837091333704E-002   9.3422035814763049E-002
   5.6909884722980968E-002  0.10462782019495691     
           3
  0.40057455185377933       0.26885085192227670     
  0.40000000000000002       0.25500000000000000     
  0.41284441912628311       0.24310816303366992     
           7
  0.94885074939592540       0.86212125873963474     
  0.92847602420192199       0.86395951574827434     
  0.92138995271669788       0.85183565459894095     
  0.92673124338934976       0.84549773455415056     
  0.92553833824230602       0.83791092551363788     
  0.93941274216461246       0.83693906251375016     
  0.95011360697970704       0.84794637659729577     
           3
  0.17899999999999999       0.14699999999999999     
  0.16400446255263623       0.14919842322431537     
  0.19046240106472567       0.13180275342404443     
           6
  0.83368519629950033       0.75991776792404553     
  0.82336766926527749       0.76324042460247910     
  0.81303474898600414       0.75994403180906744     
  0.81205742202273035       0.75171096856648056     
  0.81253280290520125       0.73741422232926956     
  0.82791673289302892       0.73996542077582772     
           5
   6.9016588173661061E-002   3.3058270827137769E-002
   5.9128851413414549E-002   4.3640387089422132E-002
   5.1032253150950876E-002   3.2508434580513682E-002
   6.8183436577128706E-002   2.1564103020071924E-002
   7.3644789187602186E-002   1.6345411207139705E-002
           3
  0.82899999999999996       0.99199999999999999     
  0.82041336025365619        1.0008592999110961     
  0.83590852354084022       0.98219440995034291     
           4
  0.79837115712149664       0.76846096557865906     
  0.78709722727464571       0.76859183128761244     
  0.77323246003697421       0.77396794039047578     
  0.77292138014906420       0.74511217868602420     
           5
  0.22256068396240453       0.37446846210776502     
  0.21209097782942501       0.37258110941593392     
  0.20484797480349087       0.36990865451958865     
  0.22691816274432824       0.34544101062941102     
  0.23265967053940007       0.35351703214517471     
           5
  0.33542260767770615       0.47421313461777609     
  0.32565815689596084       0.47707712578942912     
  0.31078405912453233       0.47203850523192969     
  0.30746461357376997       0.45818457894898434     
  0.31759794700671740       0.44728651176259415     
           4
  0.39112487469687035       0.18315955220712513     
  0.39418582463885177       0.16960842578571805     
  0.41522935463766880       0.15862332666941259     
  0.41699979923254882       0.16724966194897861     
           5
   4.7135260010976968E-002  0.14823794552498890     
   2.4086630332726764E-002  0.14573651721685141     
   2.1743768088023502E-002  0.12761700737028842     
   2.4872558382818783E-002  0.11983020027750403     
   4.3085537367316108E-002  0.11874699587583676     
           4
  0.22831625607788381       0.49682829661957323     
  0.21483391758931966       0.50125627961988495     
  0.20482890625214153       0.49454253710637208     
  0.21549820483686652       0.47920665755240754     
           5
   4.5005705565348220E-002  0.46851370461302128     
   2.8946947470626247E-002  0.46841141773930944     
   3.3903332327001198E-002  0.45290145838968821     
   5.5986020999024444E-002  0.44946218847110958     
   5.3065449793902833E-002  0.45896605693127651     
           5
  0.44371726394573430       0.57497637569650129     
  0.41596824702777752       0.57340620600585668     
  0.42097749099025078       0.56396597252788705     
  0.42140257222759031       0.55510445837986777     
  0.43423868349933292       0.56114200873259101     
           8
  0.90755587376841118       0.88671526120189192     
  0.90065224630389940       0.88427351254813258     
  0.89282067234983453       0.88422685717405847     
  0.88592616716266259       0.87754371121203334     
  0.88066458037574524       0.86845303080038794     
  0.88645983881742296       0.86607099698895429     
  0.90357943897686455       0.86000904408798973     
  0.90716505228291289       0.87265427682611230     
           4
  0.50314339090847671       0.58315445871501315     
  0.49476590209493837       0.57788039102131250     
  0.52452006670524109       0.56223213864980559     
  0.51940563306880627       0.56841606250078613     
           7
  0.43337673648070640       0.93978558512794019     
  0.42708666708499698       0.94502217756931428     
  0.41200466688607623       0.94358863692736794     
  0.41090512789572542       0.92961169784941677     
  0.42053080408841786       0.92624397431704120     
  0.42709834838308752       0.92076643699682403     
  0.43755138815111289       0.92614931650734289     
           4
  0.63900000000000001       0.50500000000000000     
  0.62595439778713835       0.50738129752700856     
  0.63068629081553129       0.50026548666459369     
  0.65267174007401474       0.50114232398078451     
           8
  0.92510769121787484       0.86245583458974817     
  0.91314396064565129       0.86548603320022843     
  0.89875551749285520       0.86126183751578578     
  0.90333165716048280       0.85188720072608592     
  0.89824852023939039       0.84837267664172433     
  0.90221899261075589       0.83789230279376448     
  0.91713583735548554       0.83660554585819769     
  0.92364077474885486       0.85029850377392269     
           5
  0.99708040451482327       0.45032677429014895     
  0.98127632086428496       0.44491912924379007     
  0.97129247688252507       0.44733420161799803     
  0.98937832418920790       0.42084635646123841     
  0.99684092844665551       0.42746411555670516     
           4
  0.48837930206067848       0.35639338520717939     
  0.47448798321268149       0.35668321472957110     
  0.46874468709802158       0.35006280840870235     
  0.47495859678856545       0.32528615170976999     
           4
  0.21690427872660983       0.95234350629133757     
  0.19506292326280725       0.94683458278917365     
  0.19154462193275046       0.93107324012499615     
  0.21927304841328363       0.93321085566378170     
           5
  0.71580833260979204       0.70792816744489018     
  0.69467252763283316       0.71213093199637179     
  0.69387453905307439       0.69289543938248488     
  0.70124833152784338       0.68791298504055876     
  0.71653452386544414       0.68640642672184959     
           8
  0.23899634011234061       0.80962403004946992     
  0.22899164555473489       0.80823440180917372     
  0.22196781352235498       0.80227624173216905     
  0.22555603060446699       0.79565933375068953     
  0.22307139198051318       0.78960880871535333     
  0.21972060130530105       0.78463971850063219     
  0.24452213272836323       0.78453192359789348     
  0.25059554630573638       0.79334168371452340     
           3
  0.56567951557390395       0.13802153878146034     
  0.55746194029621854       0.14190255468820662     
  0.55700000000000005       0.13000000000000000     
           6
  0.28558054008408884       0.96222733657527437     
  0.27261805661018162       0.97506155522553895     
  0.25559370799469161       0.97490917923275311     
  0.26165794147966498       0.95547673643275355     
  0.26781670317468959       0.94918479438670744     
  0.27789291735335375       0.95515239831898069     
           6
  0.49489038697070709       0.32440406399204191     
  0.49286789505383932       0.33372522711916436     
  0.48544696707586854       0.33429884193692411     
  0.47748994439049464       0.30562092521190076     
  0.48948004589364430       0.30464032751568332     
  0.49020460340428751       0.31868403945152834     
           8
   7.2958013701276483E-002  0.76757803425685667     
   7.3267758574886155E-002  0.77399621061468193     
   5.9421292723804718E-002  0.77184469902079178     
   5.3708553937369723E-002  0.77461086799136103     
   4.9571915712933359E-002  0.76538917028965325     
   5.0617581515163920E-002  0.75625270695373248     
   4.6803605119933450E-002  0.74996114073492404     
   7.1974333640624291E-002  0.74710417090883030     
           3
  0.85106501939404522       0.27164428968031290     
  0.83599999999999997       0.27200000000000002     
  0.83261315100282651       0.25972485427771919     
           3
  0.41299999999999998       0.32700000000000001     
  0.42346825722658138       0.33604749934766182     
  0.39788002956149676       0.31763870690330515     
           4
  0.49627944751038705       0.39293286167510327     
  0.49710543840358734       0.37861279611496285     
  0.51365862437620990       0.36942216382433585     
  0.52422813804128143       0.37864387527546278     
           6
  0.97213180523374942       0.33508536674481587     
  0.95772317071418245       0.33813579736869553     
  0.94884545103419349       0.33915952781433772     
  0.94918427965634400       0.33019782571406647     
  0.95399828059110070       0.31654588660026034     
  0.97232372619931429       0.31497507630701188     
           3
  0.83018425790291073       0.75932410701615460     
  0.80746350178804771       0.75281071904198649     
  0.81116966847460148       0.74332295468797838     
           4
  0.19024989374083107       0.91750502861748007     
  0.17083702230711637       0.91961344639173082     
  0.16131131545531455       0.90152314665042987     
  0.17044940522865532       0.89638512606896825     
           8
  0.65086351517238894       0.81742438123586370     
  0.65359746090459470       0.82249644063004790     
  0.64369032123412651       0.82209286991132280     
  0.63381330679034209       0.82381354388354444     
  0.63547402092525274       0.81589038412446158     
  0.63290794823386154       0.79618929566559582     
  0.66088594718496774       0.80180839009337779     
  0.66000340531256763       0.81103322358709240     
           8
  0.65160031400395046       0.89433663963390964     
  0.64875822603842981       0.89940841058377041     
  0.64957993406828962       0.90764196839457600     
  0.63003002550546583       0.90693624057397593     
  0.63131341841160382       0.89126759364657737     
  0.63060621935913930       0.88536036571732990     
  0.64185154028930902       0.87707797501772600     
  0.64955951717876315       0.87961433123784216     
           7
  0.85073834017159022        8.0417614668438400E-002
  0.84635151114891638        8.8834107531771803E-002
  0.83363780470426940        9.1780822927132452E-002
  0.82865152930046304        7.7598889269751142E-002
  0.83723249135029065        6.7850265522092779E-002
  0.85152512385522250        6.8891930639562476E-002
  0.84612198665202643        7.5667994706239458E-002
           4
  0.55105766688492219       0.24469431215449408     
  0.53821248909655750       0.24383532949350065     
  0.54348393703434661       0.22959095753762082     
  0.56238280534997342       0.22289342221422526     
