   999.00000000000000     
   631.00000000000000     
         232
           8
   53.000000000000000     
   64.000000000000000     
   54.000000000000000     
   63.000000000000000     
   45.000000000000000     
   6.0000000000000000     
   100.00000000000000     
   63.000000000000000     
   5.0000000000000000     
   74.000000000000000     
   87.000000000000000     
   11.000000000000000     
   33.000000000000000     
   63.000000000000000     
   36.000000000000000     
   93.000000000000000     
   28.000000000000000     
   89.000000000000000     
   64.000000000000000     
   8.0000000000000000     
   69.000000000000000     
   40.000000000000000     
   65.000000000000000     
   29.000000000000000     
   30.000000000000000     
   19.000000000000000     
   78.000000000000000     
   78.000000000000000     
   55.000000000000000     
   6.0000000000000000     
   94.000000000000000     
   25.000000000000000     
   38.000000000000000     
   2.0000000000000000     
   69.000000000000000     
   42.000000000000000     
   43.000000000000000     
   94.000000000000000     
   74.000000000000000     
   54.000000000000000     
   93.000000000000000     
   76.000000000000000     
   92.000000000000000     
   49.000000000000000     
   85.000000000000000     
   4.0000000000000000     
   12.000000000000000     
   70.000000000000000     
   17.000000000000000     
   82.000000000000000     
   16.000000000000000     
   1.0000000000000000     
   51.000000000000000     
   94.000000000000000     
   74.000000000000000     
   56.000000000000000     
   66.000000000000000     
   79.000000000000000     
   88.000000000000000     
   65.000000000000000     
   87.000000000000000     
   62.000000000000000     
   5.0000000000000000     
   67.000000000000000     
   78.000000000000000     
   57.000000000000000     
   45.000000000000000     
   82.000000000000000     
   18.000000000000000     
   35.000000000000000     
   88.000000000000000     
   8.0000000000000000     
   13.000000000000000     
   37.000000000000000     
   45.000000000000000     
   75.000000000000000     
   70.000000000000000     
   13.000000000000000     
   69.000000000000000     
   59.000000000000000     
   88.000000000000000     
   88.000000000000000     
   23.000000000000000     
   4.0000000000000000     
   49.000000000000000     
   67.000000000000000     
   75.000000000000000     
   9.0000000000000000     
   94.000000000000000     
   45.000000000000000     
   59.000000000000000     
   100.00000000000000     
   84.000000000000000     
   34.000000000000000     
   18.000000000000000     
   24.000000000000000     
   66.000000000000000     
   71.000000000000000     
   47.000000000000000     
   99.000000000000000     
   75.000000000000000     
   11.000000000000000     
   28.000000000000000     
   8.0000000000000000     
   50.000000000000000     
   83.000000000000000     
   44.000000000000000     
   53.000000000000000     
   86.000000000000000     
   97.000000000000000     
   10.000000000000000     
   73.000000000000000     
   27.000000000000000     
   74.000000000000000     
   36.000000000000000     
   85.000000000000000     
   43.000000000000000     
   39.000000000000000     
   25.000000000000000     
   55.000000000000000     
   14.000000000000000     
   30.000000000000000     
   4.0000000000000000     
   23.000000000000000     
   16.000000000000000     
   23.000000000000000     
   100.00000000000000     
   20.000000000000000     
   12.000000000000000     
   29.000000000000000     
   5.0000000000000000     
   17.000000000000000     
   2.0000000000000000     
   93.000000000000000     
   27.000000000000000     
   7.0000000000000000     
   16.000000000000000     
   2.0000000000000000     
   75.000000000000000     
   8.0000000000000000     
   6.0000000000000000     
   43.000000000000000     
   18.000000000000000     
   34.000000000000000     
   29.000000000000000     
   37.000000000000000     
   13.000000000000000     
   26.000000000000000     
   25.000000000000000     
   36.000000000000000     
   14.000000000000000     
   45.000000000000000     
   23.000000000000000     
   50.000000000000000     
   55.000000000000000     
   24.000000000000000     
   9.0000000000000000     
   11.000000000000000     
   27.000000000000000     
   24.000000000000000     
   21.000000000000000     
   3.0000000000000000     
   40.000000000000000     
   76.000000000000000     
   45.000000000000000     
   99.000000000000000     
   29.000000000000000     
   5.0000000000000000     
   31.000000000000000     
   84.000000000000000     
   45.000000000000000     
   65.000000000000000     
   75.000000000000000     
   6.0000000000000000     
   38.000000000000000     
   42.000000000000000     
   11.000000000000000     
   10.000000000000000     
   12.000000000000000     
   94.000000000000000     
   86.000000000000000     
   45.000000000000000     
   35.000000000000000     
   15.000000000000000     
   35.000000000000000     
   14.000000000000000     
   50.000000000000000     
   20.000000000000000     
   96.000000000000000     
   31.000000000000000     
   6.0000000000000000     
   2.0000000000000000     
   23.000000000000000     
   85.000000000000000     
   8.0000000000000000     
   34.000000000000000     
   7.0000000000000000     
   32.000000000000000     
   33.000000000000000     
   57.000000000000000     
   39.000000000000000     
   2.0000000000000000     
   8.0000000000000000     
   40.000000000000000     
   74.000000000000000     
   94.000000000000000     
   30.000000000000000     
   54.000000000000000     
   2.0000000000000000     
   33.000000000000000     
   20.000000000000000     
   47.000000000000000     
   40.000000000000000     
   35.000000000000000     
   64.000000000000000     
   35.000000000000000     
   18.000000000000000     
   43.000000000000000     
   15.000000000000000     
   85.000000000000000     
   43.000000000000000     
   20.000000000000000     
   23.000000000000000     
   10.000000000000000     
   17.000000000000000     
   54.000000000000000     
   41.000000000000000     
   25.000000000000000     
   11.000000000000000     
   23.000000000000000     
   19.000000000000000     
   40.000000000000000     
           1
  0.50050050050050054       0.50050050050050054     
           8
  0.82386415294618665       0.99464799121195491     
  0.81786494045530933       0.99093920364681620     
  0.80652021915167005       0.99339797660893669     
  0.80784837571189339       0.98660318121733015     
  0.81811655760207147       0.96670247440909496     
  0.82378253249997002       0.96760420267489367     
  0.83091096747487059       0.96727416358738061     
  0.83031051867392958       0.97680068898636896     
           3
  0.34973520771987621       0.34989097258113006     
  0.34934934934934936       0.33833833833833832     
  0.36259021142896147       0.33684501975881032     
           5
   3.3852569059612959E-002  0.20569340972165295     
   1.8954217850825392E-002  0.21425965656641066     
   1.1469193335833910E-002  0.19458582431657159     
   1.8697863861872839E-002  0.19015755936667947     
   3.6179474504518944E-002  0.19111962150900780     
           6
  0.38897362716700190       0.35703964751905132     
  0.37646589529530577       0.35857996339510384     
  0.37156754370960460       0.34325849734119007     
  0.38909873401214340       0.33312733637805070     
  0.39835935158438973       0.32921103705501642     
  0.39513880251871514       0.33549101407781395     
           4
  0.92411630631788266        5.4267555625555158E-002
  0.90580761051889847        6.9094985004160850E-002
  0.90160613026063552        3.8609823056489988E-002
  0.91615551381366644        4.4320874111129518E-002
           8
  0.53217099589424866       0.13545887443104943     
  0.51925583930912744       0.13826040792177002     
  0.51455138438215320       0.12933893842632027     
  0.50964867082872534       0.13452572155825662     
  0.51224372964821518       0.12345334305739557     
  0.50970300262170221       0.10948175842865782     
  0.51485557125754788       0.11298979113622010     
  0.53916036833110292       0.11212749737181929     
           6
  0.25334761463711397       0.34078975731701844     
  0.24865714419361304       0.34799253976287109     
  0.23630018263129698       0.35039374462163453     
  0.22619591728717700       0.34191789821059454     
  0.23126701295383567       0.32086078881587932     
  0.24038301509269014       0.32570876047456004     
           7
  0.16556649240533935        8.7421456705772269E-002
  0.14813949010240560        9.7336632673406226E-002
  0.13710703676587865        9.4172045817739053E-002
  0.13971504472970767        8.1822974429410111E-002
  0.14542135913147264        7.2698578536467787E-002
  0.15743231872871835        7.1872474429309760E-002
  0.16103518129241062        8.0113006028986078E-002
           3
   8.4084084084084090E-002  0.86086086086086089     
   7.7012713944713693E-002  0.85080791662657163     
   8.7447712116914628E-002  0.85126651895653693     
           8
  0.66031991723030314       0.65704208294415289     
  0.65376457318632497       0.65714107907369512     
  0.64834275442561917       0.66297183502109613     
  0.64297237900806159       0.65775901207961929     
  0.63177078325137848       0.65768627299224791     
  0.63575325483455558       0.63499314251265282     
  0.64547176898192571       0.63371763822276284     
  0.65871126157351234       0.64048060078420044     
           3
  0.49323090335513420       0.52950994875139834     
  0.50680706264640574       0.50289312625308780     
  0.52214540124042719       0.50870072252544341     
           3
  0.15394111804969721       0.95566942257393561     
  0.14447071716263130       0.93636493844030222     
  0.16751239076452165       0.94074375049909220     
           4
  0.43723958678765962       0.61396010016799829     
  0.41883087623804277       0.60532346925194769     
  0.42230043085320412       0.59346020809634203     
  0.43749948399707395       0.60379326289932611     
           5
  0.60294982421546139       0.77147756856684513     
  0.58410601913360560       0.76815471430571935     
  0.58108124589012278       0.74987122772949011     
  0.58625006019768366       0.74496074264484780     
  0.60996345664551233       0.74933125383080734     
           3
  0.77677677677677681       0.39939939939939939     
  0.76463406175830517       0.40621505103771061     
  0.78698575244932545       0.38516477496865775     
           4
  0.95587144303829030       0.77031766272549373     
  0.94294294294294290       0.76776776776776778     
  0.94458140291726866       0.75360466424986228     
  0.95463356005561761       0.76194974344727628     
           3
  0.86785336006634684        1.3159454221853903E-002
  0.85651367383557697        6.4228561320378592E-003
  0.88058292746249989       -1.2784832872424653E-002
           7
  0.72626271671959208       0.95624338962155364     
  0.72701873936952577       0.96576428296205519     
  0.72152367033958942       0.96013569394986131     
  0.70426187169733567       0.96330685214721135     
  0.70339994354548574       0.95640916271511678     
  0.71530558109763231       0.93673914098512490     
  0.72576523168561446       0.94497825201708385     
           7
   8.4241696353214671E-002  0.40802283062602440     
   8.6675907669211710E-002  0.41436184322653319     
   7.3648659876831751E-002  0.40964327170276366     
   5.9185084144863093E-002  0.40753337744708656     
   5.8235105187154086E-002  0.39060996599219378     
   7.1583771774727717E-002  0.38713674397995068     
   7.9733986385277927E-002  0.39082618049673296     
           8
  0.77705104746904863       0.31460016124062762     
  0.77456219992566167       0.32818848258840466     
  0.76778167907850137       0.32780785866133222     
  0.75528112708237094       0.32492722214432779     
  0.75511086481540790       0.30919780462754348     
  0.75966538092267855       0.29995995187577773     
  0.77144607943632038       0.30702256743154938     
  0.78002950855644204       0.30507396657638958     
           6
  0.67526168240244855       0.80394677967784278     
  0.67421083064196352       0.81168458606881722     
  0.66649252513554147       0.81169044315100902     
  0.65561484519156377       0.81412000358876413     
  0.66789410815977968       0.78804301820116962     
  0.67524769184630595       0.78772046438477727     
           3
  0.30218493536898539       0.86274144214155468     
  0.28740533488662667       0.86566121166722054     
  0.28728728728728731       0.85185185185185186     
           6
   1.6616855096516871E-002  0.21389499498994224     
  -3.4167250750111481E-004  0.21659781102401837     
  -1.1395339497995980E-002  0.20090142475027831     
  -7.9981148441402566E-003  0.19304643393009108     
   1.0203148635342940E-002  0.18645426556940303     
   1.5519741042818905E-002  0.19466116550360735     
           5
   9.2114075049795394E-002  0.73337286827763537     
   8.7933378844199786E-002  0.73947247694684926     
   6.4772864882117684E-002  0.73923366755462860     
   6.9220154004746251E-002  0.71040885853767222     
   8.9884297915353656E-002  0.72289831687388728     
           8
  0.90479932799808183       0.23877852282655945     
  0.91061062056002695       0.24271837072303679     
  0.90386589878243218       0.24982038411118684     
  0.88425490960109832       0.23702583555726278     
  0.89082663361452696       0.23076546367378747     
  0.88526092310202353       0.22625012689930499     
  0.90173984878005797       0.23138404700870399     
  0.90761938001352682       0.22509987771797477     
           8
   7.1820151289548745E-002  0.73925686910500599     
   7.3279614933886544E-002  0.75021061847845039     
   6.6324161704120574E-002  0.74942978419812456     
   4.3588893249424866E-002  0.73471103873507992     
   4.7066169853304890E-002  0.72753812094836690     
   4.8340354611878383E-002  0.72056438266397993     
   5.8648894151116779E-002  0.72221579822748971     
   6.8554004181648254E-002  0.72972927659094988     
           6
  0.26842729270038551       0.24773176219022996     
  0.25325325325325326       0.25125125125125125     
  0.23897358337862298       0.24399236977019229     
  0.24567212156013796       0.24251466347797881     
  0.25317796263186809       0.23677300175790070     
  0.26449886357735009       0.24051811257900527     
           5
   4.5727379204364052E-002   3.4384044803810493E-002
   3.0528845077116288E-002   3.2774102367341233E-002
   2.5879920953067216E-002   1.8960429943881710E-002
   2.5405015370249737E-002   1.1908764910697169E-002
   5.0238093250411786E-002   8.2503949755540103E-003
           5
  0.98321680808305856       0.60952945135118786     
  0.97631370168438247       0.61288996002067520     
  0.96002071344906192       0.60547861396362757     
  0.96259537139111906       0.59553477126915844     
  0.97204376967235073       0.58904754196765075     
           8
  0.73414438195861798        2.6249407297350896E-002
  0.71964380979272691        2.7806053236289239E-002
  0.71268973348609876        1.8893885875955189E-002
  0.71171805760936568        1.2589719460201803E-002
  0.73749572276159958       -2.2167390110149152E-003
  0.73974384505115609        3.8520318428930476E-003
  0.73524693740063918        1.1843529306392696E-002
  0.74210736470132899        1.0460866680692092E-002
           4
   8.8534113747738230E-002  0.27709583190230513     
   7.2502549408351907E-002  0.25390338866092149     
   9.1753456755090626E-002  0.25054563265812640     
   9.5683737750986347E-002  0.25761042917591725     
           4
  -6.4703662219748595E-004  0.64239057368542452     
  -1.2461599324835607E-002  0.62909157828466478     
   9.8961885736593268E-003  0.61669722747264732     
   1.5419346494837553E-002  0.62531660774119491     
           6
  0.14666818484355726       0.65843018262453701     
  0.14756369768142852       0.66686664540188567     
  0.12165242573834886       0.65654666833237574     
  0.11897026845898794       0.64232612357538699     
  0.12877254520484926       0.64155100058950321     
  0.13592522124136375       0.64208784071417058     
           5
  0.44972247664053311       0.74779748110538180     
  0.43401441938098084       0.75151104427876725     
  0.42829671403520059       0.75682752564522904     
  0.43255786949654168       0.72698229700840100     
  0.44338184303053407       0.72883423138177605     
           5
  0.83945374447000431       0.72444737051327635     
  0.82049666990830583       0.72507446417714205     
  0.82151959612798242       0.71709129726536947     
  0.82105183394102699       0.70500556545983162     
  0.83713969974438329       0.70498502569739530     
           6
   4.7031188715235615E-002  0.86478087413067439     
   4.8001269212928931E-002  0.87554478528159640     
   3.2316970725639063E-002  0.87201939053601074     
   2.2227960873206169E-002  0.86975635085827196     
   2.8118309394607924E-002  0.85763865831787978     
   2.7185485698350595E-002  0.84758420377371502     
           4
  0.95525401127055731       0.22411824746444353     
  0.93614236825797414       0.22259564838971208     
  0.93807331107253311       0.21428662654690300     
  0.94309081176341492       0.19938388670598253     
           3
  0.30131542251353766       0.11532188097173944     
  0.27528155620847489       0.10859495897404911     
  0.27995153410199425       0.10097997180857235     
           5
  0.43585361708710668       0.35910315704190443     
  0.43106812457365995       0.36420730298512932     
  0.40782350109911442       0.35763752915772634     
  0.42879443072541773       0.33490998863335375     
  0.43573023406451239       0.34944119322144074     
           6
  0.41752640789260137       0.41915659456032578     
  0.42181963466380273       0.42796138664347388     
  0.40639211935900876       0.42447826472410888     
  0.39236566848415078       0.41990498367572049     
  0.39885287927639562       0.40052851489285052     
  0.42088840754073115       0.41346725737575823     
           3
  0.81724026120092130       0.58496529150923859     
  0.79430154792918395       0.59101033423092275     
  0.80726768869375809       0.56944805762808604     
           8
  0.85483947961469353       0.97039719882047770     
  0.83590108668058605       0.97227360484214431     
  0.83353574764706140       0.96635967426752367     
  0.83737593356110607       0.96031388242311078     
  0.83399779286010001       0.94490678596619049     
  0.84345795754232089       0.94853777655124993     
  0.85643472498291540       0.94921164253973023     
  0.86201315775202025       0.94863698421938514     
           3
  0.84984984984984990       0.68368368368368371     
  0.85117212737370140       0.67189977863239092     
  0.86081997467018367       0.67131116121145606     
           5
   8.4563552734813668E-002  0.89907571409657461     
   7.7736400632455668E-002  0.89679559047120017     
   6.4441608028500130E-002  0.89880372771724826     
   6.6056962902533781E-002  0.87159255279539427     
   9.0253094089219610E-002  0.88950623354799829     
           7
  0.44196546347307836       0.10293200771515583     
  0.43297444056593504       0.10330020624740686     
  0.42738309101093480       0.10569540581881123     
  0.41987884023584254       0.10689190287622605     
  0.41916874528524112        8.7445845803861999E-002
  0.42892415582040028        8.0822325955777458E-002
  0.44593346135155876        8.7165564449621424E-002
           3
  0.61960389147951989       0.25956135173607103     
  0.59804383415331330       0.26317620100612449     
  0.61061061061061062       0.25325325325325326     
           4
  0.69385848324958688       0.49564922488446511     
  0.68732953498715565       0.50155619788398975     
  0.67828598356397907       0.49472947462566891     
  0.69519897290588439       0.47722381341681946     
           4
  0.22922922922922923       0.24824824824824826     
  0.21734300157999190       0.25013443922509732     
  0.21933481102038144       0.23279254925512718     
  0.22718196018968434       0.24040579652077412     
           6
  0.39027400583617883       0.60213143206395670     
  0.38249822461252353       0.60561459755508751     
  0.37195754744751242       0.61158613767866865     
  0.36753605698974862       0.60490990323165539     
  0.36955428752175490       0.59380137647546671     
  0.37350055383641484       0.58807190315591962     
           4
  0.55941544564927326       0.61779769057282641     
  0.52937453504721543       0.62732294125009835     
  0.53872348585540974       0.60690588619729069     
  0.55534912040669204       0.60718669872805453     
           7
  0.60067106779245782       0.31251972950006518     
  0.59598605459612142       0.31762262426954996     
  0.58738210990230100       0.31877206079084713     
  0.58146283205844873       0.31377383475210413     
  0.57609161913679652       0.29448508049193284     
  0.58585471879253403       0.29199948918077606     
  0.59421392121279737       0.30553965482949985     
           6
  0.74029731940047094       0.39951128369739553     
  0.73182335639065788       0.39613326538179039     
  0.72091177373919435       0.39167906572176742     
  0.72236387825500348       0.37276778268307037     
  0.73362506662937554       0.37366867906599821     
  0.74678624128741433       0.37761990325635830     
           6
  0.53946632745626999       0.96620296887513690     
  0.52952244577730312       0.96379328064308545     
  0.51886040950695678       0.96284555406315087     
  0.52337559934323175       0.94938995007133720     
  0.54401282200436929       0.94723989215707183     
  0.54663699242832586       0.95634704608191357     
           5
  0.56356356356356352       0.80780780780780781     
  0.54972718865467485       0.80796671452470858     
  0.55256395849550832       0.79380503841255967     
  0.55898554894149799       0.79738549935090475     
  0.57607994659251494       0.79530110451002045     
           4
  0.77903624186046461       0.95481220155625390     
  0.76578597169358054       0.95455021250888683     
  0.77275364480855602       0.94179769570932137     
  0.79454926888180410       0.92564657140572093     
           8
  0.67952815689516388       0.56251375948197613     
  0.68038861604357015       0.57599518829336416     
  0.67222532161707171       0.57138624692934903     
  0.65047302653391936       0.56520898162133493     
  0.65733663667054953       0.55477368213115064     
  0.66512929733705883       0.55352379037954147     
  0.66557176576446109       0.54704994870695456     
  0.67924476346541418       0.55305898465048509     
           7
  0.60208888159475282       0.55191570722610039     
  0.59567297690013110       0.55007582876130279     
  0.58968880865360296       0.54902941392304938     
  0.58154873510941318       0.52814119818749317     
  0.59536274675770984       0.52740234764811977     
  0.60461411888764938       0.52446430075696804     
  0.60306484461577259       0.53645406689878827     
           6
   4.6025276584307523E-002  0.22921275445393796     
   3.4834978366123079E-002  0.23137806337456154     
   2.3990619391219121E-002  0.23091410642117291     
   2.1035381734616679E-002  0.22420385905573689     
   2.6893819209287344E-002  0.20740296846459796     
   4.5512710127264731E-002  0.21466038144380303     
           4
  0.58411890303856406       0.98444690542051227     
  0.56501841949499032       0.98284182044954083     
  0.56758734792459775       0.97042190278260787     
  0.57380527115113700       0.95975495436361502     
           3
  0.81181181181181183       0.92792792792792789     
  0.80886147645132611       0.94106402475485185     
  0.80083258566055349       0.91242753031751389     
           8
  0.60398029577493295       0.74539697508617131     
  0.59850308027603327       0.75837315990002574     
  0.59014273849486998       0.75695703586203300     
  0.57770658482589188       0.74185427482061805     
  0.59240756014424045       0.73095914454462751     
  0.59894076872636193       0.73410880406575019     
  0.60262846540156545       0.72958535604008246     
  0.60646385189725749       0.73669558071098840     
           7
  0.27527000017432307       0.39555038789821800     
  0.26793697097317931       0.39732609471972230     
  0.26692971490510270       0.38721797726452417     
  0.26616949183209399       0.36964713381536962     
  0.27696203196318769       0.37484363002883181     
  0.28594171696387294       0.37155891919341250     
  0.28914257990673942       0.37842035895514697     
           7
  0.88229426943326028       0.22981656972069112     
  0.86937943851505040       0.23809158698953659     
  0.86067894290947644       0.24272042300046234     
  0.85136496748680834       0.22550317746444407     
  0.85908845991195615       0.21885402263687165     
  0.87490829251259061       0.21735180164885998     
  0.88087778088948610       0.22185988962225289     
           3
  0.15863569702528310        4.1058264453217426E-002
  0.15315315315315314        2.7027027027027029E-002
  0.15612411014623839        1.6472654222700098E-002
           7
  0.41348877276127377       0.48270339520000294     
  0.40626043547477925       0.49273241717242483     
  0.39537335846107974       0.49359182807909513     
  0.38635186255022980       0.48217273741668160     
  0.38944563609737243       0.47175967786156525     
  0.40311456110518290       0.47186552067081711     
  0.41695294305955249       0.47416576096687935     
           7
   8.2150413867588257E-002  0.49909319097667704     
   7.1828946722326800E-002  0.49908046277847118     
   6.3512914732872627E-002  0.49182028184168008     
   5.8133122833439584E-002  0.48471104930221159     
   5.9078033835576180E-002  0.47900389196444398     
   6.7320965333744681E-002  0.47732204586222399     
   8.4635285793163886E-002  0.48123322158539539     
           8
  0.62609232662090841       0.33183359008213881     
  0.61921501852302829       0.33096021663806841     
  0.61928810899513786       0.33973385138448237     
  0.61105241616238082       0.33798282603145735     
  0.60092559334229945       0.32566284421414537     
  0.60038540695844456       0.31600156511990363     
  0.61640790432209824       0.31189846824866363     
  0.62343625442669626       0.31819914783094627     
           8
  0.38730828382469651       0.30835206235719281     
  0.38006834490023361       0.31103203653380934     
  0.37027295830390833       0.30251678174695562     
  0.36735319961293283       0.29790918480200690     
  0.36626028754052475       0.28675149434192371     
  0.38063807436845115       0.28557817015341114     
  0.38977067666562604       0.28796548039546827     
  0.39666503322170571       0.29391276849168024     
           7
  0.21884102114119097       0.68704022327510506     
  0.21175365762339632       0.68964607630055974     
  0.19745371050267521       0.68559358871974629     
  0.20019978939737246       0.67957991346080193     
  0.19426941667033340       0.67574966723932839     
  0.20081344173943627       0.67305234191762986     
  0.20567504687548371       0.66496855351256068     
           4
  0.14716506975040322       0.85900690041331274     
  0.12454742821425979       0.85102711890541571     
  0.12831281349351281       0.83873826837206744     
  0.15285420277969511       0.84257469967268506     
           8
  0.36788234592419222       0.13233098828409309     
  0.36210328429447536       0.13845065398950906     
  0.34646920113137541       0.13451564598128321     
  0.34133654359835447       0.12164743562920818     
  0.34544445257210760       0.11187075138327561     
  0.36985917847297872       0.11345872319372273     
  0.36224382582601594       0.12376287510565842     
  0.36969796991507758       0.12480187285561443     
           7
  0.38460829433754112       0.58543544661306457     
  0.37169662004231080       0.58421726578679434     
  0.37282182400664354       0.57518573920983684     
  0.38699987858827906       0.56335353904377206     
  0.39362383741607893       0.55935184511787550     
  0.40119355213342733       0.56384301658620051     
  0.39819259278223823       0.57052025471291656     
           6
   4.5405256444874281E-002  0.77228609904250334     
   5.0645536370486889E-002  0.78011360681122166     
   3.0735489724160871E-002  0.77605836541325823     
   2.3848868671037339E-002  0.77502855447595353     
   2.3177539820461251E-002  0.75038545514503019     
   3.6135831594522175E-002  0.75327159626728146     
           7
  0.67387562520885791       0.42349521694227066     
  0.66655982038400552       0.43330149378593619     
  0.66048836045896053       0.43498801016398914     
  0.65034342197823536       0.43093092247070092     
  0.64643546168245203       0.42373076966537832     
  0.65375837919031410       0.40837423514080229     
  0.66604296810788688       0.40926392008024470     
           4
  0.73133153848809052       0.27883351825279856     
  0.71080030767144931       0.27981153200111109     
  0.70442760138269078       0.25344853472743351     
  0.71538711133094335       0.25031152485301106     
           8
  0.77525974263714337       0.56475016709677905     
  0.76971144227800903       0.57138775568844291     
  0.75521247800056512       0.56869490250171983     
  0.74886549974730510       0.56819035451654409     
  0.75112707082935737       0.55010673879491689     
  0.76132581455749249       0.55154349227279720     
  0.77211060637040474       0.55160712583682092     
  0.77727806912314867       0.55525433920094303     
           6
  0.24469037086276682       0.21132690980350238     
  0.23163929085814619       0.21261299048421645     
  0.21656511065243189       0.20570963008195114     
  0.23254782051348347       0.18963686236145283     
  0.24342802853733131       0.19842346004313577     
  0.23914493252205915       0.20351988158022452     
           5
  0.78501821377385739       0.30837900174537591     
  0.78040420719206793       0.31850541746361472     
  0.75696241067171099       0.31301596986135338     
  0.76196317817349679       0.29833804319159890     
  0.77981136830487574       0.29956536195791150     
           6
  0.91753982687479885       0.65640722073309077     
  0.90784902441416604       0.65433384017053908     
  0.89558648465955826       0.64874507410669524     
  0.89595597313160580       0.63535505278728699     
  0.90299314220820259       0.63350979347154268     
  0.91788146241593915       0.64399219350173520     
           5
  0.31651117950352953       0.38060537768410047     
  0.29215945785174646       0.37463829157942646     
  0.29968166224769699       0.36245549772396396     
  0.31544188838146153       0.35989235625687843     
  0.31730503689243184       0.36927584348544634     
           5
  0.95947967889915453       0.97659999330173008     
  0.96003539869033094       0.96587172694253709     
  0.96033449784849345       0.95783315689952064     
  0.97147270586047330       0.95583959947697172     
  0.97955795990498939       0.96230161163358519     
           8
   6.4279271231349078E-002  0.26220449870068335     
   4.7376670129460945E-002  0.26666562833937990     
   3.7041070921757381E-002  0.24804828847141319     
   4.3685802836469424E-002  0.24917378345786084     
   3.9385275246014206E-002  0.24275724320088121     
   4.6100588120479624E-002  0.24175227901933591     
   5.3069310962592119E-002  0.24664252621290997     
   6.1987857479918737E-002  0.24782157403051874     
           7
  0.19792143824980540       0.93234066733099452     
  0.20292700171857075       0.93572199717361426     
  0.18102668658987600       0.94363424694441245     
  0.18051246296401996       0.93250311794635055     
  0.18297737868591563       0.92324531612665528     
  0.19657742500364120       0.92281838416475348     
  0.20412666503950957       0.92719766681900184     
           7
  0.52980484142837936        2.0388502654103753E-002
  0.51357908978678291        1.7184498087896301E-002
  0.50258796403711348        2.0600497905924477E-002
  0.50254590869109006        1.7884629324476289E-003
  0.50356517030973413       -5.2390930213801548E-003
  0.52626603227296476       -5.8712049963832603E-003
  0.53195459330632844       -6.4366104548817769E-004
           8
  0.76310232050686200        4.4040323625035821E-002
  0.75814548147102068        4.6465251271491717E-002
  0.74636868283429658        4.2401306558937236E-002
  0.74568357885442671        3.6425851238419127E-002
  0.74550087183873959        3.0450503711420555E-002
  0.74168584755636324        2.1561915418940491E-002
  0.76505867358302182        2.4975644917878924E-002
  0.77226530349443345        2.5390133004822100E-002
           5
   3.5448155023845920E-002  0.15419003742192788     
   3.7241320361631809E-002  0.14447770242666011     
   3.2643114442861096E-002  0.13870633919399730     
   3.7850535664961958E-002  0.12592338139966289     
   5.9652682658729438E-002  0.12558314149480176     
           4
  0.43519679513311565        7.6079988109248375E-002
  0.41700779269319016        6.9830486522137650E-002
  0.41451945841413657        6.0771961265536897E-002
  0.44248803802058945        6.0013873077987598E-002
           3
   8.6586512812650590E-002  0.86882682974210901     
   8.8422087036485991E-002  0.85259519668395556     
  0.10010010010010011       0.85385385385385382     
           7
  0.93478478376017149       0.91625434503860137     
  0.92064775203972538       0.92954560757226379     
  0.91121333480515654       0.92082604608622032     
  0.91118121571489397       0.91264626040169050     
  0.91374299927780100       0.90523568912694752     
  0.92278093715175347       0.91153533134587295     
  0.92841114596472885       0.90550879517832783     
           6
  0.75889760349796864       0.49141460846902296     
  0.74887375714357385       0.48978967134526291     
  0.73838474541830190       0.48845040998461597     
  0.73630218532447678       0.48166351997051371     
  0.75110150728801506       0.46619660180919054     
  0.75984608249181484       0.48312812728219212     
           4
  0.56734594503635294       0.74029903985498047     
  0.56006467814640093       0.73639206369568155     
  0.55555555555555558       0.72672672672672678     
  0.56888780270050343       0.72875146868113116     
           6
  0.47495235017410348       0.20267684681880696     
  0.46771589333565283       0.20133368009108332     
  0.45357010112723578       0.19248054232316783     
  0.45226332803727748       0.18338795938223251     
  0.46000378067032377       0.18032949639700702     
  0.47348290536246557       0.18033601991459933     
           3
  0.11729932668427265       0.14435827856057490     
  0.11491671424165725       0.12958968370627180     
  0.13013013013013014       0.13113113113113112     
           7
  0.11364988699287153       0.94919020814931487     
  0.11668705646197548       0.95690409694661049     
  0.10641033093782529       0.95830506861179121     
   9.1476707321541159E-002  0.93696700727704940     
  0.10329408868928154       0.93509274653864993     
  0.10799964901680890       0.93131940287346093     
  0.11853151995223267       0.93370796335724182     
           8
   9.5388149921523654E-002  0.89394892490881739     
   6.9846360523449849E-002  0.90141259098692128     
   6.8590002966450278E-002  0.89527530356041785     
   6.9875200954837999E-002  0.88576123722534261     
   7.3298669267692018E-002  0.88115749960003620     
   7.9582316279741883E-002  0.88054540528354319     
   9.1829515190349972E-002  0.87848684829589985     
   9.4524237375734274E-002  0.88497280679307233     
           8
  0.22491918735045652       0.69519384447388055     
  0.22991768051383196       0.70483767265359931     
  0.21838264268851387       0.69852125191171865     
  0.21279129033746449       0.70086945828518898     
  0.20123587248858008       0.69603206428429198     
  0.21308417999474116       0.68228764762435723     
  0.21968397293387334       0.67868250619323744     
  0.22308783878695218       0.68862630994689711     
           6
  0.87905614099701312       0.70418092866144943     
  0.88503312033906678       0.70949654702443099     
  0.88006899940099170       0.71462766485182816     
  0.85695958502820346       0.69756780554346876     
  0.86705937733445704       0.69341186504728236     
  0.88127150109044150       0.69126123354974833     
           3
  0.51251251251251251       0.83183183183183185     
  0.50108832936273873       0.84352642170801784     
  0.49908647727109356       0.81717459304876050     
           5
  0.61125187299311667       0.29856907692907014     
  0.59202809555101510       0.28879993632178413     
  0.59966373799070838       0.27550024801053358     
  0.60579875962713914       0.27880388617636226     
  0.61506491732319402       0.27418060693447510     
           6
  0.66767736706733249       0.92176629078411532     
  0.66102003660663078       0.92780999514483942     
  0.65887784837655494       0.91959798736767417     
  0.65860502391062370       0.90013610589499915     
  0.67124897596166000       0.90509888547218653     
  0.68368960722664707       0.90163676186731712     
           6
  0.96781156658806888       0.70867313489287920     
  0.95964298467245202       0.70901720468605289     
  0.94411649751422999       0.69959799578896742     
  0.94386463907716445       0.68850607864232771     
  0.96294226012785344       0.68114060877614457     
  0.96758377741578538       0.69556070760410516     
           8
  0.33501101650994874       0.59277179043862982     
  0.32645961004551977       0.60127940116207190     
  0.32148195442381433       0.59784605300957372     
  0.30902154795564102       0.58167913922715098     
  0.30810010675700050       0.57529064059070745     
  0.32485985834897146       0.57800037751629740     
  0.33620478922523162       0.57906389159308036     
  0.33123331958556107       0.58577850273202481     
           3
  0.26986281430514630       0.92305534147661306     
  0.26705951660935623       0.90559103446077627     
  0.28228228228228230       0.90790790790790787     
           4
  0.35256742592091428       0.81351265851544885     
  0.33742350342456173       0.82283526909901017     
  0.33933933933933935       0.81081081081081086     
  0.35324984224223444       0.80558991684693670     
           4
   2.7559768880266084E-002  0.67289670993790207     
   1.6536721249175115E-002  0.67144741306318889     
   3.2608221587585945E-002  0.64655874601257579     
   3.8140662624920593E-002  0.65483305824015481     
           5
  0.34317708543027114       0.31179097177592713     
  0.32723848595311145       0.28739495515732055     
  0.33740151057577400       0.28269302782964539     
  0.34587157702897775       0.28312817972458010     
  0.35307620709536591       0.28120455275803907     
           7
  0.38169340158935355       0.51618400033643042     
  0.37068033784879806       0.52616755040921848     
  0.35753030958241394       0.52191404921978091     
  0.35178455539297071       0.52491281898779929     
  0.35390873062983225       0.51183997211923771     
  0.35243420991135715       0.49800821977213755     
  0.38293904146767088       0.49855566343260593     
           7
  0.46344268792636167       0.23131383636838476     
  0.43642127903944883       0.23307055736088905     
  0.43636126126209979       0.22509674166071969     
  0.43444781242413311       0.21469422552634787     
  0.44436888164784466       0.20897434135927351     
  0.46052770998428572       0.21323644540941158     
  0.45830086624033761       0.22079010777563013     
           7
   8.4141584308809483E-002  0.19497761493417895     
   6.3552443702868361E-002  0.19213748786840279     
   5.7361071424040649E-002  0.17994701063008767     
   6.0495899229674389E-002  0.17152070789437043     
   7.7324025086989726E-002  0.16628535297631783     
   7.7644428435773793E-002  0.17230023189072963     
   8.6178049318985359E-002  0.17760316020992592     
           6
  0.33241316155528705       0.18612030919035574     
  0.33836389515586840       0.18814967421624507     
  0.33434884894485983       0.19500679909164281     
  0.32556623819624969       0.19555075737491606     
  0.31164891340591167       0.17993604372574715     
  0.30813884284453286       0.16758668218906866     
           6
  0.69843200123266769       0.12927982671586796     
  0.69475761235335676       0.13855443851407134     
  0.68619238641604219       0.13371113024303993     
  0.66950913357814590       0.13451146253905519     
  0.68125473520918867       0.11461981686688751     
  0.69271526260631555       0.11957068125540819     
           7
  0.42566030961581663       0.38264313570235420     
  0.41441693744813768       0.39971970290430259     
  0.40193271988371987       0.38991233787326152     
  0.40534078270850055       0.37657480425048151     
  0.41423520814675946       0.37890351951100859     
  0.41404500442818826       0.37202420763616084     
  0.42905564920829126       0.37437919850637280     
           8
  0.89338706613744712       0.36550028535514378     
  0.89819168852011300       0.36917904881352803     
  0.89160126180678545       0.37383594606102211     
  0.88791663787308728       0.36745640005355151     
  0.87149029599130767       0.37044649641887950     
  0.86853016821950846       0.34409464345438245     
  0.87783762260025266       0.34553257814652327     
  0.89162563766126846       0.34569500876721543     
           6
  0.49395927757868802       0.11562055182805420     
  0.50045568201351676       0.12566851292671774     
  0.49464114224825001       0.12969947931728312     
  0.47451792149500921       0.10798097223078798     
  0.47402810398504303       0.10049078966045304     
  0.49365154950705464       0.10372609419102644     
           3
  0.14499727513805108       0.54374131730814690     
  0.12051614283704704       0.55189906769345543     
  0.13974719328353863       0.52753919180123165     
           4
  0.37432349912675084       0.43781027397215461     
  0.35448699840272668       0.41891013844644437     
  0.36436356645099044       0.41581772468207578     
  0.37950241103084553       0.41497041229460679     
           8
  0.59450421990822389       0.30495710786358354     
  0.59777938621145466       0.30970391501292388     
  0.57532036144128507       0.30936729743341485     
  0.57127019791613087       0.28892676807721951     
  0.58514225531161679       0.29429110260147973     
  0.58231363454144580       0.28904780805432084     
  0.59054539063894984       0.28718068452261214     
  0.59945504461323462       0.29526916271760723     
           3
   1.0069397162216214       0.10523793874574269     
  0.99199199199199195        9.7097097097097101E-002
   1.0031332522475727        8.3856051233854173E-002
           3
  0.21143779930333542       0.82640458149512730     
  0.18974695335625164       0.82098469762955351     
  0.19682421153012622       0.80490473062133583     
           7
  0.64487094610006401       0.85722197277579559     
  0.63597135753862255       0.86193648695556735     
  0.61976213640168476       0.85510115188045110     
  0.62078858967716399       0.84385065133111148     
  0.62351593877067357       0.83577801007496022     
  0.64046175841871655       0.83840553976264554     
  0.64904213103480579       0.84763283614737661     
           7
  0.15062182179738465       0.64527749078951468     
  0.15103177000341164       0.65515533307892393     
  0.13723977486838118       0.65064635900551981     
  0.13101575466737134       0.65266129826730501     
  0.12651773200488239       0.64191278951715214     
  0.13049699370908141       0.62781778356577200     
  0.15715385379620200       0.62865231471747796     
           6
  0.46967912738142442       0.78207757154285396     
  0.46070546029400772       0.79268550991264675     
  0.44736716949529493       0.78290493377018677     
  0.44406382800193045       0.77371690989075625     
  0.44231622144518040       0.76730367134549371     
  0.45855640549149768       0.76288686000315575     
           7
  0.44930547030425366       0.77862075183730839     
  0.43390265034624542       0.78363968001321660     
  0.42115681823029244       0.78640906348238093     
  0.42210531582077804       0.77843513601305969     
  0.43164424019774855       0.76102926523015024     
  0.43798186067160239       0.76062401601771090     
  0.45119160973705341       0.76786001892049582     
           6
  0.25769030152658556       0.58994416118421933     
  0.24765543142806681       0.59068283810641631     
  0.23675333443156946       0.58928764018077517     
  0.23579958814714738       0.57159332917222805     
  0.25661725900945953       0.56872800352907149     
  0.25831859404020929       0.57928771099773935     
           7
  0.12449754679587903       0.69873904908268514     
  0.12689267608742319       0.70496536208767990     
  0.11242725939009844       0.70318764334862738     
  0.10090542379525509       0.69984814840103149     
   9.9109122251473475E-002  0.68812354948243659     
  0.11824620010758953       0.67930364022465750     
  0.12537266603769542       0.67715314552965289     
           8
  0.67370607842802488       0.24961956921540870     
  0.67304221282968246       0.25659150940719305     
  0.65185574411946101       0.25318089600308441     
  0.65085410661019649       0.24368405573358023     
  0.65052050765699154       0.23480361511373798     
  0.66080862713964761       0.23726122251656051     
  0.67724813622847391       0.23665941319014491     
  0.68003781228641791       0.24409781472158407     
           6
   5.1929237526677864E-002  0.46360220180313727     
   3.5967794269774804E-002  0.46182342237119239     
   2.5837735357754674E-002  0.45766100385146324     
   2.5347137983081892E-002  0.43706363515734598     
   3.0200214411982111E-002  0.44200426701083612     
   4.0847068208299718E-002  0.43796639464101894     
           4
  0.43539305408012419       0.85202681901138666     
  0.42468112965246307       0.85698739936485890     
  0.42781352358469499       0.83892826662134745     
  0.44433650920123469       0.83401884703530693     
           3
  0.90267329390025774       0.13036051097419227     
  0.88579361795479317       0.11357210129110039     
  0.89997922549523901       0.10358935882506906     
           4
  0.99522701321977913        9.8523160843965257E-002
  0.97896061258662681       0.10014372084016959     
  0.97672637036558352        7.7171019435820137E-002
  0.98932532280172414        7.6383997615244600E-002
           5
  0.47106473966825813       0.86776429912611652     
  0.46498073116203914       0.87745977350817372     
  0.44737615691873284       0.87388497199173398     
  0.44703847341830205       0.85890210665887168     
  0.45740070701830876       0.85606447412037578     
           5
  0.44229881111410974       0.76244448783329544     
  0.41590408643005361       0.75778715983404310     
  0.41696986016598886       0.75065675278529465     
  0.41721288474791896       0.73837118769706511     
  0.43352256414422186       0.74485135407650005     
           3
  0.69329605050066112       0.47936217225480893     
  0.68170901319510802       0.47474233438146846     
  0.69669669669669665       0.46646646646646645     
           3
  0.62962962962962965       0.80780780780780781     
  0.61737214074037483       0.79328910883265791     
  0.63926180879062822       0.79407109323576031     
           8
  0.51992322043200945       0.30765360450015589     
  0.51273889482304702       0.30682816460029672     
  0.49307995527751874       0.30123713169786182     
  0.49350341542015130       0.28802385046508078     
  0.49815474089896811       0.27965053195771866     
  0.50524799218268135       0.28218051995654925     
  0.51380171712523404       0.28136629080116327     
  0.51711972195950318       0.28681484321391670     
           6
   1.9384746543908517E-002  0.52913348303333896     
   9.3405889458438186E-003  0.53014355636849331     
   1.1699898118356870E-003  0.52785751691476945     
  -1.5961448375411847E-003  0.50952692583746251     
   1.4566326182984809E-002  0.51246506078959941     
   2.3467715021442265E-002  0.50673452216076642     
           4
   5.8155814111748180E-002  0.52268331749989616     
   5.0056208573183242E-002  0.52520198691704578     
   3.9995645477156921E-002  0.50067109806235255     
   6.2819921437963777E-002  0.51022154642867668     
           4
  0.12059419119781807       0.58165950691683932     
   9.9254365978387479E-002  0.56519502425977475     
  0.11194035202644685       0.55733774590732021     
  0.11703168855497599       0.56373599940583641     
           5
  0.67767767767767773       0.87687687687687688     
  0.66295598916092546       0.88365137827357254     
  0.67170015580660714       0.86244298719830204     
  0.68047913962803430       0.86348782426388759     
  0.69039515004158414       0.86656435847878854     
           6
  0.18260729462871486       0.93227743994866574     
  0.18031902603937516       0.93948197427949631     
  0.15836981883130982       0.93877033273508759     
  0.15849184703702990       0.92566188935033311     
  0.16009334048287799       0.91566793296514781     
  0.17366758732022444       0.91945505786142534     
           7
  0.92975393649008398       0.11214146469228399     
  0.91167531052202977       0.11586579071802063     
  0.90474452035341957       0.12304438195057295     
  0.90578785665419081       0.11408736517560811     
  0.90457358556382395        9.6011876549444597E-002
  0.91331907396892387        9.7018296016317451E-002
  0.93178699905795981       0.10012872274477488     
           4
  0.44054661849525040       0.79099235074668317     
  0.42585233891364599       0.78932960745608172     
  0.41574882221168391       0.76216290953550059     
  0.43464646291885867       0.76337599109627319     
           4
  0.46836877500916058       0.79939486914332669     
  0.46331277260508769       0.79266492050981641     
  0.46316077104381764       0.77111038101183904     
  0.48505423216773658       0.77309599399957218     
           6
  0.13852066582556474       0.86016466970257000     
  0.12124019816706663       0.86229847444530094     
  0.11668625235188171       0.84984794602555280     
  0.11973908029325538       0.83927425595200722     
  0.12949298988884708       0.83869772505056284     
  0.13715792084136633       0.84855086795930301     
           3
  0.51836342233951060       0.18462189838590087     
  0.49138848536211982       0.18559999630694279     
  0.51073911854897591       0.16957730131212811     
           6
  0.45370409729544858       0.80493795410976088     
  0.44460545103457177       0.81033070131357876     
  0.42553494421054466       0.81217185766021083     
  0.42498336127601349       0.79860843288738126     
  0.44057548848389944       0.78540186725494354     
  0.44913730232380694       0.79544461491610274     
           4
  0.92993649436858739       0.18568033364329542     
  0.91838370458745533       0.19373959410045849     
  0.90508415888927374       0.17840903720245507     
  0.92579741768941781       0.17199387705785676     
           7
  0.47731098922260040       0.83364633112960096     
  0.47928189188997816       0.84020367022745601     
  0.45611697540289398       0.82851818363840923     
  0.46389195820889162       0.81161601257470428     
  0.47276434262476613       0.81878062769736804     
  0.47783458728765543       0.81469397820657563     
  0.48038044392844959       0.82105914928852330     
           4
  0.39039039039039036       0.72972972972972971     
  0.37547417383206427       0.71949258305947039     
  0.38637995644365108       0.72028535328039001     
  0.40192600165980547       0.71441075902506657     
           7
   9.6748546777827293E-002  0.65412777813769230     
   9.2606946999250206E-002  0.66058215032302858     
   7.6554599626589420E-002  0.66336862991429268     
   6.7613536540082883E-002  0.65903296696643721     
   7.1358555382820876E-002  0.64845150074528357     
   8.2211337834397574E-002  0.63412242885536441     
   8.6189934690536485E-002  0.64012660181411241     
           3
  0.46946946946946949       0.66266266266266272     
  0.45990860550616580       0.65533600263491698     
  0.47650970230880718       0.64976351709146318     
           7
  0.17619073174904015       0.76746801322840452     
  0.15973113737226516       0.77450247082178281     
  0.15188232889342385       0.77027448840104062     
  0.14857712030911913       0.76097954734503814     
  0.14685927261308668       0.75435099677834816     
  0.16417856383624507       0.74798595789709910     
  0.17605384303726265       0.74972889310037227     
           7
  0.66782489887383678       0.28370014042991054     
  0.66015383686999807       0.29589553902053389     
  0.64463330289359433       0.29271161617439995     
  0.64811063536020619       0.28647758332141166     
  0.64960756025251065       0.27030364188791112     
  0.65672666390853263       0.26950852768948214     
  0.67173936896909636       0.27521737200602442     
           5
  0.10093133350087950       0.69232892694589787     
   9.0232124747454123E-002  0.69208888238440602     
   8.0653340418170683E-002  0.69630742002783796     
   7.6293147279744594E-002  0.68783698322918763     
  0.10256925490890874       0.66911412581112317     
           5
  0.57349805081512339       0.55643951751311893     
  0.57409973130483716       0.56761398531657425     
  0.55023197487197517       0.56459746695673863     
  0.55451980438000392       0.54523701740929142     
  0.57164036327938317       0.54501880020542859     
           7
  0.40873683254493209       0.83374739308936097     
  0.41104082176038392       0.84057317977315837     
  0.39162053534870495       0.84304549465659884     
  0.38976075626626688       0.82774543225692987     
  0.38394008071678504       0.82247211411271293     
  0.40090942763295906       0.81396979594622820     
  0.41475180294257680       0.82083979738518931     
           8
  0.16315843511794531       0.61736057835214675     
  0.16930659920473770       0.62263641795017977     
  0.16292076667396507       0.62584691319496488     
  0.15533992622951276       0.62200532782919893     
  0.14480413906319636       0.61634323524553436     
  0.14479982267689573       0.60634429120381295     
  0.15304987202785234       0.59919907588561261     
  0.16847587315553372       0.60850670333014856     
           6
  0.22609211984317526       0.85124892698623189     
  0.21937490402426443       0.85154438413019617     
  0.20706606827822641       0.84969089650783447     
  0.21067267612061924       0.82705848645856284     
  0.21730245124033151       0.82699136993476152     
  0.22439799656586393       0.83680403853220353     
           7
  0.28581478504134206       0.69236673120434478     
  0.26915961917240389       0.69612554693313400     
  0.27055839531280934       0.68784938591999900     
  0.26876042349373408       0.67932575039816123     
  0.27491506250220221       0.66833247757400571     
  0.29137314769688993       0.66720647689585766     
  0.29392127107433585       0.68039541062784159     
           8
  0.48180264508000781       0.69887446696932753     
  0.47694443063411629       0.70139902431258605     
  0.46210898456029981       0.70392034589884922     
  0.46024395033262439       0.69411689826372125     
  0.46758733611435382       0.67876455980795625     
  0.48509101351177408       0.67532320636288512     
  0.48243426113491983       0.68153021470190112     
  0.48505082647996256       0.68791192834646930     
           3
  0.15015635329558807       0.60062588741074607     
  0.15478258418966481       0.57704052650934523     
  0.16487214131046629       0.58850150565772441     
           6
  0.28684260240545645       0.71365380755624241     
  0.28023325591978993       0.71305889366564335     
  0.25789307774267156       0.70868702908995962     
  0.26134435401664241       0.70235249010982737     
  0.28043443525257677       0.68549239186745292     
  0.28627775747490014       0.69610897738328703     
           3
  0.19414308172129674       0.66365231736675845     
  0.19119119119119118       0.65065065065065064     
  0.20274931008825406       0.63833801474534091     
           8
  0.65410143983264901       0.84157826061828866     
  0.64640720145028385       0.83952762839117789     
  0.63865394189277302       0.84625307369628944     
  0.63146963879783125       0.84580602694229534     
  0.64521684030814896       0.81675399636559398     
  0.65768366694203562       0.81573151426628565     
  0.65433473429462885       0.82212497080755487     
  0.65392966271868658       0.83166208983967038     
           4
  0.49578500835453282       0.82709552252153085     
  0.47478481912247417       0.82715607296080418     
  0.47187556914919576       0.81152881281293532     
  0.49366846436585760       0.81206035637588736     
           4
  0.37537734227739977       0.38796841835354706     
  0.37146557310736061       0.37929907644401822     
  0.37468019820410536       0.36727479438618466     
  0.39319287417616539       0.37195458594618525     
           3
   7.6088147726040098E-002  0.89292894889827057     
   6.0767583208658875E-002  0.90439073641066980     
   5.0210294453563946E-002  0.88135752404667833     
           7
  0.14585295533147083       0.56427324665541023     
  0.14755058920867059       0.57517422692153031     
  0.13347241183243788       0.57688548444623655     
  0.12818902582883468       0.56385956978678720     
  0.12279017984476449       0.54924113931471463     
  0.14758987924752948       0.54750974438195621     
  0.14725918975821020       0.55625538303100919     
           6
  0.44341293291056216       0.78642553760408962     
  0.42344716099026802       0.78399402431532461     
  0.42072807776072352       0.77462463995087305     
  0.42863033938866146       0.77031457180386176     
  0.43905961343663247       0.76838765896988215     
  0.44534184385659736       0.77524018173770759     
           5
  0.57615602954943479       0.53640995869055419     
  0.55097806941994454       0.52918921159983690     
  0.55167459029466082       0.50813545680876837     
  0.56435202091291581       0.51285347101586776     
  0.57641165219678359       0.51694711729925802     
           5
  0.37808218379099090       0.94365552873751535     
  0.37954588251776283       0.93196846781261122     
  0.38750003086651652       0.92406666923662417     
  0.39467879034258835       0.92516195441205351     
  0.40181690245813301       0.93110921684868952     
           4
  0.49709504400949961       0.23928702711663821     
  0.47009615952652939       0.24433204209610040     
  0.46794420178424839       0.22829024396928654     
  0.47672640432424651       0.22088552354387586     
           5
  0.72822518131126146       0.82715347445342580     
  0.71815139415518914       0.83055205045821978     
  0.71684460619665713       0.82120957139702044     
  0.72249472376785351       0.80578345183044486     
  0.74091424228523950       0.80842991550371901     
           7
  0.28192011363360603       0.71002235512146017     
  0.28307608718673311       0.71776282330752983     
  0.26357366243354768       0.71576036377420837     
  0.25689523104917195       0.71116692676481674     
  0.26610870849983942       0.69679861047571579     
  0.27419359247560143       0.69704087708076146     
  0.28744379980419360       0.69624674295580791     
           5
   1.0121752154030490        8.2647697297466530E-002
  0.99796338773701854        8.9774712651228869E-002
  0.99101101520002255        7.8224521244389861E-002
  0.99102697766982273        6.5046228867684297E-002
   1.0100994228840432        6.4510316244943411E-002
           5
  0.55563900314612025       0.29555112422178248     
  0.52958633179410985       0.28550058073873197     
  0.53403850452238322       0.27620797128189628     
  0.55083672624092761       0.26874624014261256     
  0.55739818224445226       0.27755110734045590     
           3
  0.88101235796763522       0.25604468763869576     
  0.86686686686686687       0.25225225225225223     
  0.87996017393342219       0.24139096948279568     
           7
  0.36785577483888315       0.68293505210149097     
  0.35297959613960345       0.68887530316821033     
  0.34629230570652453       0.69175423588645701     
  0.34740209977026887       0.67391475217153607     
  0.35064302304897021       0.66605809066829813     
  0.36190800168639603       0.66811537768168339     
  0.37323454306394949       0.67283938955982048     
           8
  0.45487850961308562       0.69773382273971329     
  0.44039116843911236       0.70275078804543534     
  0.43169766174768531       0.69974918309814949     
  0.43066593743900194       0.68495598909862654     
  0.42570127102377725       0.68091927247280970     
  0.43695668334313165       0.67856185294266258     
  0.44257761755916286       0.67302356721604151     
  0.44359019500389091       0.67874822128276224     
           7
  0.47671216199977057       0.31683087017948941     
  0.46001321116628496       0.30398123265665566     
  0.45614037466507373       0.29291437035299511     
  0.46239805995308048       0.29378950363330825     
  0.47232138167106846       0.29465401051429341     
  0.48141808378946332       0.28785934087208442     
  0.48095511280746622       0.29375283028868937     
           6
  0.65085459771960907       0.80694230109612286     
  0.64869690838240424       0.81966270811102671     
  0.62853780409561344       0.82031525777810965     
  0.62182141296557203       0.80319798049384439     
  0.62675555555307194       0.79459320865004879     
  0.63810212460831151       0.79191631657878958     
           5
  0.44586758492353584       0.70576956047434558     
  0.44716141682041977       0.68499919295298095     
  0.45336273141311467       0.67665045781937416     
  0.46942330195174009       0.68697760757044835     
  0.47619270414929582       0.68812676913235049     
           8
  0.92104447250848320       0.11700153029948127     
  0.92388796909016824       0.12207634691047529     
  0.91928303940134815       0.12839170148386736     
  0.90459232044269888       0.12402578768714724     
  0.90114570901265301       0.11494251774514357     
  0.89923774373675069       0.10288238845871062     
  0.90973593684276610       0.10216671469105808     
  0.92544843529143750       0.11054965652968113     
           8
  0.41636722055767766       0.83536407164577009     
  0.42061180109795437       0.83967694724456154     
  0.41698740959662789       0.84487892390365849     
  0.39145434398838003       0.84259692430406252     
  0.39823980541068638       0.83219395394276996     
  0.39264769128187327       0.82173896144159397     
  0.39190118058724299       0.81571909960354172     
  0.39940397399453359       0.82130190216057330     
           7
  0.38217548959958658       0.69703454466659354     
  0.36446697056926231       0.69776340209720700     
  0.36222072511312975       0.69196529034392262     
  0.36396510367483337       0.67539889639939266     
  0.36542164702059510       0.66854446786194721     
  0.37827400520118359       0.67358167810711145     
  0.38272520841397967       0.67926770227926325     
           5
  0.45239793205963824       0.82748126765411256     
  0.43876417862680206       0.82431176056746935     
  0.43632033347979710       0.81242335149831135     
  0.43311556876685459       0.80253142258225840     
  0.45660572320469389       0.80766710264440222     
           4
  0.39295405838685393       0.76460442274881457     
  0.37192972361029758       0.76540345014908295     
  0.37371265671887077       0.74008444005855367     
  0.39227597132531067       0.75146919271814339     
           7
  0.42477903747652629       0.78442766322729263     
  0.40993640227979405       0.79121451699469536     
  0.40356334783922915       0.79027341256589911     
  0.39879897065202219       0.77498348354345536     
  0.41744856798555852       0.76667785846347147     
  0.42756197504147464       0.77243205375052215     
  0.42293457595224115       0.77638355865256603     
           4
  0.64407250860993415       0.87874418952294930     
  0.62973928953837566       0.87840906883456149     
  0.62248963105196053       0.87409876656212282     
  0.64725547219277091       0.86623060757374704     
           7
  0.96709520679743555       0.19831656880527165     
  0.94392887615024668       0.19413657359249642     
  0.94046366206643528       0.18513130437809056     
  0.94553382474100856       0.17966667726037686     
  0.95254285749546730       0.17403345561707415     
  0.96094051603293285       0.17716669769877533     
  0.96903878229308416       0.18341205624006948     
           6
  0.55549553963926623       0.26077165389360485     
  0.53358965494087029       0.26889598646751250     
  0.52741197642921889       0.26794369236655097     
  0.52917655583433965       0.24688679091342791     
  0.53569252608904960       0.24177140393519747     
  0.55471348316508462       0.25152620000943210     
           3
  0.49849849849849848       0.85685685685685686     
  0.48813763338168709       0.85142132007387938     
  0.49420866685098686       0.84256736198592130     
           4
  0.55096688992419718       0.30976436214535358     
  0.52664764803845332       0.31803893950246737     
  0.52087458014783006       0.29980225712872549     
  0.54546775249713131       0.29830478308945685     
           8
  0.66718693486722414       0.95103806043993722     
  0.66655302075117229       0.96103207938672208     
  0.65158711204377051       0.95999753625274620     
  0.64552131898219911       0.96310718626205227     
  0.64514394916119455       0.93785521643017145     
  0.65621160809129375       0.93852788958331201     
  0.66755062431878787       0.93400374261817254     
  0.66642342783449782       0.94082026652998352     
           4
  0.32564271194270489       0.66410722442922132     
  0.30362316114780818       0.66951556875241813     
  0.31207135495321175       0.64634321189118982     
  0.31939483085538795       0.64037161060403369     
           3
  0.11711711711711711       0.83283283283283283     
  0.11146737675688129       0.82332547062910511     
  0.12237501743049967       0.82407340915826799     
           6
  0.65694960048845341       0.14813850584537822     
  0.65780983825384376       0.15789915030783930     
  0.64859526896054909       0.15391686755991860     
  0.63815306468525901       0.15743841163613892     
  0.65154320486588124       0.13172642209581892     
  0.66186662748344882       0.13333149308654454     
           3
  0.41964027702608336       0.87476201564147749     
  0.40178664453067653       0.87588472542803597     
  0.40804488894113516       0.85488374950133816     
           5
  0.37376103724759857       0.63585017404084665     
  0.35816287446182116       0.64143662282071279     
  0.35698003871119965       0.62004912493428110     
  0.36493429211567474       0.61391299786817166     
  0.38493778793780198       0.62490452413731790     
           7
  0.64632805525258274       0.88290008142456611     
  0.63973736495337252       0.88312689074181561     
  0.63166579825385727       0.88779512422105078     
  0.63022147511368554       0.88112158631586845     
  0.62120540106250310       0.86700785031573369     
  0.63457989881901278       0.85985316102189757     
  0.64934204267824813       0.87627272922706323     
           4
  0.32248606596180596       0.66410027239916769     
  0.29805203948709053       0.65086035855073965     
  0.30830830830830830       0.64964964964964966     
  0.31917700707220475       0.65263981073832111     
           8
  0.24963248660553122       0.99321443070434612     
  0.23097480522403779       0.99074458279545174     
  0.22055602252039611       0.98135983823309791     
  0.22173895901616328       0.97316727952619941     
  0.22815457267410735       0.97011570454978491     
  0.23775932496029348       0.96451469497994147     
  0.24762498696062679       0.96576401518706789     
  0.24521784405074848       0.97653778063456009     
           6
  0.28671204233112413       0.87322551513601698     
  0.28116362032928927       0.87781865486130872     
  0.26257867408866026       0.87815038946137147     
  0.25918119761562869       0.85049977513622710     
  0.27282229676469527       0.85203561388227889     
  0.28051834276370541       0.85319357880490543     
           5
  0.11503213658186023       0.77443917875573320     
  0.10633704396262202       0.77605616534288269     
  0.10428128925698049       0.75068823068347434     
  0.11960415985958008       0.74671153717953809     
  0.12400176455784960       0.75849245513934926     
           6
  0.56539800594060197       0.76603320180447043     
  0.55370116506199663       0.76106824676998563     
  0.54169037421796684       0.76473058617745715     
  0.53852568747635665       0.74041695580215150     
  0.54937014100723491       0.74247011501692572     
  0.56806289783495068       0.74026066271320523     
           6
  0.73520162960668156       0.82938538112542792     
  0.71551653108458080       0.82196635255929296     
  0.70911568458542862       0.82302332329857275     
  0.70897307814247090       0.80300613599562187     
  0.72607123697471787       0.80158935357543259     
  0.73648565905040630       0.80023158464125377     
           7
  0.41248433683183183       0.90193229239140726     
  0.40139444290343895       0.90283536599372605     
  0.39028537094679305       0.89414612131126892     
  0.39068663063398906       0.88308914863342458     
  0.39599118955953172       0.87668899925339960     
  0.40287420599561441       0.87968257209807876     
  0.41623077887814602       0.88399732841855017     
           8
  0.57928128766449938       0.77255909311883264     
  0.56882608222670594       0.77648306079595542     
  0.56457398699854144       0.77096394689385328     
  0.55591678949545797       0.75274526530973629     
  0.56228421320274691       0.75287047633683390     
  0.58063083772872648       0.75004555644352056     
  0.58532523164080985       0.74623794994845394     
  0.58415357526648515       0.75637582820121618     
           3
  0.12176605178903697       0.67104876267302638     
  0.10399147018524772       0.65602875685145989     
  0.12493418809802545       0.65951943120537604     
           4
  0.15657553327456591       0.89946993152624866     
  0.15449384282483788       0.87602586959445072     
  0.16837092004598786       0.87193857328429014     
  0.16886647070909272       0.88196601988689893     
           7
  0.47597965177178453       0.71159074467782879     
  0.46493971919311777       0.70781565620516118     
  0.45211723991404423       0.70458065961862515     
  0.44570355882119117       0.70883957582323487     
  0.44677472095158077       0.69845207359899164     
  0.44571930314090719       0.69199483498271364     
  0.45969486162536283       0.68559827746275526     
           5
  0.19391059286693496       0.56707535837357159     
  0.18838074838354885       0.57116804810233723     
  0.17042040602696368       0.56139509567911872     
  0.17544919131005407       0.54851281554950870     
  0.19958642768262766       0.54605304346582817     
           4
  0.47247247247247248       0.79979979979979976     
  0.46962981235281975       0.80878341443556911     
  0.46210629863404457       0.79896041957719932     
  0.46011090473146843       0.78733153383325938     
           4
  0.31294156276130375       0.65669285797502031     
  0.31037851759772334       0.64289970673192054     
  0.32388285318733701       0.62879986046996894     
  0.33317340185401556       0.62756298116699905     
           3
  0.51699358815015906       0.75733033669557004     
  0.49297002125264572       0.76256288047746523     
  0.50662083616278519       0.73975183403773770     
           6
  0.29792324326023933       0.88372365941917330     
  0.28700827163702508       0.88485757205719129     
  0.28009524478317849       0.87785139195730710     
  0.27994729472624114       0.86184392526551412     
  0.28990585915826628       0.86084040209779555     
  0.30374440522033264       0.86589880045385370     
           5
  0.27434084023891858       0.80719457942828476     
  0.26105118913245301       0.80179602421876262     
  0.25523583230920105       0.79209469705052660     
  0.25237364884277019       0.78568221107936609     
  0.27314641951012153       0.77873803488373838     
           5
   1.0096632407476123       0.13306801266910673     
  0.99047755102867574       0.13797363016713574     
  0.98798076005530300       0.11187656451574346     
  0.99669657669952860       0.11456218307093842     
   1.0092734173819793       0.11742228005851063     
           6
   1.0091715522147617        7.5354778687554885E-002
   1.0000006480490957        8.5966850098550873E-002
  0.98937320362497216        7.2211958113318375E-002
  0.99154963269516416        6.1717440850783165E-002
   1.0091205668411627        6.2822171531660490E-002
   1.0155534927616305        6.9278270481220733E-002
           7
  0.67778708263532750       0.73463229821409193     
  0.66359172715011805       0.73714773432078917     
  0.64809554799957769       0.73674272642777860     
  0.65291060366486475       0.72813398936397944     
  0.65428508893903092       0.71815388280046322     
  0.67777285243447305       0.71437827424809242     
  0.67312690112229789       0.71925537073422230     
           4
  0.45675612082158418       0.78183928098778777     
  0.45155422580129717       0.76240799164216300     
  0.47055000235776928       0.75550643875460333     
  0.47944473071591476       0.76292632854756237     
           7
  0.73726102188555409       0.18363148278602875     
  0.72717765427097447       0.18237769393898834     
  0.71581581782627612       0.17864181342948710     
  0.71098865149644919       0.17134629311108485     
  0.72167044546554915       0.16035557982235216     
  0.73191370097081843       0.15934304543969344     
  0.73982988603515676       0.17013121107909027     
           4
  0.61884722746653686       0.26913467808020403     
  0.60350565294076697       0.27148733742406300     
  0.59125474496903241       0.27375426457125135     
  0.60360360360360366       0.26026026026026028     
           8
  0.53876445548029683       0.28959779634173660     
  0.54417777170312787       0.29723128761480933     
  0.53373340478576548       0.29567858663908109     
  0.51641959724117359       0.30038797041818294     
  0.51940383955336300       0.29420698013195007     
  0.51667199257792540       0.28923028033673137     
  0.51734468598785943       0.27426096828413876     
  0.53590918461917181       0.27427234671874667     
           7
  0.39771875611824964       0.85110431936386532     
  0.37175600212421661       0.85117735909933323     
  0.37480875570815836       0.83935394366822802     
  0.38021763272240505       0.83492421677782880     
  0.38645831258515606       0.83144869009295475     
  0.39856088327627259       0.83793950810897366     
  0.39217871405044724       0.84017260909052160     
           6
  0.82404825706764417       0.82126013776696427     
  0.80588039922509791       0.82638180151145013     
  0.80360967039765518       0.81564431148127059     
  0.80925597992467302       0.79876295391612551     
  0.82337556808478796       0.80503057545989298     
  0.82738031946129598       0.81278784867313369     
           3
   9.6096096096096095E-002  0.55455455455455460     
   8.7151928877238424E-002  0.56059431356533018     
   8.2813577804824970E-002  0.54394411716404589     
           4
  0.61870690146513141       0.28259752394283694     
  0.60461465621908472       0.29805633555674510     
  0.59666777739422239       0.27177062089204396     
  0.61858723169773733       0.27279767975972935     
           5
  0.14897378443836093       0.63121825790375141     
  0.12277097736362370       0.63097232331911368     
  0.12202439574837193       0.62376049859596250     
  0.13982187858197676       0.61712883059466928     
  0.14794810584324719       0.62421553109931105     
           3
  0.56856856856856852       0.45445445445445448     
  0.55456569887962015       0.43965753552685694     
  0.56318120230952984       0.44513609492056389     
           4
  0.22900707881469476       0.94023497244957144     
  0.21040324581549447       0.93586975830589814     
  0.21120456958762301       0.92493460596499544     
  0.23496975208393553       0.92402138684011292     
           7
  0.17306279231695978       0.80080807639842932     
  0.16239363325705108       0.80524074666937262     
  0.14974239142533000       0.80285174414769767     
  0.14975272292884995       0.78885364226946564     
  0.15667806444232169       0.78391934489443282     
  0.16839689103396432       0.78311881587014742     
  0.17034012182917954       0.79369420337852647     
