   1000.0000000000000     
   28.000000000000000     
         241
           8
   6.0000000000000000     
   2.0000000000000000     
   2.0000000000000000     
   1.0000000000000000     
   8.0000000000000000     
   3.0000000000000000     
   1.0000000000000000     
   4.0000000000000000     
   7.0000000000000000     
   10.000000000000000     
   4.0000000000000000     
   6.0000000000000000     
   9.0000000000000000     
   7.0000000000000000     
   2.0000000000000000     
   6.0000000000000000     
   2.0000000000000000     
   2.0000000000000000     
   5.0000000000000000     
   4.0000000000000000     
   6.0000000000000000     
   4.0000000000000000     
   10.000000000000000     
   1.0000000000000000     
   1.0000000000000000     
   1.0000000000000000     
   3.0000000000000000     
   1.0000000000000000     
   4.0000000000000000     
   6.0000000000000000     
   1.0000000000000000     
   7.0000000000000000     
   9.0000000000000000     
   7.0000000000000000     
   3.0000000000000000     
   10.000000000000000     
   10.000000000000000     
   6.0000000000000000     
   4.0000000000000000     
   1.0000000000000000     
   3.0000000000000000     
   10.000000000000000     
   10.000000000000000     
   7.0000000000000000     
   9.0000000000000000     
   10.000000000000000     
   8.0000000000000000     
   4.0000000000000000     
   10.000000000000000     
   7.0000000000000000     
   7.0000000000000000     
   7.0000000000000000     
   5.0000000000000000     
   1.0000000000000000     
   3.0000000000000000     
   8.0000000000000000     
   10.000000000000000     
   7.0000000000000000     
   3.0000000000000000     
   6.0000000000000000     
   3.0000000000000000     
   9.0000000000000000     
   7.0000000000000000     
   10.000000000000000     
   6.0000000000000000     
   5.0000000000000000     
   8.0000000000000000     
   8.0000000000000000     
   5.0000000000000000     
   2.0000000000000000     
   5.0000000000000000     
   8.0000000000000000     
   1.0000000000000000     
   7.0000000000000000     
   10.000000000000000     
   9.0000000000000000     
   7.0000000000000000     
   9.0000000000000000     
   7.0000000000000000     
   5.0000000000000000     
   2.0000000000000000     
   5.0000000000000000     
   4.0000000000000000     
   6.0000000000000000     
   10.000000000000000     
   3.0000000000000000     
   6.0000000000000000     
   3.0000000000000000     
   6.0000000000000000     
   4.0000000000000000     
   3.0000000000000000     
   3.0000000000000000     
   7.0000000000000000     
   6.0000000000000000     
   6.0000000000000000     
   9.0000000000000000     
   6.0000000000000000     
   5.0000000000000000     
   10.000000000000000     
   7.0000000000000000     
   10.000000000000000     
   3.0000000000000000     
   1.0000000000000000     
   2.0000000000000000     
   1.0000000000000000     
   8.0000000000000000     
   6.0000000000000000     
   5.0000000000000000     
   10.000000000000000     
   9.0000000000000000     
   7.0000000000000000     
   6.0000000000000000     
   7.0000000000000000     
   4.0000000000000000     
   9.0000000000000000     
   1.0000000000000000     
   7.0000000000000000     
   2.0000000000000000     
   9.0000000000000000     
   2.0000000000000000     
   10.000000000000000     
   1.0000000000000000     
   6.0000000000000000     
   4.0000000000000000     
   3.0000000000000000     
   10.000000000000000     
   4.0000000000000000     
   1.0000000000000000     
   10.000000000000000     
   5.0000000000000000     
   3.0000000000000000     
   9.0000000000000000     
   8.0000000000000000     
   3.0000000000000000     
   1.0000000000000000     
   10.000000000000000     
   4.0000000000000000     
   5.0000000000000000     
   2.0000000000000000     
   4.0000000000000000     
   1.0000000000000000     
   4.0000000000000000     
   6.0000000000000000     
   3.0000000000000000     
   7.0000000000000000     
   3.0000000000000000     
   6.0000000000000000     
   5.0000000000000000     
   1.0000000000000000     
   3.0000000000000000     
   9.0000000000000000     
   4.0000000000000000     
   2.0000000000000000     
   6.0000000000000000     
   5.0000000000000000     
   10.000000000000000     
   7.0000000000000000     
   6.0000000000000000     
   10.000000000000000     
   2.0000000000000000     
   8.0000000000000000     
   6.0000000000000000     
   7.0000000000000000     
   5.0000000000000000     
   6.0000000000000000     
   8.0000000000000000     
   1.0000000000000000     
   7.0000000000000000     
   10.000000000000000     
   4.0000000000000000     
   10.000000000000000     
   10.000000000000000     
   7.0000000000000000     
   7.0000000000000000     
   1.0000000000000000     
   2.0000000000000000     
   1.0000000000000000     
   2.0000000000000000     
   7.0000000000000000     
   9.0000000000000000     
   7.0000000000000000     
   10.000000000000000     
   4.0000000000000000     
   3.0000000000000000     
   3.0000000000000000     
   10.000000000000000     
   2.0000000000000000     
   3.0000000000000000     
   2.0000000000000000     
   8.0000000000000000     
   2.0000000000000000     
   9.0000000000000000     
   10.000000000000000     
   5.0000000000000000     
   8.0000000000000000     
   8.0000000000000000     
   9.0000000000000000     
   1.0000000000000000     
   10.000000000000000     
   10.000000000000000     
   9.0000000000000000     
   7.0000000000000000     
   2.0000000000000000     
   3.0000000000000000     
   3.0000000000000000     
   3.0000000000000000     
   1.0000000000000000     
   1.0000000000000000     
   10.000000000000000     
   10.000000000000000     
   5.0000000000000000     
   5.0000000000000000     
   10.000000000000000     
   7.0000000000000000     
   1.0000000000000000     
   8.0000000000000000     
   1.0000000000000000     
   1.0000000000000000     
   1.0000000000000000     
   4.0000000000000000     
   5.0000000000000000     
   9.0000000000000000     
   7.0000000000000000     
   9.0000000000000000     
   7.0000000000000000     
   3.0000000000000000     
   7.0000000000000000     
   7.0000000000000000     
   2.0000000000000000     
   5.0000000000000000     
   5.0000000000000000     
   7.0000000000000000     
   2.0000000000000000     
   10.000000000000000     
   3.0000000000000000     
   5.0000000000000000     
   5.0000000000000000     
   5.0000000000000000     
   3.0000000000000000     
   6.0000000000000000     
   3.0000000000000000     
           1
   0.0000000000000000        0.0000000000000000     
           8
  0.36108220694953869       0.79308917611551744     
  0.35046250537543883       0.80297419469157882     
  0.33268652080201722       0.80755446782385809     
  0.33516700283914952       0.78603577514469425     
  0.33685922254881989       0.77782100334385940     
  0.34230562866011816       0.77875408526097856     
  0.34898636217151879       0.78005120913902881     
  0.36074356762297033       0.78513323956637104     
           6
  0.70296416889306013       0.96729607969335130     
  0.70165894417787000       0.97522252168187240     
  0.69002426540628414       0.97705145736511789     
  0.67799004680395014       0.95777950054109451     
  0.68706960313517151       0.95442496584837033     
  0.70252411401080173       0.95991546618584223     
           5
  0.18303340477577193       0.67159398779960577     
  0.17219353676932139       0.67545267416224364     
  0.15788929362912774       0.67842423801878871     
  0.16127587984750336       0.66650063899053469     
  0.18672611771120590       0.65796711298857324     
           7
  0.30113515418709447       0.79192802795348849     
  0.29731799016165500       0.79787568223998995     
  0.27287997422568327       0.79973277916502483     
  0.27679670148743352       0.79365317683463821     
  0.27512432388106228       0.78802580391769894     
  0.28199245614075480       0.78140300973433707     
  0.29942864936166974       0.78108000691283519     
           7
  0.10184927670238235       0.92909849455713567     
   7.8343173733980268E-002  0.93226466163585875     
   8.4722850068816136E-002  0.92574290795391023     
   7.8926770524718054E-002  0.92085550689138784     
   8.0880030598788302E-002  0.91097849352156557     
   9.9556024427388437E-002  0.90828181208768222     
  0.10502736288486381       0.91777384772512260     
           6
  0.72000529239282018       0.21856695965271428     
  0.72153311793786123       0.22600646185726561     
  0.70161921976941188       0.23137208861729322     
  0.70207405841846515       0.20304570939181255     
  0.71739676072664382       0.20350109299290672     
  0.72302180014080020       0.20706994947315796     
           3
   1.0007697204754697       0.99609665388257052     
  0.99099999999999999       0.98799999999999999     
  0.99976027907793186       0.98635484030132625     
           8
  0.47843294530368513       0.27542619842978305     
  0.46810608479436977       0.28134313109828063     
  0.46274569019441786       0.27354140730169357     
  0.45968297990002199       0.26631958321463223     
  0.46482612982395421       0.25405031984089649     
  0.47189547496844753       0.25065465225987721     
  0.47284653739164234       0.25805555504512950     
  0.48780277753016871       0.25656608047607116     
           8
   8.3199074004374249E-002  0.31836971398855207     
   7.5129936302633413E-002  0.31631509271725416     
   6.4770983950949254E-002  0.31964464639555379     
   5.7221770989349524E-002  0.30960514740627554     
   6.1166609692480049E-002  0.30236493826384536     
   5.9122172450457054E-002  0.29544201654096197     
   6.7604318810152511E-002  0.29236565472963927     
   7.9392168613251241E-002  0.30728239439522909     
           4
   9.7201771695899788E-002  0.99843276023312211     
   8.3000000000000004E-002  0.98699999999999999     
   7.3810384874114093E-002  0.97196418151967845     
   9.5312072749991553E-002  0.97144591641088562     
           3
  0.52716700040115527       0.40585384961424509     
  0.50236380388781299       0.39573050304211410     
  0.50952049969973767       0.37639808309589184     
           8
  0.81495655783304477       0.13844319046247580     
  0.81452311518650367       0.14746850223843691     
  0.80810152058136742       0.14412663671391440     
  0.80282444249223506       0.14731201079736247     
  0.79598108422312297       0.12825696938146358     
  0.79896230533030188       0.12362821657281356     
  0.80874264300533716       0.12071628871351521     
  0.82245579944384106       0.12957217345462813     
           6
  0.38709880250510381       0.17729963488843439     
  0.38006292988146029       0.17491243788369176     
  0.37271519978845585       0.17263768313035813     
  0.36245913292056875       0.16852168865506043     
  0.37125775749830092       0.14826788716772846     
  0.38236670405511219       0.15154352345607722     
           3
  0.69199999999999995       0.12700000000000000     
  0.68200175489979742       0.13027743657892088     
  0.67696621941064417       0.11985471053204950     
           7
  0.69148897981206159       0.54406207424079089     
  0.68689718393552446       0.53979861121164852     
  0.68745421727332900       0.52399179830323717     
  0.69303933691774744       0.51971052772409010     
  0.70379484939775716       0.51897731474237907     
  0.71619028027736975       0.51510980222397684     
  0.71045136844168577       0.52378087229488990     
           3
  0.84538334259064851       0.25529002809071039     
  0.83099999999999996       0.25500000000000000     
  0.82202313263347615       0.24760610403737274     
           3
  0.93799999999999994       0.20999999999999999     
  0.92570939235682459       0.20741448018748318     
  0.93079069012854687       0.19758121921923727     
           3
  0.87825522095046638       0.13536539203456371     
  0.87300000000000000       0.12700000000000000     
  0.87723771882665846       0.11644817925718182     
           5
  0.57969056472500891       0.82982562093518208     
  0.55796270252012881       0.81806875522044531     
  0.56521943140074460       0.80650086004724886     
  0.58434456700272452       0.80603163716683501     
  0.58063838468135498       0.81430569020132904     
           5
  0.80840010640496440       0.39056344246147168     
  0.79394142513852661       0.38706857662659072     
  0.78431433771691272       0.37648235564550619     
  0.79676407286228490       0.36962274037322773     
  0.80970095882949855       0.37230252502968991     
           4
   1.4222925488505470E-002  0.17959080933554075     
   6.8480477618610399E-003  0.19467537808538524     
   2.4844748093660199E-003  0.17396716909674009     
   1.3066883566928554E-002  0.16880791909900858     
           3
  0.93056234192711018       0.62014095023524884     
  0.91700000000000004       0.62000000000000000     
  0.90322100864756893       0.60979246909960971     
           7
  0.73755538395513776       0.94132773255162283     
  0.72176150740507694       0.94724887395017687     
  0.71488734013566657       0.94716718022399005     
  0.71868353973273258       0.93619875313045742     
  0.71946068061577884       0.92542855679324243     
  0.72962437254750345       0.92418903268295693     
  0.74347859126933413       0.93573070284603588     
           3
  0.15330734911942406       0.65866984481469848     
  0.14865238915058168       0.63479260701026996     
  0.15700000000000000       0.64400000000000002     
           8
  0.67945077630671769       0.33470241827242087     
  0.67104422690921950       0.34532465149229535     
  0.66118473527004784       0.34405878996441452     
  0.65394814901548326       0.34683542631533804     
  0.65265575966100264       0.31788332129971869     
  0.66015755638419682       0.32038077155808309     
  0.66809135587957069       0.32122824845399761     
  0.68082708564358296       0.32163355414876288     
           5
  0.57334485987887873       0.87948394514247685     
  0.54890880255315067       0.88268409762597944     
  0.54850817393577900       0.87485927514398254     
  0.57133928064481587       0.86256612027761570     
  0.57762971510235328       0.87177086153073435     
           8
  0.87334536149306952       0.34014960561936619     
  0.86936859071469308       0.34748764180616537     
  0.85935669266481574       0.34232708683774926     
  0.84995020413189526       0.34503549182019727     
  0.84602976214485526       0.32025701301282783     
  0.85349010282847271       0.32065955583618111     
  0.86492378588444652       0.31925345610632228     
  0.86977329045301910       0.32900987374943086     
           3
   7.7962689855782696E-002   9.1778176201591302E-002
   5.7570539553118513E-002   7.9288111943880260E-002
   8.1275513478491365E-002   7.1563597234159712E-002
           4
  0.33914593806285431       0.93818750465700396     
  0.33047423434900353       0.94447940258785668     
  0.31597749258691432       0.93280792246081234     
  0.34030766547967473       0.91822528622642507     
           7
  0.52758239969263832       0.30686021979319522     
  0.51827043327720335       0.31943651305491610     
  0.50218687277598117       0.31923673541290637     
  0.50261455782181486       0.30816934896632309     
  0.49869689783530780       0.29857264630786434     
  0.50824805371890236       0.29598978004047688     
  0.51747047845475325       0.29410120469883866     
           6
  0.24304797865905023       0.73187156880321003     
  0.21798459310805351       0.73771871241054221     
  0.21490655424185590       0.72547203649977066     
  0.21963853712313908       0.71771047784322772     
  0.21558196800420795       0.71004069018077343     
  0.23961656377976986       0.71659192054401522     
           5
  0.90450351990193389       0.11582040172824622     
  0.89991604700085581       0.12106257362700126     
  0.89103143855416556       0.11707429580759600     
  0.88592295922806419       0.11212146760866869     
  0.89821975966963985        9.2488136917022540E-002
           3
  0.23400000000000001       0.75800000000000001     
  0.22158416679473522       0.76629401415361509     
  0.22651634520330330       0.74466085432988038     
           4
  0.90832179712691197       0.98383183140803876     
  0.89749057152786049       0.97506692489790336     
  0.89527251410653474       0.95503787578865473     
  0.91100000000000003       0.96999999999999997     
           4
  0.19199850229841811       0.60115391100317883     
  0.16400145483978693       0.58999929720656341     
  0.18895542756868935       0.57661864741023705     
  0.19105441612296548       0.58470157679639811     
           7
  0.70950882291823847        4.4394086311151375E-002
  0.70072988019147042        4.8112382085794297E-002
  0.68900105700328740        4.6421448320611486E-002
  0.68282794560483551        5.1396339144710507E-002
  0.68312320239380464        2.4878715997378009E-002
  0.69469596456818694        2.4402655713409611E-002
  0.70505326761030829        2.4928463018437860E-002
           3
  0.95980761153692939       0.62366061849042276     
  0.93655996679568365       0.61334187015456709     
  0.94529325294261124       0.60008080034481237     
           5
  0.87472774518594565        5.5446522553471607E-002
  0.84936195895009337        6.2469751563419253E-002
  0.84783197063812721        5.0255932454001895E-002
  0.86303754614817707        3.9830241878614683E-002
  0.87063145882188098        4.3330438856846828E-002
           4
  0.63039752656117398       0.68048106310140877     
  0.61182591933038510       0.66938611281209770     
  0.60667579357040591       0.65913842016162993     
  0.63308665374203543       0.66080224561005907     
           6
  0.74857412517091682       0.57655827809044313     
  0.74118941325294663       0.58423612725844754     
  0.72422810944030558       0.57747279301234633     
  0.74019417982243385       0.56068516101734178     
  0.74828556866161244       0.55781096753232673     
  0.74693348912786339       0.56763114415252103     
           8
  0.87613134217691024       0.82294696559306957     
  0.86686791645694794       0.83038875070601126     
  0.84538516036759126       0.83334048381028047     
  0.84986177402920160       0.82783017573135065     
  0.85206135899816060       0.82157047916847858     
  0.85597182596472854       0.80500001612699390     
  0.87277716240951098       0.81117026367109624     
  0.87116005099460458       0.81871787333006552     
           7
  0.93057378240585620       0.40096923568291049     
  0.92786355915709873       0.41341481491283194     
  0.91361710026820486       0.40873177937890043     
  0.90544265821195502       0.40504405301268503     
  0.91719639192647262       0.38335190759651511     
  0.92640947818135866       0.38238801670850453     
  0.93195938315810922       0.38618465595187473     
           6
  0.56368604751738505       0.48675727443188693     
  0.54042165567931011       0.47914783094114161     
  0.54058209254198919       0.46013379667007792     
  0.55775178455647911       0.46441858391974339     
  0.56314144306485170       0.45885390764467943     
  0.56747435402162183       0.46943086338242462     
           8
   1.0073546354779943       0.30337596699667729     
   1.0008717846052597       0.31248513654494597     
  0.99151233806515482       0.31644564462994096     
  0.97911480530538830       0.31656216420713829     
  0.97984669778962652       0.30310949244751290     
  0.98369726787655665       0.29026199112759243     
  0.99014673613972048       0.28844682502955993     
  0.99831569422550004       0.29469138012137003     
           8
  0.71488803402951684       0.70652003794229246     
  0.69849637555607036       0.70646795731552581     
  0.68810336614994816       0.70575611956042561     
  0.69294447060841757       0.70063311392402861     
  0.68524524017070576       0.69527443840126313     
  0.69240035151505275       0.68088717868486615     
  0.71047000157278595       0.68619483863620401     
  0.71342563797342440       0.69361821828546055     
           8
  0.59809055247258425       0.97494256555654757     
  0.60330610988291156       0.97976426739628475     
  0.59857413647061675       0.98768497133961775     
  0.59266546612667947       0.98500240574126741     
  0.57397356369192898       0.97292559805550505     
  0.57889530627553110       0.96534936886453349     
  0.58382293496753923       0.96197504323633531     
  0.60043665139197488       0.96826890302688262     
           7
  0.55065194961496844       0.79121566953829969     
  0.54126589720262708       0.79006557822893597     
  0.54423953303261441       0.78425229888508696     
  0.54089860761395459       0.77421428858545160     
  0.54557795613850169       0.76593568683422875     
  0.55257239902694744       0.76667007410282284     
  0.56937577652330795       0.77149158232821480     
           8
  0.63491009459538195       0.22591822521494689     
  0.61971717603500986       0.22804212138428465     
  0.61285717416628727       0.21343586256771260     
  0.61792945627014817       0.20995280588457957     
  0.61679813575980036       0.20418368569710982     
  0.62927269672523090       0.20409263966876401     
  0.63499505044686055       0.20130710793847842     
  0.64179258275298690       0.20797255279780294     
           3
   2.6254270920086947E-002  0.10327178983545228     
   3.8671386663394810E-003   9.4095901721923697E-002
   3.2700696388547196E-002   8.1891679961496766E-002
           7
  0.85170636136533717       0.39631380364677121     
  0.83010564755942284       0.40599452334474490     
  0.82131888263961084       0.40454644785429944     
  0.82886857910775114       0.39113693446426701     
  0.83771693938492664       0.38583305656507827     
  0.85149345536800558       0.38601237557560647     
  0.84630285703463293       0.39019889163535887     
           3
  0.29232539706526600       0.14717087316661098     
  0.27700000000000002       0.13300000000000001     
  0.27432608737260694       0.12421207038643894     
           4
  0.52693551259451876       0.18876598984138029     
  0.50820782130970443       0.17511680844639618     
  0.51137848217326132       0.16529605367388825     
  0.53310780886599118       0.17009125987276386     
           3
  0.69399999999999995       0.87500000000000000     
  0.67963527264474954       0.87182319319610557     
  0.68489497497856688       0.86078126078696460     
           4
  0.58843133869417497       0.43664109071636653     
  0.56108698677761315       0.43870899078815478     
  0.56533586852045492       0.42632044749479431     
  0.55940037625255057       0.41489610106715719     
           6
  0.96375713805065710       0.33618427005536528     
  0.96010373422343442       0.34739788364789831     
  0.93690731287144391       0.34545735476096256     
  0.93973024076845146       0.33272039030850831     
  0.95014883323433375       0.32135241816452126     
  0.96248111488677646       0.32969627600751977     
           4
  0.76026506291295337       0.46913775229916449     
  0.74986844057316593       0.47085395204532893     
  0.74186441448761187       0.45799452581380790     
  0.76688797416477028       0.44587536353440876     
           8
  0.44631434335191478       0.42590617451522228     
  0.42262218570224075       0.42800668725314406     
  0.41667773887379733       0.42395957587443917     
  0.42079928727833299       0.41860047848177767     
  0.42043254606759306       0.41196577675152823     
  0.42167010108411213       0.40342575421488852     
  0.44363211709328731       0.40369225796500136     
  0.44428457235242624       0.41287633662110107     
           3
  0.17656290236044425       0.47391828176449269     
  0.15828745242823641       0.45144057337359339     
  0.17299999999999999       0.45900000000000002     
           5
  0.89455920004620737       0.97648597151429961     
  0.86536066359487718       0.98010221328230351     
  0.86930912055430298       0.97052342408242542     
  0.89031576110432142       0.95405044324651600     
  0.89264576364046566       0.96102262874857991     
           4
  0.10323266648886366       0.22296120677617862     
   9.3906788482797668E-002  0.22275254394426158     
   9.6492114099351781E-002  0.19512270946959923     
  0.10933408428030120       0.21289352149052074     
           7
  0.27940305172307522       0.11567975956428014     
  0.28515212742967549       0.11995633395161626     
  0.28060037656642067       0.12564796623168281     
  0.26174363610086149       0.12176537367301567     
  0.25925377945651534       0.11202627013387426     
  0.25989589875616764       0.10537041172832221     
  0.28233150546657959       0.10829851604557258     
           5
  0.96527833464194024        3.3638615288341743E-002
  0.95499473526426659        4.0413330920232277E-002
  0.93878286031109859        3.0753422235377144E-002
  0.94383788189017481        2.1350486749181635E-002
  0.95148586688353443        1.7960262807211781E-002
           6
  0.96822619878116656       0.85439120467179552     
  0.95127542898278339       0.86679651402936864     
  0.94625705947556549       0.86070468511776432     
  0.94843955883136266       0.85146484939725675     
  0.94755607743064552       0.84318714637653458     
  0.96607454597814613       0.84528883720951942     
           5
  0.56579468921283393       0.98456548586510373     
  0.56557169100894811       0.99409618307310665     
  0.55350862213418661       0.99514260645734753     
  0.54045041470993971       0.97423272902852076     
  0.56664863650078501       0.97009295771768966     
           5
   8.1041077662745167E-002  0.88601594116044047     
   7.2019412623561277E-002  0.88351491013944572     
   5.7459342458693968E-002  0.88104339592531766     
   7.8541057250406651E-002  0.86333092300312364     
   8.1927058126507024E-002  0.87314478316115529     
           5
  0.68817900579887969       0.32730316994485953     
  0.67069423832933783       0.33219675305107998     
  0.66952119461867121       0.31984255483702145     
  0.67241769399657825       0.31218450442669882     
  0.69608171072455893       0.31074912287968065     
           8
  0.16055046315449559       0.61564800815717591     
  0.16387616868887184       0.62248787775103942     
  0.14176949695941038       0.62229130721420611     
  0.13562553148931333       0.61191690700205204     
  0.13663581636198202       0.60425970030211462     
  0.14261359592607029       0.60017457715481948     
  0.15900509805828555       0.59759903070947573     
  0.15758363105728143       0.60951039699578813     
           3
  0.81112145845677286       0.20447278449852499     
  0.79900000000000004       0.20300000000000001     
  0.78656214608895136       0.18852038690914047     
           7
   4.3793902845977860E-002  0.62622257650335345     
   3.8510842047114469E-002  0.62358246855475652     
   3.3541961766278973E-002  0.62829809049455265     
   2.4550461542119227E-002  0.62757219668793585     
   1.8693554893204203E-002  0.61077346275992472     
   2.1725415885287841E-002  0.60471597178177083     
   4.5750352116485711E-002  0.60679577404840979     
           8
  0.10138414631445043       0.64468962486771919     
   9.9008343693300999E-002  0.65733808083366485     
   8.0446262617649367E-002  0.64847268590530505     
   8.3626519315746731E-002  0.64205258822371447     
   7.9044185855116383E-002  0.63894741530981669     
   7.9209127500771026E-002  0.63249465489702239     
  0.10544344782464943       0.63513209895748279     
  0.10076193666550780       0.63863860788393445     
           4
   1.0063449470994359       0.10894986104502158     
  0.98838116380118601       0.11472764659189479     
  0.99347667821493801        9.1231033770008171E-002
   1.0061918389837632        9.3261612221302428E-002
           6
  0.74199057956353853       0.71429773310599320     
  0.73481616192241961       0.71995713103835723     
  0.72261033450681855       0.72138407579029418     
  0.72018081222701491       0.71527481932330361     
  0.71266190021920162       0.70929854172602658     
  0.73961291453647870       0.69564473293643081     
           8
  0.17387616843836015       0.79631185743260002     
  0.17100222301437309       0.80413052970375565     
  0.15948397362934108       0.80511914322337741     
  0.15496536666599028       0.79950477868203207     
  0.15448902053326094       0.78210794782503612     
  0.17133310929797840       0.77650699359137310     
  0.17670451689008226       0.77995223564907645     
  0.17527543380826768       0.79016135897810102     
           3
  0.37538882877356466       0.96853535316951411     
  0.37860770135876687       0.97962633393835119     
  0.34901654589262004       0.95215860933780838     
           6
  0.13362040521228444       0.97511285236593581     
  0.10348832162832168       0.98152991857443939     
  0.11062222532068519       0.95803402683659844     
  0.11827058242764192       0.96089791612146669     
  0.13105504470765730       0.95939264132500479     
  0.12736189403736087       0.96566250630214301     
           6
  0.93720239626573310       0.22058628548447373     
  0.92715882643486502       0.21989832310708043     
  0.92308133036652207       0.20783767154447061     
  0.91705994452322692       0.20526411660087188     
  0.93159121362793995       0.19730581489252660     
  0.93710120565732924       0.19336699076139066     
           8
  0.82686718729352338       0.85307048022420906     
  0.81887900432518479       0.85388387058537241     
  0.80974602325606682       0.84343742601664418     
  0.80434253642240616       0.83761658681777873     
  0.80722021627423635       0.82941182969248040     
  0.83107600912854052       0.83047650905095893     
  0.83515713020203863       0.84031200864096034     
  0.82960560918951487       0.84092996296477829     
           5
  0.64498232636978836       0.37888753297183958     
  0.61873610288063507       0.39722073777795802     
  0.61726933763630365       0.37403658500009007     
  0.62892826275232849       0.36923697182524251     
  0.63550585413211957       0.37366616407285114     
           4
  0.70682219814947278       0.11552477728136346     
  0.70588766816819948       0.10180686461707451     
  0.71236130609758164        9.5732290172454909E-002
  0.73349885272048110       0.10070150663178276     
           5
  0.22350551091929763       0.81517818530432884     
  0.22172306577792503       0.82258885317493624     
  0.19955260800242200       0.82390063822284865     
  0.21108086016794150       0.80157691551993304     
  0.22011537237466347       0.79897314371128114     
           5
  0.19084767809096678       0.75627600085119462     
  0.18628480870927244       0.76455053455447330     
  0.16714627916449223       0.76093490843244793     
  0.18178364788640303       0.73640038502326599     
  0.18413248619587899       0.74419234485195629     
           8
  0.48598570670235614       0.64501688647047517     
  0.48164253896389769       0.65150604173388282     
  0.46829033458193425       0.64671246450977060     
  0.46225433016452105       0.65104698881159206     
  0.46445715858545639       0.63614937600250465     
  0.48126888348023827       0.62338907546357603     
  0.48119037127531528       0.62999733317659434     
  0.48678535766438263       0.63366990588263095     
           8
   8.5934723934209603E-002  0.18068278599410165     
   8.3391378415744594E-002  0.18764007251354375     
   8.0348222464445174E-002  0.19331502478838622     
   6.5883707301367667E-002  0.18649577854817223     
   6.5061980539924819E-002  0.17414317321203496     
   6.4567290021425597E-002  0.16418531878078052     
   7.6046097864740300E-002  0.16338415654469177     
   8.3799527409509009E-002  0.16398332699817292     
           6
   7.7614425788901306E-002  0.53227938317731927     
   6.7401993063160345E-002  0.53529035921289569     
   4.8131954326815683E-002  0.53167122688917134     
   4.8166442558400802E-002  0.51138410582573579     
   7.0152760240901821E-002  0.50960984468392223     
   7.1034587274087221E-002  0.52165789940434526     
           5
  0.74521385566802922       0.50203087062182150     
  0.74746335882030457       0.51378810409794962     
  0.72960672613814304       0.48907849949161714     
  0.74587267683685843       0.49190556621872694     
  0.75142571800429681       0.48526154873896599     
           4
  0.43205293320843435       0.62189798607551405     
  0.44193728598522652       0.59895069230662612     
  0.44978443113669259       0.59586272422104136     
  0.45745569144738252       0.60475707697718517     
           4
   4.9947111796723329E-002  0.12656019203897681     
   2.9007436564390351E-002  0.13180822219790209     
   2.6363210738033393E-002  0.11676143469677376     
   4.6310769483793250E-002  0.10877360828583719     
           8
  0.20200416520092113       0.74119755221044614     
  0.19175359750681781       0.73478025110045586     
  0.18260400320060610       0.72929289195282709     
  0.18774156842108827       0.71788743811245170     
  0.18292429049563758       0.71298399571620508     
  0.20660326102050786       0.71027462404415076     
  0.20470611852346154       0.71606055027437243     
  0.20460692497468722       0.72240583674335601     
           5
  0.85015552851678189       0.58996779133843902     
  0.81976401281139144       0.59350153194315380     
  0.82125470242515208       0.57672826643250830     
  0.82860053957328850       0.57876360359446188     
  0.84573241216904105       0.57892355624483738     
           5
  0.53313098293572270       0.82867416817827411     
  0.52321358800654072       0.83306222243550854     
  0.51404017066671903       0.83766012588303274     
  0.52003937497846264       0.81475705490683081     
  0.53514413490497870       0.81499041940331340     
           4
  0.56604701718166006       0.65035054591870201     
  0.54627940438461664       0.65146047902802540     
  0.55445944775915623       0.62298833466676762     
  0.56410102021862740       0.62442213246667477     
           7
   2.2565941303965401E-002  0.71318681184814636     
   1.3146089440719225E-002  0.71232487169010716     
   7.5459290141085700E-003  0.71641817041191436     
  -7.7584116383143907E-004  0.69946063366865985     
  -3.8535000060037974E-003  0.69360102155039871     
   4.7091798788507925E-003  0.68631342442949395     
   2.0536230838366532E-002  0.70117436703743330     
           8
  0.13717105588490727       0.54992697222925579     
  0.11607909050163687       0.55323428687101428     
  0.11601486608848671       0.54737500646141246     
  0.11426154834918748       0.53912501208248176     
  0.11741892772153219       0.52710938214817238     
  0.12466496062996081       0.52522612326119067     
  0.13266638743410930       0.52597473371482661     
  0.14109105824034637       0.53574125591534372     
           3
  0.65900000000000003       0.94099999999999995     
  0.65488630455453534       0.95204256727897907     
  0.66133821078812494       0.92805175651713034     
           4
  0.13189980458429110       0.69872410122838768     
  0.10906415515751179       0.69781841260928268     
  0.11165139306860575       0.67075320565987573     
  0.13433371281420753       0.68382210082240691     
           3
  0.11665650993989149       0.13377365771532576     
  0.10854390461198715       0.12739070005256026     
  0.12300000000000000       0.11899999999999999     
           6
  0.12178976774277159       0.39263947975298880     
  0.11408184036275738       0.39898782898389029     
  0.10078919929914416       0.38486512547902124     
  0.10094087686240984       0.37651007999690905     
  0.10829601386568449       0.37697154843753700     
  0.12073911345575004       0.38488938235109327     
           6
  0.26511778401879371       0.26486711899568571     
  0.26377864823920438       0.27120582413549449     
  0.25675078849697375       0.27718989781258052     
  0.23870046288000560       0.24933973893225911     
  0.25147206209810963       0.25267213023404622     
  0.26235726262150832       0.25290969287413867     
           6
  0.34966749055765373        1.0018585510623823     
  0.33278375018377143        1.0041163529889416     
  0.33385796815116531       0.99742223792970519     
  0.32462249135592491        1.0009719987540646     
  0.34362613785272728       0.97945502074106794     
  0.34848501411724087       0.98884499803436687     
           8
  0.85285104722675842       0.55128039094072945     
  0.84478621241563501       0.55839383866292647     
  0.83933200960698495       0.55272289157900156     
  0.83252547779203168       0.55267923589637735     
  0.83482790226726222       0.53820124690693805     
  0.83722275690461812       0.53000695926268382     
  0.85495949331541321       0.52886425979260732     
  0.85633900408194319       0.53802651723862749     
           3
  0.60737379831315774       0.17752085955957583     
  0.59969976045706463       0.18509491482374318     
  0.59002489810765057       0.16093815245453311     
           8
  0.67111705164281532       0.24243163431265152     
  0.66442366953326681       0.24957666900663947     
  0.65633198894926470       0.24754750724244795     
  0.64620173930820346       0.24249608802529382     
  0.64186293862599131       0.22765643720218148     
  0.65750096128901936       0.22304948134300431     
  0.66721407826304890       0.22707027669755792     
  0.67055115502316642       0.23557449648942264     
           6
  0.38262836502164366       0.55565536184863551     
  0.37356779665862699       0.56238761009712313     
  0.36067565454311834       0.55391037770126672     
  0.35484935750172097       0.54636240842658867     
  0.36805633868575155       0.54168832205704920     
  0.38443094376118114       0.53930170346928141     
           7
  0.70242493978284626       0.92575728762694032     
  0.69874698967656845       0.93490057761599610     
  0.68704069944585300       0.93301737833658993     
  0.67663832732756579       0.93282297125774138     
  0.67918350275743156       0.92504569884447874     
  0.67684007891546338       0.91352877400035415     
  0.68690583589458087       0.90821245533554862     
           7
  0.24296428078647311       0.48034848225184856     
  0.23142947236107253       0.48720706555143350     
  0.21358050688343638       0.46505894017904914     
  0.22054638421605396       0.45932163273404691     
  0.23603809133630330       0.45846328026393840     
  0.24291630245186463       0.46335928263786252     
  0.23776519872477281       0.46825020353213387     
           7
  0.68986559946718884       0.95536603056707370     
  0.68225877487218212       0.95588231989205397     
  0.67117267619021725       0.95770723447530526     
  0.66728907711043850       0.95221666869300881     
  0.66171444632614285       0.94333237051742369     
  0.68103232622909582       0.93006001307074537     
  0.68620845002283737       0.93520236387969846     
           3
  0.45924353110819521       0.14364096149652245     
  0.45408774628968218       0.13300739248609583     
  0.46300000000000002       0.12800000000000000     
           5
  0.88360476579511416       0.10239356088494611     
  0.86131582065724988       0.10153257550676073     
  0.86450506116094505        8.8226764477209271E-002
  0.87359984675721791        8.8228033056983748E-002
  0.88876274587506199        8.6772275217512934E-002
           6
  0.99152530183202414       0.86594239827654229     
  0.99102620695475785       0.87668640646505869     
  0.98116835993476503       0.87148635267048646     
  0.96962154302364945       0.86597015739509919     
  0.97064989601994267       0.84623083639131613     
  0.99430662669958481       0.84864006764367228     
           6
   7.5832616723186377E-002  0.62127198546471685     
   5.6483732882284164E-002  0.61866606669529267     
   5.1296111913493869E-002  0.60974253567802172     
   5.1447825147203141E-002  0.60198700334148847     
   5.8653914113507455E-002  0.59184735209777461     
   7.1299559583735031E-002  0.59382065884352064     
           3
  0.43762495633732384       0.76029569587002110     
  0.43390744316574403       0.73600868344943948     
  0.45765107391248178       0.74648322929950006     
           4
  0.84201603948955317       0.32078694196356361     
  0.83002420418188883       0.31919426891947444     
  0.82108122733259881       0.31304275959165806     
  0.82585952202124846       0.29426107719405520     
           8
  0.67246514070347108       0.44139593844687669     
  0.66604376481138039       0.44172998307919059     
  0.65961322782011855       0.44596996797233035     
  0.65223188915572239       0.44719147634719847     
  0.64933353614983358       0.42369560126830758     
  0.65949137452647544       0.41880129729859233     
  0.67162273724445065       0.42885845179003640     
  0.66757255139992289       0.43374643660686701     
           4
   4.7911480500505470E-002  0.10740079504554692     
   2.8672768177035429E-002   9.3504468203140609E-002
   3.8385208074289530E-002   8.6145634192170889E-002
   4.6859827852758280E-002   8.2871248927739338E-002
           6
  0.21843909055199115       0.20904668709731070     
  0.21289919531043527       0.21560713324166092     
  0.20511330510326178       0.20622182545350554     
  0.20030450958283294       0.18600563022974986     
  0.22856778748481454       0.18800173896103711     
  0.22541412502856581       0.19933696410864638     
           8
  0.68172137260757204       0.67553523588855224     
  0.67264174173012270       0.67763687212782031     
  0.66053371928909022       0.68095607054107166     
  0.65910169144012676       0.67324779920446753     
  0.66450836139772163       0.66941678875385713     
  0.65849590253139090       0.65900240162154633     
  0.68608065707877974       0.65574224668800807     
  0.68696237582143871       0.66597026253077740     
           3
  0.39577420665115659       0.31440841584642509     
  0.37583834710513431       0.29799754460452166     
  0.39255093885270087       0.29259769953788978     
           6
  0.78089973950011526       0.43086526225890465     
  0.76446518158391508       0.43603430380810770     
  0.75441697900639848       0.42063438212068388     
  0.76787914388262568       0.41059088488049189     
  0.77700776902596969       0.41097789857769440     
  0.78024514351444485       0.41727729959374377     
           8
  0.26939434847329202       0.54357902606954045     
  0.25805528023972840       0.55641110574514974     
  0.25705549281396678       0.55104706177651230     
  0.24233898450784286       0.54007017236279953     
  0.24277799818367385       0.52995122944367246     
  0.26792824163242057       0.53146066024380545     
  0.27352509327985752       0.53490732356136828     
  0.26807330360759413       0.53821865292184623     
           4
  0.75208817688201690       0.70369991085840000     
  0.72494074695761135       0.70002851846763958     
  0.73899272225117330       0.68828236828060929     
  0.75182581378522761       0.68313098915887249     
           4
  0.13403505345281166       0.11242974441970796     
  0.12174989028026111       0.10662350797410435     
  0.11436790326952921        9.6948259484051377E-002
  0.13757707430552893        9.2145579871436303E-002
           8
  0.87388716909491504       0.22791986128313041     
  0.85954371596211609       0.23497052234924937     
  0.85418770360702068       0.23767057424306109     
  0.85407452328914113       0.22996738000449712     
  0.84344049046002401       0.22001414314598447     
  0.84978867630676669       0.22101197178506166     
  0.84935620431974934       0.21477585137104344     
  0.86182118550675024       0.21155400330329385     
           4
  0.12446026347344070       0.60822798309732995     
  0.11485267149311082       0.60954857571591159     
  0.12456435548867265       0.58948530196289417     
  0.14539907689550546       0.58849550776041137     
           5
   6.3343787001608989E-002  0.80632565525527344     
   5.3402027586184952E-002  0.81169877771939192     
   4.2249986443121362E-002  0.81036448682707785     
   4.9215114461168989E-002  0.79203344940475151     
   6.1544893124759803E-002  0.78988488041891514     
           5
  0.15895664805226406       0.47548944333279475     
  0.14181668727899741       0.46569271842659676     
  0.14832242525524444       0.46234341593805850     
  0.15594178226214786       0.45143222571772418     
  0.16133898755421597       0.44640511579025599     
           8
  0.89781281789947787       0.29520300264857080     
  0.88642836339334286       0.30303536256290220     
  0.88020245503327610       0.30476031009571941     
  0.87245093907694626       0.30474751372842146     
  0.87417312642907330       0.29499399980057456     
  0.87398230625887552       0.27698538669455491     
  0.89627690169204843       0.27808496490641504     
  0.90358180822653622       0.28685622821013396     
           5
  0.97482903435733170       0.46904196618964156     
  0.96708890006615578       0.47086897522783072     
  0.95551544805244848       0.45975090597712392     
  0.97054591586982464       0.44279375759472139     
  0.98021850054525816       0.46024496017666700     
           3
  0.86889856896287565       0.78406560126167058     
  0.84189424488827436       0.78585090927226509     
  0.85399999999999998       0.77600000000000002     
           8
  0.60835145372785848       0.55964406533169042     
  0.59957429234716753       0.56172613781768721     
  0.58926580270444184       0.56064915719943242     
  0.58927109461912708       0.55486444689611691     
  0.58590013562797383       0.54525709259621602     
  0.58890756069000438       0.53898391369371479     
  0.59483295506113942       0.53856944315041189     
  0.61029669198084979       0.54124553231362904     
           4
  0.87312297996218424        6.1357486076538237E-002
  0.86396857060189192        3.8094126608148565E-002
  0.88062159276746077        4.1918134697781967E-002
  0.89034367456500130        3.8734184770762813E-002
           6
   1.0026902948735450       0.97729022738167504     
  0.99045621909852133       0.97757659740747338     
  0.98402268281991068       0.96298286663588872     
  0.97832031495670269       0.95434234599148526     
  0.99470454678791875       0.95587607787680806     
   1.0023081236522604       0.96392579287497493     
           5
   9.5377338494963521E-002  0.30704189152440153     
   9.3247497668288784E-002  0.31720503563692276     
   7.7006174146724504E-002  0.31780794681130126     
   6.4306284488821697E-002  0.28826116837648563     
   8.4649145663647202E-002  0.29330683800628432     
           4
  0.90747966874155439       0.54790299925760599     
  0.90150506761101634       0.54225744147206201     
  0.89300000000000002       0.53900000000000003     
  0.89032958282612196       0.52580954400093072     
           3
  0.82037760174460173        8.3466328193174566E-002
  0.80131482369473206        8.9993804790514498E-002
  0.79441673008563718        6.6685801659373975E-002
           7
   1.0028736620238934       0.26963541468345215     
  0.99402466447204085       0.26422861708565915     
  0.97921695194371183       0.26757239856586762     
  0.98341278541445976       0.24771013676101367     
  0.97810315195833597       0.24051767352187603     
  0.99541938522746753       0.24484739666432803     
   1.0040974913595460       0.25143502146648805     
           5
  0.88762086767826243       0.47788551805756452     
  0.87384610482543967       0.47559575245815694     
  0.86715672084917783       0.45521149288107488     
  0.88001797144891858       0.44969992866144531     
  0.88293643439520486       0.46385519713462475     
           6
  0.31489638956557647       0.13154171611050292     
  0.29237637104411612       0.13079310977381842     
  0.29787444618996017       0.11601906473339695     
  0.31158833200522623       0.10555827791150964     
  0.32155158796499816       0.11414920143599612     
  0.31543288937279002       0.11795622942405183     
           6
  0.11011185270437497       0.57667040720330753     
  0.10715892659579720       0.58322359941154056     
   8.9762239243965952E-002  0.58444030099563771     
   9.0209942363366352E-002  0.56248830211746637     
  0.10895002762758493       0.56341594771782832     
  0.11402290863025405       0.56999858330415820     
           6
  0.84692104084187392       0.20667497994538875     
  0.82379273609833736       0.21285924432704514     
  0.82475984514847966       0.20577804496488888     
  0.82173418235912854       0.18970750204358788     
  0.83736318025289180       0.19129778318299712     
  0.85120937940326347       0.19435574305945008     
           8
   8.4139669423632088E-002  0.22849318486099415     
   8.3760654110291988E-002  0.23659478837132905     
   7.7155086619196012E-002  0.23560069551280752     
   6.3087287293429148E-002  0.23399479088083902     
   6.2570151420307724E-002  0.22570154298662681     
   5.9751362735690705E-002  0.21328032966917709     
   8.2688122519727403E-002  0.20848122518779089     
   8.6138178249391947E-002  0.22130457779383519     
           8
  0.45263354078697471        1.0018553085431023     
  0.44892904887116553        1.0069647010237379     
  0.43933255635367130        1.0053821246854429     
  0.42704366539921362        1.0000736713387477     
  0.42729883071216274       0.99439536045491561     
  0.43496695802280227       0.98220868817045137     
  0.44174935782693947       0.98714462654666479     
  0.45173466741340351       0.98748717221320592     
           5
  0.15837943586755657       0.90131028514692624     
  0.14778576630677184       0.90666105622583926     
  0.14137237812387660       0.88336799527590382     
  0.15298838737345208       0.88351347122524870     
  0.16322917194113098       0.88338230055001687     
           7
  0.98756346943443984       0.96998237676443866     
  0.98902942353641266       0.97953365992064656     
  0.97015214399708138       0.97777922933996475     
  0.96965629579183554       0.94836413375854756     
  0.98457318115339632       0.94852036565524012     
  0.98827464047866020       0.95559283749202606     
  0.99331366329034942       0.96147637978755862     
           6
  0.73756425091949074       0.95394498604657207     
  0.73124977846466421       0.95121261283445857     
  0.71931437676886079       0.95084045015739349     
  0.71779347027534368       0.93338821969029895     
  0.71984463405730026       0.92706287085259154     
  0.74786231773505429       0.93772204458088337     
           6
  0.72912706173810471       0.39985799261955840     
  0.72010762548410312       0.40324084735077059     
  0.71169284731519888       0.40186334677400443     
  0.70326247032603739       0.39091892857973620     
  0.71215906952614449       0.37540865143537100     
  0.72574776059764334       0.37634536212171499     
           7
  0.80131436023141567        3.6189868287326357E-002
  0.78915177967045691        3.8234642472418409E-002
  0.77710934695600464        3.8784637308293603E-002
  0.77471542401416782        3.1062624734627928E-002
  0.77949966028714435        1.7415229699579617E-002
  0.79298089919056480        1.2195839436862907E-002
  0.80172061426594654        1.2259849739131069E-002
           5
  0.94819722888078484       0.45835537791775638     
  0.93338888907608941       0.45115652550815283     
  0.93433523701644605       0.44247172884476260     
  0.94742758850984066       0.43731014712335925     
  0.95984019101749352       0.43786842582427282     
           8
  0.61045667475127463       0.86611165552404035     
  0.61384436513602803       0.87274578080757037     
  0.59996991972881963       0.86858258436648650     
  0.58998502451351864       0.87520437483708580     
  0.58916509913888437       0.86155237078667335     
  0.59522510295716680       0.85009678841616965     
  0.60849240384645198       0.84880617046826901     
  0.61182018754440115       0.85899842842633067     
           6
  0.90814987832439720       0.53873092834483816     
  0.88242705954622180       0.54441651167636551     
  0.88062815078953383       0.52772565138933702     
  0.88458439875609640       0.52278909191218437     
  0.90563901609686648       0.52327936308915390     
  0.90852699048871099       0.53021840595580594     
           8
  0.81051607000950854       0.11365969128665337     
  0.80422816946206910       0.11546707024454288     
  0.79525930050229610       0.11620115531419738     
  0.79055656370891514       0.11029680444631040     
  0.78981959664091783       0.10161156057906937     
  0.79217517613491184        9.6401381377670264E-002
  0.79790142299286271        9.5897178187049820E-002
  0.81248263545310939       0.10637887597575540     
           8
  0.86044554321339162       0.85071076993510442     
  0.85961756344965190       0.85956518221912592     
  0.83452163447082295       0.85523514995243388     
  0.83536649586748379       0.84593258091977630     
  0.83055816248955816       0.83348361474741728     
  0.84066179850969214       0.83329420232465623     
  0.84966476067955898       0.83720917679432838     
  0.85959553374538833       0.83664031752819867     
           7
  0.63821825130074505       0.63399268683900856     
  0.62758893533641646       0.64016518287084656     
  0.61784178845042148       0.63255917962235664     
  0.61199347743739652       0.63392607087406005     
  0.61473762670390897       0.62331954954357371     
  0.61756998033184529       0.61112431078005769     
  0.63619344521236976       0.60968218960708176     
           3
  0.55565698507409322       0.20146433056760280     
  0.54186716298631377       0.19867645749762308     
  0.55300000000000005       0.19300000000000000     
           5
  0.44924272308544971       0.90704601466625501     
  0.43209442876436277       0.91506388557430973     
  0.42601462802632328       0.90954570564896087     
  0.42883357450780790       0.89304370411353762     
  0.44407595335827493       0.90124092661485045     
           4
  0.86717527120929916       0.10868653647888625     
  0.85039994357648796       0.10166948283729395     
  0.84855030984633095        8.4977277218753297E-002
  0.87513805405755596        9.1452316381966839E-002
           3
  0.46346023846989687       0.77857271776221226     
  0.45707576995946775       0.76770298985980567     
  0.47199999999999998       0.76500000000000001     
           8
  0.61904708361188920       0.12376529036245458     
  0.61083575455288752       0.13162384486557302     
  0.59901535814602258       0.13805185820970869     
  0.59650964006402707       0.11433202654474553     
  0.59354088263035898       0.10741059240875016     
  0.60395113853422433       0.11380655647685430     
  0.62034622919246407       0.10839275331274346     
  0.61530243002603779       0.11695893737022807     
           8
  0.89753645538144788       0.33888504179952222     
  0.89247350306884365       0.34129736610279632     
  0.87183415550398258       0.34210341449859849     
  0.87189539093686597       0.32930221037086693     
  0.88028107810931033       0.31537693553724994     
  0.89114182851387680       0.31516033944282029     
  0.89619607829688741       0.32436113428920665     
  0.90275092006464108       0.32534127869567836     
           8
  0.76563262031736157       0.43902350336800061     
  0.75288014554440263       0.44136259355984281     
  0.74423607182386731       0.43840218705341155     
  0.74256313641468530       0.42339982229647877     
  0.73699764960010206       0.41032168904778438     
  0.75909311253226019       0.41158384414309207     
  0.76695759410745157       0.41569138835499597     
  0.76351263763384802       0.42542061875351023     
           3
  0.99589380247939319       0.21293077310979863     
  0.98042651786499457       0.21377919293462824     
  0.99600000000000000       0.19800000000000001     
           8
  0.80338884686651146       0.61007447209967647     
  0.79888064629192379       0.62148374947048679     
  0.77514345541296836       0.62451814102029379     
  0.78035069409650060       0.61582822883888433     
  0.77901635456534579       0.60805156099994151     
  0.77650971290410697       0.60038443979871836     
  0.78751891721073652       0.60078333800258377     
  0.80033151317837337       0.59849134897003087     
           3
  0.81376138359746830       0.93821675172947983     
  0.80300000000000005       0.93500000000000005     
  0.80611614109661101       0.92454943354600250     
           5
  0.37633480690182142       0.81544546212415159     
  0.36023240215811025       0.81428356902944232     
  0.34931485859949096       0.80723682913902461     
  0.35688481196849192       0.78695667364866428     
  0.36334790307695636       0.79307352087721394     
           3
  0.77073277115250372       0.73495699130225989     
  0.76000000000000001       0.73899999999999999     
  0.76414563422379345       0.72797229239979311     
           4
  0.18011900384182339       0.96349512626826206     
  0.15868680250469691       0.96358729634197982     
  0.16863349937999011       0.94647214148037062     
  0.17793666703209135       0.94389156689930220     
           5
  0.79840334503422616       0.42084447085179794     
  0.78800711584859839       0.42916841255988836     
  0.77538227658347814       0.42955662018771357     
  0.79031273210806452       0.40518412760718336     
  0.79637573865429090       0.41262008698387131     
           4
  0.11457568706850151       0.48293553240831694     
  0.10376011761825636       0.48470106443679323     
   9.7363515040389759E-002  0.45934590594936131     
  0.10738641490783646       0.45996216797088052     
           8
  0.54249235094390291       0.59179059571247683     
  0.53935707461637106       0.59638841814427790     
  0.52110195441095430       0.59983935987130044     
  0.51808424242526951       0.59109674694731285     
  0.51971265043146886       0.58395910631282522     
  0.52821859274111516       0.57034228684692823     
  0.53844657742738400       0.57611065695525132     
  0.54541143775536727       0.58485585942699492     
           3
  0.65456941254792012       0.98814236460808980     
  0.63595172635277575       0.99198093054680747     
  0.64900324293693956       0.96358847230977063     
           5
  0.89569412839396967       0.12316275080314250     
  0.88240791337694469       0.12231669188822977     
  0.88519639213870238        9.8948633801219404E-002
  0.89715268521639802       0.10311387707293500     
  0.90651824862003749       0.10723357399618504     
           3
  0.49954046316793072       0.45632832637858961     
  0.48599999999999999       0.44500000000000001     
  0.50169382926970207       0.43107549233739650     
           6
  0.78104622468931539       0.84832603475885138     
  0.77006332926098575       0.84804615885637402     
  0.76322292441932393       0.84705406579231401     
  0.76237650325679418       0.83014164986648298     
  0.77229390334686876       0.82584033473294927     
  0.79245209715013587       0.82156155757074201     
           7
  0.45334760109301647       0.50745028589651631     
  0.44145729117542537       0.50712827628955082     
  0.43009328087673854       0.51123805591786942     
  0.42266450509511166       0.50456660514685170     
  0.42941828842555335       0.50217507221295643     
  0.42499899416731451       0.49221808176807313     
  0.45065274826193147       0.49404871369412795     
           6
  0.13737514549702112       0.50128942036348112     
  0.14132268286182448       0.50783031115020039     
  0.12909765564616346       0.50231928435447193     
  0.11721502513691813       0.50476386359020564     
  0.11640616208433613       0.48758446543628331     
  0.11980804173339221       0.48009510140654038     
           7
  0.58562419240313268       0.99767677614855710     
  0.57927891600597692        1.0140027599097827     
  0.56690583906996095        1.0146693207855930     
  0.56219109436429759       0.99639982902314495     
  0.56615448175691352       0.98515437600147693     
  0.57420100932305052       0.98610412985165463     
  0.58665487494699475       0.98551485432923647     
           4
  0.17399999999999999       0.96399999999999997     
  0.16116328878993919       0.97146611209733380     
  0.17179352905397757       0.94925301448227251     
  0.18757284487308812       0.95121212245061737     
           5
  0.61381628049894232       0.88535688739883500     
  0.59986885543730817       0.88606160446001092     
  0.58649115518673511       0.86323795199148246     
  0.60366057896713488       0.86301452888880059     
  0.61142685735562907       0.85853706819383713     
           7
  0.96771102395932973       0.68635559729994511     
  0.95149594016598449       0.68591532536612509     
  0.94432673861412719       0.68451561510080017     
  0.94850600094360993       0.67031994330723210     
  0.95494571411972928       0.66242756328408414     
  0.97071578904432765       0.66695149121603470     
  0.97204264786885752       0.67530115003476476     
           7
  0.53023968367225083       0.17623965225664057     
  0.52859268169010021       0.18662140713789166     
  0.50409469910686711       0.19102888133446122     
  0.50781988318822868       0.18636434042562061     
  0.51332318049583781       0.16463324775186469     
  0.52683474780428885       0.16393845194083420     
  0.53204046512722780       0.16125433907450326     
           8
  0.10164565884158079       0.34702624311624186     
  0.10571552181728186       0.35709873386936486     
   9.2745127996952961E-002  0.35960798441332820     
   7.7313594562512522E-002  0.36139565648036676     
   8.1110925630166406E-002  0.33786854875217043     
   8.6932853777392696E-002  0.33513912730602335     
   9.7618972070694435E-002  0.33638417014561189     
  0.10721182198306625       0.33989609580389463     
           4
  0.51822369159490989       0.46863856964316597     
  0.50600000000000001       0.45400000000000001     
  0.49839988355749421       0.44095899519037141     
  0.51728077786841553       0.44031627827110653     
           4
  0.80596312525363589       0.92956596946818582     
  0.79670116358042131       0.93003868146495006     
  0.78232903066109494       0.92869777245555940     
  0.79472338870727099       0.90679914836784170     
           4
   6.6907564788085933E-002  0.29014687076514062     
   5.4166439994458172E-002  0.29379322273974839     
   5.2942267349165205E-002  0.27464830402450224     
   6.4746223548524398E-002  0.27608748438554337     
           7
  0.12536731301159859       0.75695006509101215     
  0.12851304026448618       0.77012441108330343     
  0.12429687727279476       0.76406148245038319     
  0.10801977953104762       0.76333790432603088     
  0.11319445611343211       0.74415697385720680     
  0.11994641645777356       0.74270182034209808     
  0.12885532707770506       0.74465773534993540     
           8
  0.37647539775647981       0.13480110517261407     
  0.37005593896694011       0.13578058557363110     
  0.36525424007097301       0.14011143726069480     
  0.35812062118342919       0.13681873679673845     
  0.36010608947726358       0.13148505730056689     
  0.35415810681977417       0.13116188075841745     
  0.36994929585333786       0.11164695639870606     
  0.38067698429928848       0.11690480507513480     
           5
  0.49389237560172772       0.12818092705610998     
  0.48916856628059097       0.11543897706367505     
  0.49297258610044553       0.10960380715381798     
  0.49509121077811791       0.10038268759449925     
  0.51042527415198979       0.10233166146630891     
           5
   1.0042566113412341       0.40526697202490003     
  0.98629047122061209       0.40300895076775245     
  0.98789724201505458       0.37954306700378904     
   1.0061865774540655       0.38279203378359472     
   1.0041243268836022       0.39223356902726741     
           4
  0.50805542147114080       0.84503432141445733     
  0.51018135285542587       0.83231579267057809     
  0.52773566179561360       0.82791935488867352     
  0.53874307741917049       0.82983116349592367     
           4
  0.73120940343527518       0.78922636672337876     
  0.70547196328933615       0.77019776969229592     
  0.72048626498524904       0.76571437913161389     
  0.73063734000464864       0.77344955721608810     
           8
  0.92060392576862260       0.30738382480190518     
  0.92075268116386211       0.31306651491639714     
  0.91350852667334437       0.31494503682434172     
  0.90800947888301775       0.31337184604729196     
  0.89798086983315339       0.31152727554987070     
  0.90384325401245025       0.29408563538164184     
  0.91143324799532699       0.29487500924188398     
  0.92240820573542137       0.28804738619645270     
           5
  0.73428705022093810       0.84318159666911063     
  0.73241269756442628       0.85309269108931662     
  0.71026220676818175       0.84266112166900198     
  0.70962632131229875       0.82778796508065688     
  0.72896427938160613       0.83621628149150951     
           5
  0.81059593730927693       0.64812476422147303     
  0.79240641502023301       0.64894414821699209     
  0.78683524616570488       0.63509389003185923     
  0.78919817897608324       0.62716967207932295     
  0.81149310019244603       0.63374468836479825     
           7
  0.93474330443103792       0.83494145962714683     
  0.92822615552987497       0.83595918788921630     
  0.92348265141878383       0.83953527800019201     
  0.91766774089466174       0.83390866373448047     
  0.91336093662976525       0.82005258303313799     
  0.93343236441681654       0.80996148440935256     
  0.93746659738326255       0.82113123892715656     
           6
  0.28312705276764710       0.17706535462048981     
  0.27171701261395415       0.16535872450602568     
  0.26814151685843662       0.15981041339232396     
  0.26516882879478232       0.14997749468977720     
  0.28657108689709282       0.15183428596057399     
  0.29304364140659173       0.15912598034507469     
           5
  0.70487235198719578       0.74608434555073677     
  0.68834875048372290       0.73873723569117100     
  0.68379995200397714       0.73089896399630061     
  0.68568751472259359       0.72198223572667519     
  0.69407247584124365       0.72742948157844123     
           4
  0.13937991114019421       0.11129819236773827     
  0.12999581710284208       0.11148720269667366     
  0.11758642811104711       0.10178787140807785     
  0.14659807503686911        8.3074748220616237E-002
           6
  0.68000000000000005       0.68300000000000005     
  0.66529607329515750       0.69403025649140082     
  0.66535760823625856       0.68626288697844295     
  0.67286585878075988       0.67092848472065336     
  0.68388635845830037       0.67171684098812534     
  0.69247399969913637       0.67347576536834441     
           3
  0.84965330523219984       0.52653281070370039     
  0.83637605967025619       0.51855984931053611     
  0.86578246805772385       0.50378818273588877     
           4
  0.97199999999999998       0.44300000000000000     
  0.96839191390462542       0.45806138342382846     
  0.95642851726246425       0.42923245259631687     
  0.97025588006607166       0.43146100046573221     
           3
  0.91378802574160278       0.55229510139721272     
  0.90208556809861551       0.55167559045405312     
  0.91425970989732830       0.52291339155719019     
           7
  0.50476432972398899       0.30404840419675161     
  0.50976766103681259       0.30999575437287169     
  0.49516239017096042       0.30564342205053679     
  0.48348998555306216       0.30492019488159183     
  0.48545987297948817       0.29032133130079202     
  0.51063274935410563       0.29331866553838770     
  0.50987607873292884       0.30080417824827332     
           4
  0.30948978918584596       0.82318399324364278     
  0.30167248046371264       0.82252792022812415     
  0.28443806397350591       0.80397930101026827     
  0.30215394789289662       0.79969715337342917     
           4
  0.67527468486849596       0.11021245584600101     
  0.66791785847419538       0.11293269923995904     
  0.65862006916335292       0.11118113493968743     
  0.65553945554101767        8.7235839428617457E-002
           5
  0.24041992651808536       0.19064661649636447     
  0.22357747937305358       0.19226296598118531     
  0.22718316218983647       0.16838500007919019     
  0.24251137525807653       0.16673380761390016     
  0.24982571888921978       0.17623782037470753     
           5
  0.24758212679035779       0.62421033035857210     
  0.24064983225407516       0.62601817329688958     
  0.22052461086498099       0.61610879295471477     
  0.22022923852200676       0.60910899313315769     
  0.24362141498978318       0.61727384520681949     
           6
  0.26317914139417009       0.67375392996035310     
  0.25349236224943111       0.67033873620794793     
  0.23719100797379011       0.67241458140789101     
  0.24295139893029541       0.64583941330706141     
  0.26628525506088013       0.65264886918677922     
  0.26056137015678743       0.66127512406510014     
           8
  0.48749316101319040       0.11270368180948373     
  0.48959197256796116       0.11781178050872060     
  0.48175043351338925       0.12039549867628603     
  0.47250895977552848       0.11788056529839423     
  0.46380652257803168       0.11283971248708390     
  0.46073966063217048        9.8991695834979396E-002
  0.46978929763630101        9.7987939623913708E-002
  0.48469130048304587       0.10061619945675791     
           3
  0.41237205462248305       0.63478995719522413     
  0.39651434207893765       0.64137998750270730     
  0.38877823876843942       0.61622976837338084     
           8
  0.57081210014644423       0.13324831657321065     
  0.56092300230374592       0.13959590127152530     
  0.55447162586299381       0.14091563344725466     
  0.54556054709469348       0.13409495561069232     
  0.54380648176112190       0.11328014429567108     
  0.55181732931174710       0.11448670675467096     
  0.56913129389067429       0.11226186043630067     
  0.56978757495927490       0.12259570510378631     
           8
  0.81926846269977860       0.30053419660050273     
  0.81271028405465762       0.30662176789325229     
  0.80467874955818630       0.30505808146620045     
  0.79545610087488017       0.30318277192724880     
  0.79369275860876776       0.28432708942999080     
  0.80294534748328650       0.28420228378224538     
  0.81244987583344885       0.28733313326951460     
  0.81790528826124731       0.28175884257481509     
           4
  0.18259523459588053       0.64460916784600175     
  0.16882471970178017       0.61898892407467088     
  0.18386587353714307       0.62375514596494275     
  0.19275981845043261       0.62678488388927589     
           8
  0.41631190515317074       0.39126764425565946     
  0.41247044460059484       0.39934255543777752     
  0.39656354113320608       0.40013870566776916     
  0.38948032395022242       0.39141416998351286     
  0.38953037084708492       0.38001908178878474     
  0.41050554177313203       0.37141634656886241     
  0.41657948501557795       0.37321351847195572     
  0.42018155944204566       0.38341525696051049     
           4
  0.48750520185359425       0.30968546644658540     
  0.48016170150180193       0.31534935863429214     
  0.46141859082229630       0.29514886511046978     
  0.47499999999999998       0.29999999999999999     
           6
   1.0028627563221599       0.10692156809712897     
   1.0043755809165138       0.11484254655290305     
  0.97920265321233391       0.11098251635849955     
  0.98625615988588555        9.3992122108127671E-002
  0.99264757187018260        9.5259588085504013E-002
   1.0014284388600565        9.2307075524698995E-002
           4
  0.13192636780724434       0.11636743344019554     
  0.12417217696463628       0.10297313020079719     
  0.13366660143374640        9.4164584872835147E-002
  0.15009212170050523        9.4976303192982295E-002
           5
  0.44124440684868671       0.35307913280691366     
  0.44502769546546717       0.34614300769726830     
  0.44318043232006288       0.33771791321261729     
  0.46614110628407390       0.32436544308143800     
  0.46296514778620990       0.33987477847315994     
           5
  0.83293190735156153       0.14979334662253602     
  0.83494457652004017       0.15957047198739202     
  0.80884311855614954       0.14810392901294359     
  0.82034356846334233       0.13213725270378282     
  0.83416903679292831       0.13410068250072166     
           8
  0.32055575086428595       0.12366618457298863     
  0.31614812664894637       0.12039576430038448     
  0.30537918289420873       0.11641669057288617     
  0.29526995748024076       0.11739108124564415     
  0.29794378621656309        9.3193760832188027E-002
  0.30502276138099726        9.3773304366600099E-002
  0.30894398150126728       0.10005456156593200     
  0.31872494549694808       0.10766920479576039     
           5
  0.79551698786996095       0.73855623345921584     
  0.78545444399500619       0.73472458017604381     
  0.76508760703296863       0.73719684335186042     
  0.76457210122266206       0.72472475438051875     
  0.79033780631345674       0.71359737070360629     
           3
  0.46169732031858002       0.28276740327930910     
  0.44297282755215767       0.25972510688588824     
  0.46799582088383118       0.26966268284639711     
           4
  0.76288233252865523       0.69001399263645102     
  0.74752743346936290       0.68520802876993003     
  0.75203335082678879       0.66700002736788033     
  0.76735629399133043       0.67150348386168957     
           3
  0.19889755614704799       0.47710308254664063     
  0.18650837257951725       0.45966794200080363     
  0.20452368543587926       0.46741415588240021     
           8
  0.13257239104521801       0.95622316505013849     
  0.13114706015295127       0.96634472449775699     
  0.12606119875525459       0.96262773732553797     
  0.12398936251029904       0.96883937540557885     
  0.10520155772068396       0.95527233661681976     
  0.10644816711911129       0.94103277678282848     
  0.12974041155994775       0.94313131279592033     
  0.12985914230765647       0.94939466075654677     
           4
  0.52471032791544781       0.35953074616296415     
  0.51453883080251073       0.35588981686036014     
  0.50403521073256752       0.35908765382333563     
  0.50665082895137803       0.33538067657468579     
           4
  0.27483782966592085       0.44215999358477159     
  0.25321590129742583       0.44261593485634593     
  0.25195615717710534       0.42555206466775491     
  0.26600000000000001       0.43500000000000000     
           4
  0.57125155541636419       0.99531621473355714     
  0.54497682759633204       0.97663142574395589     
  0.55467458981180795       0.97518724853602101     
  0.56742753432892690       0.98074314844102639     
           5
  0.24871458431225879        3.3401963848339399E-002
  0.23862433961772028        3.7632237911662828E-002
  0.23487576045985156        2.7999409636511922E-002
  0.24092052992570681        1.3102520469861500E-002
  0.26012314321622831        2.0213229860617802E-002
           5
  0.45061674479996217       0.64010104456051820     
  0.43962620198728763       0.63759280719830569     
  0.43228563100818651       0.62934005259457471     
  0.44600000000000001       0.62700000000000000     
  0.45773082354789202       0.63073568659275592     
           4
  0.68762349506535181       0.96783017845064834     
  0.66375865656295774       0.97261182567578430     
  0.65628250605061789       0.95909594596361736     
  0.67716207410061124       0.95403632001545091     
           3
  0.26161342214216560       0.62104962010257203     
  0.23170535916287008       0.60354417223019641     
  0.24371349165808770       0.59486591522655086     
           3
  0.82851101966222374       0.43475396421122631     
  0.81955544128036295       0.43783564460919822     
  0.83399999999999996       0.42499999999999999     
           8
  0.28171945759345740       0.57909671043960642     
  0.27268310765312698       0.58238900029646967     
  0.25607506926931206       0.57680004879949298     
  0.25470786742302876       0.55348666629785581     
  0.26264555862849431       0.55659150109241273     
  0.26953296799871357       0.55820603547215464     
  0.28116785023592122       0.55979674649481181     
  0.28476771757942215       0.56447934836672209     
           8
  0.12854582536485851       0.33472484972567262     
  0.11680815087810059       0.34214667484346989     
  0.11118702170031741       0.34114654747514606     
  0.10502640020623846       0.33501211345340948     
  0.10463526439669729       0.32885637814845081     
   9.9950987807752412E-002  0.31745961517787441     
  0.11683120705598678       0.31917286809841422     
  0.12596194051957310       0.32341911330143974     
           6
  0.55874858469147981       0.93008397416565025     
  0.55127477701858074       0.92436889012747714     
  0.55257425135243199       0.91452170939351096     
  0.55431342017355267       0.90599798358861905     
  0.57807302627986779       0.90079263660016606     
  0.57698040240768667       0.91389177796102949     
           6
  0.63040703990216129       0.42755847185209928     
  0.61235319133632382       0.43522403174359670     
  0.60845519598310172       0.40880244584010234     
  0.61611109186040214       0.41206922106681998     
  0.62765370020319866       0.41000262221634981     
  0.63517434013964402       0.41344488952667569     
           5
  0.71554922962068568       0.52072634299583942     
  0.70628341027574593       0.51951377991836967     
  0.69321332155017690       0.51994201881180013     
  0.69310318420344175       0.50023142698325840     
  0.70325193377752049       0.50045815236621205     
           4
   8.4349538566986931E-002  0.61050132491875575     
   6.5161006323758680E-002  0.61902362974315261     
   7.3946517822999519E-002  0.59940546569478581     
   8.4084169742760562E-002  0.60256575579591298     
           4
  0.77452146446486059       0.64912832042249236     
  0.76217715112474083       0.62801972862788369     
  0.77043739431611813       0.62130302000377302     
  0.77848237484952887       0.62782710163062005     
           4
  0.93829155951591814       0.55200502229971971     
  0.92229784678962001       0.54626207111712444     
  0.92694319327984431       0.53486680101195594     
  0.93700000000000006       0.53700000000000003     
           5
  0.66014009174739463       0.20077749885294144     
  0.65275504251877048       0.20278616785906459     
  0.64825116106735159       0.19206102790898280     
  0.66228010864880593       0.17219180200139345     
  0.67730823869941370       0.17909442115466187     
           4
  0.84560678074101181       0.41844841900662350     
  0.83120483541770518       0.42125534519556451     
  0.83087829623783505       0.39563942656109219     
  0.83999999999999997       0.40600000000000003     
